708.0137927084754,-326.83286089803545,172.9390247268524,708.0137927084754,-426.47886426489964,-56.34393149320965,708.3198473348972,-327.4194810317321,171.58922650226143,6.439575464537858E-6,0.08917340293158196
708.0137927084754,-326.83286089803545,172.9390247268524,708.0137927084754,-425.19761707825734,-56.896513738384726,708.3060733720359,-327.4036048971374,171.60544490158384,6.254622441632183E-6,1.3155928209565684E-9
708.0137927084754,-326.83286089803545,172.9390247268524,708.0137927084754,-383.0947401642695,-70.64792266859342,707.8098044002558,-327.2338416593417,171.20297038802215,9.46316717146147E-6,5.44873450651157E-7
708.0137927084754,-326.83286089803545,172.9390247268524,708.0137927084754,-295.5096686040939,-75.09092835244155,706.0891279346496,-326.415537285071,169.6344842709785,3.3336785985614186E-5,8.126591125781756E-6
708.0137927084754,-326.83286089803545,172.9390247268524,708.0137927084754,-265.70966494233653,-69.47375322876863,705.2455985288756,-325.34164102495845,167.0248910444902,1.1425508090068269E-4,2.341511653988219E-5
708.0137927084754,-326.83286089803545,172.9390247268524,708.0137927084754,-236.66892351675833,-60.23572604154688,705.1850557956608,-323.331641202706,163.88445087443122,2.987235229753209E-4,4.038516154676234E-5
708.0137927084754,-326.83286089803545,172.9390247268524,708.0137927084754,-190.29639921198006,-36.483501831902316,705.4116732180764,-318.62303429154446,160.34661820547976,7.502303212775156E-4,9.387125534780411E-5
708.0137927084754,-326.83286089803545,172.9390247268524,708.0137927084754,-156.05391560037864,-9.638498103916504,706.4514093616319,-311.39418011072235,156.43373428247298,0.0018133094420939456,1.8946499160567122E-4
708.0137927084754,-326.83286089803545,172.9390247268524,708.0137927084754,-136.1519670353065,11.257867149011247,707.8235204299631,-302.0823536451624,151.95270259347663,0.004086582096305821,3.1770223031191505E-4
708.0137927084754,-326.83286089803545,172.9390247268524,708.0137927084754,-124.75778895376578,25.74641180514959,709.4533505023836,-291.90257783330935,147.49561112356685,0.008019424278681297,3.769730115399968E-4
708.0137927084754,-326.83286089803545,172.9390247268524,708.0137927084754,-117.74700624333565,35.88755489411494,711.1249403029569,-281.6014646013211,143.290776377918,0.013979884840584706,3.820856925418006E-4
708.0137927084754,-326.83286089803545,172.9390247268524,708.0137927084754,-113.40423355772234,42.75369133007635,712.7228469437497,-271.8141790555097,139.3792088390825,0.02210124234514734,3.447111387843754E-4
708.0137927084754,-326.83286089803545,172.9390247268524,708.0137927084754,-110.73008295853163,47.24260724874965,714.5992045932516,-262.8684947077721,135.73408107441892,0.03231397885117787,2.900127310869034E-4
708.0137927084754,-326.83286089803545,172.9390247268524,708.0137927084754,-109.03100284690566,50.210256178172216,716.2649328771801,-254.4326242738476,132.14234850458757,0.045205844799526884,2.623767393466015E-4
708.0137927084754,-326.83286089803545,172.9390247268524,708.0137927084754,-109.27083767893816,49.785599874707245,719.2394879508955,-248.33506440651394,128.50446607438903,0.057728740144436595,1.5603100322377866E-4
708.0137927084754,-326.83286089803545,172.9390247268524,708.0137927084754,-110.72128212193545,47.257739250845646,719.3003650309142,-249.79212803821792,128.1354172817047,0.05559302897384044,6.205475735386414E-6
708.0137927084754,-326.83286089803545,172.9390247268524,708.0137927084754,-110.97862858934141,46.81626550226068,718.7340480810462,-249.77362099468198,127.91362097909717,0.05591638876605885,4.7571422596344095E-8
708.0137927084754,-326.83286089803545,172.9390247268524,708.0137927084754,-111.5012532338499,45.926038222490305,717.6362664115373,-248.7591469057833,126.8873758806312,0.05883218957962689,5.762318438283336E-6
708.0137927084754,-326.83286089803545,172.9390247268524,708.0137927084754,-112.32847031887553,44.533937513521124,717.0647252104151,-248.16237128255423,125.84585776221888,0.061063839358113076,3.240199321121431E-6
708.0137927084754,-326.83286089803545,172.9390247268524,708.0137927084754,-113.11922955614128,43.22208759580175,717.1036660907384,-247.1975417778901,124.60308275227021,0.06421362421054962,6.416837233908419E-6
708.0137927084754,-326.83286089803545,172.9390247268524,708.0137927084754,-112.62170033747643,44.04535268939975,717.6038812125571,-244.50599955549964,123.40186971593164,0.07085299824860021,2.5738019319409696E-5
708.0137927084754,-326.83286089803545,172.9390247268524,708.0137927084754,-111.45339980959548,46.00720152536687,717.9831662954883,-240.0647061751934,121.80304351889282,0.08268066164305739,6.557554413798506E-5
708.0137927084754,-326.83286089803545,172.9390247268524,708.0137927084754,-111.62483886204916,45.716749745784625,717.7295084562936,-234.85586629792851,118.56594704952352,0.1012249492964103,1.1609377016391172E-4
708.0137927084754,-326.83286089803545,172.9390247268524,708.0137927084754,-113.52554020957092,42.55502670290562,719.2201648374958,-234.2024622353772,116.3187377286923,0.10666782917297822,8.815188294297176E-6
708.0137927084754,-326.83286089803545,172.9390247268524,708.0137927084754,-115.17892279521209,39.887867326526845,726.4422640186094,-236.06124033053905,115.87762873363755,0.09963184476621069,8.63641653481464E-6
708.0137927084754,-326.83286089803545,172.9390247268524,708.0137927084754,-114.65633250104071,40.72283510773167,744.163817637198,-238.17243768533882,117.69095645198556,0.08174935021234676,1.3385752886164685E-5
708.0137927084754,-326.83286089803545,172.9390247268524,708.0137927084754,-108.22964337505886,51.64338058163928,775.5943596927566,-240.4800825358173,125.02474426081505,0.04761347501452002,3.717299597128428E-5
708.0137927084754,-326.83286089803545,172.9390247268524,708.0137927084754,-102.19440928095185,63.223182410990006,805.4200550685068,-244.8467243878154,132.89611150033517,0.021511515243823064,9.285134574948541E-5
708.0137927084754,-326.83286089803545,172.9390247268524,708.0137927084754,-96.16150511832453,76.5506145171699,818.0050687007318,-243.3021171696453,138.03484009414515,0.015500233271390659,2.803054407965003E-5
708.0137927084754,-326.83286089803545,172.9390247268524,708.0137927084754,-97.6856546276473,72.98124434695308,799.1408312272155,-240.29057328017163,135.18785542360092,0.02744295084918713,3.0347636445155474E-5
708.0137927084754,-326.83286089803545,172.9390247268524,708.0137927084754,-110.00870745667649,48.491097928379716,761.414082581673,-241.4200477256702,123.9156693828136,0.05681044445456482,3.7291211229682975E-5
708.0137927084754,-326.83286089803545,172.9390247268524,708.0137927084754,-122.96520277899467,28.23941182806854,721.962221104769,-237.17760087363803,109.30420623938551,0.11066086802073095,2.2669330188209387E-4
708.0137927084754,-326.83286089803545,172.9390247268524,708.0137927084754,-133.01166902198602,15.036062184195771,686.4415813347956,-232.4945232295903,96.0831202975611,0.155909529422818,2.702296853614876E-4
708.0137927084754,-326.83286089803545,172.9390247268524,708.0137927084754,-140.63458498251384,6.115159389523399,654.6741216450326,-228.10564114971504,84.48462668562038,0.16165726556181254,2.4672558943279174E-4
708.0137927084754,-326.83286089803545,172.9390247268524,708.0137927084754,-144.20753613731182,2.211198184017775,637.9914882209747,-225.35681924606288,78.07384619747577,0.150043724140901,1.0358842208630419E-4
708.0137927084754,-326.83286089803545,172.9390247268524,708.0137927084754,-148.11918690807687,-1.8792315538084097,629.4875433042329,-223.15894329196158,71.52488504162005,0.15111081377118357,1.1038785875125932E-4
708.0137927084754,-326.83286089803545,172.9390247268524,708.0137927084754,-147.4143954086511,-1.1558179349409556,632.9499964394187,-221.43367358928444,70.6671940033666,0.16921592935390836,9.775342270363243E-6
708.0137927084754,-326.83286089803545,172.9390247268524,708.0137927084754,-144.1316229344901,2.2924377507632414,639.8761186535713,-219.04412534160986,72.26220369270925,0.19526983862703334,2.2514308432130573E-5
708.0137927084754,-326.83286089803545,172.9390247268524,708.0137927084754,-143.4394566329741,3.036525416007123,645.0610835457202,-219.66865793603608,73.65810460399538,0.205471736004729,5.43053621556787E-6
708.0137927084754,-326.83286089803545,172.9390247268524,708.0137927084754,-142.76940618256486,3.7626533323638967,642.6727972684757,-217.87243126180888,72.79133305206415,0.20783051787202136,1.0736254303323437E-5
708.0137927084754,-326.83286089803545,172.9390247268524,708.0137927084754,-145.6927328591614,0.6362272624458569,635.1489748806395,-214.36513657183764,65.95829254087982,0.21869473244251422,1.5788182229040874E-4
708.0137927084754,-326.83286089803545,172.9390247268524,708.0137927084754,-150.69217833360716,-4.471403224092228,623.5417813837777,-212.3172225807963,57.59787749639497,0.20481178392566898,1.5501571542620232E-4
708.0137927084754,-326.83286089803545,172.9390247268524,708.0137927084754,-155.55832811733652,-9.173672306477101,618.3497237112219,-212.82990837472738,51.72202406298098,0.19840966565225285,6.309993555650554E-5
708.0137927084754,-326.83286089803545,172.9390247268524,708.0137927084754,-156.7628597998119,-10.299057358859898,628.3155428663688,-214.2676910254468,51.65822444513242,0.24369916843389958,2.0058154760352604E-6
708.0137927084754,-326.83286089803545,172.9390247268524,708.0137927084754,-150.45033709488146,-4.230965104467003,669.8866050463052,-216.19464754335982,61.80686314785635,0.40397828468800984,7.434654655101238E-5
708.0137927084754,-326.83286089803545,172.9390247268524,708.0137927084754,-142.49931794896727,4.056980258400813,704.2714475483358,-219.0630356192234,74.20285260150891,0.36310339513248746,1.9690741352582455E-4
708.0137927084754,-326.83286089803545,172.9390247268524,708.0137927084754,-138.21521048309435,8.855564402701901,729.6363929654124,-223.66488184285734,83.1904833746367,0.25065485289027917,2.0116032739389938E-4
708.0137927084754,-326.83286089803545,172.9390247268524,708.0137927084754,-137.6517559324712,9.50552288586465,743.4586285170201,-228.07078809771053,87.61849861104531,0.18583871867764,1.0496249439118607E-4
708.0137927084754,-326.83286089803545,172.9390247268524,708.0137927084754,-143.28042312650658,3.208348100236009,719.503967066588,-228.32759309539483,81.85134450634155,0.2419385284383396,2.5415152704143306E-5
708.0137927084754,-326.83286089803545,172.9390247268524,708.0137927084754,-156.22855419914933,-9.801694697671053,668.0783479291607,-224.0779150545947,62.87431949640171,0.3265014083689122,3.866042828269859E-4
708.0137927084754,-326.83286089803545,172.9390247268524,708.0137927084754,-161.71722350362518,-14.775722397175201,621.7582967043996,-214.45808577048652,45.183696224565836,0.2332275901039792,7.465931797506855E-4
708.0137927084754,-326.83286089803545,172.9390247268524,708.0137927084754,-162.51303627720768,-15.472745703183108,591.9538075131908,-206.45336169591064,34.90994259698661,0.13792232354225084,3.9923376479982534E-4
708.0137927084754,-326.83286089803545,172.9390247268524,708.0137927084754,-163.18841675817333,-16.05964167626152,586.9568478593151,-204.45679989939873,31.602650919741308,0.127031401645889,4.272453344219324E-5
708.0137927084754,-326.83286089803545,172.9390247268524,708.0137927084754,-161.87846352820364,-14.917427886188392,614.4005655139707,-210.54733487963728,40.508566634360676,0.22129547927051788,2.6441038555169655E-4
708.0137927084754,-326.83286089803545,172.9390247268524,708.0137927084754,-154.9758860597164,-8.624132877936432,660.5340230650008,-219.49875512968828,59.54287551427905,0.3481286367645637,7.810053338813617E-4
708.0137927084754,-326.83286089803545,172.9390247268524,708.0137927084754,-138.96286165849182,8.000056057426491,708.1467826709973,-223.00248387229303,81.78197265624735,0.2803664207237862,4.7086707944614105E-4
708.0137927084754,-326.83286089803545,172.9390247268524,708.0137927084754,-130.8316315110692,17.750371537265664,741.7522163806293,-228.13848003284195,94.79539220090254,0.16358294562056666,2.954804574849855E-4
708.0137927084754,-326.83286089803545,172.9390247268524,708.0137927084754,-132.5566596468238,15.596221817412953,758.9021848113298,-233.85672016012828,97.63836261184417,0.1136239985135513,9.736646658178776E-5
708.0137927084754,-326.83286089803545,172.9390247268524,708.0137927084754,-138.7081166407048,8.290670352707707,748.9439002646284,-234.4722456644801,92.10423945061476,0.13905951638369712,4.559115909325225E-5
708.0137927084754,-326.83286089803545,172.9390247268524,708.0137927084754,-153.62478829559436,-7.335664526374416,700.3427346262282,-231.531752629358,73.74978128981286,0.2725344450377317,3.228658870472275E-4
708.0137927084754,-326.83286089803545,172.9390247268524,708.0137927084754,-160.87884333639673,-14.034941522867257,650.4143579701666,-223.02856168619925,55.986739855527304,0.29825433415111935,6.017191818553412E-4
708.0137927084754,-326.83286089803545,172.9390247268524,708.0137927084754,-161.0509503803619,-14.187558486517048,608.5182059987671,-211.84049481658425,43.14121691265828,0.18040617411004176,5.796001526612384E-4
708.0137927084754,-326.83286089803545,172.9390247268524,708.0137927084754,-160.5311485335576,-13.725756270106075,585.5844445639158,-205.19634366191926,36.408537287552576,0.11474899376214967,2.1960361871891954E-4
708.0137927084754,-326.83286089803545,172.9390247268524,708.0137927084754,-160.72295949068152,-13.896466158683438,590.8747293401774,-206.46439888237754,37.55214834383628,0.1295959921686625,8.016662433225137E-6
708.0137927084754,-326.83286089803545,172.9390247268524,708.0137927084754,-156.88585199453874,-10.413134149869904,626.30665312248,-213.14167155417908,50.28005505180937,0.24278678196786838,4.040897595605742E-4
708.0137927084754,-326.83286089803545,172.9390247268524,708.0137927084754,-147.11852120010678,-0.8503768686922513,674.9991980518683,-220.26861518184978,69.88805769981809,0.32826743070116793,5.990720750982351E-4
708.0137927084754,-326.83286089803545,172.9390247268524,708.0137927084754,-133.03434047293484,15.008237731276864,724.2540417585934,-226.54355183293848,91.21100392901224,0.20403645605661927,5.369014534956878E-4
708.0137927084754,-326.83286089803545,172.9390247268524,708.0137927084754,-128.47115812385042,20.779125697818216,758.6100597831029,-234.30249430681238,101.96054934207501,0.10399793551442091,3.3194619797098694E-4
708.0137927084754,-326.83286089803545,172.9390247268524,708.0137927084754,-134.8420148998312,12.815587801167396,781.5304373226194,-241.4360523263121,101.7167202472053,0.06429832327135251,6.235069552108381E-5
708.0137927084754,-326.83286089803545,172.9390247268524,708.0137927084754,-144.98161876908856,1.386916794133839,780.2704058742676,-244.89920974535664,95.64568099539014,0.06851319505225444,1.381493523833828E-4
708.0137927084754,-326.83286089803545,172.9390247268524,708.0137927084754,-153.08272447266938,-6.813277322847853,760.5220004490213,-244.17547372781038,87.42625373893742,0.10906926721665874,9.497446948835381E-5
708.0137927084754,-326.83286089803545,172.9390247268524,708.0137927084754,-164.12437373296524,-16.86600208870425,711.6535385668678,-238.7985349732431,70.24396631915687,0.25480167564149775,4.1767850554503796E-4
708.0137927084754,-326.83286089803545,172.9390247268524,708.0137927084754,-166.39297403817605,-18.787454154901212,661.5455653128453,-228.0381776866921,54.87887699754009,0.3312270113597627,5.81609722750356E-4
708.0137927084754,-326.83286089803545,172.9390247268524,708.0137927084754,-163.06408412327085,-15.951916701521355,615.9425290708184,-214.0137042290041,42.813385798270645,0.2119630440466291,6.310888771307015E-4
708.0137927084754,-326.83286089803545,172.9390247268524,708.0137927084754,-158.89781407300427,-12.257681636610187,579.4520863130377,-201.49540791151344,34.7184214880686,0.10166299265930732,4.321632153418815E-4
708.0137927084754,-326.83286089803545,172.9390247268524,708.0137927084754,-157.0049964962679,-10.523495894485563,564.5892761887932,-196.2047730181812,31.823440715926836,0.06994500409546606,8.481640260404882E-5
708.0137927084754,-326.83286089803545,172.9390247268524,708.0137927084754,-157.3068248382464,-10.802432483694133,588.1697910587529,-203.03641287093993,38.76176035687746,0.12289516496243297,2.3184898010567825E-4
708.0137927084754,-326.83286089803545,172.9390247268524,708.0137927084754,-152.89751148872529,-6.634064086202187,627.9786019212112,-212.46826930252433,54.86755142718644,0.23579405758446137,7.16510739954584E-4
708.0137927084754,-326.83286089803545,172.9390247268524,708.0137927084754,-145.05853610430225,1.3054183271079296,668.8405856494469,-219.25513378855547,71.3627801552419,0.30430952762224955,5.174962925947455E-4
708.0137927084754,-326.83286089803545,172.9390247268524,708.0137927084754,-136.14263285318253,11.268876189152365,706.3992749287221,-225.0238294102691,86.62374044686783,0.2409034972718605,4.0137214953391936E-4
708.0137927084754,-326.83286089803545,172.9390247268524,708.0137927084754,-131.91901457306827,16.386820939083663,738.0244642252167,-231.45950638546023,96.33641740524399,0.15082668407443298,2.55537249091354E-4
708.0137927084754,-326.83286089803545,172.9390247268524,708.0137927084754,-134.70812759045197,12.976257648103939,756.3038006222029,-237.59081687780616,98.63623166384244,0.10515101220314141,9.258633708783465E-5
708.0137927084754,-326.83286089803545,172.9390247268524,708.0137927084754,-140.2849192213098,6.506259154153469,766.0708622630254,-240.6292782304628,96.03064108731914,0.0917580051577799,4.394483465333004E-5
708.0137927084754,-326.83286089803545,172.9390247268524,708.0137927084754,-147.09862967735245,-0.8298048356156187,758.5352632569073,-241.4166517203207,90.35779023596592,0.11126412268842638,5.8085239631699483E-5
708.0137927084754,-326.83286089803545,172.9390247268524,708.0137927084754,-155.1521721696736,-8.79083280282083,731.9607058733824,-239.19040414810846,80.16649861056138,0.18546436319823328,1.7170645916730632E-4
708.0137927084754,-326.83286089803545,172.9390247268524,708.0137927084754,-160.91459852325806,-14.066670936500373,695.7305461397204,-233.8997041687792,68.19449946723947,0.2912610135692242,2.9840988138302794E-4
708.0137927084754,-326.83286089803545,172.9390247268524,708.0137927084754,-162.9564278189055,-15.858524730923762,663.3572973847522,-226.20157823952525,57.0044805844031,0.3354755111917292,4.1059401198069293E-4
708.0137927084754,-326.83286089803545,172.9390247268524,708.0137927084754,-162.4976032962615,-15.459285002716541,637.3864686690955,-217.9288730369168,48.088596795173004,0.2975567631911968,3.7030739262751124E-4
708.0137927084754,-326.83286089803545,172.9390247268524,708.0137927084754,-162.56076174570225,-15.514357943998078,627.5319826408313,-213.48596669115912,42.90717063388985,0.2812881348213985,1.3612846252388972E-4
708.0137927084754,-326.83286089803545,172.9390247268524,708.0137927084754,-161.32515666309052,-14.430129188294416,626.9608957247367,-212.70788967648394,43.739605296698045,0.2768656420747884,3.843062613941153E-6
708.0137927084754,-326.83286089803545,172.9390247268524,708.0137927084754,-160.4008745845011,-13.609612179803946,626.6417321810169,-211.88192070157922,44.09395305661394,0.27654928735638806,1.958940215756343E-6
708.0137927084754,-326.83286089803545,172.9390247268524,708.0137927084754,-161.4398631855568,-14.531389759487325,625.9997999347748,-209.01527776209628,39.39460960795978,0.30658289983227943,9.012168392976685E-5
708.0137927084754,-326.83286089803545,172.9390247268524,708.0137927084754,-164.60952041074722,-17.280815986847472,625.6441554213368,-209.36773925477166,35.20177519617897,0.32342053844381596,3.505093093614824E-5
708.0137927084754,-326.83286089803545,172.9390247268524,708.0137927084754,-166.60260403147944,-18.962681322045142,622.3263105328564,-208.95199926577038,31.75758434143563,0.31540679168608415,2.4960018467879896E-5
708.0137927084754,-326.83286089803545,172.9390247268524,708.0137927084754,-166.7714790477359,-19.1035591970591,621.1193131009653,-208.5769720146753,31.05491625014585,0.3104324432110201,1.7848570872732212E-6
708.0137927084754,-326.83286089803545,172.9390247268524,708.0137927084754,-166.62689186433025,-18.98295808379774,619.2503608965101,-205.35238077085734,27.409025068146263,0.3239937204652251,7.213584354083098E-5
708.0137927084754,-326.83286089803545,172.9390247268524,708.0137927084754,-168.10526938230285,-20.207426681437113,618.1987159539174,-203.3323198718024,22.658339318377102,0.34377209796047836,7.4831262766957E-5
708.0137927084754,-326.83286089803545,172.9390247268524,708.0137927084754,-169.03039795688034,-20.96399920445549,616.77714849914,-202.76984659906464,20.49404267626082,0.34185321013312064,1.2283527150194958E-5
708.0137927084754,-326.83286089803545,172.9390247268524,708.0137927084754,-168.74910737690524,-20.734739300882012,615.0708154269089,-201.29857947781193,19.14272209843699,0.3362561138811227,1.1600761289271007E-5
708.0137927084754,-326.83286089803545,172.9390247268524,708.0137927084754,-169.32578616727403,-21.204018954239444,615.3863060379842,-198.56039918863027,14.830532271518962,0.3667803975554776,7.87939459387885E-5
708.0137927084754,-326.83286089803545,172.9390247268524,708.0137927084754,-171.62935569286583,-23.05044430663642,618.2581697266667,-200.1464287147965,12.960636709665664,0.40204301185258473,1.7752571254006435E-5
708.0137927084754,-326.83286089803545,172.9390247268524,708.0137927084754,-171.53659783781265,-22.97695389543884,628.1154773454399,-200.56351015377274,13.642317043227905,0.5314181119271746,1.0573761206141584E-6
708.0137927084754,-326.83286089803545,172.9390247268524,708.0137927084754,-170.94778219414724,-22.50877453802184,641.6749477538846,-202.46827377463103,17.01143331237131,0.732827056752876,3.591677667030615E-5
708.0137927084754,-326.83286089803545,172.9390247268524,708.0137927084754,-169.90941922701688,-21.676065782908523,652.4864258003192,-204.46110041245603,21.174629368589166,0.8869126908771042,5.4973893327419156E-5
708.0137927084754,-326.83286089803545,172.9390247268524,708.0137927084754,-169.25577630263078,-21.14719943759644,661.9627163533612,-206.20748219040067,24.365871772007864,1.0,3.481668397289422E-5
708.0137927084754,-326.83286089803545,172.9390247268524,708.0137927084754,-168.51321841119133,-20.541958325327357,662.7111371249536,-206.50294565356617,25.88493891422175,0.9934287529792177,5.499615561409357E-6
708.0137927084754,-326.83286089803545,172.9390247268524,708.0137927084754,-168.81045738658742,-20.784799281618746,658.4220813897643,-205.77849958909403,24.535296745507537,0.9383673836036681,6.395555743827792E-6
708.0137927084754,-326.83286089803545,172.9390247268524,708.0137927084754,-168.73368926738837,-20.72215344188436,657.1994101484652,-205.31033987979953,24.08185898908704,0.9275377790277326,1.226289747961822E-6
708.0137927084754,-326.83286089803545,172.9390247268524,708.0137927084754,-168.58204285317896,-20.59825485548984,658.6616138742761,-205.60534964366033,24.68043732378962,0.9437691083593097,1.231989472825528E-6
708.0137927084754,-326.83286089803545,172.9390247268524,708.0137927084754,-168.35733483540992,-20.4142985938862,661.6432936694976,-206.42530598775232,26.03179259293023,0.967414791942056,7.1203711679608206E-6
708.0137927084754,-326.83286089803545,172.9390247268524,708.0137927084754,-168.46716405154154,-20.50426428138482,661.1113996791969,-206.34467299027958,25.763014898718808,0.9629506545658131,1.9672329508640034E-7
708.0137927084754,-326.83286089803545,172.9390247268524,708.0137927084754,-168.49643668189478,-20.528225128120027,662.4340430450353,-206.75896918856407,26.223790229046188,0.9745358266875118,1.1186952762285134E-6
708.0137927084754,-326.83286089803545,172.9390247268524,708.0137927084754,-168.40763848822016,-20.455517348151773,662.8439017512912,-206.86162717775355,26.486449470314597,0.9756860908607887,2.113547539231882E-7
708.0137927084754,-326.83286089803545,172.9390247268524,708.0137927084754,-169.35769029995362,-21.229898237418666,669.0748369100074,-208.47563657698953,27.003035680601812,1.0,5.318483665488732E-6
708.0137927084754,-326.83286089803545,172.9390247268524,708.0137927084754,-168.1477822942845,-20.242355919734194,675.6072075118421,-208.39260000687892,28.75122002323681,1.0,5.140126311845415E-6
708.0137927084754,-326.83286089803545,172.9390247268524,708.0137927084754,-167.92173878806173,-20.056455193660298,678.9943293395789,-208.87092119098196,29.67579139342854,1.0,2.9307527274834734E-6
708.0137927084754,-326.83286089803545,172.9390247268524,708.0137927084754,-167.77460700567806,-19.935213751785227,678.179641078055,-208.63466679870248,29.61174608158848,1.0,1.1580898753190495E-7
708.0137927084754,-326.83286089803545,172.9390247268524,708.0137927084754,-167.9581721647082,-20.08644841047314,676.2126920212825,-208.22253526506864,28.832909354976863,1.0,2.165237960379434E-6
708.0137927084754,-326.83286089803545,172.9390247268524,708.0137927084754,-168.8321557739548,-20.802496843236696,679.9536847050413,-209.1560751967671,28.6429629001872,1.0,1.4831624467655265E-6
708.0137927084754,-326.83286089803545,172.9390247268524,708.0137927084754,-167.60600435314683,-19.796047729702508,683.8009497113301,-208.70066911700127,29.946711517739118,1.0,4.7502556463850064E-6
708.0137927084754,-326.83286089803545,172.9390247268524,708.0137927084754,-167.48742661042704,-19.698024076573432,687.0743550012731,-209.05059263672212,30.548822832016867,1.0,1.3084177601170037E-6
708.0137927084754,-326.83286089803545,172.9390247268524,708.0137927084754,-167.45076439951455,-19.667691967390056,689.3886741052785,-209.48881633291694,31.13356700080169,1.0,1.5285924131873925E-6
708.0137927084754,-326.83286089803545,172.9390247268524,708.0137927084754,-167.5169804474494,-19.722466589535372,690.5606583914835,-209.83902249041492,31.457790598206913,1.0,6.523872554362666E-7
708.0137927084754,-326.83286089803545,172.9390247268524,708.0137927084754,-167.650876405786,-19.83310970421428,691.0699573691918,-209.99510261884137,31.446480093336305,1.0,3.4026753318918157E-8
708.0137927084754,-326.83286089803545,172.9390247268524,708.0137927084754,-167.78179892965173,-19.94114451490597,691.372775076357,-210.13924143085558,31.4254454164726,1.0,3.4134714241045264E-8
708.0137927084754,-326.83286089803545,172.9390247268524,708.0137927084754,-167.8423621238699,-19.99106960667052,691.7575028139206,-210.22238908571768,31.43579339864968,1.0,1.0783849895826107E-8
708.0137927084754,-326.83286089803545,172.9390247268524,708.0137927084754,-167.8409754416523,-19.98992685642952,692.1568441016326,-210.27594669927663,31.502855254429335,1.0,2.1495138276751177E-8
708.0137927084754,-326.83286089803545,172.9390247268524,708.0137927084754,-167.80378568371998,-19.959272923696062,692.4959146431958,-210.26941942378255,31.550480535351767,1.0,4.862029226393321E-9
708.0137927084754,-326.83286089803545,172.9390247268524,708.0137927084754,-167.81080594334946,-19.965060346504288,692.7635732989636,-210.3380467527467,31.62324595081256,1.0,2.920954380222149E-8
708.0137927084754,-326.83286089803545,172.9390247268524,708.0137927084754,-167.82353135320577,-19.97554993691881,692.970697784234,-210.40401432352132,31.684285273445283,1.0,2.3280598427565724E-8
708.0137927084754,-326.83286089803545,172.9390247268524,708.0137927084754,-167.84300219544983,-19.99159707728694,693.2341380494862,-210.5041850744801,31.776789956429923,1.0,5.3579662810869946E-8
708.0137927084754,-326.83286089803545,172.9390247268524,708.0137927084754,-167.81970949896913,-19.972399720062157,693.548742812359,-210.56461522396694,31.884824532816964,1.0,4.349821930078909E-8
708.0137927084754,-326.83286089803545,172.9390247268524,708.0137927084754,-167.81630385325457,-19.969592461763455,693.854689656537,-210.64918857439596,31.99249699177608,1.0,5.496919849153716E-8
708.0137927084754,-326.83286089803545,172.9390247268524,708.0137927084754,-167.7527028905227,-19.917147920809555,694.2516509037437,-210.70830420010995,32.15881784454163,1.0,8.069590351514254E-8
708.0137927084754,-326.83286089803545,172.9390247268524,708.0137927084754,-167.72314957363614,-19.892766641340586,694.9734798719002,-210.84000669962535,32.36237686036185,1.0,1.6929710354685052E-7
708.0137927084754,-326.83286089803545,172.9390247268524,708.0137927084754,-167.38599982284092,-19.614080917454487,696.4305617728502,-210.86010328253084,32.88663047828405,1.0,5.008457048542394E-7
708.0137927084754,-326.83286089803545,172.9390247268524,708.0137927084754,-167.4354715500803,-19.65503610851289,696.7225979989996,-211.03631317164127,33.02627302764435,1.0,1.4216579664097826E-7
708.0137927084754,-326.83286089803545,172.9390247268524,708.0137927084754,-167.61651934889323,-19.804734144107925,697.3339221641622,-211.3553274983744,33.14449336131588,1.0,2.5376111476996304E-7
708.0137927084754,-326.83286089803545,172.9390247268524,708.0137927084754,-167.25884909019337,-19.508720792679895,696.1092302509977,-210.87362022621977,33.09109970056008,1.0,3.5145352686691643E-7
708.0137927084754,-326.83286089803545,172.9390247268524,708.0137927084754,-168.7546141531193,-20.73923400668076,686.0105168657517,-209.8242844874601,29.579531547133058,1.0,3.03582660480019E-5
708.0137927084754,-326.83286089803545,172.9390247268524,708.0137927084754,-170.22914580003567,-21.933437200184613,675.9162851950257,-208.24739016648132,25.37520342303901,1.0,4.989824161227527E-5
708.0137927084754,-326.83286089803545,172.9390247268524,708.0137927084754,-170.54433388246835,-22.186310182032116,672.9801638031122,-207.31724104352205,23.724454749927474,1.0,1.023450308464509E-5
708.0137927084754,-326.83286089803545,172.9390247268524,708.0137927084754,-169.78227139360922,-21.573474450738274,681.0891723524663,-208.7638272196258,26.706508893963218,1.0,2.885334681579654E-5
708.0137927084754,-326.83286089803545,172.9390247268524,708.0137927084754,-165.91718174812772,-18.388297430031287,697.5987791707804,-210.09235009682115,34.13558781617462,1.0,1.0926817814168674E-4
708.0137927084754,-326.83286089803545,172.9390247268524,708.0137927084754,-166.30615046348342,-18.71476531410005,697.1603799652868,-210.86152293714633,34.48015768748556,1.0,1.696040228588169E-6
708.0137927084754,-326.83286089803545,172.9390247268524,708.0137927084754,-168.7756158091527,-20.75637345006055,685.6782020259801,-209.44960488131582,29.088633682296347,1.0,7.008735355756489E-5
708.0137927084754,-326.83286089803545,172.9390247268524,708.0137927084754,-170.15943263371162,-21.877393667244377,674.1364323054477,-207.43932347356312,24.478487428877457,1.0,6.388892665987959E-5
708.0137927084754,-326.83286089803545,172.9390247268524,708.0137927084754,-171.20068977143796,-22.710220889943855,672.1706921887574,-207.6975113825183,23.170881737675614,1.0,4.099541114456128E-6
708.0137927084754,-326.83286089803545,172.9390247268524,708.0137927084754,-169.6901839429479,-21.49908645351519,680.7580637976837,-208.44316650959405,26.451329556121465,1.0,2.4708810496918733E-5
708.0137927084754,-326.83286089803545,172.9390247268524,708.0137927084754,-166.15004927755723,-18.5839087556366,690.234381447458,-208.23713478006925,31.58102174239403,1.0,4.516400468935361E-5
708.0137927084754,-326.83286089803545,172.9390247268524,708.0137927084754,-167.63755090334394,-19.8221053686471,685.1516722931394,-208.44695445871417,29.59182992956474,1.0,7.744655252920163E-6
708.0137927084754,-326.83286089803545,172.9390247268524,708.0137927084754,-169.27558766187283,-21.163282447444686,675.3574869732053,-207.12231237705632,25.46189984545066,1.0,4.472922351563518E-5
708.0137927084754,-326.83286089803545,172.9390247268524,708.0137927084754,-170.8751593040798,-22.450829957393353,669.7013416553065,-206.76865545557396,22.51793353085867,1.0,1.8020019711950127E-5
708.0137927084754,-326.83286089803545,172.9390247268524,708.0137927084754,-170.21557802177415,-21.92253306343403,675.4710430241723,-207.96187148726568,25.041003849067494,1.0,2.1017118534826088E-5
708.0137927084754,-326.83286089803545,172.9390247268524,708.0137927084754,-167.9276303330045,-20.0613060994815,680.8128368926776,-207.91726151482396,28.508599499413748,1.0,2.089185467897068E-5
708.0137927084754,-326.83286089803545,172.9390247268524,708.0137927084754,-169.07039597049575,-20.996543594141258,678.0342965987703,-208.6017652904855,27.59891020471099,1.0,3.7338523959198767E-6
708.0137927084754,-326.83286089803545,172.9390247268524,708.0137927084754,-168.8748878546931,-20.83733800100643,677.3193446008671,-208.46645722406726,27.7319754642906,1.0,1.0359036856082623E-7
708.0137927084754,-326.83286089803545,172.9390247268524,708.0137927084754,-168.74285577682429,-20.729636343480337,677.0588114065814,-208.36521722718888,27.80986294145768,1.0,4.539223153667877E-8
708.0137927084754,-326.83286089803545,172.9390247268524,708.0137927084754,-168.71719530448806,-20.708687095181517,676.9402172638447,-208.37503636732072,27.861137714972187,1.0,6.193133485618418E-9
708.0137927084754,-326.83286089803545,172.9390247268524,708.0137927084754,-168.82362181854316,-20.7955368916669,676.7874951460878,-208.24597706926343,27.54007156364321,1.0,3.214807560475491E-7
708.0137927084754,-326.83286089803545,172.9390247268524,708.0137927084754,-168.93221505146232,-20.884054500661392,676.6796934601733,-207.72358709561254,26.732363638393792,1.0,2.707121220008422E-6
708.0137927084754,-326.83286089803545,172.9390247268524,708.0137927084754,-169.6538284441268,-21.469698731877997,675.784240151068,-206.89300002463233,24.590005903024036,1.0,1.4286346044323941E-5
708.0137927084754,-326.83286089803545,172.9390247268524,708.0137927084754,-169.529602102701,-21.369196335376557,673.8540954903259,-205.94214844290866,23.609255846070397,1.0,5.438762059108043E-6
708.0137927084754,-326.83286089803545,172.9390247268524,708.0137927084754,-167.0467614356129,-19.33266434510847,675.17779520974,-205.2510078078916,26.638762483837013,1.0,2.295880078516545E-5
708.0137927084754,-326.83286089803545,172.9390247268524,708.0137927084754,-165.840507772016,-18.323784608750174,678.7099955069406,-205.64975652614345,28.970565752687463,1.0,1.2098739034559293E-5
708.0137927084754,-326.83286089803545,172.9390247268524,708.0137927084754,-170.03925209900206,-21.780682133484817,679.2250081634267,-207.29638331183193,24.48840832107507,1.0,6.222911484113559E-5
708.0137927084754,-326.83286089803545,172.9390247268524,708.0137927084754,-170.7813438936614,-22.37591080198402,676.7420210527272,-207.067037599467,23.03946267733869,1.0,4.725862126570795E-6
708.0137927084754,-326.83286089803545,172.9390247268524,708.0137927084754,-168.08354479982816,-20.18957139073828,676.4292433891721,-206.4360566687821,26.468688039192898,1.0,2.7902511441557038E-5
708.0137927084754,-326.83286089803545,172.9390247268524,708.0137927084754,-165.64294049880345,-18.15731108754582,678.844830844061,-206.13147528044558,29.843274929881687,1.0,2.2829199648823953E-5
708.0137927084754,-326.83286089803545,172.9390247268524,708.0137927084754,-166.83845695192568,-19.15936336094248,680.5693636102021,-206.72732369590483,28.733480483447238,1.0,4.475361444685538E-6
708.0137927084754,-326.83286089803545,172.9390247268524,708.0137927084754,-168.33803729385684,-20.398480405184245,679.7946637153286,-207.80501822804666,27.74471730558784,1.0,6.221651454797335E-6
708.0137927084754,-326.83286089803545,172.9390247268524,708.0137927084754,-166.98440014712082,-19.280822311801018,678.6935289011124,-207.2746509942943,29.168726833753396,1.0,6.087893488581838E-6
708.0137927084754,-326.83286089803545,172.9390247268524,708.0137927084754,-166.61144372678686,-18.970061768906675,678.4207072162915,-207.22683430878058,29.67800689676963,1.0,5.233011617668954E-7
708.0137927084754,-326.83286089803545,172.9390247268524,708.0137927084754,-166.43096510832567,-18.81923931166847,678.2310732513644,-206.90020217302697,29.56117794140701,1.0,2.634429848789626E-7
708.0137927084754,-326.83286089803545,172.9390247268524,708.0137927084754,-167.10352810160774,-19.379825738743023,677.5887415550714,-206.81298239603387,28.431534071124844,1.0,2.5224641074564495E-6
708.0137927084754,-326.83286089803545,172.9390247268524,708.0137927084754,-169.70572717132674,-21.511647287489097,676.0006616781343,-207.22075808739257,24.91459876722277,1.0,2.672029159085256E-5
708.0137927084754,-326.83286089803545,172.9390247268524,708.0137927084754,-167.96063768895746,-20.088477698591873,676.2000089821386,-206.35316218825588,26.55789613703152,1.0,9.875415120909713E-6
708.0137927084754,-326.83286089803545,172.9390247268524,708.0137927084754,-167.56090817401298,-19.758782929272087,677.3770501273455,-206.64338994394657,27.525804382067918,1.0,2.54897374198501E-6
708.0137927084754,-326.83286089803545,172.9390247268524,708.0137927084754,-166.07399388626737,-18.5200745008747,678.834932179243,-206.6648185032095,29.82240801675522,1.0,9.275267938212124E-6
708.0137927084754,-326.83286089803545,172.9390247268524,708.0137927084754,-165.83475466884892,-18.3189418800724,681.2763359617041,-207.08039409990687,30.678883707744774,1.0,2.455657103898593E-6
708.0137927084754,-326.83286089803545,172.9390247268524,708.0137927084754,-168.63598154481207,-20.64234669845206,682.640918459132,-208.44128378225437,28.066357472113594,1.0,2.4939923647109087E-5
708.0137927084754,-326.83286089803545,172.9390247268524,708.0137927084754,-169.85364653018107,-21.63108154965454,682.0328936286965,-208.86173429966342,26.718044247128063,1.0,5.112849954698728E-6
708.0137927084754,-326.83286089803545,172.9390247268524,708.0137927084754,-169.1237448052319,-21.03992954712706,680.3256917864987,-208.16741271683767,26.982975280119092,1.0,1.2002496499762478E-6
708.0137927084754,-326.83286089803545,172.9390247268524,708.0137927084754,-170.56768929310786,-22.205014749844224,678.1253881058502,-208.47888340793446,25.138507066114556,1.0,7.842841111130476E-6
708.0137927084754,-326.83286089803545,172.9390247268524,708.0137927084754,-171.21070575040727,-22.718187834319366,672.9975257998539,-207.61668799870472,23.05352764215752,1.0,1.3366550874252342E-5
708.0137927084754,-326.83286089803545,172.9390247268524,708.0137927084754,-169.64963920200438,-21.466311664040802,668.8367298290486,-206.28104581103753,23.83967486213112,1.0,5.956910287649926E-6
708.0137927084754,-326.83286089803545,172.9390247268524,708.0137927084754,-166.54221762815078,-18.912244959137865,667.2375095554444,-204.78213831787403,26.856972677992474,1.0,3.226457093119044E-5
708.0137927084754,-326.83286089803545,172.9390247268524,708.0137927084754,-163.066296709931,-15.953834995328378,670.289350294787,-203.78240073526013,31.00923933073645,1.0,4.295251018571003E-5
708.0137927084754,-326.83286089803545,172.9390247268524,708.0137927084754,-165.06316458257916,-17.666760479171813,674.0748395430395,-205.18464031668034,29.60652716433188,1.0,1.1326225248643384E-5
708.0137927084754,-326.83286089803545,172.9390247268524,708.0137927084754,-167.2693517036252,-19.51742887646367,676.4122566102463,-206.4407019770035,27.728831841470992,1.0,1.4960065458279882E-5
708.0137927084754,-326.83286089803545,172.9390247268524,708.0137927084754,-172.28039575289574,-23.56424628297171,672.4104488273879,-207.9705086963906,21.813379557681856,1.0,9.468851204061528E-5
708.0137927084754,-326.83286089803545,172.9390247268524,708.0137927084754,-166.16148999314808,-18.593506639346913,671.5952828116732,-205.59397059505895,28.41301845094719,1.0,1.337977887166184E-4
708.0137927084754,-326.83286089803545,172.9390247268524,708.0137927084754,-164.30608060204685,-17.02161774052678,673.6920439040797,-204.76186280763588,30.262936628287832,1.0,1.1200093052793452E-5
708.0137927084754,-326.83286089803545,172.9390247268524,708.0137927084754,-166.82504846991864,-19.148194946837975,676.9312672696326,-206.36931328258038,28.324161350244736,1.0,1.8699057837110872E-5
708.0137927084754,-326.83286089803545,172.9390247268524,708.0137927084754,-172.05011664427147,-23.382910067184042,673.7843517208067,-208.42585190244978,22.755015448163277,1.0,9.712038867050087E-5
708.0137927084754,-326.83286089803545,172.9390247268524,708.0137927084754,-168.29027782331315,-20.359318132042233,669.9236325665979,-205.91928090352934,25.51872799143942,1.0,4.1362111388003775E-5
708.0137927084754,-326.83286089803545,172.9390247268524,708.0137927084754,-163.91730286651202,-16.688296488412647,672.1048032708804,-204.6399517585301,30.711269983249764,1.0,6.892033329174328E-5
708.0137927084754,-326.83286089803545,172.9390247268524,708.0137927084754,-166.75010938290592,-19.085746246439726,674.6125903627816,-206.23773375757327,28.281018474044515,1.0,2.4891487447025336E-5
708.0137927084754,-326.83286089803545,172.9390247268524,708.0137927084754,-172.66884998879115,-23.869150256745257,670.137383003338,-207.59086121149474,20.71283262603717,1.0,1.4033634991936648E-4
708.0137927084754,-326.83286089803545,172.9390247268524,708.0137927084754,-166.4490143732957,-18.83433571178807,668.0517257328926,-204.9008687239683,27.143120769704723,1.0,1.367654161260942E-4
708.0137927084754,-326.83286089803545,172.9390247268524,708.0137927084754,-162.78992166361112,-15.713868405829146,671.3781258143719,-203.5599809647424,31.172572889630004,1.0,4.5949785649638056E-5
708.0137927084754,-326.83286089803545,172.9390247268524,708.0137927084754,-168.1109053240286,-20.212058155856255,673.3504035245722,-206.57369500180232,26.593876474201295,1.0,9.095804991227705E-5
708.0137927084754,-326.83286089803545,172.9390247268524,708.0137927084754,-171.8812629262134,-23.249665788117994,669.0111459450009,-206.9921601046463,21.205254525096024,1.0,5.980858157890303E-5
708.0137927084754,-326.83286089803545,172.9390247268524,708.0137927084754,-165.29728536515555,-17.86521484151055,668.243393232799,-204.41552185644852,28.340862936429403,1.0,1.5671644410411245E-4
708.0137927084754,-326.83286089803545,172.9390247268524,708.0137927084754,-164.12426848821977,-16.865911868633617,671.3538871011191,-204.13373195953778,29.806446148365666,1.0,4.830616775843633E-6
708.0137927084754,-326.83286089803545,172.9390247268524,708.0137927084754,-165.4705021405936,-18.01172592952662,674.5647098868404,-205.9397012189985,29.87815373007811,1.0,4.245193401355462E-6
708.0137927084754,-326.83286089803545,172.9390247268524,708.0137927084754,-165.80611989652058,-18.294833892459707,676.7944972629268,-206.9631804884652,30.58290813643947,1.0,4.188123159411985E-6
708.0137927084754,-326.83286089803545,172.9390247268524,708.0137927084754,-165.71854347263567,-18.221056672344332,677.0918578765957,-206.84575610753507,30.575856231747537,1.0,1.9234629510359642E-8
708.0137927084754,-326.83286089803545,172.9390247268524,708.0137927084754,-165.7306015533744,-18.2312188625869,677.4782622200031,-206.78920690234264,30.490528541417063,1.0,3.023509080416435E-8
708.0137927084754,-326.83286089803545,172.9390247268524,708.0137927084754,-165.91933232008407,-18.39010614608293,677.0510161944052,-206.62380690422597,30.008259197391823,1.0,6.659126694950509E-7
708.0137927084754,-326.83286089803545,172.9390247268524,708.0137927084754,-166.0821619056927,-18.52693249132568,676.8839646572047,-206.39832436688818,29.49259517097127,1.0,8.600470884740781E-7
708.0137927084754,-326.83286089803545,172.9390247268524,708.0137927084754,-166.12165709194102,-18.5600848564456,679.0748367187389,-206.92387664033924,30.058732795918928,1.0,1.7162699637579253E-6
708.0137927084754,-326.83286089803545,172.9390247268524,708.0137927084754,-165.48459517356847,-18.023634313355757,684.7075150549759,-207.42160455133518,31.610632203325338,1.0,6.182255547526981E-6
708.0137927084754,-326.83286089803545,172.9390247268524,708.0137927084754,-164.05531906556953,-16.806783856578022,691.4042287435324,-208.08976358241034,34.52309363333805,1.0,1.9521038116610693E-5
708.0137927084754,-326.83286089803545,172.9390247268524,708.0137927084754,-164.14241840987893,-16.881469222056666,693.2317731891508,-208.62899594671302,35.02363345631997,1.0,1.5504669610476515E-6
708.0137927084754,-326.83286089803545,172.9390247268524,708.0137927084754,-164.4215517912446,-17.12035198005583,692.7718825047297,-208.66626117642355,34.65634962140791,1.0,2.703184051189617E-7
708.0137927084754,-326.83286089803545,172.9390247268524,708.0137927084754,-164.76406314541634,-17.41250480475037,691.3504119223666,-208.55185785701352,34.01672656951425,1.0,9.155401025186365E-7
708.0137927084754,-326.83286089803545,172.9390247268524,708.0137927084754,-164.9274276624802,-17.55147553184065,690.5664903740333,-208.5144289561647,33.73098927050114,1.0,1.7056432190699562E-7
708.0137927084754,-326.83286089803545,172.9390247268524,708.0137927084754,-164.86072615124638,-17.494763151160498,690.7251096856209,-208.55544550565946,33.87796790492976,1.0,5.6413970647945816E-8
708.0137927084754,-326.83286089803545,172.9390247268524,708.0137927084754,-164.62523500979663,-17.294216594692557,690.9642781225584,-208.46186601085594,34.116340450842046,1.0,1.7240347480788638E-7
708.0137927084754,-326.83286089803545,172.9390247268524,708.0137927084754,-164.08012881061953,-16.828064617116354,691.0789647889541,-208.15119214377006,34.55809219734323,1.0,8.528208309275852E-7
708.0137927084754,-326.83286089803545,172.9390247268524,708.0137927084754,-162.6078193851738,-15.555367073272123,691.4671263662957,-207.40492698449253,35.861904455790096,1.0,6.450305113682565E-6
708.0137927084754,-326.83286089803545,172.9390247268524,708.0137927084754,-160.3242096060502,-13.541186139941914,692.2496704049855,-206.32872054675525,37.9812472860705,1.0,1.577602456508975E-5
708.0137927084754,-326.83286089803545,172.9390247268524,708.0137927084754,-156.94200083626527,-10.465161886954263,694.1464324668308,-205.00370343077068,41.41942724523935,1.0,3.515890437489688E-5
708.0137927084754,-326.83286089803545,172.9390247268524,708.0137927084754,-152.91271369861192,-6.6487877720219615,696.3705148639269,-203.67914345172187,45.77200541696291,1.0,4.928847741711582E-5
708.0137927084754,-326.83286089803545,172.9390247268524,708.0137927084754,-148.4841123035573,-2.2515111898563873,698.7943429286055,-202.1781484048183,50.49170699497961,0.9690426719003189,5.773937522384523E-5
708.0137927084754,-326.83286089803545,172.9390247268524,708.0137927084754,-145.39094750861074,0.9540484481538556,700.8603500438279,-201.9057076327705,54.52320178092765,0.8866056578005005,2.6141291309391458E-5
708.0137927084754,-326.83286089803545,172.9390247268524,708.0137927084754,-145.23066091015713,1.1233067044239817,701.0237804792364,-201.92936762263125,54.76653902978717,0.8810505054059607,9.998727171848594E-8
708.0137927084754,-326.83286089803545,172.9390247268524,708.0137927084754,-143.8902115702241,2.5512697181034696,707.1366128723091,-201.9948276018408,56.66831195866024,0.8476983293187766,4.752796427716358E-6
708.0137927084754,-326.83286089803545,172.9390247268524,708.0137927084754,-143.69954742632714,2.756212736707454,712.5773388099956,-202.73788585273275,57.61958116576017,0.8076704306100105,3.802317444964738E-6
708.0137927084754,-326.83286089803545,172.9390247268524,708.0137927084754,-143.4210799092924,3.0563634734527056,715.3152448257799,-203.12140122485263,58.35297205604374,0.7793723356711996,1.728302173123659E-6
708.0137927084754,-326.83286089803545,172.9390247268524,708.0137927084754,-143.66805646239447,2.790106375740379,715.9121654768483,-203.32002503383427,58.20314252762478,0.7765716963336458,1.7932966794644623E-7
708.0137927084754,-326.83286089803545,172.9390247268524,708.0137927084754,-143.78521905579686,2.664068212409177,717.2348295340408,-203.7614685797862,58.45529926469655,0.7590240465611221,7.125285036186047E-7
708.0137927084754,-326.83286089803545,172.9390247268524,708.0137927084754,-141.5438765968997,5.105797097001158,727.490042405906,-203.86152763581413,61.552609364985784,0.6606942211976674,1.1133907745895849E-5
708.0137927084754,-326.83286089803545,172.9390247268524,708.0137927084754,-141.07609802589278,5.623678606831021,731.7694860112489,-204.33486648879642,62.602291804252815,0.6140390187502869,3.0644552031671317E-6
708.0137927084754,-326.83286089803545,172.9390247268524,708.0137927084754,-141.0921479582419,5.605861377152877,732.8942218047177,-204.67045795193286,62.88334009082939,0.5985997367480754,5.578033931487088E-7
708.0137927084754,-326.83286089803545,172.9390247268524,708.0137927084754,-141.51270698246452,5.140214979258843,732.5966756171016,-204.85969242668128,62.497974154660625,0.6027049760120362,4.6865540926598183E-7
708.0137927084754,-326.83286089803545,172.9390247268524,708.0137927084754,-140.34888665693313,6.434588295735438,740.7680905664581,-205.41865402789617,64.53290472692885,0.520257344221543,7.961212593602021E-6
708.0137927084754,-326.83286089803545,172.9390247268524,708.0137927084754,-138.07332313214533,9.01880967572609,748.7485131249409,-205.7008428674384,67.74706102444677,0.43602398447179413,1.4237375686677322E-5
708.0137927084754,-326.83286089803545,172.9390247268524,708.0137927084754,-137.37858475449517,9.82226516203275,753.0170482604607,-206.3231397111245,69.18229979985452,0.39315758385867877,5.580461457491313E-6
708.0137927084754,-326.83286089803545,172.9390247268524,708.0137927084754,-137.86920818528742,9.25415079692587,754.522435526263,-207.00147009463927,69.13818358668533,0.3789923675851857,8.502256713764355E-7
708.0137927084754,-326.83286089803545,172.9390247268524,708.0137927084754,-138.2707423230135,8.791751101917157,755.2110996075371,-207.50131109789055,69.05841124435887,0.3715183631233492,5.409128780659995E-7
708.0137927084754,-326.83286089803545,172.9390247268524,708.0137927084754,-138.33930095822248,8.713028425365081,756.8473586341285,-208.08665176311698,69.4807712542478,0.35485078001436277,1.5042442249747232E-6
708.0137927084754,-326.83286089803545,172.9390247268524,708.0137927084754,-138.25672764881836,8.807851670746146,755.8761674653057,-207.69708655605817,69.24671722866864,0.3648833808085754,5.856352105854182E-7
708.0137927084754,-326.83286089803545,172.9390247268524,708.0137927084754,-137.62902354000818,9.531840279542479,768.2074041180018,-209.5893935986538,71.68090462869054,0.27406833346697734,2.2137214161352055E-5
708.0137927084754,-326.83286089803545,172.9390247268524,708.0137927084754,-132.1979583167244,16.040156989817604,779.0905842882165,-209.17390502021178,78.09192016583899,0.20368662553641476,5.006769042944276E-5
708.0137927084754,-326.83286089803545,172.9390247268524,708.0137927084754,-130.84944775445263,17.727872509649558,787.3314570151872,-210.27549867412898,80.63017980987757,0.16330522235575795,1.5820525886712867E-5
708.0137927084754,-326.83286089803545,172.9390247268524,708.0137927084754,-131.0516060373352,17.472950468931003,791.4720582507051,-211.37943309594806,81.25971052089437,0.1456665508277674,4.427754317616747E-6
708.0137927084754,-326.83286089803545,172.9390247268524,708.0137927084754,-131.72438663494975,16.629449617933318,793.8171485707046,-212.23072256288054,81.1264490947604,0.13686300081136812,1.6026288069880606E-6
708.0137927084754,-326.83286089803545,172.9390247268524,708.0137927084754,-131.6959435154651,16.6649594619214,795.7211718632716,-212.64349271576097,81.49125043977176,0.12980010683777224,8.70126210556316E-7
708.0137927084754,-326.83286089803545,172.9390247268524,708.0137927084754,-131.52750481795613,16.87551878637504,795.1017211320885,-212.49274575062313,81.57276832870988,0.1316978814020267,8.29416682945964E-8
708.0137927084754,-326.83286089803545,172.9390247268524,708.0137927084754,-131.72705960957137,16.626113220520494,794.4172519135224,-212.3954960914394,81.2552431073413,0.13448363431391983,2.2018143270927477E-7
708.0137927084754,-326.83286089803545,172.9390247268524,708.0137927084754,-131.86461612821645,16.454573322324876,793.924018863975,-212.28286654830762,80.9994730046136,0.13669317959136534,1.8024780115642582E-7
708.0137927084754,-326.83286089803545,172.9390247268524,708.0137927084754,-129.86913038685626,18.973805072803344,814.0429543197229,-214.97429122952576,85.49993528382245,0.07799823513617304,5.0067892880653996E-5
708.0137927084754,-326.83286089803545,172.9390247268524,708.0137927084754,-119.84977324402783,32.73202980429727,832.9063987952842,-214.19319266525633,96.63873579507805,0.0420934696793314,1.1124270341029505E-4
708.0137927084754,-326.83286089803545,172.9390247268524,708.0137927084754,-114.77953537504757,40.52532779695872,849.539510182221,-215.8363189195865,103.62880554706751,0.02267649854800632,6.114728252599667E-5
708.0137927084754,-326.83286089803545,172.9390247268524,708.0137927084754,-111.66807926721211,45.64363303587207,864.221349021905,-219.2584937595828,109.29607583434199,0.011439281421906651,8.850307497156581E-5
708.0137927084754,-326.83286089803545,172.9390247268524,708.0137927084754,-110.0994964452774,48.333050821152625,871.4301125638702,-220.6949791151157,111.91743646681539,0.0077866770665577486,1.787259006883537E-5
708.0137927084754,-326.83286089803545,172.9390247268524,708.0137927084754,-111.59124642105934,45.77359154100277,873.1827287871469,-221.578360489544,110.7543297656569,0.007148231080570423,5.377202074244442E-6
708.0137927084754,-326.83286089803545,172.9390247268524,708.0137927084754,-114.42867751183786,41.08887159822484,866.7352681919381,-220.9205971823991,107.19385922926136,0.010240850810717524,1.637185980173914E-5
708.0137927084754,-326.83286089803545,172.9390247268524,708.0137927084754,-120.99943735907323,31.04962500217175,848.3209574619339,-219.75373659126203,99.12500361352926,0.023064945431013645,6.963313763861924E-5
708.0137927084754,-326.83286089803545,172.9390247268524,708.0137927084754,-131.5638527789541,16.830042063489515,817.6317682590283,-215.02310014393302,83.55203919706159,0.07362780087440501,4.085310617249936E-4
708.0137927084754,-326.83286089803545,172.9390247268524,708.0137927084754,-139.12525019377395,7.815274515995725,783.0905489474814,-207.33789026785772,67.82097646146494,0.23090331944861264,6.010449604159874E-4
708.0137927084754,-326.83286089803545,172.9390247268524,708.0137927084754,-145.20517593129352,1.150247288912766,749.2594062524022,-198.19469392928767,51.26928346760974,0.7226927645243774,8.015796299868888E-4
708.0137927084754,-326.83286089803545,172.9390247268524,708.0137927084754,-149.41683125536304,-3.196015585489704,723.9218766349563,-191.3469487270798,38.43135566194874,1.0,5.096522498724015E-4
708.0137927084754,-326.83286089803545,172.9390247268524,708.0137927084754,-152.69235800439526,-6.435124057051468,717.7717432696816,-190.29989401486938,32.30267471833713,1.0,7.725530696274078E-5
708.0137927084754,-326.83286089803545,172.9390247268524,708.0137927084754,-153.38446788099947,-7.104456021015352,735.0057421268889,-194.77640415441752,35.861340040457236,1.0,7.839738322641965E-5
708.0137927084754,-326.83286089803545,172.9390247268524,708.0137927084754,-147.65874177748847,-1.4072830556069107,763.9765421617544,-199.67993654922148,49.21221087242964,0.5482327833813314,3.8782841486615624E-4
708.0137927084754,-326.83286089803545,172.9390247268524,708.0137927084754,-128.69715587833184,20.484958213869533,816.3832919325777,-206.18573416074437,80.10797702458117,0.09333141662431822,9.894801542440807E-4
708.0137927084754,-326.83286089803545,172.9390247268524,708.0137927084754,-102.24970020872107,63.11004888350958,869.0445280723535,-210.64994307007257,116.12153744788051,0.010791072162594196,4.617508507971971E-4
708.0137927084754,-326.83286089803545,172.9390247268524,708.0137927084754,-93.53979931071774,83.08165210102956,893.6572520302228,-218.40125889807265,131.17447845602905,0.001570748736752054,3.9692891549160733E-4
708.0137927084754,-326.83286089803545,172.9390247268524,708.0137927084754,-96.02198427661384,76.88518964854389,904.0218644349699,-221.48173481829872,129.09629149909802,4.2653722021695497E-4,3.5406020091886006E-5
708.0137927084754,-326.83286089803545,172.9390247268524,708.0137927084754,-102.16834354426328,63.27656696579082,902.3823695791297,-223.30262811116995,122.40420991181554,5.952211241046928E-4,6.201843895585241E-5
708.0137927084754,-326.83286089803545,172.9390247268524,708.0137927084754,-112.04127518593148,45.01492728121906,885.6094088556276,-225.02123053553834,112.30275315033066,0.003167544459661247,1.0892853281918509E-4
708.0137927084754,-326.83286089803545,172.9390247268524,708.0137927084754,-124.25869208515252,26.434055084967554,858.1983044944539,-224.20903680729518,98.71978778734052,0.015061614815289469,1.452701968306018E-4
708.0137927084754,-326.83286089803545,172.9390247268524,708.0137927084754,-141.46991004405038,5.187492839053846,817.6523913393248,-217.83917431187123,74.30087828662718,0.08046686656960915,9.943349140367757E-4
708.0137927084754,-326.83286089803545,172.9390247268524,708.0137927084754,-149.3733187567463,-3.152175800045086,776.856957793566,-207.1234376271933,54.152647822071,0.33264485624673173,0.0011165257491600558
708.0137927084754,-326.83286089803545,172.9390247268524,708.0137927084754,-151.74607606199015,-5.511578454466047,738.8719656846879,-195.05637769274153,38.630813315476956,1.0,9.065276597066675E-4
708.0137927084754,-326.83286089803545,172.9390247268524,708.0137927084754,-150.47979035086968,-4.260282575931285,710.845636464071,-183.6092494436599,29.02814945615097,1.0,5.719184510870707E-4
708.0137927084754,-326.83286089803545,172.9390247268524,708.0137927084754,-148.8261317627142,-2.5990178238846227,694.7606259395185,-177.50218851462307,25.679344992822536,1.0,1.1726606724202172E-4
708.0137927084754,-326.83286089803545,172.9390247268524,708.0137927084754,-147.94790091022213,-1.7039570678891494,683.3589623272611,-173.6268570104351,23.366062586211342,1.0,5.1625655838952625E-5
708.0137927084754,-326.83286089803545,172.9390247268524,708.0137927084754,-148.5801712336201,-2.349248204914545,684.096817908091,-173.88975835828535,22.539429907325513,1.0,1.7332615279521085E-6
708.0137927084754,-326.83286089803545,172.9390247268524,708.0137927084754,-149.17846010195677,-2.9555854173650573,702.5754694755155,-179.3653337460045,26.9322662052204,1.0,1.2191542195774925E-4
708.0137927084754,-326.83286089803545,172.9390247268524,708.0137927084754,-146.88102734377645,-0.6044499429267205,735.3881229258218,-188.67339422022195,39.699627093474675,1.0,5.763971988530567E-4
708.0137927084754,-326.83286089803545,172.9390247268524,708.0137927084754,-140.44010721377265,6.332478114788785,769.5505674356427,-197.94404698446235,57.732184554082636,0.43206875973701475,8.940590706153683E-4
708.0137927084754,-326.83286089803545,172.9390247268524,708.0137927084754,-124.37089066412847,26.27904174238398,824.0696974272965,-210.43485605300143,88.62230396059448,0.06365485696634295,0.0015365277764137148
708.0137927084754,-326.83286089803545,172.9390247268524,708.0137927084754,-111.21581713162777,46.41119997105001,863.9651416143677,-220.57194088904205,110.58327199770324,0.010920204043769456,8.60715416434616E-4
708.0137927084754,-326.83286089803545,172.9390247268524,708.0137927084754,-107.91730720850634,52.207999912155756,894.8381461341996,-228.85192210352218,118.90294116129505,0.0010625885483912295,2.7161829660598787E-4
708.0137927084754,-326.83286089803545,172.9390247268524,708.0137927084754,-108.36276603022475,51.403772028510645,910.9959262235675,-232.86365366562083,120.66380896441783,1.2063015103052199E-5,4.447490922714899E-5
708.0137927084754,-326.83286089803545,172.9390247268524,708.0137927084754,-110.67329262799973,47.34029445734778,920.9719303734641,-234.974892801415,119.56528674982528,1.3402413074559223E-4,1.4166432948848994E-5
708.0137927084754,-326.83286089803545,172.9390247268524,708.0137927084754,-116.16705228839689,38.3287833525531,910.5232719041543,-234.20222153910578,113.75033717923915,4.298257864812142E-5,3.745390635452959E-5
708.0137927084754,-326.83286089803545,172.9390247268524,708.0137927084754,-124.9962643837772,25.41957411934601,877.9287440913874,-230.94157455772648,102.85346976174893,0.004968639364097412,1.4232085852357773E-4
708.0137927084754,-326.83286089803545,172.9390247268524,708.0137927084754,-137.3505082333213,9.854880713263782,833.1367093813578,-222.59378012492522,83.22227263054103,0.04337690790681486,7.105586884086812E-4
708.0137927084754,-326.83286089803545,172.9390247268524,708.0137927084754,-143.0988616321617,3.404905701306717,799.037670010931,-211.4049420676502,66.43195141406767,0.15605073180053422,9.84064266932965E-4
