708.0137927084754,-326.83286089803545,172.9390247268524,708.0137927084754,-398.2153111157394,-66.65343300276191,708.9273520089047,-328.42354078157314,167.59996867602314,9.53523261133299E-5,0.03868416000174367
708.0137927084754,-326.83286089803545,172.9390247268524,708.0137927084754,-398.31956688292735,-66.62234709137212,708.9268495565964,-328.4233849053493,167.60896918921932,9.504900816664682E-5,2.2088219506820618E-10
708.0137927084754,-326.83286089803545,172.9390247268524,708.0137927084754,-396.2932524697564,-67.21770327114308,708.919190485749,-328.3988967803576,167.5245137384195,9.766029407304345E-5,2.273968568926666E-8
708.0137927084754,-326.83286089803545,172.9390247268524,708.0137927084754,-340.04873524757033,-76.71141221483873,708.1558134684789,-327.2136110877794,165.74657958692487,1.6162977943420795E-4,1.0037330285101298E-5
708.0137927084754,-326.83286089803545,172.9390247268524,708.0137927084754,-233.08221031161526,-58.816914818659484,707.4742608134537,-322.1547949064252,161.37462946815344,5.065777391628728E-4,1.0842288097153596E-4
708.0137927084754,-326.83286089803545,172.9390247268524,708.0137927084754,-167.23842522582615,-19.49178388359084,708.1316524868812,-312.0680881088254,155.1364167924963,0.0019089021151458602,4.047840326550866E-4
708.0137927084754,-326.83286089803545,172.9390247268524,708.0137927084754,-135.21119022745057,12.373974577656156,709.7857952246984,-296.32707524286076,147.37739077166086,0.0065817329290038425,9.784430521015636E-4
708.0137927084754,-326.83286089803545,172.9390247268524,708.0137927084754,-119.89108230635185,32.6710659005025,712.0780690374789,-276.8966048250188,139.0915495651914,0.01854479599356064,0.001494606796213213
708.0137927084754,-326.83286089803545,172.9390247268524,708.0137927084754,-117.15054782120433,36.80186013631976,717.9010420197349,-261.7341364605555,130.67339138212856,0.036842637340936464,0.0010058032760778348
708.0137927084754,-326.83286089803545,172.9390247268524,708.0137927084754,-120.54682348747309,31.708465818916153,719.310179774883,-262.38311192388414,128.8144965554197,0.03740325906787216,7.419479466644728E-6
708.0137927084754,-326.83286089803545,172.9390247268524,708.0137927084754,-120.80618588118764,31.330376751164863,718.6029794427786,-262.02283550180704,128.39304508184102,0.03821958408525816,8.434573618760152E-7
708.0137927084754,-326.83286089803545,172.9390247268524,708.0137927084754,-122.30379820237906,29.175807898498675,717.7239681509983,-261.27781762741637,126.86046857598481,0.04045419358709968,6.58412263215826E-6
708.0137927084754,-326.83286089803545,172.9390247268524,708.0137927084754,-120.9916051743557,31.060987518485774,717.6497475491169,-256.8885772728342,124.72926405569626,0.04816984024506558,7.10551711076914E-5
708.0137927084754,-326.83286089803545,172.9390247268524,708.0137927084754,-115.543009421156,39.31043997464377,718.3415268556143,-247.17873359180672,122.56240593894844,0.0664740593978326,2.766602683235997E-4
708.0137927084754,-326.83286089803545,172.9390247268524,708.0137927084754,-111.8107186531279,45.402840275494654,721.4572051521595,-239.37216690683044,121.06342212774263,0.08461952174351019,1.7299907750118257E-4
708.0137927084754,-326.83286089803545,172.9390247268524,708.0137927084754,-112.60572227444075,44.07191070179496,719.7755857153412,-239.7432410958021,120.55076039414092,0.08486404204900158,9.81042762472719E-7
708.0137927084754,-326.83286089803545,172.9390247268524,708.0137927084754,-112.94841114723769,43.503936150383,719.3757408174399,-239.334919434547,119.98845344043696,0.08676927087806548,1.20989874144248E-6
708.0137927084754,-326.83286089803545,172.9390247268524,708.0137927084754,-112.9715279018159,43.465744668455415,718.8356893270717,-237.29459732369205,118.73187791219911,0.09401853138097331,1.7192774025638252E-5
708.0137927084754,-326.83286089803545,172.9390247268524,708.0137927084754,-109.3854525629286,49.583341402794304,719.5669314857134,-230.1789510342413,118.10825351427451,0.11578308171846119,1.2995752227243013E-4
708.0137927084754,-326.83286089803545,172.9390247268524,708.0137927084754,-106.71062484903646,54.42235418304756,721.153139403219,-225.86270626696322,118.57538220732042,0.12921724898303422,4.8841423242761024E-5
708.0137927084754,-326.83286089803545,172.9390247268524,708.0137927084754,-107.14602317622004,53.61721895863276,719.728174157896,-226.0014365710413,118.17294154387349,0.13005090838800645,2.8267399592084643E-7
708.0137927084754,-326.83286089803545,172.9390247268524,708.0137927084754,-107.55164203530293,52.87342992936513,719.7212711214532,-225.81790936595618,117.62913406662813,0.13182546604910786,5.247302383915153E-7
708.0137927084754,-326.83286089803545,172.9390247268524,708.0137927084754,-107.51536576923607,52.93970668533581,719.4410209284225,-224.1072021729672,116.73279737989847,0.14035379523950317,1.1127283124267354E-5
708.0137927084754,-326.83286089803545,172.9390247268524,708.0137927084754,-104.25866521877589,59.093834148898395,720.1302897688425,-217.90271684769803,117.22199530550228,0.16568028876685031,1.012107337569007E-4
708.0137927084754,-326.83286089803545,172.9390247268524,708.0137927084754,-101.0977984214021,65.49749845013552,721.6653121990591,-212.24921447836786,118.40145434407188,0.19053396122369504,9.653872080849705E-5
708.0137927084754,-326.83286089803545,172.9390247268524,708.0137927084754,-104.05499666275142,59.49290003867564,699.7089446585869,-202.8958041058802,109.8260271828998,0.285895442857905,4.033184455139991E-4
708.0137927084754,-326.83286089803545,172.9390247268524,708.0137927084754,-110.13791180074944,48.26625690755425,678.5533462436794,-199.413136062921,99.62965671368701,0.32670038567606713,1.5585837181538044E-4
708.0137927084754,-326.83286089803545,172.9390247268524,708.0137927084754,-111.39452779595939,46.107149276716,685.3916766511858,-202.48287816908137,99.7322685539263,0.31654280070143476,2.0262698339966488E-5
708.0137927084754,-326.83286089803545,172.9390247268524,708.0137927084754,-109.03869316208298,50.19660948173923,699.0266093235679,-205.54302124710475,104.58362284347047,0.28673374234049165,6.60757779183054E-5
708.0137927084754,-326.83286089803545,172.9390247268524,708.0137927084754,-105.08359685032966,57.49525532243257,720.1521893599986,-210.05712544537744,112.14499623921802,0.22281341932622953,1.322627329633551E-4
708.0137927084754,-326.83286089803545,172.9390247268524,708.0137927084754,-103.34209424044414,60.90386409055006,743.5204360264026,-217.7118615752976,118.23703917839703,0.14318706818367935,2.2377108823666694E-4
708.0137927084754,-326.83286089803545,172.9390247268524,708.0137927084754,-101.38318172306771,64.8999477227234,769.0168853519181,-226.95908434735804,125.07792031127389,0.07628239130992419,3.1410266680733485E-4
708.0137927084754,-326.83286089803545,172.9390247268524,708.0137927084754,-101.00280591962354,65.69730584633722,791.971172473946,-237.69224971934003,130.60811192706228,0.036318052147169565,3.863264446600729E-4
708.0137927084754,-326.83286089803545,172.9390247268524,708.0137927084754,-101.45515727116663,64.74988151978535,810.8022549535061,-245.23236137471167,133.76794441753736,0.018527124567113498,1.7244613879655298E-4
708.0137927084754,-326.83286089803545,172.9390247268524,708.0137927084754,-107.98452526051071,52.08619692094078,802.0337444949217,-246.75336061111105,128.7173767496506,0.0233351328858625,3.8971996104262954E-5
708.0137927084754,-326.83286089803545,172.9390247268524,708.0137927084754,-111.43334383888765,46.04123888846246,784.9862272474732,-240.81543539739573,122.26379114890287,0.04259013511421108,1.8938041219051559E-4
708.0137927084754,-326.83286089803545,172.9390247268524,708.0137927084754,-116.79338288763753,37.35356209490365,747.4081077070113,-225.5640439218341,107.56760250674634,0.1318928987908854,0.0010648194164405644
708.0137927084754,-326.83286089803545,172.9390247268524,708.0137927084754,-119.95586970437176,32.57553048901008,705.3472089938803,-207.16456976044392,91.74556093648076,0.34546527804272475,0.0014207395495511952
708.0137927084754,-326.83286089803545,172.9390247268524,708.0137927084754,-122.10821498545187,29.454463341429204,667.2613413685889,-189.22053607092326,76.49121317475576,0.5506189697363844,0.0014283904910906418
708.0137927084754,-326.83286089803545,172.9390247268524,708.0137927084754,-122.04927847172698,29.538591085083652,637.3558969863025,-174.92078096954907,66.56204919461186,0.47746390057497057,8.018133399950922E-4
708.0137927084754,-326.83286089803545,172.9390247268524,708.0137927084754,-120.7542642113188,31.40594736458496,627.0265439129554,-170.72322611625063,65.72421750378945,0.3976049093189137,4.172192953813869E-5
708.0137927084754,-326.83286089803545,172.9390247268524,708.0137927084754,-118.52429930352119,34.70898759155952,654.9807380235761,-184.19214271700798,78.2850574571388,0.4890664086667485,9.134791809145586E-4
708.0137927084754,-326.83286089803545,172.9390247268524,708.0137927084754,-108.12184964913217,51.83785397081839,701.0126083149001,-200.36791127106605,102.91487106410142,0.3425977251656762,0.0015427771862754187
708.0137927084754,-326.83286089803545,172.9390247268524,708.0137927084754,-97.35720439173929,73.73759796793745,748.4857740536735,-217.21958797779754,125.55363652946167,0.1261293610316468,0.0012538100152882624
708.0137927084754,-326.83286089803545,172.9390247268524,708.0137927084754,-93.37593663258593,83.50824416156732,782.1739617991846,-233.592174201309,137.22114050487858,0.04461015013003106,9.728333071045289E-4
708.0137927084754,-326.83286089803545,172.9390247268524,708.0137927084754,-94.7951981199063,79.88783960563416,805.5346717319848,-245.52879916634762,140.3346655520395,0.018776402897878557,3.956143486703738E-4
708.0137927084754,-326.83286089803545,172.9390247268524,708.0137927084754,-101.35081720743034,64.96751008938867,803.5772795899028,-247.11246479671863,134.76511174614274,0.020190239386017245,4.3469790534372156E-5
708.0137927084754,-326.83286089803545,172.9390247268524,708.0137927084754,-107.27507593549919,53.37992192683683,784.960692407539,-240.85614880763296,126.12083260044815,0.039994737113878805,2.482341504081998E-4
708.0137927084754,-326.83286089803545,172.9390247268524,708.0137927084754,-115.36563793730272,39.59130778623228,746.6880563084405,-227.0817917771185,110.03765805911954,0.1224843728752683,9.753157735937257E-4
708.0137927084754,-326.83286089803545,172.9390247268524,708.0137927084754,-117.95280667496945,35.574098534723504,705.9726855666697,-210.20968626624114,96.2446087129602,0.2933275529370371,0.0011139936300719085
708.0137927084754,-326.83286089803545,172.9390247268524,708.0137927084754,-117.52318521528503,36.22962612682264,668.9710399366662,-192.49084497412218,85.19431754231317,0.44658156713936153,0.0010935931418511857
708.0137927084754,-326.83286089803545,172.9390247268524,708.0137927084754,-116.00912585421318,38.576259266430924,642.2457299534677,-179.93063335021128,79.31489108023553,0.4084129446682823,4.866350222730055E-4
708.0137927084754,-326.83286089803545,172.9390247268524,708.0137927084754,-114.0911717272161,41.634136437244194,645.0851436642153,-181.75799032964136,83.39832516835133,0.39439366151262595,4.0781870337659515E-5
708.0137927084754,-326.83286089803545,172.9390247268524,708.0137927084754,-106.01241211760552,55.72840489908455,682.3000125171804,-194.96407526697826,102.94359547600362,0.36273419178524274,0.0010485925190932166
708.0137927084754,-326.83286089803545,172.9390247268524,708.0137927084754,-91.07275877166498,89.76947353554588,737.8002408908947,-215.62276496623176,133.70722221587235,0.13161874667947332,0.001668824033172399
708.0137927084754,-326.83286089803545,172.9390247268524,708.0137927084754,-78.03129552034665,148.48946306183157,793.2363653553136,-231.71363814863147,163.59172299822367,0.032001583171913914,3.6834980271562516E-4
708.0137927084754,-326.83286089803545,172.9390247268524,708.0137927084754,-78.71475525678557,142.32194366092523,791.0408022198077,-230.1683816502615,161.01089804026572,0.03540450707657391,9.972437164834101E-6
708.0137927084754,-326.83286089803545,172.9390247268524,708.0137927084754,-84.90685546185705,109.91674379626257,763.8735709154297,-225.8795053626395,146.64044338183922,0.06664339560995305,1.0794163799950872E-4
708.0137927084754,-326.83286089803545,172.9390247268524,708.0137927084754,-97.66114493719581,73.0374501468477,714.7153062233044,-211.90503230163597,122.83916405380526,0.18481135862754697,9.183249520938559E-4
708.0137927084754,-326.83286089803545,172.9390247268524,708.0137927084754,-108.97446874124617,50.31063907793913,673.7744419830065,-199.42186520700943,101.22177499948515,0.3044317921177848,0.001040002885685948
708.0137927084754,-326.83286089803545,172.9390247268524,708.0137927084754,-113.1989354542421,43.09085993629503,683.7216138484107,-203.52859667068316,97.99384742174274,0.3127839636594953,7.597235239953228E-5
708.0137927084754,-326.83286089803545,172.9390247268524,708.0137927084754,-107.49087122650045,52.98448514234052,711.0078248234113,-211.09761911739275,109.64531766105563,0.2289141202554107,3.586796102412252E-4
708.0137927084754,-326.83286089803545,172.9390247268524,708.0137927084754,-94.72876970210012,80.05366070157164,762.9454679793796,-225.74638233731037,132.48538898623812,0.07781388491877332,8.261000134455559E-4
708.0137927084754,-326.83286089803545,172.9390247268524,708.0137927084754,-88.94413315153389,96.06930890097685,803.2928820127972,-239.3222570843764,144.66145432395768,0.023116449832722437,5.601472015476025E-4
708.0137927084754,-326.83286089803545,172.9390247268524,708.0137927084754,-91.63308257792943,88.1978642546651,836.4750456607107,-254.54714908810905,146.89488834167958,0.004672056817351007,5.286217928039212E-4
708.0137927084754,-326.83286089803545,172.9390247268524,708.0137927084754,-101.89478311574095,63.838790246781585,857.0885480478736,-264.8789553587699,142.88992993627681,7.916880420923822E-4,3.292418023486667E-4
708.0137927084754,-326.83286089803545,172.9390247268524,708.0137927084754,-108.25823425109476,51.59186742125058,855.1611927542989,-264.15814072573806,138.14359012173148,0.001216010894380243,2.5250831300357877E-5
708.0137927084754,-326.83286089803545,172.9390247268524,708.0137927084754,-111.98086208170096,45.11641872687366,836.1639229630221,-258.2170074978821,132.1171694830589,0.005536040307843989,1.7244864905549187E-4
708.0137927084754,-326.83286089803545,172.9390247268524,708.0137927084754,-115.24470633952058,39.78327813466802,806.5146095160416,-249.6348828468699,124.35712549786109,0.02097306838336184,2.899454356121307E-4
708.0137927084754,-326.83286089803545,172.9390247268524,708.0137927084754,-118.63926527950903,34.53589346375736,753.6121866531608,-232.54025039852993,110.25509581284672,0.09896054314876902,8.557289639241385E-4
708.0137927084754,-326.83286089803545,172.9390247268524,708.0137927084754,-120.80093357661221,31.33801864207996,700.8389965832852,-207.95034469076313,91.23380495973802,0.33907339356723626,0.002219973494154164
708.0137927084754,-326.83286089803545,172.9390247268524,708.0137927084754,-119.09579398902554,33.851602462862104,656.3204682878313,-187.07988632719147,79.36939232563253,0.46040614222416526,0.0013283916672398967
708.0137927084754,-326.83286089803545,172.9390247268524,708.0137927084754,-117.8751652080532,35.69223455698071,632.7510014303965,-176.5832871466632,74.25267745605473,0.37477447270108105,3.4713482396554746E-4
708.0137927084754,-326.83286089803545,172.9390247268524,708.0137927084754,-115.02727551245792,40.12940911309943,654.0696142375168,-185.43413015407285,84.2770045813867,0.42620840673425525,4.537596762063669E-4
708.0137927084754,-326.83286089803545,172.9390247268524,708.0137927084754,-103.54035836653222,60.50923190831779,705.8691871424385,-201.232841027162,109.69827973097489,0.3033938382806655,0.001259100085539145
708.0137927084754,-326.83286089803545,172.9390247268524,708.0137927084754,-91.06670609940699,89.78663299053999,767.5345645475875,-222.85625452370863,136.2675036935006,0.0766234205792341,0.0014015428959074031
708.0137927084754,-326.83286089803545,172.9390247268524,708.0137927084754,-87.36620796628574,101.1356673285739,812.0956793208842,-243.9246851744376,148.07925698951547,0.015466236515513754,0.0012668006176710647
708.0137927084754,-326.83286089803545,172.9390247268524,708.0137927084754,-93.05162720514079,84.35948548088341,841.5669851244323,-259.88089614694627,147.57097402585174,0.0027251935209546864,5.7099928494131E-4
708.0137927084754,-326.83286089803545,172.9390247268524,708.0137927084754,-103.11845716676575,61.351097229463846,862.2362228059283,-268.3465800011595,143.76628142798063,2.8180223753416253E-4,2.213629791625667E-4
708.0137927084754,-326.83286089803545,172.9390247268524,708.0137927084754,-109.95770757438669,48.579996623365574,865.7271941915413,-268.1002352436627,139.26097478701513,2.5314598429280723E-4,1.7275214832700067E-5
708.0137927084754,-326.83286089803545,172.9390247268524,708.0137927084754,-116.86320941726919,37.24545281924304,856.0097547537202,-265.652947761353,133.40130637580694,0.0012653531058921474,7.702203565716683E-5
708.0137927084754,-326.83286089803545,172.9390247268524,708.0137927084754,-120.73072703503055,31.440224671459674,835.3731230407344,-261.12182702406915,127.82531207724998,0.005666162028873457,1.1139334105939684E-4
708.0137927084754,-326.83286089803545,172.9390247268524,708.0137927084754,-124.12071339550101,26.625029309767598,811.1755861777244,-255.094136241148,121.15929884464248,0.01701916769143613,1.7913283302025323E-4
708.0137927084754,-326.83286089803545,172.9390247268524,708.0137927084754,-126.07203283849736,23.958858540716847,767.8917050192097,-241.70386053306868,109.76667808823831,0.06681234550406208,6.025925120519934E-4
708.0137927084754,-326.83286089803545,172.9390247268524,708.0137927084754,-128.85989404577253,20.273690103327567,722.8792783995962,-226.01589123698125,95.19479199774301,0.19217701966741962,9.685854261041794E-4
708.0137927084754,-326.83286089803545,172.9390247268524,708.0137927084754,-127.97245016807224,21.431476913846296,682.1114469590506,-208.67585674249904,82.91769825556415,0.35360484178391577,0.0010570141762365449
708.0137927084754,-326.83286089803545,172.9390247268524,708.0137927084754,-125.01517049723972,25.393710191661,654.426070862739,-196.25096320582583,77.47292792762312,0.371168184903737,4.358312943525023E-4
708.0137927084754,-326.83286089803545,172.9390247268524,708.0137927084754,-121.7178480721355,30.013059579049724,655.7228229674232,-196.092647919946,81.83808157266509,0.3543126524188027,2.024548871670438E-5
708.0137927084754,-326.83286089803545,172.9390247268524,708.0137927084754,-113.95882666948654,41.84880559795408,682.7638982530466,-202.55391615045775,96.4066559055014,0.3273476434516989,4.2175250474010297E-4
708.0137927084754,-326.83286089803545,172.9390247268524,708.0137927084754,-106.46502933186667,54.87963793010222,715.3910570872873,-212.93143665710696,111.9177213651464,0.20871228990950627,6.503894307876034E-4
708.0137927084754,-326.83286089803545,172.9390247268524,708.0137927084754,-97.43818480900899,73.55048121196519,759.3064799940622,-227.3563095751551,129.83937778461913,0.08003466953884651,8.534833589632466E-4
708.0137927084754,-326.83286089803545,172.9390247268524,708.0137927084754,-94.15649821382661,81.49663713747174,790.8578474131825,-239.57636474805625,138.64700533738474,0.03142316420900809,5.054190293952536E-4
708.0137927084754,-326.83286089803545,172.9390247268524,708.0137927084754,-99.14730206986385,69.69520505175895,786.3851081544501,-239.57098794422825,133.37020392802066,0.03643991286372549,1.3144848796035919E-5
708.0137927084754,-326.83286089803545,172.9390247268524,708.0137927084754,-105.72886939205068,56.264156224156295,769.4156367887115,-233.9546139173594,123.92789118999815,0.0634626741410193,2.3923553699489508E-4
708.0137927084754,-326.83286089803545,172.9390247268524,708.0137927084754,-113.65295072231552,42.34681248786788,733.8782400491958,-222.03550404172165,108.74104914189476,0.15797863751416388,7.798307422044032E-4
708.0137927084754,-326.83286089803545,172.9390247268524,708.0137927084754,-116.69947647660265,37.499145992432574,695.7074484514093,-208.44831063817213,96.63516099110365,0.29900252413600187,7.317972372393025E-4
708.0137927084754,-326.83286089803545,172.9390247268524,708.0137927084754,-116.34018439353929,38.05821386788142,663.9457302003892,-196.22385681654248,89.24657200810839,0.35476633829961074,4.791549006590646E-4
708.0137927084754,-326.83286089803545,172.9390247268524,708.0137927084754,-113.39308971224227,42.77196254844932,643.8651538596114,-186.93031283121232,87.61891980001897,0.3238364450401174,1.967499204143395E-4
708.0137927084754,-326.83286089803545,172.9390247268524,708.0137927084754,-110.13843054465795,48.26535527806608,638.6325961139923,-183.02543803942868,90.20040023836043,0.3071740138627404,6.49976046659106E-5
708.0137927084754,-326.83286089803545,172.9390247268524,708.0137927084754,-105.869523973132,55.99799798682585,667.7389969107161,-192.08477693701332,101.62593039659887,0.3442065292090309,4.2675015150433695E-4
708.0137927084754,-326.83286089803545,172.9390247268524,708.0137927084754,-102.9519405067787,61.685559680752704,691.2775617109978,-200.66416518640114,110.24183483797935,0.2937983629148221,3.4098221200564273E-4
708.0137927084754,-326.83286089803545,172.9390247268524,708.0137927084754,-99.56396930937203,68.78120737231895,727.7718238083922,-211.4347527518873,120.05182583515526,0.18582551276026288,3.915806356189641E-4
708.0137927084754,-326.83286089803545,172.9390247268524,708.0137927084754,-95.01309270012703,79.34631628934639,762.0240098337183,-221.800081324143,130.53408923986728,0.09014228135341056,3.888255471034037E-4
708.0137927084754,-326.83286089803545,172.9390247268524,708.0137927084754,-94.87437151486134,79.69065099799917,792.501395663826,-232.57871398072297,135.04842654003158,0.039525214334780595,3.020904692118328E-4
708.0137927084754,-326.83286089803545,172.9390247268524,708.0137927084754,-99.81626191310414,68.23246435303975,816.7500681286945,-245.83019000734416,135.5782718656961,0.015226415123849675,3.86710802662417E-4
708.0137927084754,-326.83286089803545,172.9390247268524,708.0137927084754,-107.61053758701584,52.765928893721835,816.1071985197788,-247.21770057355434,129.29565781539978,0.01643613397761572,5.3319654718830714E-5
708.0137927084754,-326.83286089803545,172.9390247268524,708.0137927084754,-112.74865320780876,43.834601806303766,799.8403002119695,-242.921467077626,122.33588966834145,0.030531214687736372,1.3928451660315502E-4
708.0137927084754,-326.83286089803545,172.9390247268524,708.0137927084754,-119.47102038783669,33.29280350972496,768.9500604400795,-234.57140872314451,110.80626621869013,0.07749208573455887,4.122504688861616E-4
708.0137927084754,-326.83286089803545,172.9390247268524,708.0137927084754,-120.55605625898266,31.694981072254166,730.2118692146278,-220.82040467508307,100.34905019778685,0.19253492727629845,6.513455108892663E-4
708.0137927084754,-326.83286089803545,172.9390247268524,708.0137927084754,-123.044850104722,28.12726188659019,694.2454742618513,-206.65786271268058,87.54266961842146,0.368073758327022,8.782593395603443E-4
708.0137927084754,-326.83286089803545,172.9390247268524,708.0137927084754,-122.20192249197763,29.320853707109336,669.8384511395859,-195.99770241180005,81.11368143694895,0.44324676306669303,4.015362298019173E-4
708.0137927084754,-326.83286089803545,172.9390247268524,708.0137927084754,-117.50905900812481,36.25125657493095,661.7033415990862,-190.1566432356126,83.68989499076923,0.4366970057315031,1.1726939161293687E-4
708.0137927084754,-326.83286089803545,172.9390247268524,708.0137927084754,-114.29092393373267,41.3110450589173,666.9786484415273,-191.49790219635486,89.12560208293647,0.41805413064658825,4.647720282703337E-5
708.0137927084754,-326.83286089803545,172.9390247268524,708.0137927084754,-107.58450030612912,52.8134388687122,693.9962316961947,-202.49578878789472,104.81507802643702,0.3060766557773053,7.989681359026732E-4
708.0137927084754,-326.83286089803545,172.9390247268524,708.0137927084754,-101.16407040408723,65.35837127559982,706.3138809100112,-205.88303234287213,115.27991483265382,0.2449245454293331,1.5769202356595498E-4
708.0137927084754,-326.83286089803545,172.9390247268524,708.0137927084754,-100.03007305645303,67.77013471043091,711.467515826679,-208.4528571672266,118.04598875057056,0.21860863012963622,3.5690025625798364E-5
708.0137927084754,-326.83286089803545,172.9390247268524,708.0137927084754,-100.59772038238734,66.55452775541887,714.7128908587249,-210.4276599410399,118.20080536604513,0.20510685486234592,9.995595854198823E-6
708.0137927084754,-326.83286089803545,172.9390247268524,708.0137927084754,-103.74889145842596,60.09602503671928,714.3161707985216,-211.39647103746694,114.54761032810285,0.21010400669070356,1.8695505526888E-5
708.0137927084754,-326.83286089803545,172.9390247268524,708.0137927084754,-106.4689946307808,54.87223666286087,710.9113016713479,-209.35696421658426,109.99766310046448,0.2391733946253684,4.6225268130808964E-5
708.0137927084754,-326.83286089803545,172.9390247268524,708.0137927084754,-104.15299202173972,59.30066853830249,713.3059624067516,-211.46349697677852,114.06354156490846,0.21150775687692938,4.141417891138324E-5
708.0137927084754,-326.83286089803545,172.9390247268524,708.0137927084754,-103.76246893376728,60.069187175326874,714.5125259800321,-210.97533103753,114.31707826714054,0.213283384640174,8.835893341687733E-7
708.0137927084754,-326.83286089803545,172.9390247268524,708.0137927084754,-105.77676522374813,56.173436622992256,712.8141475273784,-209.22337017352046,110.81569214398695,0.23666008980868875,3.025885687979326E-5
708.0137927084754,-326.83286089803545,172.9390247268524,708.0137927084754,-112.34054089987072,44.51377541113217,712.9226347135411,-207.48545067632188,101.48089087366714,0.2879869693661636,1.1809798996131716E-4
708.0137927084754,-326.83286089803545,172.9390247268524,708.0137927084754,-117.8071234606914,35.79588385289358,715.7048260686453,-207.37258264140564,94.56036202890502,0.3238183940867854,4.395491928193619E-5
708.0137927084754,-326.83286089803545,172.9390247268524,708.0137927084754,-124.41414996824753,26.219341434108912,721.4721827928139,-210.3538857426553,88.51126473094689,0.3281559343299349,1.0639426589139806E-4
708.0137927084754,-326.83286089803545,172.9390247268524,708.0137927084754,-132.55459686572428,15.598768833480989,725.013609345212,-216.55565400666535,83.62875608759427,0.3031565260681627,1.9386065666646105E-4
708.0137927084754,-326.83286089803545,172.9390247268524,708.0137927084754,-140.22431228226057,6.574215997620314,718.4721919646482,-220.6710287599923,78.29388103434434,0.3146290911176932,1.3216268529133088E-4
708.0137927084754,-326.83286089803545,172.9390247268524,708.0137927084754,-124.67628593424155,25.858369306406445,710.6146874763126,-210.72191149283103,88.4615619331426,0.334105434738377,6.351066253730423E-4
708.0137927084754,-326.83286089803545,172.9390247268524,708.0137927084754,-115.57751780669088,39.255891851540554,711.138679687216,-203.81893535497818,95.09537488943434,0.35640381696234413,2.78642094505005E-4
708.0137927084754,-326.83286089803545,172.9390247268524,708.0137927084754,-126.54511508337313,23.323454425893374,718.9982475064191,-212.0751052620872,87.21462363534252,0.32462043279519204,4.0383762014201824E-4
708.0137927084754,-326.83286089803545,172.9390247268524,708.0137927084754,-136.78988687361493,10.508522591467056,716.5663040112601,-219.03668350652035,80.80519388220927,0.31206151268934773,2.8307830357506605E-4
708.0137927084754,-326.83286089803545,172.9390247268524,708.0137927084754,-126.43291122513554,23.473777357776044,710.1796844163814,-213.46417186193938,88.38471631337367,0.3114416248270486,2.5017836251792333E-4
708.0137927084754,-326.83286089803545,172.9390247268524,708.0137927084754,-122.46500934965522,28.946728913849853,708.1727129050569,-211.0393128555141,91.35388941006434,0.31390483949333997,4.1043000546869265E-5
708.0137927084754,-326.83286089803545,172.9390247268524,708.0137927084754,-118.47762611998797,34.77934848018222,708.6888709860423,-207.54790780735874,93.84156160017352,0.32939866830897574,5.5831655236080916E-5
708.0137927084754,-326.83286089803545,172.9390247268524,708.0137927084754,-110.51508951749634,47.612962852408984,712.4398246159462,-203.65763552421893,101.57611349640587,0.32026407074315044,1.6005069148925248E-4
708.0137927084754,-326.83286089803545,172.9390247268524,708.0137927084754,-110.21951043184686,48.12453678650091,718.3576638753088,-205.53759969022062,103.04764506506322,0.2927822639971723,1.5734135436748007E-5
708.0137927084754,-326.83286089803545,172.9390247268524,708.0137927084754,-117.46740328624998,36.315069437131456,728.2000603400652,-213.33861188469666,98.87698326253971,0.24317890697751623,2.3369452143490537E-4
708.0137927084754,-326.83286089803545,172.9390247268524,708.0137927084754,-125.08809959771489,25.294006904114298,732.7846410523215,-220.5158805141538,95.13193639175142,0.20997322387717937,1.9850881689653204E-4
708.0137927084754,-326.83286089803545,172.9390247268524,708.0137927084754,-131.5579921836053,16.83737307459708,729.9385275663391,-224.11258329206373,90.82500207747785,0.21210754649551458,9.223676330966384E-5
708.0137927084754,-326.83286089803545,172.9390247268524,708.0137927084754,-132.23382257167776,15.99567736081471,721.1307593157143,-223.1203237210394,89.29527762320737,0.2335943114074153,7.390799299397501E-6
708.0137927084754,-326.83286089803545,172.9390247268524,708.0137927084754,-125.65258847608948,24.52575716552016,705.5263406639431,-215.8944003025177,91.09829930685436,0.2773368914896838,1.2549929378476819E-4
708.0137927084754,-326.83286089803545,172.9390247268524,708.0137927084754,-116.22348113537649,38.240512648997225,694.9802212050326,-206.6207490014938,96.05549454197455,0.31656136585903544,3.3571365532560304E-4
708.0137927084754,-326.83286089803545,172.9390247268524,708.0137927084754,-109.8495892235018,48.76873917746862,695.565725490344,-200.62402695507947,100.71508401192915,0.3465525670670375,1.7646473746513373E-4
708.0137927084754,-326.83286089803545,172.9390247268524,708.0137927084754,-108.77893494546626,50.65866908183695,702.6717909415557,-200.33192875205563,101.99978845920967,0.3491012754052403,1.7987053667403276E-6
708.0137927084754,-326.83286089803545,172.9390247268524,708.0137927084754,-111.58428830519742,45.785369660449604,709.8923473998353,-204.10176810996595,100.43816281490626,0.3230541114007682,4.693401239840178E-5
708.0137927084754,-326.83286089803545,172.9390247268524,708.0137927084754,-116.70254059872451,37.494392160962235,717.0480860239339,-209.7843102782178,97.492521297508,0.28699269190316606,1.2140817499680795E-4
708.0137927084754,-326.83286089803545,172.9390247268524,708.0137927084754,-115.89094529458333,38.7618722695652,718.6478699885697,-212.12610800593123,99.9756905945423,0.25682152173401207,3.29067701039806E-5
708.0137927084754,-326.83286089803545,172.9390247268524,708.0137927084754,-116.73975653418086,37.436672353329044,716.9304840078224,-213.60961174171018,99.91417866867243,0.24815698024698388,4.811005322946135E-6
708.0137927084754,-326.83286089803545,172.9390247268524,708.0137927084754,-121.89602897879871,29.75768892184422,709.9733631279892,-214.43638192045213,94.41200813799443,0.27080143408148166,4.139514563189563E-5
708.0137927084754,-326.83286089803545,172.9390247268524,708.0137927084754,-120.43099622733769,31.877795962677226,697.9441386641155,-210.13304300121183,93.18286682902865,0.30619748252429485,4.7290413830312184E-5
708.0137927084754,-326.83286089803545,172.9390247268524,708.0137927084754,-112.66668452326479,43.970622019016076,688.8500821357824,-203.2845769756959,98.5396722965429,0.3227260913345737,2.2514336282756508E-4
708.0137927084754,-326.83286089803545,172.9390247268524,708.0137927084754,-106.6269786051831,54.57784273027693,690.4024968164088,-199.1079545519814,104.28658579964957,0.33389632187959833,1.257756011291109E-4
708.0137927084754,-326.83286089803545,172.9390247268524,708.0137927084754,-106.37432709293608,55.049097792843924,697.2895394987776,-199.39083163820982,104.78955798384581,0.33869692558501446,4.5163824413194536E-7
708.0137927084754,-326.83286089803545,172.9390247268524,708.0137927084754,-108.36483868273154,51.400046331715785,703.3733798487818,-201.48911759240283,103.2073067613951,0.33165872416600595,1.9163606904211747E-5
708.0137927084754,-326.83286089803545,172.9390247268524,708.0137927084754,-110.59445633889595,47.476072451218826,708.2369598823079,-204.3682194575863,101.88422992376965,0.3132578202860832,2.907241286511453E-5
708.0137927084754,-326.83286089803545,172.9390247268524,708.0137927084754,-113.27568552357687,42.96467015610364,713.6500907370518,-208.25068409843476,100.76799199944602,0.28500876573715966,4.4578729169477544E-5
708.0137927084754,-326.83286089803545,172.9390247268524,708.0137927084754,-114.66537374804042,40.70832709405346,715.286154553049,-210.22573014220265,100.26510820965271,0.2714244646918319,1.1187228257615118E-5
708.0137927084754,-326.83286089803545,172.9390247268524,708.0137927084754,-118.77349122294552,34.33419548052251,710.687000239449,-211.17378984969304,95.88935463278816,0.28747908598791844,2.9956923587588935E-5
708.0137927084754,-326.83286089803545,172.9390247268524,708.0137927084754,-122.45995564912829,28.95390188382666,699.9973760992276,-210.58495235632788,91.03986411533543,0.3165216318673702,2.73945737153704E-5
708.0137927084754,-326.83286089803545,172.9390247268524,708.0137927084754,-115.62087950292448,39.187393278292916,688.4689936755796,-205.6562813199075,96.20301238098281,0.3139488539284731,1.370307383024312E-4
708.0137927084754,-326.83286089803545,172.9390247268524,708.0137927084754,-110.63185531946036,47.41163653282946,684.3785057658248,-201.6811880780268,100.27533578994309,0.3185233415021051,9.099917405818029E-5
708.0137927084754,-326.83286089803545,172.9390247268524,708.0137927084754,-108.60959262870946,50.96113662473046,685.3115073896303,-201.15078422139806,102.68788053454415,0.3132057839922266,7.925255357836625E-6
708.0137927084754,-326.83286089803545,172.9390247268524,708.0137927084754,-109.30691444124918,49.72188866989252,685.2071241919275,-201.2453234502131,101.80021604298332,0.31652054972000593,7.939167877531176E-7
708.0137927084754,-326.83286089803545,172.9390247268524,708.0137927084754,-109.46964000983317,49.43505634888251,684.8280604009046,-201.33295843316017,101.63102734751502,0.3157630144452448,7.482792567715975E-8
708.0137927084754,-326.83286089803545,172.9390247268524,708.0137927084754,-110.20067761821704,48.15722650524013,683.8721733673104,-200.9442185685642,100.42620171173107,0.3230878211829186,2.58809206769889E-6
708.0137927084754,-326.83286089803545,172.9390247268524,708.0137927084754,-111.85835950688545,45.322553408975736,684.4466554115988,-201.0288973079735,98.2573401211298,0.335180444650131,4.079051801308187E-6
708.0137927084754,-326.83286089803545,172.9390247268524,708.0137927084754,-111.70767714577468,45.57672529897606,684.6561940451993,-201.18913202609517,98.55315349268176,0.33260862934384283,2.450578581858773E-7
708.0137927084754,-326.83286089803545,172.9390247268524,708.0137927084754,-111.7021603077068,45.58604414330122,684.6242672864716,-201.2972768882827,98.62452312820182,0.33116208519684887,4.927073537851592E-8
708.0137927084754,-326.83286089803545,172.9390247268524,708.0137927084754,-111.87215040761205,45.299325003559545,684.5490646606029,-201.21245066570899,98.34794524730563,0.3332511244814014,1.348898353926492E-7
708.0137927084754,-326.83286089803545,172.9390247268524,708.0137927084754,-112.23516766316226,44.68993093562415,684.3592869010687,-201.20415679290457,97.86008416240114,0.3355316668834221,1.9446384329573623E-7
708.0137927084754,-326.83286089803545,172.9390247268524,708.0137927084754,-112.41304403164003,44.39276015653738,684.2638512866301,-201.19973768424342,97.62103905065939,0.3366548507591267,4.715146591753831E-8
708.0137927084754,-326.83286089803545,172.9390247268524,708.0137927084754,-112.49702589427503,44.25277902343316,684.2198534732014,-201.18754511357892,97.50215726024982,0.3373162907856885,1.508491086802054E-8
708.0137927084754,-326.83286089803545,172.9390247268524,708.0137927084754,-112.50045995494057,44.247059531008034,684.2416570552543,-201.04969611925603,97.41482683279926,0.33913154226414255,7.83127876257174E-8
708.0137927084754,-326.83286089803545,172.9390247268524,708.0137927084754,-112.2980761162174,44.584725544398054,684.5387584947232,-200.06787882732075,97.09663650477262,0.3509774250186845,2.9959288893452757E-6
708.0137927084754,-326.83286089803545,172.9390247268524,708.0137927084754,-113.15518020028816,43.162876025977624,681.2994195065421,-198.15098304486202,94.78468281875391,0.3744910957866842,2.382717406731983E-5
708.0137927084754,-326.83286089803545,172.9390247268524,708.0137927084754,-116.83724654154983,37.28563571263658,669.8370551083763,-195.3840569360091,88.02546215576132,0.3996996227140033,9.952363432521875E-5
708.0137927084754,-326.83286089803545,172.9390247268524,708.0137927084754,-116.56496243450187,37.708070889614646,669.0119251624509,-194.64342184180992,87.92317560577027,0.40384775755670177,1.353017489620535E-6
708.0137927084754,-326.83286089803545,172.9390247268524,708.0137927084754,-116.30002517024968,38.12090621002565,668.3177100757631,-193.7771329389203,87.7346297006604,0.41052281779462046,2.038272656324876E-6
708.0137927084754,-326.83286089803545,172.9390247268524,708.0137927084754,-117.78397936025323,35.83116525919715,666.6789293612386,-192.77781885257463,85.0170050992192,0.43086240855571395,1.6040143048948537E-5
708.0137927084754,-326.83286089803545,172.9390247268524,708.0137927084754,-118.44382015851983,34.83034397265618,666.0024748143055,-192.22253431938464,83.7267775103235,0.4422269026779513,4.0853996478506235E-6
708.0137927084754,-326.83286089803545,172.9390247268524,708.0137927084754,-118.74226339816184,34.381082940228026,666.9844909635996,-192.938159606366,83.78471189385732,0.43995913255559616,1.1559116575504288E-6
708.0137927084754,-326.83286089803545,172.9390247268524,708.0137927084754,-118.4193159649054,34.86732491691245,668.438716460946,-193.31519183600753,84.4850255975245,0.4393323496300671,1.4338779296794217E-6
708.0137927084754,-326.83286089803545,172.9390247268524,708.0137927084754,-118.12831319116643,35.30759021252635,672.4403427518189,-194.6142196588419,85.74666853131797,0.4376727050236505,9.090976113555877E-6
708.0137927084754,-326.83286089803545,172.9390247268524,708.0137927084754,-119.32593048225644,33.5084906626775,678.6195549197602,-195.87229042080523,84.9424347025959,0.4601727261293893,5.959375373685117E-6
708.0137927084754,-326.83286089803545,172.9390247268524,708.0137927084754,-120.59593743960588,31.63675509751539,683.7398943225058,-197.95575075576653,84.6394716643122,0.45903391012217293,1.004702972204954E-5
708.0137927084754,-326.83286089803545,172.9390247268524,708.0137927084754,-120.78313981316919,31.363912362959837,686.0217015878181,-198.91076680069452,85.04477886084501,0.4522247883703837,2.998870375203066E-6
708.0137927084754,-326.83286089803545,172.9390247268524,708.0137927084754,-120.59834694001441,31.63323838921218,685.2327973846641,-198.5504279334538,85.04369762822921,0.45387389038563,2.5903792872800705E-7
708.0137927084754,-326.83286089803545,172.9390247268524,708.0137927084754,-120.71612693029817,31.461493017845612,684.3075800687702,-198.18222803454512,84.6338510519328,0.45845696985948203,8.408291625746506E-7
708.0137927084754,-326.83286089803545,172.9390247268524,708.0137927084754,-121.07630235854734,30.938184525161347,686.1630237985643,-199.51622819385588,85.07271833072397,0.445140850970638,5.333543368171454E-6
708.0137927084754,-326.83286089803545,172.9390247268524,708.0137927084754,-122.09629392779502,29.471473882627492,693.2686380799419,-201.10011925589453,84.83278766686666,0.44797720459435036,5.272030761892422E-6
708.0137927084754,-326.83286089803545,172.9390247268524,708.0137927084754,-123.02417300524473,28.156364372032954,696.8766712130378,-202.04282840338644,84.29004181478123,0.4483574984454739,3.309276961012129E-6
708.0137927084754,-326.83286089803545,172.9390247268524,708.0137927084754,-123.1269465682904,28.011799999810307,698.7066567203193,-202.60260818136908,84.55501382267536,0.44214903942434663,1.0737058919216649E-6
708.0137927084754,-326.83286089803545,172.9390247268524,708.0137927084754,-122.96769633425325,28.2358987157603,697.9071154650483,-202.302024459614,84.54726169085916,0.444665260451206,1.814934326767687E-7
708.0137927084754,-326.83286089803545,172.9390247268524,708.0137927084754,-123.09455781454062,28.057335557178533,697.0887930164922,-202.0174402090403,84.18070726685954,0.4499810282583713,5.787114913970199E-7
708.0137927084754,-326.83286089803545,172.9390247268524,708.0137927084754,-123.89772923106463,26.93446200599351,700.5211128607788,-204.37681881128265,84.83628603129614,0.42124816127112336,1.5461118223430743E-5
708.0137927084754,-326.83286089803545,172.9390247268524,708.0137927084754,-125.28045449784048,25.0315283844065,705.0860434344249,-204.8075939111424,83.39183423231901,0.431800874167884,3.979890246234069E-6
708.0137927084754,-326.83286089803545,172.9390247268524,708.0137927084754,-125.99679033358217,24.06030643498252,710.4172194357191,-206.32054504727384,83.603881533596,0.4130505299371968,4.891213057675249E-6
708.0137927084754,-326.83286089803545,172.9390247268524,708.0137927084754,-126.01864360772836,24.030831083650384,715.8351806682035,-207.79481089279088,84.66967188783053,0.3853439768611269,9.231643593814642E-6
708.0137927084754,-326.83286089803545,172.9390247268524,708.0137927084754,-126.94747190924463,22.786331548209176,722.3308334248393,-210.85917489226907,85.8202944398844,0.3398380342717406,2.809187868670652E-5
708.0137927084754,-326.83286089803545,172.9390247268524,708.0137927084754,-128.0109874339697,21.3809083746128,722.4134902627322,-211.05914408995187,84.68693185185975,0.34554916028559485,2.1120101887561806E-6
708.0137927084754,-326.83286089803545,172.9390247268524,708.0137927084754,-128.7621367006259,20.40054362810241,720.9256852084958,-210.83104903393,83.60356004294522,0.3573995274156863,2.0689921054620235E-6
708.0137927084754,-326.83286089803545,172.9390247268524,708.0137927084754,-128.7700379183239,20.390284472114615,719.2020163603682,-209.6374766190176,82.67469360972296,0.37803875400688397,6.7500749155600655E-6
708.0137927084754,-326.83286089803545,172.9390247268524,708.0137927084754,-128.53530561732848,20.695536952514516,720.2703330288685,-210.34656051948528,83.50635056979951,0.3635612635129242,3.371326255830076E-6
708.0137927084754,-326.83286089803545,172.9390247268524,708.0137927084754,-127.29323454419256,22.32714765678608,724.4193063002091,-211.6362485928335,85.98898714067136,0.32872467290043894,1.8548845662967135E-5
708.0137927084754,-326.83286089803545,172.9390247268524,708.0137927084754,-127.40649635716764,22.177208851568906,724.3013471861935,-211.68303348343431,85.88836260041526,0.32916633996066536,2.822806755655742E-8
708.0137927084754,-326.83286089803545,172.9390247268524,708.0137927084754,-126.60510175497365,23.243184876347442,726.4982687752785,-212.3926171952839,87.38031664812056,0.31040813856972105,6.257742930063487E-6
708.0137927084754,-326.83286089803545,172.9390247268524,708.0137927084754,-126.73827922077064,23.065216530088378,726.8833176953281,-212.8365345460199,87.55408622624662,0.3052131509372847,6.21821273773569E-7
708.0137927084754,-326.83286089803545,172.9390247268524,708.0137927084754,-127.28722482890828,22.335110017547976,739.2361825867658,-218.65491229176772,91.29342792872481,0.22508801184632082,1.343178242260998E-4
708.0137927084754,-326.83286089803545,172.9390247268524,708.0137927084754,-125.87432857471961,24.22564844059218,754.5366088268332,-220.54935681033118,94.28708318605919,0.17431209469589537,2.4014310154937355E-5
708.0137927084754,-326.83286089803545,172.9390247268524,708.0137927084754,-128.64874703172245,20.547893058948972,756.517919465211,-221.49827160956983,91.94334372957951,0.17355075173957293,1.4077563890153507E-5
708.0137927084754,-326.83286089803545,172.9390247268524,708.0137927084754,-130.96454635905621,17.582649384031413,752.9899263297524,-221.39351214918827,89.30796332376553,0.19041237504153846,8.47417735840429E-6
708.0137927084754,-326.83286089803545,172.9390247268524,708.0137927084754,-130.80359001714086,17.785794151704977,752.145344868567,-220.48733386101057,88.76867606991004,0.19837411882976597,3.2285489587299527E-6
708.0137927084754,-326.83286089803545,172.9390247268524,708.0137927084754,-131.98441398917794,16.305430829482674,749.3483549188107,-219.51800144568028,86.67140298657671,0.21782039966543995,1.257504515948331E-5
708.0137927084754,-326.83286089803545,172.9390247268524,708.0137927084754,-131.05067726752927,17.47412009281365,751.5279285675501,-220.35566933146453,88.38860177397493,0.20182022967014912,8.742078336656637E-6
708.0137927084754,-326.83286089803545,172.9390247268524,708.0137927084754,-130.5677259698643,18.084264349178568,752.7877356995148,-220.67887421562938,89.18268065252207,0.19452732094264485,1.6278953547927201E-6
708.0137927084754,-326.83286089803545,172.9390247268524,708.0137927084754,-130.173386565594,18.585368614378694,754.1716045723703,-221.11233159072927,89.9613279740206,0.18676276599508207,1.9775930386718368E-6
708.0137927084754,-326.83286089803545,172.9390247268524,708.0137927084754,-131.41996889507632,17.01018955182832,749.6678506320876,-218.39148571433824,86.4087188506382,0.22396205242140194,5.622768347846148E-5
708.0137927084754,-326.83286089803545,172.9390247268524,708.0137927084754,-135.97239774951493,11.469883381726532,744.15543491653,-216.57317286957755,79.65864147072199,0.28256974093154924,9.831899956515057E-5
708.0137927084754,-326.83286089803545,172.9390247268524,708.0137927084754,-139.75794705440438,7.0988106338948285,727.459620429551,-211.39652908356751,70.60576374126245,0.4464792503907152,2.727332622719715E-4
708.0137927084754,-326.83286089803545,172.9390247268524,708.0137927084754,-142.36358120455964,4.205255583357626,710.3885784918253,-205.74478007247558,62.17994164267063,0.6696112673171697,2.7048465577400994E-4
708.0137927084754,-326.83286089803545,172.9390247268524,708.0137927084754,-143.18498250030257,3.311619040119382,716.3477183192529,-208.99625015577863,64.09857010511692,0.5809884385763122,3.9583003227523856E-5
708.0137927084754,-326.83286089803545,172.9390247268524,708.0137927084754,-134.94414189038204,12.693215054331404,752.277367600432,-218.01398537708505,82.06464239897585,0.2378903061512249,8.057581466517196E-4
708.0137927084754,-326.83286089803545,172.9390247268524,708.0137927084754,-124.83975956758093,25.633943297511593,795.2209861322984,-228.33170668667003,101.10627179410852,0.0690972209773749,7.919418602717256E-4
708.0137927084754,-326.83286089803545,172.9390247268524,708.0137927084754,-122.80071786295429,28.47143456036494,828.9002360711288,-241.2342290213863,112.32980950804478,0.019240235993830023,7.053129840031576E-4
708.0137927084754,-326.83286089803545,172.9390247268524,708.0137927084754,-131.33281709246484,17.11947244916172,846.237081106418,-250.92238638798818,112.43604006713451,0.008316177377001795,1.501881006078138E-4
708.0137927084754,-326.83286089803545,172.9390247268524,708.0137927084754,-142.55218331657724,3.999296213637848,846.3399183946985,-253.17131641284712,105.4096369987713,0.009291841744404991,1.2590293793845247E-4
708.0137927084754,-326.83286089803545,172.9390247268524,708.0137927084754,-148.89218908646794,-2.665978946869899,832.5292677696274,-250.2586836638644,97.36996826763809,0.01898974349912057,1.6613134865865934E-4
708.0137927084754,-326.83286089803545,172.9390247268524,708.0137927084754,-154.1049891490852,-7.795815082959052,813.5948454740521,-245.5492471547997,87.88743021407751,0.04172305561572679,2.768016841457158E-4
708.0137927084754,-326.83286089803545,172.9390247268524,708.0137927084754,-156.582051102238,-10.131075955577984,783.7271508759903,-237.55615422861698,76.94009410109226,0.10989475638643643,4.329940981730786E-4
708.0137927084754,-326.83286089803545,172.9390247268524,708.0137927084754,-155.39806584579966,-9.02281480385227,749.7531069399572,-225.70642961781732,65.60287132043862,0.29084210213594236,6.384386966427272E-4
708.0137927084754,-326.83286089803545,172.9390247268524,708.0137927084754,-153.67370347473292,-7.382649512413423,712.9432041411401,-212.13625502297617,53.498133995371944,0.7033291107219142,7.721392800907601E-4
708.0137927084754,-326.83286089803545,172.9390247268524,708.0137927084754,-150.70185067808765,-4.481005819026592,684.1582582283206,-200.9098353866771,46.09442760136318,0.9942347147904694,4.196643042946605E-4
708.0137927084754,-326.83286089803545,172.9390247268524,708.0137927084754,-146.59648806144796,-0.30891871465175313,667.6590268246957,-192.74620733510605,44.05140561240873,0.974815012115984,1.3950793122157503E-4
708.0137927084754,-326.83286089803545,172.9390247268524,708.0137927084754,-142.2407720704331,4.339615646445026,673.6789617125085,-192.62669654894734,50.360207032576284,0.9486670189055217,5.43173027783993E-5
708.0137927084754,-326.83286089803545,172.9390247268524,708.0137927084754,-136.35461995104643,11.019168854446207,703.8624304473727,-201.19624780196236,66.13909742977606,0.6870774410617624,7.184281059471353E-4
708.0137927084754,-326.83286089803545,172.9390247268524,708.0137927084754,-128.2260600598273,21.09917929485681,743.9147982381828,-213.18526187682394,86.05260494530785,0.27164931062330516,0.0011025232536377978
708.0137927084754,-326.83286089803545,172.9390247268524,708.0137927084754,-118.70018113909163,34.4443041907939,787.0935820529814,-226.7003186239906,106.30927453639495,0.07653429338551462,0.0011353663545375142
708.0137927084754,-326.83286089803545,172.9390247268524,708.0137927084754,-117.91538680156086,35.631016886272135,822.3838017373828,-242.0186307227731,117.1960906699342,0.020457615193021583,8.704491179690255E-4
708.0137927084754,-326.83286089803545,172.9390247268524,708.0137927084754,-126.24013625974248,23.732594496161738,842.6689144917201,-251.7521059773533,117.09187752377886,0.00819568552896385,1.5046734287476574E-4
708.0137927084754,-326.83286089803545,172.9390247268524,708.0137927084754,-137.1107819053521,10.133825968661569,860.7744760906746,-258.8509275282165,114.60204975270463,0.003036540434577492,1.235378204460569E-4
708.0137927084754,-326.83286089803545,172.9390247268524,708.0137927084754,-146.18795442999408,0.11709970820038507,858.2480615214745,-260.8137656416283,109.77894258957639,0.0038218923927114826,6.831565068572489E-5
708.0137927084754,-326.83286089803545,172.9390247268524,708.0137927084754,-152.04923051843872,-5.808513861315305,841.3508968184718,-255.51226551967218,100.00095354227963,0.011947639200933124,3.243825194941691E-4
708.0137927084754,-326.83286089803545,172.9390247268524,708.0137927084754,-158.95604709563986,-12.310470245619229,816.618740575166,-249.22943560421245,87.30483249863715,0.036629538636264586,4.922230179842681E-4
708.0137927084754,-326.83286089803545,172.9390247268524,708.0137927084754,-162.06081044011512,-15.077387822405,775.251821249716,-236.67872230466435,70.06685880012554,0.14831723420567294,0.001042899047901586
708.0137927084754,-326.83286089803545,172.9390247268524,708.0137927084754,-161.84246939751844,-14.885815782879263,732.9360137154245,-221.9260593919897,53.51326252301294,0.49918361704268105,0.0011425771884640285
708.0137927084754,-326.83286089803545,172.9390247268524,708.0137927084754,-157.36832544091664,-10.85915595593599,704.6140214746578,-209.7122801024628,45.91215380857204,0.9169858685147992,4.788094825107029E-4
708.0137927084754,-326.83286089803545,172.9390247268524,708.0137927084754,-152.12132434551856,-5.878980506005917,688.229377048726,-202.40261731836395,45.58413799979732,1.0,6.872122843314873E-5
708.0137927084754,-326.83286089803545,172.9390247268524,708.0137927084754,-145.60923124541017,0.7240542523663009,711.285103535696,-209.44609566294065,61.38757667447956,0.6197504944394301,7.237612648781418E-4
708.0137927084754,-326.83286089803545,172.9390247268524,708.0137927084754,-127.0440876243043,22.657801436057895,765.5549431956667,-221.29268551927862,93.55164773688625,0.15047981902661065,0.0016236193309045403
708.0137927084754,-326.83286089803545,172.9390247268524,708.0137927084754,-113.55376348445532,42.50886484636851,810.1685343340631,-233.89246162562364,116.1016164507387,0.03482495023587895,0.0010838935468436806
708.0137927084754,-326.83286089803545,172.9390247268524,708.0137927084754,-113.16550984207083,43.14586969652282,841.197610486542,-245.67097338785507,123.63688569577585,0.00914734845514819,4.626688576788422E-4
708.0137927084754,-326.83286089803545,172.9390247268524,708.0137927084754,-123.90945169179616,26.918170065207676,864.6303644827632,-254.70548178164594,121.0371688282288,0.0023264097336578925,1.8525104237020017E-4
708.0137927084754,-326.83286089803545,172.9390247268524,708.0137927084754,-133.79247929644416,14.082450827274585,868.1934543114296,-256.34336220621105,114.93188567553958,0.0021696099120979296,7.935772801901394E-5
708.0137927084754,-326.83286089803545,172.9390247268524,708.0137927084754,-144.71117310225267,1.674052142218386,852.4138823047365,-253.92438886630987,104.37680341852243,0.007424442799055218,2.2212378578724315E-4
708.0137927084754,-326.83286089803545,172.9390247268524,708.0137927084754,-155.8933209765715,-9.48814893825218,823.2602284246559,-249.29775688261736,90.19333644512929,0.029211571389274393,4.379496800757591E-4
708.0137927084754,-326.83286089803545,172.9390247268524,708.0137927084754,-163.56605820698263,-16.385963425902617,776.0070197036282,-238.44120688007112,70.43962758106267,0.14079000415081938,9.971647749073976E-4
708.0137927084754,-326.83286089803545,172.9390247268524,708.0137927084754,-165.1618396005886,-17.750463375246426,733.9856594044047,-226.38397972621402,54.46048987649036,0.4393612518488452,8.7901261011607E-4
708.0137927084754,-326.83286089803545,172.9390247268524,708.0137927084754,-161.6768832758582,-14.740231067875385,715.5373624777893,-218.41026143094516,49.730206782251884,0.6630491533024409,2.0579866761894622E-4
708.0137927084754,-326.83286089803545,172.9390247268524,708.0137927084754,-152.0765506174279,-5.83522402589162,735.5711305170087,-220.86978502905876,64.53968135785675,0.3841619746929063,4.125348249491296E-4
708.0137927084754,-326.83286089803545,172.9390247268524,708.0137927084754,-141.0298015151925,5.6750922011110845,752.1564460251373,-222.00586113559106,78.57149238706754,0.23313712399374892,2.84405636101655E-4
708.0137927084754,-326.83286089803545,172.9390247268524,708.0137927084754,-139.08237277406226,7.864029015176527,754.1870160699519,-222.4553236991528,81.16764411598737,0.21394438773978552,1.2407044341813358E-5
708.0137927084754,-326.83286089803545,172.9390247268524,708.0137927084754,-138.12792967801744,8.955949584177176,755.0219723514333,-222.57647580270793,82.34106037764528,0.2064125684888547,2.180518077832391E-6
708.0137927084754,-326.83286089803545,172.9390247268524,708.0137927084754,-138.09525429507696,8.993558629778278,755.0950873744299,-222.6236173377409,82.41846915439339,0.2057002427951304,2.192281875974624E-8
708.0137927084754,-326.83286089803545,172.9390247268524,708.0137927084754,-138.10133353906326,8.986560333207137,755.0876984243398,-222.63047534364017,82.4176468393878,0.20569094341940136,9.603646499153408E-11
708.0137927084754,-326.83286089803545,172.9390247268524,708.0137927084754,-138.10319131244535,8.984421808501878,755.0863271958041,-222.63361971294415,82.41830665211745,0.20567740202942866,2.3146820245337287E-11
708.0137927084754,-326.83286089803545,172.9390247268524,708.0137927084754,-138.1048118778899,8.982556379154943,755.0851541982252,-222.6370288503774,82.41946111254151,0.2056601720760253,3.260271023150821E-11
708.0137927084754,-326.83286089803545,172.9390247268524,708.0137927084754,-138.10562252898848,8.981623254418423,755.084278264743,-222.63813336412224,82.41951667267992,0.20565712386453938,2.225616570370102E-12
708.0137927084754,-326.83286089803545,172.9390247268524,708.0137927084754,-138.10660781640664,8.980489121752015,755.0837086286907,-222.6399319113758,82.41998045975743,0.20564848737031083,8.116723764381584E-12
708.0137927084754,-326.83286089803545,172.9390247268524,708.0137927084754,-138.1072323672697,8.97977022846365,755.0830510664118,-222.64110337250528,82.42030174388492,0.20564351705427153,3.5240022656378834E-12
708.0137927084754,-326.83286089803545,172.9390247268524,708.0137927084754,-138.1075393964436,8.97941682258599,755.0828886375816,-222.64160508574628,82.42039524929203,0.20564125979213543,5.691253917423891E-13
708.0137927084754,-326.83286089803545,172.9390247268524,708.0137927084754,-138.1045537793488,8.982853473329016,755.0844032500576,-222.63550939568353,82.41842891427197,0.20567316400513286,1.0200110249763807E-10
708.0137927084754,-326.83286089803545,172.9390247268524,708.0137927084754,-138.09912004748787,8.989108397022193,755.087399437389,-222.6243090673891,82.41475876098934,0.20573148053964932,3.467778347949516E-10
708.0137927084754,-326.83286089803545,172.9390247268524,708.0137927084754,-138.0944206525658,8.994518342200138,755.0898522796497,-222.61447009692915,82.41145326939846,0.20578350345793922,2.706097270869054E-10
708.0137927084754,-326.83286089803545,172.9390247268524,708.0137927084754,-138.08605637035018,9.004148081924455,755.0946674717665,-222.59746506581837,82.40601252275275,0.20587088794577665,7.911096240615637E-10
708.0137927084754,-326.83286089803545,172.9390247268524,708.0137927084754,-138.06911860964138,9.023651447587525,755.1041161538985,-222.5649388319321,82.39666124474496,0.2060333059404504,2.768602756175114E-9
708.0137927084754,-326.83286089803545,172.9390247268524,708.0137927084754,-138.05594095366578,9.038827971884928,755.1115927008778,-222.53811410544196,82.38807429894541,0.20617164060674137,1.969455688102359E-9
708.0137927084754,-326.83286089803545,172.9390247268524,708.0137927084754,-138.04478979701386,9.051672530425662,755.118015240823,-222.51519094532824,82.38061912345188,0.20629030354575134,1.4482710377137517E-9
708.0137927084754,-326.83286089803545,172.9390247268524,708.0137927084754,-138.03151914941185,9.066960744246046,755.1255943273786,-222.48809740405,82.37191539823996,0.20643023437921465,2.012483867192461E-9
708.0137927084754,-326.83286089803545,172.9390247268524,708.0137927084754,-138.0414095918573,9.05556639835919,755.1872676188377,-222.49913513673567,82.37045459425516,0.20622700530595128,2.5338746742070944E-10
708.0137927084754,-326.83286089803545,172.9390247268524,708.0137927084754,-138.0993891447773,8.988798621603962,755.3051704763268,-222.34971913880995,82.1759260751898,0.2073893128120205,1.7007824948439448E-7
708.0137927084754,-326.83286089803545,172.9390247268524,708.0137927084754,-138.93528779584378,8.031468737726982,755.0778786335086,-222.4296908704945,81.3099987500498,0.21112711770768458,1.174081466894532E-6
708.0137927084754,-326.83286089803545,172.9390247268524,708.0137927084754,-139.50425842321349,7.3854240567669365,755.0081445316414,-222.51333210604562,80.74555622520265,0.21325443754098614,5.61054416333136E-7
708.0137927084754,-326.83286089803545,172.9390247268524,708.0137927084754,-139.75262978708844,7.1048089344694745,755.0033115015017,-222.49797671739503,80.45307046466976,0.2145631109870098,1.2421281143875007E-7
708.0137927084754,-326.83286089803545,172.9390247268524,708.0137927084754,-139.85362119369816,6.9909487525044085,755.0057554224371,-222.48823480065084,80.3309364358503,0.21511624751322583,2.2952029886805762E-8
708.0137927084754,-326.83286089803545,172.9390247268524,708.0137927084754,-139.89348754047032,6.946040873073628,755.0296732496786,-222.48057695095542,80.27932081738913,0.21530548859014545,4.702168957257015E-9
708.0137927084754,-326.83286089803545,172.9390247268524,708.0137927084754,-139.92087629844906,6.915201095892797,755.0513246015719,-222.47251014536602,80.24136007713142,0.21544532974372713,2.8685362600214947E-9
708.0137927084754,-326.83286089803545,172.9390247268524,708.0137927084754,-139.94625656879745,6.886632024167085,755.0557981841348,-222.48022952959093,80.21967661870886,0.2154880508671885,1.1960887276446852E-9
708.0137927084754,-326.83286089803545,172.9390247268524,708.0137927084754,-139.96099215055173,6.870049084731846,755.0593924613802,-222.47409198368527,80.19765081627406,0.21560045855718718,1.0856188967334368E-9
708.0137927084754,-326.83286089803545,172.9390247268524,708.0137927084754,-139.97527913253492,6.853973813926217,755.059155248066,-222.47274360604735,80.18038346673674,0.21568044331023214,4.5768224429742064E-10
708.0137927084754,-326.83286089803545,172.9390247268524,708.0137927084754,-139.98778826555557,6.839901210310899,755.0582702237135,-222.47241665884138,80.16602261497448,0.21574507961765982,2.814234637075341E-10
708.0137927084754,-326.83286089803545,172.9390247268524,708.0137927084754,-139.9951897075572,6.831575694249608,755.0581513141468,-222.4711496800565,80.15657075683578,0.21579137835840764,1.5349532505908207E-10
708.0137927084754,-326.83286089803545,172.9390247268524,708.0137927084754,-140.00043583124884,6.825675041573959,755.0579760659567,-222.46891871344403,80.14868591684089,0.21583579985927467,1.4017997812329316E-10
708.0137927084754,-326.83286089803545,172.9390247268524,708.0137927084754,-140.00438792863588,6.821230111337741,755.0573719532,-222.4671138606021,80.1426353130251,0.21587161045017925,8.472421803314922E-11
708.0137927084754,-326.83286089803545,172.9390247268524,708.0137927084754,-140.00740532843554,6.817836580332568,755.0564858531948,-222.4663170176972,80.13853231382157,0.21589515928404393,3.242929435536594E-11
708.0137927084754,-326.83286089803545,172.9390247268524,708.0137927084754,-140.00880537586053,6.81626205343872,755.0561472239984,-222.4652413120434,80.13600077571576,0.21591190404046373,1.8163332433454182E-11
708.0137927084754,-326.83286089803545,172.9390247268524,708.0137927084754,-140.01009377165403,6.814813116257056,755.055540540762,-222.4634718499361,80.13297791262207,0.21593475707373405,3.2607901762852483E-11
708.0137927084754,-326.83286089803545,172.9390247268524,708.0137927084754,-140.0114379283918,6.8133014941226975,755.0546085960374,-222.46169271412285,80.12988365733653,0.21595884371073323,3.36871964491144E-11
708.0137927084754,-326.83286089803545,172.9390247268524,708.0137927084754,-140.01119922087233,6.813569939864408,755.0542415831432,-222.46019111842102,80.12881696607826,0.21597149884363318,9.851926521052439E-12
708.0137927084754,-326.83286089803545,172.9390247268524,708.0137927084754,-140.0112078637816,6.813560220206483,755.0537043835835,-222.45874304982448,80.12751959138345,0.21598533825768038,1.1108828593566844E-11
708.0137927084754,-326.83286089803545,172.9390247268524,708.0137927084754,-140.01111270267023,6.81366723671016,755.0528319182448,-222.45729667201712,80.12634050900519,0.21599958027534294,1.0214857418960872E-11
708.0137927084754,-326.83286089803545,172.9390247268524,708.0137927084754,-140.01076528404042,6.814057938608073,755.0520343712102,-222.45579600854558,80.12539697455779,0.21601288128715138,8.983732048158047E-12
708.0137927084754,-326.83286089803545,172.9390247268524,708.0137927084754,-140.0098299905952,6.81510976408245,755.0514075433714,-222.45409235874433,80.12493438415427,0.21602465012148603,7.341201634291578E-12
708.0137927084754,-326.83286089803545,172.9390247268524,708.0137927084754,-140.0087383416728,6.816337441084102,755.0509245297151,-222.45169486788285,80.12403078665818,0.21604119849209374,1.6815943227566434E-11
708.0137927084754,-326.83286089803545,172.9390247268524,708.0137927084754,-140.00721063116976,6.81805554366116,755.0513053056735,-222.44881260362666,80.12318683113057,0.21605745733611487,2.1658295442478094E-11
708.0137927084754,-326.83286089803545,172.9390247268524,708.0137927084754,-140.00552289088924,6.819953656840937,755.0516659337657,-222.44565578315368,80.12227890020245,0.216075350100371,2.579103191082128E-11
708.0137927084754,-326.83286089803545,172.9390247268524,708.0137927084754,-140.00223363544433,6.823653021923377,755.0497192216707,-222.4400029005084,80.12095381588833,0.21611316467494288,7.658976144562616E-11
708.0137927084754,-326.83286089803545,172.9390247268524,708.0137927084754,-139.99983523405788,6.826350552834327,755.0495115128803,-222.43563047338944,80.11976506668682,0.21613958497476968,4.838382188506275E-11
708.0137927084754,-326.83286089803545,172.9390247268524,708.0137927084754,-139.99847121275658,6.827884730374819,755.0483573422603,-222.433378047966,80.11929737109054,0.21615542963964915,1.1685738145822021E-11
708.0137927084754,-326.83286089803545,172.9390247268524,708.0137927084754,-139.9971361534553,6.829386357588959,755.0471872851576,-222.43143970231134,80.11907638042697,0.21616877788186448,7.480523509564752E-12
708.0137927084754,-326.83286089803545,172.9390247268524,708.0137927084754,-139.99367454214786,6.833279968069633,755.0470684487104,-222.42497212736123,80.11722186419775,0.2162077651400438,1.0813263467599511E-10
708.0137927084754,-326.83286089803545,172.9390247268524,708.0137927084754,-140.0024191927194,6.823444325143868,755.0095134366853,-222.4079696323927,80.09226344617204,0.21649675160899504,2.5213192724170656E-9
708.0137927084754,-326.83286089803545,172.9390247268524,708.0137927084754,-140.0636495692236,6.754603978054178,754.8271849402095,-222.37037407672673,79.98988316938565,0.2176089656701763,2.714467780065315E-8
708.0137927084754,-326.83286089803545,172.9390247268524,708.0137927084754,-140.08432509420658,6.731370344973698,754.7118474554069,-222.33667018248508,79.93659942849575,0.21831366490396847,1.0788230400031353E-8
708.0137927084754,-326.83286089803545,172.9390247268524,708.0137927084754,-140.09138218616434,6.723441436645231,754.6529531848148,-222.31712743272325,79.91125328168417,0.21867750927109908,2.9060871449769823E-9
708.0137927084754,-326.83286089803545,172.9390247268524,708.0137927084754,-140.09265396778753,6.722012614228504,754.608807478603,-222.30000734190577,79.8945814795747,0.21895250896372706,1.6745817141477332E-9
708.0137927084754,-326.83286089803545,172.9390247268524,708.0137927084754,-140.08617515057156,6.729291671480581,754.5717565938768,-222.28417581730147,79.88779348809445,0.21915961347748958,7.843637843484887E-10
708.0137927084754,-326.83286089803545,172.9390247268524,708.0137927084754,-140.0818058382451,6.734200988023645,754.5377703487171,-222.26516754034512,79.87580193688459,0.21939626514814786,1.4445784881259755E-9
708.0137927084754,-326.83286089803545,172.9390247268524,708.0137927084754,-140.08257118187674,6.7333410366403825,754.5074685570355,-222.25243178950444,79.86360435123856,0.21959354449617988,9.1261899455454E-10
708.0137927084754,-326.83286089803545,172.9390247268524,708.0137927084754,-140.0822169949314,6.733739005320587,754.4711114540785,-222.2347368111235,79.84825547187967,0.21984524352221366,1.612183654003789E-9
708.0137927084754,-326.83286089803545,172.9390247268524,708.0137927084754,-140.0785925178551,6.7378116091872755,754.4401675793116,-222.2167921958635,79.83637341552506,0.22006857164120056,1.3338019064922131E-9
708.0137927084754,-326.83286089803545,172.9390247268524,708.0137927084754,-140.07418186043952,6.742767837197363,754.4102765526353,-222.19853337169556,79.82510002650054,0.22028811045334565,1.312632881414166E-9
708.0137927084754,-326.83286089803545,172.9390247268524,708.0137927084754,-140.07152989318374,6.745747963632482,754.3741210465471,-222.18025058798912,79.81182256100843,0.22053386579493933,1.4856356189200673E-9
708.0137927084754,-326.83286089803545,172.9390247268524,708.0137927084754,-140.0614464481646,6.7570800264892625,754.3390885879024,-222.15650802152027,79.80207474765942,0.22078808031984035,1.7235003810896857E-9
708.0137927084754,-326.83286089803545,172.9390247268524,708.0137927084754,-140.0493382873471,6.770689352321767,754.3032708605347,-222.12900577542794,79.79127234570038,0.22106765783530835,2.259492247487188E-9
708.0137927084754,-326.83286089803545,172.9390247268524,708.0137927084754,-140.04173718819214,6.779233853085316,754.2610236921284,-222.1044477002728,79.7780067412601,0.22136160479499475,2.1686416260279946E-9
708.0137927084754,-326.83286089803545,172.9390247268524,708.0137927084754,-140.03039926408974,6.791980433256128,754.2231199674742,-222.07958742468918,79.76869594510077,0.22162818970549997,1.8020874535089363E-9
708.0137927084754,-326.83286089803545,172.9390247268524,708.0137927084754,-140.0211612409038,6.802367509928644,754.1749643208556,-222.04977225599177,79.75261235651146,0.22197718153790688,3.1939621365737807E-9
708.0137927084754,-326.83286089803545,172.9390247268524,708.0137927084754,-140.00829408809335,6.816837056819992,754.1267700370763,-222.02482678544482,79.74496460149851,0.2222660202243277,1.6535966128535228E-9
708.0137927084754,-326.83286089803545,172.9390247268524,708.0137927084754,-139.9925120234208,6.83458760245685,754.0849708306976,-221.99687043950493,79.73794000195304,0.2225495884241142,1.9198707063675517E-9
708.0137927084754,-326.83286089803545,172.9390247268524,708.0137927084754,-139.9789135599643,6.8498849127715005,754.0476881080232,-221.9668103001643,79.72658588022816,0.2228503160120551,2.64686720750374E-9
708.0137927084754,-326.83286089803545,172.9390247268524,708.0137927084754,-139.96121057153383,6.869803303225268,754.0010239112021,-221.93011509203276,79.71398341766823,0.22321562600463984,3.766667711859793E-9
708.0137927084754,-326.83286089803545,172.9390247268524,708.0137927084754,-139.93579953657826,6.898401822541132,753.953783254173,-221.89304252571125,79.70977498328574,0.22354809780451199,2.735308270380811E-9
708.0137927084754,-326.83286089803545,172.9390247268524,708.0137927084754,-139.88754700783346,6.952731273164346,753.8335820424186,-221.78944603411261,79.67235373010794,0.22456003245654066,3.076884770517974E-8
708.0137927084754,-326.83286089803545,172.9390247268524,708.0137927084754,-139.20895225649426,7.720173181180968,754.0328171686976,-220.64020884090039,79.42733880952602,0.23088602593441987,3.104959781729221E-6
708.0137927084754,-326.83286089803545,172.9390247268524,708.0137927084754,-138.9735260713148,7.987909791359897,754.4417948136531,-219.91084786874586,79.05545340154853,0.2351408706554051,1.859936333545752E-6
708.0137927084754,-326.83286089803545,172.9390247268524,708.0137927084754,-140.38478602649158,6.394389938771752,752.3462673763785,-219.8562220623925,77.38220410527495,0.24976517870348966,3.879139381937355E-6
