708.0137927084754,-326.83286089803545,172.9390247268524,708.0137927084754,-223.12395133834667,-54.53506627680517,707.4950653229839,-325.5755741953168,170.18130457487928,2.765154099253186E-5,0.1359196313838571
708.0137927084754,-326.83286089803545,172.9390247268524,708.0137927084754,-223.27920361270145,-54.6057841852201,707.4890008282684,-325.57810072078934,170.1818631523922,2.762257303919311E-5,7.104725969893678E-12
708.0137927084754,-326.83286089803545,172.9390247268524,708.0137927084754,-225.10788411742396,-55.429162854045245,707.4621368604403,-325.5781905487466,170.1223438806475,2.86321835001822E-5,8.701696619732248E-9
708.0137927084754,-326.83286089803545,172.9390247268524,708.0137927084754,-236.47403418159388,-60.16027264323424,707.3390740022123,-325.47032301750636,169.42407622505135,4.3031206585039096E-5,1.4067974294747346E-6
708.0137927084754,-326.83286089803545,172.9390247268524,708.0137927084754,-246.50210039021715,-63.803385745448765,707.2510708925041,-324.9304604136248,167.33246911209244,1.080251718260982E-4,1.3874296708943291E-5
708.0137927084754,-326.83286089803545,172.9390247268524,708.0137927084754,-233.3546121208034,-58.92692146952612,706.7427229797896,-323.31780697008486,164.22019103455852,2.801936455389602E-4,3.678896717760091E-5
708.0137927084754,-326.83286089803545,172.9390247268524,708.0137927084754,-208.20440915273883,-47.12299025191177,705.7035755624242,-319.8141695225323,159.91898321165553,7.251803002662733E-4,9.102531913398732E-5
708.0137927084754,-326.83286089803545,172.9390247268524,708.0137927084754,-185.22636970897275,-33.08913270101448,704.9598948500297,-314.20545110055946,154.5669716393488,0.0017569527598985837,1.7963568874871337E-4
708.0137927084754,-326.83286089803545,172.9390247268524,708.0137927084754,-169.7508954750082,-21.548137160092892,704.5074566811986,-307.50106456165577,149.0038378101768,0.0036099700126396303,2.2941522752267595E-4
708.0137927084754,-326.83286089803545,172.9390247268524,708.0137927084754,-159.1408127075572,-12.47774089503605,704.2094037164168,-300.0560512427982,143.33195931426027,0.006618445406400578,2.677577403256605E-4
708.0137927084754,-326.83286089803545,172.9390247268524,708.0137927084754,-151.63877052574372,-5.4062322850044495,703.996624657869,-292.3979702685435,137.8847634418883,0.010969991470365679,2.709480568643415E-4
708.0137927084754,-326.83286089803545,172.9390247268524,708.0137927084754,-145.49711881933163,0.84210829670306,704.0197181244467,-284.5131507560756,132.77545004399713,0.016990013265380775,2.6994013423931355E-4
708.0137927084754,-326.83286089803545,172.9390247268524,708.0137927084754,-140.00693612046905,6.818364268837456,704.5121243133508,-276.56543176596233,128.2425590897175,0.024853615894861396,2.528240130873281E-4
708.0137927084754,-326.83286089803545,172.9390247268524,708.0137927084754,-135.12163152754977,12.480916383094893,705.2125765413749,-268.49653646345143,124.11279635599547,0.035107999806549814,2.4614929524222924E-4
708.0137927084754,-326.83286089803545,172.9390247268524,708.0137927084754,-130.816220807319,17.769837039520183,706.0961544453761,-260.2851444155284,120.2590323330507,0.048507528258240826,2.456223059750882E-4
708.0137927084754,-326.83286089803545,172.9390247268524,708.0137927084754,-129.10125662367517,19.96120714832969,710.1431538973377,-254.49858105326288,116.97659875364499,0.06108633498293884,1.3294941121838453E-4
708.0137927084754,-326.83286089803545,172.9390247268524,708.0137927084754,-130.37927848489656,18.323404697555105,714.2379379500053,-255.6243316100659,116.89550150883326,0.05912378756695637,2.3993804350355603E-6
708.0137927084754,-326.83286089803545,172.9390247268524,708.0137927084754,-130.30538955006412,18.417333674844087,714.3689831387096,-255.40057016922674,116.7746712986712,0.05962781717135148,1.8484768152259198E-7
708.0137927084754,-326.83286089803545,172.9390247268524,708.0137927084754,-131.85092715472078,16.4716303160115,713.9506040337021,-255.38090185298913,115.60088245544395,0.061216019084546325,1.6541009967786376E-6
708.0137927084754,-326.83286089803545,172.9390247268524,708.0137927084754,-133.30249996659916,14.679745701109397,713.6826720602052,-254.79505261252106,114.03017163015812,0.06434962226537597,6.21864840684645E-6
708.0137927084754,-326.83286089803545,172.9390247268524,708.0137927084754,-133.82013820293017,14.048846056733225,713.4688935766549,-253.61307820464344,112.66370094564249,0.06839525068577007,9.45316556761112E-6
708.0137927084754,-326.83286089803545,172.9390247268524,708.0137927084754,-133.28471261808215,14.7014997923375,712.9265494853549,-251.63052520092685,111.4564862693274,0.0739688637898449,1.5810934837507433E-5
708.0137927084754,-326.83286089803545,172.9390247268524,708.0137927084754,-131.82837005961713,16.499744004748493,712.2677647633903,-248.61540481310547,110.19030280137511,0.08222248209230765,2.9748686720718926E-5
708.0137927084754,-326.83286089803545,172.9390247268524,708.0137927084754,-129.33266357564358,19.66256842120751,711.726082078153,-244.65001713016886,109.15835395974085,0.09314176536921899,4.281313962023516E-5
708.0137927084754,-326.83286089803545,172.9390247268524,708.0137927084754,-128.0768705362102,21.29451841261087,713.1049096556615,-242.82940277559572,108.84705490759643,0.09813819073984098,7.920175588003635E-6
708.0137927084754,-326.83286089803545,172.9390247268524,708.0137927084754,-128.40010177528944,20.87180239760002,712.6328457644261,-242.70874656314444,108.47124000032872,0.09923745738091723,3.0895335916566475E-7
708.0137927084754,-326.83286089803545,172.9390247268524,708.0137927084754,-129.7724185001378,19.0976062403314,711.7429460876764,-242.59528300249616,107.17631600852047,0.10222905911355125,2.3069957756616756E-6
708.0137927084754,-326.83286089803545,172.9390247268524,708.0137927084754,-130.4900899268338,18.182712133956016,711.8326297205385,-242.2007338332345,106.23243885839125,0.10524504766217373,2.3637484859715624E-6
708.0137927084754,-326.83286089803545,172.9390247268524,708.0137927084754,-130.4156166848202,18.277244782076934,711.9501938496624,-241.28012682772462,105.57356410521285,0.10918256844667476,3.7925372795847085E-6
708.0137927084754,-326.83286089803545,172.9390247268524,708.0137927084754,-129.67777262448823,19.218918143979522,711.6840579601067,-239.54069924890334,104.87808594988269,0.11577474807748468,9.646127450847285E-6
708.0137927084754,-326.83286089803545,172.9390247268524,708.0137927084754,-127.81803830410308,21.63436390007675,711.4506524321728,-236.77886878782587,104.47382924674542,0.12528714612921593,1.7834841223932492E-5
708.0137927084754,-326.83286089803545,172.9390247268524,708.0137927084754,-125.12240779149712,25.24713900676622,711.3581478625377,-233.3043720964035,104.45770079483438,0.13710140127351772,2.3640976039669962E-5
708.0137927084754,-326.83286089803545,172.9390247268524,708.0137927084754,-123.76200989186319,27.123286647490772,712.7564503543498,-232.18234982870618,104.97489268732329,0.13960300533827114,4.337539585836964E-6
708.0137927084754,-326.83286089803545,172.9390247268524,708.0137927084754,-123.80935113570808,27.057379261131928,712.4342261327008,-232.0340874797526,104.8217851491271,0.14059688558576522,1.2924274781485874E-7
708.0137927084754,-326.83286089803545,172.9390247268524,708.0137927084754,-124.69949113073906,25.826479964288268,711.8754762831878,-231.68577736927506,103.69103464601395,0.1450091804823399,2.646454702728416E-6
708.0137927084754,-326.83286089803545,172.9390247268524,708.0137927084754,-124.88542319926538,25.571347107567846,712.5806267971857,-229.935283459122,102.22968017251728,0.1558710333892702,1.5482519261986425E-5
708.0137927084754,-326.83286089803545,172.9390247268524,708.0137927084754,-130.29437913438807,18.43133823184195,696.7716242010828,-226.25695552681597,93.87180940799206,0.19844847448069022,1.7584055804911153E-4
708.0137927084754,-326.83286089803545,172.9390247268524,708.0137927084754,-136.71973984542038,10.59063020558304,685.9871060898951,-225.36259388117463,86.28779912694915,0.22525088557003287,8.657473026941645E-5
708.0137927084754,-326.83286089803545,172.9390247268524,708.0137927084754,-139.12735374080168,7.812883299016534,683.7643931822181,-225.92956601333356,84.17353247249366,0.22891928928145405,9.76062429485735E-6
708.0137927084754,-326.83286089803545,172.9390247268524,708.0137927084754,-138.6752500033069,8.328230845078224,681.4325976015855,-224.497516572952,83.41034612909155,0.23668198048850286,7.327192113891027E-6
708.0137927084754,-326.83286089803545,172.9390247268524,708.0137927084754,-141.94195012922984,4.667366046367675,677.6432911780915,-223.5250311232243,78.91720505705828,0.25791614983111955,4.1446951119875014E-5
708.0137927084754,-326.83286089803545,172.9390247268524,708.0137927084754,-144.19365276619263,2.2260502551579293,673.789729069125,-222.68119795089345,75.58840456294433,0.2721275180483975,2.4467845875256044E-5
708.0137927084754,-326.83286089803545,172.9390247268524,708.0137927084754,-146.02843073526657,0.28399863865413977,668.5916771272437,-222.14610997261843,72.97082319636513,0.27535908246014523,1.3634378813285292E-5
708.0137927084754,-326.83286089803545,172.9390247268524,708.0137927084754,-146.16652805594364,0.13949875125686617,667.0244781867068,-221.6325938859692,72.31952364869761,0.2771957402477821,1.9711982030721712E-6
708.0137927084754,-326.83286089803545,172.9390247268524,708.0137927084754,-146.96476679730443,-0.6912396989399099,660.3701142959545,-219.51697206954614,69.34485341181983,0.28312843296058676,3.6972839096870855E-5
708.0137927084754,-326.83286089803545,172.9390247268524,708.0137927084754,-149.91243546565312,-3.6938234776218337,656.5502951979834,-218.86623468667563,65.14789404121592,0.2956710882232713,3.457146976171134E-5
708.0137927084754,-326.83286089803545,172.9390247268524,708.0137927084754,-151.50618802724796,-5.275895468006354,653.5606458506218,-218.45867585491013,62.77953545805519,0.29843042836449907,1.137841027209569E-5
708.0137927084754,-326.83286089803545,172.9390247268524,708.0137927084754,-151.54333756537906,-5.312435322736263,651.1955552762581,-217.46164622267418,61.719721184778564,0.29898119451792815,6.194615425817751E-6
708.0137927084754,-326.83286089803545,172.9390247268524,708.0137927084754,-153.66080171637032,-7.370259334678593,649.8481557539786,-216.75294674418168,58.3222060297075,0.316788295430734,2.5844927453594652E-5
708.0137927084754,-326.83286089803545,172.9390247268524,708.0137927084754,-154.59679736354948,-8.26455806925162,652.099256347422,-217.00557738530156,57.39355269923513,0.33397684490311363,2.070494415091592E-6
708.0137927084754,-326.83286089803545,172.9390247268524,708.0137927084754,-155.19931060487227,-8.835353043404922,661.8042941215299,-218.59148763209336,58.30229874403889,0.3709948370363656,7.235682703528134E-6
708.0137927084754,-326.83286089803545,172.9390247268524,708.0137927084754,-155.70522165653182,-9.3117121375833,677.3522143038999,-222.20277308493633,61.5081028334173,0.38836442159089,5.668734265994481E-5
708.0137927084754,-326.83286089803545,172.9390247268524,708.0137927084754,-154.6941538153692,-8.357046725090612,691.2554403654846,-225.1005174780017,65.79476580782367,0.3665828224679901,6.766508235940997E-5
708.0137927084754,-326.83286089803545,172.9390247268524,708.0137927084754,-155.2301094052062,-8.864428705942146,699.3088204612623,-227.7756230540454,67.99345846474247,0.33845795789859184,3.293121824648012E-5
708.0137927084754,-326.83286089803545,172.9390247268524,708.0137927084754,-156.72379113162282,-10.262788537115455,702.7965939332819,-229.57254822036566,68.19290116250068,0.32604010569064484,5.346539054343565E-6
708.0137927084754,-326.83286089803545,172.9390247268524,708.0137927084754,-158.3953686046332,-11.800822598812715,703.1900706179515,-230.4786179571258,67.25906067777387,0.3270220998258302,5.020296686591915E-6
708.0137927084754,-326.83286089803545,172.9390247268524,708.0137927084754,-159.87971253378274,-13.143339432849274,706.1921259878234,-232.1708300217395,67.43077481240238,0.31478301938458836,4.542708989881721E-6
708.0137927084754,-326.83286089803545,172.9390247268524,708.0137927084754,-160.1586268256728,-13.393204628112528,723.395366131503,-233.736488134171,68.86262216531156,0.28405431279616344,6.824926163521562E-6
708.0137927084754,-326.83286089803545,172.9390247268524,708.0137927084754,-160.10521390385108,-13.345412969329402,735.0527491246496,-235.7338184094474,71.15426250778779,0.24056632115551202,2.2966968586459512E-5
708.0137927084754,-326.83286089803545,172.9390247268524,708.0137927084754,-161.38033087663194,-14.478851446997567,741.9845882294387,-238.13239997011908,72.46276122939423,0.2097966504327596,1.8281527144431055E-5
708.0137927084754,-326.83286089803545,172.9390247268524,708.0137927084754,-163.62342707561686,-16.43542104491891,745.3895857240201,-240.06910593418888,72.26568970852296,0.1963300174646044,5.7144169778902206E-6
708.0137927084754,-326.83286089803545,172.9390247268524,708.0137927084754,-165.2928185261027,-17.861433109270678,747.4561176760911,-241.36519068667124,71.99024220165711,0.1886698431706989,3.191600735189527E-6
708.0137927084754,-326.83286089803545,172.9390247268524,708.0137927084754,-165.7830803007347,-18.27543123702415,749.1189879314916,-242.2010779069226,72.45568173886613,0.18049944399776052,2.337553552824578E-6
708.0137927084754,-326.83286089803545,172.9390247268524,708.0137927084754,-165.35840760034367,-17.916944349861467,748.5976012559798,-241.84120496107346,72.48248484695924,0.18264917311535178,1.8733726585784004E-7
708.0137927084754,-326.83286089803545,172.9390247268524,708.0137927084754,-165.44379562105564,-17.989154463708047,747.7820573344401,-241.53583645301842,72.03004715944363,0.18724348727329634,8.648986733572414E-7
708.0137927084754,-326.83286089803545,172.9390247268524,708.0137927084754,-169.27037220403113,-21.159048825029544,756.6585500224801,-245.3260686929559,72.53244014234846,0.15594693822734693,2.0374360570363672E-5
708.0137927084754,-326.83286089803545,172.9390247268524,708.0137927084754,-166.96012931838672,-19.26063629590172,774.2730270625278,-244.91868251979716,74.46145971814295,0.11807987241305427,3.7045384669939684E-6
708.0137927084754,-326.83286089803545,172.9390247268524,708.0137927084754,-166.6057073037431,-18.965272387805896,790.8333025291129,-247.6922888143923,78.15224534350762,0.07838654619266541,4.9865573333721425E-5
708.0137927084754,-326.83286089803545,172.9390247268524,708.0137927084754,-167.28853431709712,-19.533331355352004,802.5438622562392,-250.55719781052017,80.92098246360271,0.05588659599266541,4.1019173976232436E-5
708.0137927084754,-326.83286089803545,172.9390247268524,708.0137927084754,-170.12171951245674,-21.84705836336522,812.0327113966873,-253.80832992819919,82.17226601812112,0.041819173920476765,2.3983718690801377E-5
708.0137927084754,-326.83286089803545,172.9390247268524,708.0137927084754,-172.47255117809001,-23.71522715487663,819.5054287426623,-256.26571164726823,83.03683440011972,0.03292760439924613,1.2938294779786613E-5
708.0137927084754,-326.83286089803545,172.9390247268524,708.0137927084754,-174.10880405921756,-24.98864504848126,823.6574160672204,-257.6578368317392,83.28942005098554,0.028779920204849985,3.046259618392446E-6
708.0137927084754,-326.83286089803545,172.9390247268524,708.0137927084754,-174.58435906739612,-25.354680897723114,824.8589722057548,-257.8147864048362,83.04750144898418,0.027989381082517327,2.385304819343565E-7
708.0137927084754,-326.83286089803545,172.9390247268524,708.0137927084754,-176.43736657271194,-26.763742621628694,822.6948616330981,-258.16396629081567,81.75698270264576,0.03030402149454959,4.497711087954099E-6
708.0137927084754,-326.83286089803545,172.9390247268524,708.0137927084754,-178.00076022285327,-27.931594848565908,815.3580202481082,-257.5830680850641,79.47633270875576,0.038563991718964984,1.2779887331634446E-5
708.0137927084754,-326.83286089803545,172.9390247268524,708.0137927084754,-180.2180955156755,-29.555692665665134,801.0229387731068,-255.99895632658286,75.10787211000559,0.05972801835027655,4.97024427960027E-5
708.0137927084754,-326.83286089803545,172.9390247268524,708.0137927084754,-185.4386416920038,-33.234869777560306,773.7845661925064,-253.1391643586846,65.48260606093154,0.12666052503540795,2.0060668446349745E-4
708.0137927084754,-326.83286089803545,172.9390247268524,708.0137927084754,-187.01152856153533,-34.30478102773702,745.6600021855797,-247.8893545709708,55.92860566248271,0.2516882489455986,2.684714877602995E-4
708.0137927084754,-326.83286089803545,172.9390247268524,708.0137927084754,-186.473324043144,-33.940651447198974,722.5846556129928,-241.72965564882537,47.503133886515485,0.42032861876761324,2.7551398329057094E-4
708.0137927084754,-326.83286089803545,172.9390247268524,708.0137927084754,-183.54785744682883,-31.925339636468948,702.3921856847678,-234.6331893893729,41.114851623061156,0.5946094765891022,2.2461360053822809E-4
708.0137927084754,-326.83286089803545,172.9390247268524,708.0137927084754,-181.08264298803513,-30.178857251045883,690.8308263325597,-229.74959220567726,37.64352949500616,0.686542886673276,8.90595729028547E-5
708.0137927084754,-326.83286089803545,172.9390247268524,708.0137927084754,-178.35890399706454,-28.19646225187205,689.6038811607684,-227.1475488704971,37.89679780851054,0.7124952752708209,9.006642577403208E-6
708.0137927084754,-326.83286089803545,172.9390247268524,708.0137927084754,-175.65554472896267,-26.17254971299826,694.4747119935332,-226.41087226042526,40.67592618332975,0.6916582521009237,2.0420576418002926E-5
708.0137927084754,-326.83286089803545,172.9390247268524,708.0137927084754,-173.82559445645353,-24.769792517282525,700.0776632907363,-226.83012891959382,43.72018224665791,0.6454779549087866,2.0221388338161865E-5
708.0137927084754,-326.83286089803545,172.9390247268524,708.0137927084754,-173.33541996542561,-24.389472016876823,704.3948377475424,-227.76073925320566,45.57694810455163,0.6070528572588186,1.1933975413158346E-5
708.0137927084754,-326.83286089803545,172.9390247268524,708.0137927084754,-173.28123859639686,-24.347313595229423,706.6374443123586,-228.60092271032966,46.72857445063448,0.5789405315342099,5.9489560858203285E-6
708.0137927084754,-326.83286089803545,172.9390247268524,708.0137927084754,-172.96435916201546,-24.100271286690088,708.7958167530539,-228.9210063364965,47.556099199413524,0.56229357287975,2.0863157084832857E-6
708.0137927084754,-326.83286089803545,172.9390247268524,708.0137927084754,-172.86098188470766,-24.01950002672396,710.7487808248917,-229.46936170387534,48.393092774772526,0.542587029835055,2.9000910611562823E-6
708.0137927084754,-326.83286089803545,172.9390247268524,708.0137927084754,-172.69432950967467,-23.889106243899107,711.9052240985467,-229.77246454846997,48.997163904063285,0.5296306636194148,1.2859562640953721E-6
708.0137927084754,-326.83286089803545,172.9390247268524,708.0137927084754,-172.58860828102746,-23.80626882453248,712.7290230538447,-229.94089450445654,49.34908184444524,0.522087413188258,4.2452328561644093E-7
708.0137927084754,-326.83286089803545,172.9390247268524,708.0137927084754,-173.08987905330594,-24.198225770082246,707.6605210637558,-228.25642438034822,46.539188937868886,0.5864494423823137,3.086413196030074E-5
708.0137927084754,-326.83286089803545,172.9390247268524,708.0137927084754,-174.68329043260485,-25.430600486245595,702.4675831002107,-226.68997798050566,42.374698509296195,0.676695080993702,5.361413629738626E-5
708.0137927084754,-326.83286089803545,172.9390247268524,708.0137927084754,-175.6983160749316,-26.205017014579624,697.8016828921305,-225.88210700773755,39.92018929059236,0.7266982947377401,1.723095638414305E-5
708.0137927084754,-326.83286089803545,172.9390247268524,708.0137927084754,-176.14732044261763,-26.544979387910246,695.2266669426543,-225.35103031404293,38.59300951791303,0.7536146039099629,5.539864766600322E-6
708.0137927084754,-326.83286089803545,172.9390247268524,708.0137927084754,-176.3266230696381,-26.680293914259778,695.1859347905535,-225.27418194041306,38.23979505952937,0.7623353603225923,3.174789764047565E-7
708.0137927084754,-326.83286089803545,172.9390247268524,708.0137927084754,-176.73674709444052,-26.988853822034002,690.6679120804506,-224.08233588328784,36.07542469478577,0.8070763872865673,1.7329342252745282E-5
708.0137927084754,-326.83286089803545,172.9390247268524,708.0137927084754,-177.69821242147276,-27.707073226165562,687.7426612645501,-222.950468941001,33.175416436451485,0.8760231986715556,2.6803935729334373E-5
708.0137927084754,-326.83286089803545,172.9390247268524,708.0137927084754,-178.1191439841829,-28.019255524712577,688.8624400727793,-223.3489913183284,33.10027349342096,0.8796082819866391,2.560079217599442E-7
708.0137927084754,-326.83286089803545,172.9390247268524,708.0137927084754,-178.03748656350817,-27.958801485000663,690.3643455197357,-223.63163932764866,33.600680583935485,0.8730198590069483,9.451220276042098E-7
708.0137927084754,-326.83286089803545,172.9390247268524,708.0137927084754,-177.91818991150726,-27.87038930788367,692.2882747822537,-224.36893744576548,34.76781371157375,0.8431974572215483,5.570178793292716E-6
708.0137927084754,-326.83286089803545,172.9390247268524,708.0137927084754,-178.04034474401925,-27.96091837059302,690.6232668082143,-223.80925985704215,33.836359338726226,0.8656030519423368,3.4321102122164037E-6
708.0137927084754,-326.83286089803545,172.9390247268524,708.0137927084754,-178.20379683170233,-28.08187297974385,688.1236419043665,-223.08035098134698,32.61369324621393,0.8911106598521158,5.857463190999679E-6
708.0137927084754,-326.83286089803545,172.9390247268524,708.0137927084754,-178.19053288740594,-28.072065324369447,688.1467086952654,-223.11587635019694,32.68110223726467,0.8888907770431873,1.6682371947865962E-8
708.0137927084754,-326.83286089803545,172.9390247268524,708.0137927084754,-179.00835009689945,-28.67425362158579,693.5608162404085,-224.27222388671387,33.0597439141213,0.8963825897071761,2.5565844772216064E-6
708.0137927084754,-326.83286089803545,172.9390247268524,708.0137927084754,-178.54731998833358,-28.335410701785975,698.485922386924,-224.87505845067255,34.547250321591065,0.8706818786809702,6.746511652174247E-6
708.0137927084754,-326.83286089803545,172.9390247268524,708.0137927084754,-178.36190865951426,-28.198680195389272,702.6145586320145,-225.42178422655672,35.55463466363233,0.8471669085202328,3.5932425294309113E-6
708.0137927084754,-326.83286089803545,172.9390247268524,708.0137927084754,-178.86270877546872,-28.567387282355043,703.6718346064556,-225.91100260287715,35.503188738024335,0.8414560634637873,3.180072599555959E-7
708.0137927084754,-326.83286089803545,172.9390247268524,708.0137927084754,-179.10910405631927,-28.748088556494253,704.4165485998076,-226.25237418636777,35.61657604822733,0.8335636864138263,2.5114493744550775E-7
708.0137927084754,-326.83286089803545,172.9390247268524,708.0137927084754,-178.86593107691954,-28.569753442519072,703.9717582192058,-225.96301287044406,35.56941210636106,0.839342064044258,1.2833617291159463E-7
708.0137927084754,-326.83286089803545,172.9390247268524,708.0137927084754,-179.62921860897805,-29.128012903819126,705.349113980823,-226.69344947930853,35.47724796098373,0.8301667812791453,7.382541836173859E-7
708.0137927084754,-326.83286089803545,172.9390247268524,708.0137927084754,-178.76337408650704,-28.49440615136757,711.1636136220255,-226.524653879439,36.47994243991715,0.8083322741052005,2.0856304027269927E-6
708.0137927084754,-326.83286089803545,172.9390247268524,708.0137927084754,-179.2275650302878,-28.83480071092501,715.476845062536,-227.64957941417566,37.35723542302367,0.7612061603065803,5.2901423246678975E-6
708.0137927084754,-326.83286089803545,172.9390247268524,708.0137927084754,-179.66682900892377,-29.155406314710405,717.9906662808905,-228.55156675865334,37.97512058290681,0.7266170820424622,3.0674112841815678E-6
708.0137927084754,-326.83286089803545,172.9390247268524,708.0137927084754,-180.3132524880833,-29.62455628265255,718.4071752609492,-228.999298864612,37.68397672701269,0.7245877116198943,7.314020254874852E-7
708.0137927084754,-326.83286089803545,172.9390247268524,708.0137927084754,-180.70156311097625,-29.90486551160126,719.2911077242793,-229.49659453836455,37.827195647959286,0.7112556536815542,4.838760351111691E-7
708.0137927084754,-326.83286089803545,172.9390247268524,708.0137927084754,-180.29864365817517,-29.61398852622517,719.094618009806,-229.1739046017819,37.94587267297226,0.7142666121864649,2.3948762755587263E-7
708.0137927084754,-326.83286089803545,172.9390247268524,708.0137927084754,-179.39337612659634,-28.95599336505734,727.6952773604813,-229.49700790035072,39.652993292172624,0.6400690929914331,5.9871720871857375E-6
708.0137927084754,-326.83286089803545,172.9390247268524,708.0137927084754,-179.92692264297642,-29.344551733029277,734.6043499573999,-231.42602889400177,41.56764909889395,0.5495344649726837,2.006386537393193E-5
708.0137927084754,-326.83286089803545,172.9390247268524,708.0137927084754,-180.7242558702864,-29.92121173373448,738.3351951398978,-232.87292264088043,42.48308553662753,0.5017435768589562,7.2381677697478385E-6
708.0137927084754,-326.83286089803545,172.9390247268524,708.0137927084754,-182.31587835893774,-31.058136424459065,738.9232091885891,-233.9818973618137,41.8725393992282,0.49613082860133895,3.840422266546034E-6
708.0137927084754,-326.83286089803545,172.9390247268524,708.0137927084754,-183.05339788234252,-31.578617580404313,739.599184493083,-234.76935121328546,41.98421693763913,0.48385960295222613,8.691435935232492E-7
708.0137927084754,-326.83286089803545,172.9390247268524,708.0137927084754,-182.64341107641593,-31.28977480969351,737.4691912789623,-233.8013216905477,41.169886312860484,0.5152465665404038,4.375209437757675E-6
708.0137927084754,-326.83286089803545,172.9390247268524,708.0137927084754,-182.50379854353136,-31.191134142114464,736.8751614083836,-233.48367366170876,40.91166925193036,0.5252195746748131,4.564632084123363E-7
708.0137927084754,-326.83286089803545,172.9390247268524,708.0137927084754,-183.52222374650472,-31.90740867930262,728.5343946962855,-231.60319924188198,36.81893669660005,0.6597295287114824,5.595260910684553E-5
708.0137927084754,-326.83286089803545,172.9390247268524,708.0137927084754,-184.3633203705638,-32.49327561048767,718.7536905732235,-228.15767890817742,30.65549136714847,0.9067152687242112,1.4492062680625665E-4
708.0137927084754,-326.83286089803545,172.9390247268524,708.0137927084754,-185.16126615986377,-33.04437082808849,714.3386667452088,-226.8705222817645,27.598796335646142,1.0,3.102566173074087E-5
708.0137927084754,-326.83286089803545,172.9390247268524,708.0137927084754,-185.25460065013098,-33.10853343673429,715.2074554274311,-227.06318443043295,27.73807241309612,1.0,1.4558104555745797E-7
708.0137927084754,-326.83286089803545,172.9390247268524,708.0137927084754,-184.960943001958,-32.906448656675394,714.6414207892835,-226.69477941147684,27.64620643692041,1.0,2.3746585612180437E-7
708.0137927084754,-326.83286089803545,172.9390247268524,708.0137927084754,-186.16089142630747,-33.72833361728769,710.0481741903377,-225.48547180466275,24.045131667278923,1.0,3.948220169728542E-5
708.0137927084754,-326.83286089803545,172.9390247268524,708.0137927084754,-186.4463531793863,-33.922350233679225,708.7668768441373,-225.22415297580403,23.217250388821242,1.0,2.0299142282216975E-6
708.0137927084754,-326.83286089803545,172.9390247268524,708.0137927084754,-186.3262750159606,-33.84080824474839,707.8664544856217,-225.2560997157615,23.4511869916507,1.0,1.295748638835096E-7
708.0137927084754,-326.83286089803545,172.9390247268524,708.0137927084754,-186.01533477524424,-33.62918274142436,706.9572614492225,-225.69801943952487,24.58218671184585,1.0,4.142292223157716E-6
708.0137927084754,-326.83286089803545,172.9390247268524,708.0137927084754,-185.0232795436059,-32.94939805617204,705.4692037872621,-226.06514587794362,26.63786711266738,1.0,1.071783769957008E-5
708.0137927084754,-326.83286089803545,172.9390247268524,708.0137927084754,-183.4216793181298,-31.83703099709041,703.7770246000065,-226.3021828146674,29.39180957685869,1.0,1.6997914387632353E-5
708.0137927084754,-326.83286089803545,172.9390247268524,708.0137927084754,-181.16337985077325,-30.23676687101812,702.6846015818822,-226.39062558158338,32.844953384217604,0.8997363211048701,2.438723407978445E-5
708.0137927084754,-326.83286089803545,172.9390247268524,708.0137927084754,-178.5738417842283,-28.35494749142285,704.280994603281,-225.892958130176,35.89107914539764,0.8331132873893251,2.253241349483627E-5
708.0137927084754,-326.83286089803545,172.9390247268524,708.0137927084754,-177.7875908648845,-27.77347483594295,707.3475526364335,-226.38435735225193,37.669584646451256,0.7846492739811852,8.620020953873953E-6
708.0137927084754,-326.83286089803545,172.9390247268524,708.0137927084754,-176.55786876274476,-26.854435473271053,712.8224598498776,-226.87955519627172,40.04920373376697,0.7210721655322226,1.3650024201349695E-5
708.0137927084754,-326.83286089803545,172.9390247268524,708.0137927084754,-175.82134182178916,-26.29832394624279,718.418714600593,-227.7033736674106,42.152338174940155,0.6557846765757359,1.3304586295995775E-5
708.0137927084754,-326.83286089803545,172.9390247268524,708.0137927084754,-176.23284555998094,-26.60955427128968,719.1383406789322,-228.19327900260294,42.23924786414244,0.6454177205622035,3.8884417491404896E-7
708.0137927084754,-326.83286089803545,172.9390247268524,708.0137927084754,-176.7610783049291,-27.007118195003983,719.7140300085813,-228.74053405732388,42.24701812086633,0.6362130664462485,3.280961131657154E-7
708.0137927084754,-326.83286089803545,172.9390247268524,708.0137927084754,-175.36455961804504,-25.951280988016578,726.4882427625478,-228.2804665956678,43.531645981002555,0.5954114041832291,4.3313347635471E-6
708.0137927084754,-326.83286089803545,172.9390247268524,708.0137927084754,-175.81216443371972,-26.291367631926562,730.9989072625548,-229.3654107100681,44.3574541356532,0.549558681609023,4.8061375219405594E-6
708.0137927084754,-326.83286089803545,172.9390247268524,708.0137927084754,-175.94532719921094,-26.392237683954818,734.7619043476592,-230.19643708517424,45.276653414374096,0.5096461408779059,4.315685149417447E-6
708.0137927084754,-326.83286089803545,172.9390247268524,708.0137927084754,-176.70148244506808,-26.962373977138355,736.0189579256315,-230.90733898999696,45.213254148954974,0.4971823891470947,6.624444945304456E-7
708.0137927084754,-326.83286089803545,172.9390247268524,708.0137927084754,-177.35946615679157,-27.454848094968895,736.3443894963988,-231.48053566890303,45.10342048229805,0.49145489350333693,5.458323477055951E-7
708.0137927084754,-326.83286089803545,172.9390247268524,708.0137927084754,-178.57899647874643,-28.358743976000056,741.7731904927025,-233.1039328882649,45.67472611864491,0.4426431299199928,5.507786605821515E-6
708.0137927084754,-326.83286089803545,172.9390247268524,708.0137927084754,-176.9371725076352,-27.13916649340038,745.6311538463264,-231.95767859308893,46.30126035149547,0.4247942279013624,3.978934337834585E-6
708.0137927084754,-326.83286089803545,172.9390247268524,708.0137927084754,-176.99568187538105,-27.182987512014023,745.7359505949365,-231.84656243427582,46.075656718468366,0.42748415011763397,1.7988553339877247E-7
708.0137927084754,-326.83286089803545,172.9390247268524,708.0137927084754,-176.81056051593404,-27.044248043803435,746.3032672715863,-231.83399016414256,46.30328437030087,0.422107097954705,1.0508496529756349E-7
708.0137927084754,-326.83286089803545,172.9390247268524,708.0137927084754,-177.20833477576738,-27.342030749412572,751.095446254257,-232.68287143039834,46.9138351917575,0.38398513013951546,2.677447419688054E-6
708.0137927084754,-326.83286089803545,172.9390247268524,708.0137927084754,-176.74967977367353,-26.99856239370874,755.2809770263891,-233.33984316236715,48.38963658988223,0.3451186446885094,7.048483188664588E-6
708.0137927084754,-326.83286089803545,172.9390247268524,708.0137927084754,-177.05885688681076,-27.230272925024394,759.4808235827018,-234.46295473563845,49.48890157122733,0.3097039727612788,6.849397599662614E-6
708.0137927084754,-326.83286089803545,172.9390247268524,708.0137927084754,-176.57644114840704,-26.8684033733648,763.7668624998398,-235.46504052015746,51.44026127137906,0.272326359346273,1.3492853547786072E-5
708.0137927084754,-326.83286089803545,172.9390247268524,708.0137927084754,-176.53965411060446,-26.840733991468454,760.8207773315903,-235.23618426637685,51.18261039500271,0.2880037967990339,3.1331481507914786E-7
708.0137927084754,-326.83286089803545,172.9390247268524,708.0137927084754,-178.43792849493582,-28.25477248638046,749.9776330751921,-233.9926676419016,47.06632332979456,0.379472722749236,4.393579993997646E-5
708.0137927084754,-326.83286089803545,172.9390247268524,708.0137927084754,-179.56070848668116,-29.0780862418149,735.2605796069488,-230.78912024646942,41.19328260678654,0.5582093613582979,1.1826921329641174E-4
708.0137927084754,-326.83286089803545,172.9390247268524,708.0137927084754,-179.9132671260659,-29.334633879203977,721.8715946403157,-226.33155261929667,34.57240664466903,0.8235610042940924,1.8086345703764763E-4
708.0137927084754,-326.83286089803545,172.9390247268524,708.0137927084754,-180.59581655497342,-29.828642473333417,716.642643246948,-223.99174557199052,30.342782163251,1.0,6.868565063759327E-5
708.0137927084754,-326.83286089803545,172.9390247268524,708.0137927084754,-180.74235570663302,-29.934246782533023,725.9999172435685,-226.13645988925046,33.10373375357267,0.8374809015960298,3.3193307844894296E-5
708.0137927084754,-326.83286089803545,172.9390247268524,708.0137927084754,-178.7847296293769,-28.51010241908,752.8010642901137,-232.2507076261442,44.24106645523136,0.4026301811601106,3.9512451483039593E-4
708.0137927084754,-326.83286089803545,172.9390247268524,708.0137927084754,-173.18611933734698,-24.273243673931972,760.0207682070412,-232.0558302205599,51.28858800208201,0.3073966601492065,9.422058641821023E-5
708.0137927084754,-326.83286089803545,172.9390247268524,708.0137927084754,-178.92862516045236,-28.615774399542573,738.7165487876877,-228.94202955782876,39.5394182267554,0.5817179283599252,3.408336160647488E-4
708.0137927084754,-326.83286089803545,172.9390247268524,708.0137927084754,-182.90142046786474,-31.47169039272299,729.5399649850907,-227.83296497652867,32.33986542158112,0.8007968169141474,1.2398270729441774E-4
708.0137927084754,-326.83286089803545,172.9390247268524,708.0137927084754,-182.5972436646722,-31.25717191086835,755.2374125095309,-234.38704375157647,42.06230635131209,0.39407514706854296,3.4194235897302337E-4
708.0137927084754,-326.83286089803545,172.9390247268524,708.0137927084754,-174.4146065151223,-25.22423052211036,763.7140165051519,-232.64961701706304,50.48874294844663,0.2920441722530333,1.786531268708302E-4
708.0137927084754,-326.83286089803545,172.9390247268524,708.0137927084754,-180.52956397618763,-29.780844328446733,735.6479217036602,-228.22818452166212,36.31102314506762,0.6664362783467127,4.980218411907378E-4
708.0137927084754,-326.83286089803545,172.9390247268524,708.0137927084754,-183.06329455268192,-31.585574754161144,719.3342193730314,-224.105223971172,26.800107206379835,1.0,2.921765548942202E-4
708.0137927084754,-326.83286089803545,172.9390247268524,708.0137927084754,-183.4185151996318,-31.83481502788476,737.3815428280661,-229.43995387467697,33.87678908419301,0.6815721032124599,2.1028542279176625E-4
708.0137927084754,-326.83286089803545,172.9390247268524,708.0137927084754,-177.14821462107568,-27.29710255526774,773.4868162740637,-236.2209147191679,51.72562282068023,0.2268389221221475,8.024780922008382E-4
708.0137927084754,-326.83286089803545,172.9390247268524,708.0137927084754,-175.5718739017879,-26.10899413523282,772.0657814732941,-235.83798507120304,53.19665017536434,0.22674198034062976,5.809666240181154E-6
708.0137927084754,-326.83286089803545,172.9390247268524,708.0137927084754,-179.56207250872242,-29.079080618164085,755.2458608092052,-233.74408620875045,45.24487643516616,0.3692658444513155,1.5501067560088767E-4
708.0137927084754,-326.83286089803545,172.9390247268524,708.0137927084754,-181.69691762660932,-30.61823495875393,729.6637589106327,-227.1390371529965,33.115621152947654,0.7933369384081697,4.938226024279028E-4
708.0137927084754,-326.83286089803545,172.9390247268524,708.0137927084754,-179.60750947082917,-29.11219624727488,712.8835389498311,-218.81606355212517,24.697396652036076,1.0,3.9714572902512787E-4
708.0137927084754,-326.83286089803545,172.9390247268524,708.0137927084754,-179.59387944317606,-29.102263974580012,707.7253855228121,-216.44950629597216,21.471016767116424,1.0,4.726742823340985E-5
708.0137927084754,-326.83286089803545,172.9390247268524,708.0137927084754,-180.26395417804767,-29.5888883688676,716.9581124374093,-220.18096845189845,25.568169009882695,1.0,8.722341713014572E-5
708.0137927084754,-326.83286089803545,172.9390247268524,708.0137927084754,-178.3912770160754,-28.220355304542153,736.3055229041656,-225.77008622003345,35.98464464798252,0.7005400080915896,3.8245217754200646E-4
708.0137927084754,-326.83286089803545,172.9390247268524,708.0137927084754,-174.00600621365254,-24.90928203183205,776.9230309675313,-237.26585654126288,56.986365817318415,0.18767233992663626,0.0013891726295910095
708.0137927084754,-326.83286089803545,172.9390247268524,708.0137927084754,-171.1214991472303,-22.64720132628736,784.3966852565923,-239.65987363663208,63.44261161653452,0.13785240370115248,1.2751142158737362E-4
708.0137927084754,-326.83286089803545,172.9390247268524,708.0137927084754,-179.7314585428351,-29.20245400805112,754.5221295449976,-234.41984125884852,45.948362876356924,0.36281358337407354,7.741684483854077E-4
708.0137927084754,-326.83286089803545,172.9390247268524,708.0137927084754,-181.4290041859126,-30.426946992214795,720.8721522764774,-222.33034370758492,26.778830382071874,1.0,0.0014108093067319095
708.0137927084754,-326.83286089803545,172.9390247268524,708.0137927084754,-185.01315660388497,-32.94242532127535,719.1395311578403,-222.421163020391,21.363248511367033,1.0,6.13487316374954E-5
708.0137927084754,-326.83286089803545,172.9390247268524,708.0137927084754,-182.997339429991,-31.539196030312155,741.2405271977068,-230.67197782008395,36.23561462668681,0.5952909896606229,8.426325410583105E-4
708.0137927084754,-326.83286089803545,172.9390247268524,708.0137927084754,-167.59706852799408,-19.78866510594014,779.2592286706811,-237.19104728963828,64.44294233213469,0.15431842821528252,0.0017664662329125082
708.0137927084754,-326.83286089803545,172.9390247268524,708.0137927084754,-171.03972627261538,-22.582071842253754,752.9451616870672,-230.21077656354757,51.67786692748135,0.34974651705174215,5.397666832592296E-4
708.0137927084754,-326.83286089803545,172.9390247268524,708.0137927084754,-178.44892330952064,-28.262881491075206,725.7494546145946,-221.71594202818395,30.405238414887094,0.9991023632393113,0.0014611494566581283
708.0137927084754,-326.83286089803545,172.9390247268524,708.0137927084754,-183.92516369440912,-32.18871615661914,733.8984758786684,-227.67866509960967,30.614457322568683,0.8054265984950018,3.4899737152874826E-5
708.0137927084754,-326.83286089803545,172.9390247268524,708.0137927084754,-171.93933670255345,-23.29551902705353,776.0287439237433,-235.19066036900074,56.83755758789482,0.19788960568129027,0.0015589528563328791
708.0137927084754,-326.83286089803545,172.9390247268524,708.0137927084754,-174.32445733456913,-25.154859183082834,752.1704196585742,-230.81072278405966,48.21541713615372,0.3792805568741687,2.1749952577455496E-4
708.0137927084754,-326.83286089803545,172.9390247268524,708.0137927084754,-180.61893266489048,-29.845311923276313,724.7936717830731,-222.67956284550866,28.488644994034416,1.0,0.0012532216968845899
708.0137927084754,-326.83286089803545,172.9390247268524,708.0137927084754,-186.85213582428898,-34.19715416961222,742.6343523919908,-232.21160106671888,32.92341762449749,0.6203269896371794,2.1613562011461737E-4
708.0137927084754,-326.83286089803545,172.9390247268524,708.0137927084754,-168.97178943378222,-20.916287596947313,767.3049211447537,-231.64782767113542,56.05064829814978,0.24812528191074057,9.230480244859285E-4
708.0137927084754,-326.83286089803545,172.9390247268524,708.0137927084754,-181.30023948457543,-30.334820380004658,728.2773306428895,-225.47315335628338,31.364047990998444,0.8753514745909836,0.0014095415456567076
708.0137927084754,-326.83286089803545,172.9390247268524,708.0137927084754,-181.39927079475248,-30.405684743717018,772.9536414197689,-237.28182926794037,47.729102475195106,0.24546930159741132,8.448306762977554E-4
708.0137927084754,-326.83286089803545,172.9390247268524,708.0137927084754,-174.28273429226988,-25.122730472289703,745.9524888426577,-230.2933693022968,47.59805270066357,0.4227231670825015,2.404999705575795E-5
708.0137927084754,-326.83286089803545,172.9390247268524,708.0137927084754,-188.5187516394487,-35.31372358635409,750.8865835828925,-236.74864177630897,37.30364875320436,0.4547157185520656,4.7476680237123136E-4
708.0137927084754,-326.83286089803545,172.9390247268524,708.0137927084754,-167.63121459313103,-19.816872235622185,771.690617332707,-232.8679458287312,59.1695260591209,0.2113140985021379,0.0011237638870694913
708.0137927084754,-326.83286089803545,172.9390247268524,708.0137927084754,-182.58092214047505,-31.24564209385923,734.5531105480388,-229.5895340353276,35.29376001141435,0.6754864605416274,0.0011228348280254946
708.0137927084754,-326.83286089803545,172.9390247268524,708.0137927084754,-178.96076497530476,-28.639355183838234,783.509917042804,-239.3221722125637,53.64496359916021,0.17261449083945168,7.881271623928097E-4
708.0137927084754,-326.83286089803545,172.9390247268524,708.0137927084754,-171.5976927727344,-23.025366367829662,764.5415212002599,-234.82650245675936,56.79285613295173,0.24145636753668634,6.227357162309912E-5
708.0137927084754,-326.83286089803545,172.9390247268524,708.0137927084754,-185.47357206479163,-33.25882070456703,735.9711740038509,-232.3797350719838,35.16222066716489,0.6325969045576366,0.0010074240901088826
708.0137927084754,-326.83286089803545,172.9390247268524,708.0137927084754,-177.07510689538194,-27.242430748125884,793.1798475104118,-241.69065491012847,59.12928692384267,0.12321181151961523,0.0010423968894186816
708.0137927084754,-326.83286089803545,172.9390247268524,708.0137927084754,-173.15151734106342,-24.246280614402536,777.9101402073472,-238.71194534334722,59.87292809840554,0.16947653702631618,1.1233776869681717E-5
708.0137927084754,-326.83286089803545,172.9390247268524,708.0137927084754,-183.59869140887074,-31.96088423054377,758.8054961952615,-237.951673983219,45.792358733519876,0.321602929875368,3.961072339161394E-4
708.0137927084754,-326.83286089803545,172.9390247268524,708.0137927084754,-184.2178305727747,-32.39230051439017,752.6047778308366,-236.9655762653472,43.55176023322062,0.37839709466988325,1.6181566481483226E-5
708.0137927084754,-326.83286089803545,172.9390247268524,708.0137927084754,-182.5735524021869,-31.240435337816166,749.591882531899,-235.23778473046883,43.29863346562479,0.4092747339703558,4.146873691216174E-6
708.0137927084754,-326.83286089803545,172.9390247268524,708.0137927084754,-181.30190969465679,-30.336016145950822,748.1428260645604,-234.15586874998726,43.48945258370276,0.4234897264090984,1.7971529412424693E-6
708.0137927084754,-326.83286089803545,172.9390247268524,708.0137927084754,-180.62439493438376,-29.849250280741927,747.4726282379526,-233.65923088655816,43.70902712246888,0.4287794157916438,6.447195510535161E-7
708.0137927084754,-326.83286089803545,172.9390247268524,708.0137927084754,-180.596699871936,-29.829279522970438,747.2129607201066,-233.51405875922188,43.54493278994184,0.4331565827315891,1.39744766291197E-7
708.0137927084754,-326.83286089803545,172.9390247268524,708.0137927084754,-181.07988295020442,-30.176876716976125,746.8547477218409,-233.44950461154946,42.80347031801659,0.4438815082296639,1.2080166795130332E-6
708.0137927084754,-326.83286089803545,172.9390247268524,708.0137927084754,-181.75238587900765,-30.657772321267316,746.8557813266574,-233.85452135345943,42.4590816218587,0.4444853696462625,7.840960966251341E-7
708.0137927084754,-326.83286089803545,172.9390247268524,708.0137927084754,-182.02787552298096,-30.853801963711533,746.6682980086587,-233.83069467858226,42.05144310721363,0.450379767767103,3.526547842296247E-7
708.0137927084754,-326.83286089803545,172.9390247268524,708.0137927084754,-182.51099342974584,-31.196221055118002,746.3691707121893,-233.8127328482316,41.367232903348906,0.46020147634231273,9.544115738935635E-7
708.0137927084754,-326.83286089803545,172.9390247268524,708.0137927084754,-182.63178746675214,-31.28156782263963,746.2966740541785,-233.80909326725822,41.19680884247154,0.46266739975095383,5.873027695221083E-8
708.0137927084754,-326.83286089803545,172.9390247268524,708.0137927084754,-182.66392668210253,-31.304257676858498,746.278661098668,-233.80708528023644,41.14995474681933,0.4633445198300291,4.571485724287592E-9
708.0137927084754,-326.83286089803545,172.9390247268524,708.0137927084754,-182.68902221729718,-31.321969519188855,746.264213984073,-233.8055747351852,41.11343899563252,0.4638751224540553,2.771297955648478E-9
708.0137927084754,-326.83286089803545,172.9390247268524,708.0137927084754,-182.70421245940489,-31.332688193105326,746.2566087774951,-233.80447301750192,41.091065640284995,0.4641943008207924,1.0516669296426848E-9
708.0137927084754,-326.83286089803545,172.9390247268524,708.0137927084754,-182.70833933952417,-31.335599946723306,746.2554764549135,-233.8046184868023,41.0856170131473,0.46426416981113533,6.046589057153002E-11
708.0137927084754,-326.83286089803545,172.9390247268524,708.0137927084754,-182.71410067645255,-31.339664695695774,746.2536079196524,-233.80414926332992,41.077057123277086,0.46438030588624946,1.5511225014376912E-10
708.0137927084754,-326.83286089803545,172.9390247268524,708.0137927084754,-182.71588519501861,-31.340923663135356,746.2537514250533,-233.80445940533082,41.07505129117513,0.4644004293756274,9.710918629436403E-12
708.0137927084754,-326.83286089803545,172.9390247268524,708.0137927084754,-182.71804978228985,-31.342450735493344,746.2536179180411,-233.80458329009693,41.072260566107076,0.46443305044995126,1.6254339485037013E-11
708.0137927084754,-326.83286089803545,172.9390247268524,708.0137927084754,-182.71927833348062,-31.34331743812578,746.2541411314767,-233.80497524464204,41.07113254244803,0.4644398155345417,3.870930276888363E-12
708.0137927084754,-326.83286089803545,172.9390247268524,708.0137927084754,-182.72117914876355,-31.34465837925515,746.2540814214544,-233.8047959225667,41.06827341269633,0.46447530196449366,1.7491750000145517E-11
708.0137927084754,-326.83286089803545,172.9390247268524,708.0137927084754,-182.72148474545688,-31.344873961737363,746.2546744141637,-233.80491430262438,41.068022416918154,0.46447358860547383,2.1956479729851122E-13
708.0137927084754,-326.83286089803545,172.9390247268524,708.0137927084754,-182.722689187364,-31.34572362583492,746.2546807460003,-233.80506971411126,41.06659208574251,0.4644890835716497,4.653538285156768E-12
708.0137927084754,-326.83286089803545,172.9390247268524,708.0137927084754,-182.72468522095713,-31.347131688662756,746.2543316895019,-233.80540858151,41.06433694053419,0.464514966889684,1.2207576590034596E-11
708.0137927084754,-326.83286089803545,172.9390247268524,708.0137927084754,-182.72521567706542,-31.347505883628685,746.2545179359024,-233.80539308403576,41.06358798607661,0.46452274867648274,1.1330917725972754E-12
708.0137927084754,-326.83286089803545,172.9390247268524,708.0137927084754,-182.72615649066717,-31.348169548382003,746.2544208597085,-233.80542370981655,41.06234201489153,0.464537754800137,3.1529623267092666E-12
708.0137927084754,-326.83286089803545,172.9390247268524,708.0137927084754,-182.72631699866568,-31.348282772607774,746.2548487059642,-233.80567547913267,41.062478948671384,0.46453139664826426,1.9413584693233332E-13
708.0137927084754,-326.83286089803545,172.9390247268524,708.0137927084754,-182.72661523399435,-31.34849315080703,746.2551438624637,-233.8056913551044,41.062092720624065,0.4645339746952475,3.099455753158982E-13
708.0137927084754,-326.83286089803545,172.9390247268524,708.0137927084754,-182.72659239724373,-31.348477041556635,746.255557812556,-233.80580744501188,41.06228858965915,0.464528135499618,1.5139398025145176E-13
708.0137927084754,-326.83286089803545,172.9390247268524,708.0137927084754,-182.72721450971784,-31.348915883955982,746.2555031012826,-233.8059810232843,41.061682045555386,0.46453417020578136,1.0428296476268773E-12
708.0137927084754,-326.83286089803545,172.9390247268524,708.0137927084754,-182.72747900512104,-31.349102459964996,746.2557000219134,-233.80607856300108,41.061457825415886,0.46453477505959945,1.6849315808242975E-13
708.0137927084754,-326.83286089803545,172.9390247268524,708.0137927084754,-182.72790706905002,-31.349404416714066,746.2557704622266,-233.80618360310623,41.06102006380914,0.4645386155393262,5.141292093369087E-13
708.0137927084754,-326.83286089803545,172.9390247268524,708.0137927084754,-182.7281471350946,-31.349573758968347,746.2559232325572,-233.8063958518087,41.060991939897576,0.4645362359627941,6.206566036530281E-14
708.0137927084754,-326.83286089803545,172.9390247268524,708.0137927084754,-182.72923938098984,-31.350344222371348,746.2554525867248,-233.8064763227603,41.05960906440288,0.4645547606064402,4.06712978343588E-12
708.0137927084754,-326.83286089803545,172.9390247268524,708.0137927084754,-182.72926859969056,-31.350364832939476,746.2556174443116,-233.80661776426547,41.05976953456582,0.46455067476268663,1.329020537062854E-13
708.0137927084754,-326.83286089803545,172.9390247268524,708.0137927084754,-182.72997500725916,-31.350863123598714,746.2555719633696,-233.80693573814585,41.059252155866545,0.4645544052837368,1.0794600496593978E-12
708.0137927084754,-326.83286089803545,172.9390247268524,708.0137927084754,-182.73017706880069,-31.35100565449443,746.2558155972616,-233.8069929111311,41.05905627452043,0.4645547215374796,1.0949091708256741E-13
708.0137927084754,-326.83286089803545,172.9390247268524,708.0137927084754,-182.73036179682825,-31.351135958351847,746.2558323213905,-233.80708580854292,41.0589347948181,0.4645552758655287,6.862800059290846E-14
708.0137927084754,-326.83286089803545,172.9390247268524,708.0137927084754,-182.73075968967788,-31.35141662402495,746.2559038189996,-233.80740532935476,41.058842441973894,0.46455326660973967,1.9811431684788354E-13
708.0137927084754,-326.83286089803545,172.9390247268524,708.0137927084754,-182.730967078678,-31.351562911625564,746.2558798164715,-233.80735716506328,41.05848992418322,0.46455796261232574,2.9313290571131205E-13
708.0137927084754,-326.83286089803545,172.9390247268524,708.0137927084754,-182.73098777935056,-31.35157751340347,746.2561310269091,-233.80753228340384,41.05870981499419,0.4645523616992914,2.314317260378214E-13
708.0137927084754,-326.83286089803545,172.9390247268524,708.0137927084754,-182.7314606792563,-31.351911085256603,746.2558837019596,-233.8075632719998,41.05810561454686,0.464560749346041,7.691593158482582E-13
708.0137927084754,-326.83286089803545,172.9390247268524,708.0137927084754,-182.57322698649358,-31.240205420848753,746.3567942328085,-233.80845779538703,41.27606055979484,0.46137506248131194,9.37404130632002E-8
708.0137927084754,-326.83286089803545,172.9390247268524,708.0137927084754,-181.14426903439409,-30.223063766028872,747.1557652084039,-233.53430534914213,42.83460710420749,0.44108331736672685,6.028370976280915E-6
708.0137927084754,-326.83286089803545,172.9390247268524,708.0137927084754,-178.40678370116606,-28.231797232866597,746.6972372746319,-231.8570592576613,44.2125876807867,0.44204369017830597,1.3226524493203784E-5
708.0137927084754,-326.83286089803545,172.9390247268524,708.0137927084754,-174.63803051612675,-25.395877912652878,744.956338529916,-229.84897417216317,46.55306481541001,0.44294443920182613,2.844835557134332E-5
708.0137927084754,-326.83286089803545,172.9390247268524,708.0137927084754,-171.83246262579547,-23.211113013213918,743.0612931623073,-228.224037749943,48.15138251117247,0.4497533808365066,1.5204681110017042E-5
708.0137927084754,-326.83286089803545,172.9390247268524,708.0137927084754,-170.29181051952364,-21.98377934284136,741.872120250693,-227.3405957332613,49.052598372418146,0.45395726473308196,4.660325659503677E-6
708.0137927084754,-326.83286089803545,172.9390247268524,708.0137927084754,-169.35537923434794,-21.228023890730896,740.9433766816692,-226.83866344879425,49.647884987474384,0.4567237113017737,1.7842964550207256E-6
708.0137927084754,-326.83286089803545,172.9390247268524,708.0137927084754,-168.94539687700333,-20.89479251102611,740.3760129653587,-226.5946290130943,49.87948203354799,0.4592980290893936,3.268202978297583E-7
708.0137927084754,-326.83286089803545,172.9390247268524,708.0137927084754,-169.12920765195858,-21.04437083277051,740.1413873911549,-226.72930659252262,49.806637035931544,0.4600924255026453,5.879302256577087E-8
708.0137927084754,-326.83286089803545,172.9390247268524,708.0137927084754,-169.47624585068903,-21.325989366888194,740.2401841978157,-226.9585781122837,49.63897186832796,0.45937482540251473,2.2203036361064617E-7
708.0137927084754,-326.83286089803545,172.9390247268524,708.0137927084754,-170.04587604427326,-21.786015728827408,740.4770649643165,-227.23680443016346,49.24351426709387,0.46008910717762824,6.865190750230455E-7
708.0137927084754,-326.83286089803545,172.9390247268524,708.0137927084754,-170.71340304944314,-22.321608481845374,740.7320099483442,-227.61101339997018,48.840971623193354,0.45992311288983123,8.862602829134262E-7
708.0137927084754,-326.83286089803545,172.9390247268524,708.0137927084754,-171.33811004231217,-22.81945518223489,741.012247336372,-227.97844316429104,48.48729602630473,0.4591435635255263,7.534153270688019E-7
708.0137927084754,-326.83286089803545,172.9390247268524,708.0137927084754,-172.25453000795778,-23.54389977102261,741.2406964262399,-228.47682602936487,47.91968170681565,0.4599163401566369,1.6815570558325388E-6
708.0137927084754,-326.83286089803545,172.9390247268524,708.0137927084754,-173.74334840824017,-24.706114767233828,741.6575530068094,-229.18551831560023,46.872109155358146,0.463365302075297,4.726541130369097E-6
708.0137927084754,-326.83286089803545,172.9390247268524,708.0137927084754,-176.59216544074187,-26.880227169727306,743.0457001668015,-230.43363467142075,44.72861402966083,0.46951041403802235,1.8128430137715166E-5
708.0137927084754,-326.83286089803545,172.9390247268524,708.0137927084754,-178.49416351693478,-28.296237737950804,744.2325211923556,-231.40915158318964,43.487873217788234,0.4686220648212612,7.380003508470837E-6
708.0137927084754,-326.83286089803545,172.9390247268524,708.0137927084754,-179.47073062784716,-29.012460937977636,744.8633303269144,-231.84649799070274,42.765573298977415,0.4695738276173156,2.089911358906126E-6
708.0137927084754,-326.83286089803545,172.9390247268524,708.0137927084754,-180.12054386916563,-29.48502530678465,745.3893878279027,-232.12756613819542,42.270859209816535,0.46979027366753184,9.422186727787667E-7
708.0137927084754,-326.83286089803545,172.9390247268524,708.0137927084754,-180.34653816186932,-29.64862852782096,745.85956168591,-232.12948479280405,41.966150522012015,0.4704611817741702,1.8043343884441857E-7
708.0137927084754,-326.83286089803545,172.9390247268524,708.0137927084754,-180.38294875577287,-29.674951181828646,746.0552607643324,-232.16283001687404,41.962699267560225,0.46899143940180865,1.4555102479357207E-9
708.0137927084754,-326.83286089803545,172.9390247268524,708.0137927084754,-180.410238479945,-29.694673468214148,746.1206257959097,-232.13118979886218,41.881750084655806,0.4698068229962066,2.081622295521889E-8
708.0137927084754,-326.83286089803545,172.9390247268524,708.0137927084754,-180.96487750985204,-30.094301163910302,746.3256482656651,-232.44204920657842,41.55666112589168,0.46970894581971995,5.84820580033518E-7
708.0137927084754,-326.83286089803545,172.9390247268524,708.0137927084754,-181.62800111889078,-30.569080017206716,746.5534530599581,-232.72595876937658,41.04593709419794,0.47190633630176404,9.950393796456464E-7
708.0137927084754,-326.83286089803545,172.9390247268524,708.0137927084754,-182.39773950402324,-31.116104363050596,746.9304391813054,-233.0240050036804,40.407698450054625,0.47456175881860596,1.4184629903695042E-6
708.0137927084754,-326.83286089803545,172.9390247268524,708.0137927084754,-183.14981826092898,-31.64636883423114,747.3553911237428,-233.33050337728622,39.80420059464504,0.4764201765099582,1.324891992725068E-6
708.0137927084754,-326.83286089803545,172.9390247268524,708.0137927084754,-183.7215155021067,-32.046688967949194,747.5587259827755,-233.50586143148232,39.261980885784624,0.4801319039048109,8.761715573368651E-7
708.0137927084754,-326.83286089803545,172.9390247268524,708.0137927084754,-183.70530912222958,-32.035373485861015,747.7261465060457,-233.28781052887874,38.972222617147935,0.48438454943472514,3.8697917364122835E-7
708.0137927084754,-326.83286089803545,172.9390247268524,708.0137927084754,-183.83617624823597,-32.12669200601789,747.4734626711784,-232.93210638309174,38.27978018896695,0.49783975689201765,1.7590939010296942E-6
708.0137927084754,-326.83286089803545,172.9390247268524,708.0137927084754,-184.09427233406498,-32.3064267081686,747.2870225393136,-232.90791986446362,37.88327619110447,0.5044287862896712,3.3899885956881047E-7
708.0137927084754,-326.83286089803545,172.9390247268524,708.0137927084754,-184.05667193180892,-32.28027228071548,746.9292914676706,-232.61912750405938,37.52095343946337,0.5143260283957708,6.298480601187873E-7
708.0137927084754,-326.83286089803545,172.9390247268524,708.0137927084754,-184.23097397395748,-32.40142877827765,746.8390962313324,-232.4512994757843,37.03372190792447,0.5229890413664785,7.254764735234218E-7
708.0137927084754,-326.83286089803545,172.9390247268524,708.0137927084754,-184.4448030087801,-32.549760783515666,746.940959515009,-232.51308604832278,36.82047468276642,0.5245062432074559,1.303624940928269E-7
708.0137927084754,-326.83286089803545,172.9390247268524,708.0137927084754,-185.13201996945637,-33.02425277701121,746.5151561500497,-232.33354201434813,35.58352766966098,0.5464852843188617,3.7186511414171626E-6
708.0137927084754,-326.83286089803545,172.9390247268524,708.0137927084754,-185.57520173659483,-33.32845629773925,746.9360456100231,-232.2959113289696,34.894131677378766,0.5532403158200148,1.0259121792715224E-6
708.0137927084754,-326.83286089803545,172.9390247268524,708.0137927084754,-185.0538147942107,-32.97042645470347,746.1377141003908,-231.3373875491841,34.248427999425104,0.5789368243381428,3.417715936546229E-6
708.0137927084754,-326.83286089803545,172.9390247268524,708.0137927084754,-187.371494532465,-34.54718515575192,743.8382730286556,-229.593227863023,28.268974270563888,0.724098979249233,1.0795500300731268E-4
708.0137927084754,-326.83286089803545,172.9390247268524,708.0137927084754,-193.6002302487855,-38.60072598274948,742.2252505568484,-231.5113364682826,21.592530877204297,0.8626055199166573,1.3752079111021106E-4
708.0137927084754,-326.83286089803545,172.9390247268524,708.0137927084754,-194.58284393607713,-39.21642067477225,743.0291655070375,-231.74036196516087,20.391660810364726,0.8771599539555369,3.844460041911482E-6
708.0137927084754,-326.83286089803545,172.9390247268524,708.0137927084754,-194.52772829397875,-39.18205363789423,743.4643935561172,-231.7289506717122,20.4616143887051,0.8692933054919908,1.242781905844649E-8
708.0137927084754,-326.83286089803545,172.9390247268524,708.0137927084754,-195.4756069036375,-39.770335253030055,741.0622635216782,-230.58140502015075,17.077167430491045,1.0,3.6379293945321004E-5
708.0137927084754,-326.83286089803545,172.9390247268524,708.0137927084754,-197.74730654506664,-41.156560602193395,741.588771950638,-230.5097924188445,13.181847945065925,1.0,3.4182160862295095E-5
708.0137927084754,-326.83286089803545,172.9390247268524,708.0137927084754,-198.26637656169893,-41.46866894432753,740.5959312511126,-230.5054108001182,12.295708396525583,1.0,1.707112994054638E-6
708.0137927084754,-326.83286089803545,172.9390247268524,708.0137927084754,-200.03050693871202,-42.51668540953375,739.5004482520717,-229.83946409002667,8.133084337815461,1.0,4.655975078916706E-5
708.0137927084754,-326.83286089803545,172.9390247268524,708.0137927084754,-200.92901113471152,-43.042966686261366,739.6192765187075,-230.27438608589327,7.297610926219534,1.0,2.6207552081726568E-6
708.0137927084754,-326.83286089803545,172.9390247268524,708.0137927084754,-200.24844109847436,-42.644798098536086,739.0498903041159,-229.10842418147683,6.506159733095018,1.0,4.799702076753295E-6
708.0137927084754,-326.83286089803545,172.9390247268524,708.0137927084754,-198.5674088276486,-41.648891534010914,738.1325899779537,-226.8679047822419,5.697797367943679,1.0,1.0065617028934207E-5
708.0137927084754,-326.83286089803545,172.9390247268524,708.0137927084754,-196.37562378169508,-40.32351132664891,736.0335062284289,-223.6752536928943,4.304049680122802,1.0,2.4215943336118964E-5
708.0137927084754,-326.83286089803545,172.9390247268524,708.0137927084754,-192.86497465722744,-38.135856431872696,733.5029116561658,-219.01012254716767,3.057478318716278,1.0,3.741034001804519E-5
708.0137927084754,-326.83286089803545,172.9390247268524,708.0137927084754,-187.10876487956708,-34.370350342925434,732.4999743426586,-212.63587298731625,3.504354020570048,1.0,4.563639670486645E-5
708.0137927084754,-326.83286089803545,172.9390247268524,708.0137927084754,-183.4712325329114,-31.87172575392694,732.0440218823293,-207.76080392647464,2.8290892598510595,1.0,3.331095464574728E-5
708.0137927084754,-326.83286089803545,172.9390247268524,708.0137927084754,-183.06729537526337,-31.588387054349965,730.5414592128867,-205.9610485039536,0.9813041393812512,1.0,1.9378138442069975E-5
708.0137927084754,-326.83286089803545,172.9390247268524,708.0137927084754,-182.72953865037604,-31.350555323592744,727.9608895740542,-204.9510890979958,0.1520577890467223,1.0,4.609442441374789E-6
708.0137927084754,-326.83286089803545,172.9390247268524,708.0137927084754,-180.7439744724846,-29.935412457684237,725.2571875798088,-202.93090975359178,0.8757061574078193,1.0,9.127731458338446E-6
708.0137927084754,-326.83286089803545,172.9390247268524,708.0137927084754,-180.76260138974763,-29.948824310938534,721.407404612301,-203.30125994482034,1.3567951206231044,1.0,9.832916024089583E-7
708.0137927084754,-326.83286089803545,172.9390247268524,708.0137927084754,-180.4196764173868,-29.701492964540023,716.8167552237041,-203.27961202467904,1.9373871150463344,1.0,5.731655600214461E-7
708.0137927084754,-326.83286089803545,172.9390247268524,708.0137927084754,-178.8289687142387,-28.542606938287378,712.4533734194912,-203.0615691768096,4.4458760579910575,1.0,1.3293146626529345E-5
708.0137927084754,-326.83286089803545,172.9390247268524,708.0137927084754,-173.52444726688648,-24.53636692967916,709.9828209079112,-200.4007569698244,10.082801445771025,1.0,1.136595798510721E-4
708.0137927084754,-326.83286089803545,172.9390247268524,708.0137927084754,-166.1622309840848,-18.594128233814672,710.4160995558287,-196.0857849990931,17.077311228101138,1.0,2.074460654183727E-4
708.0137927084754,-326.83286089803545,172.9390247268524,708.0137927084754,-159.58977593404848,-12.882799964782294,712.6963146337863,-192.08880150685957,23.226485115316933,1.0,1.6295439989071832E-4
708.0137927084754,-326.83286089803545,172.9390247268524,708.0137927084754,-155.80615578034624,-9.406433501717117,715.2375163204748,-189.85962910400366,26.90073965702271,1.0,5.33721835995284E-5
708.0137927084754,-326.83286089803545,172.9390247268524,708.0137927084754,-153.26404920266793,-6.988370648776936,717.0751638231225,-189.87833699404067,30.96725842701531,1.0,2.5597663251518932E-5
708.0137927084754,-326.83286089803545,172.9390247268524,708.0137927084754,-154.71159519716988,-8.37360553792547,715.9713272630131,-193.62598878506722,32.61883678377302,1.0,4.30680318316063E-5
708.0137927084754,-326.83286089803545,172.9390247268524,708.0137927084754,-149.55647862760898,-3.336567143121556,714.042628357811,-193.35404514416342,40.21374599669102,1.0,9.243338467696032E-5
708.0137927084754,-326.83286089803545,172.9390247268524,708.0137927084754,-139.30746356063668,7.608370117821352,714.9491988399499,-189.1588376241439,51.559538461436404,1.0,3.5864466539296645E-4
708.0137927084754,-326.83286089803545,172.9390247268524,708.0137927084754,-132.75709162927677,15.34906380693991,716.955878607384,-186.61286759296314,59.080074954837556,1.0,1.3809320805549145E-4
708.0137927084754,-326.83286089803545,172.9390247268524,708.0137927084754,-129.5865186557536,19.336028427819855,718.7291234037062,-186.83176422565873,63.9150109501455,1.0,2.913619461353675E-5
708.0137927084754,-326.83286089803545,172.9390247268524,708.0137927084754,-124.77695128071429,25.72010818173939,720.8168201596848,-187.59281762005114,71.48805331056155,0.8679821007316463,7.650206435006965E-5
708.0137927084754,-326.83286089803545,172.9390247268524,708.0137927084754,-117.73674390876937,35.90321240025233,721.209748159222,-188.31681040358612,82.15943602337762,0.6820170961001937,1.2296392466141343E-4
708.0137927084754,-326.83286089803545,172.9390247268524,708.0137927084754,-118.13680505412381,35.29471400100033,718.0247362549284,-191.24782193411804,83.51467428831651,0.6191722792329241,3.03317368127512E-5
708.0137927084754,-326.83286089803545,172.9390247268524,708.0137927084754,-118.32402030129907,35.01127772500814,712.9656285293614,-192.5762383303078,84.12881688220011,0.5976055935132869,5.784924320534803E-6
708.0137927084754,-326.83286089803545,172.9390247268524,708.0137927084754,-113.11132070825951,43.235118621793305,714.0482396087273,-186.85803115513073,87.99072163150598,0.6567832085716276,1.4750283130194033E-4
708.0137927084754,-326.83286089803545,172.9390247268524,708.0137927084754,-116.71626460837314,37.47310294706651,715.8385082134942,-189.34410085708438,84.29756592637222,0.6500534305063059,5.050265641555378E-5
708.0137927084754,-326.83286089803545,172.9390247268524,708.0137927084754,-117.63064943410706,36.065233522685844,711.7094824974496,-192.3617925917737,84.95924288058802,0.5931226739663583,2.443362543949173E-5
708.0137927084754,-326.83286089803545,172.9390247268524,708.0137927084754,-113.02221858747876,43.38205179699733,713.5905152741142,-186.77029492651883,88.06915168423316,0.6582950663785364,1.2622593966089314E-4
708.0137927084754,-326.83286089803545,172.9390247268524,708.0137927084754,-116.5296055449187,37.76306241149928,715.4014775328997,-189.6146156029379,84.73968456997122,0.6403442515016139,5.3186650257823826E-5
708.0137927084754,-326.83286089803545,172.9390247268524,708.0137927084754,-116.92501859546593,37.149858222747156,711.8362200848732,-191.69714811546194,85.51987162425681,0.5982258556604135,1.3772248929811642E-5
708.0137927084754,-326.83286089803545,172.9390247268524,708.0137927084754,-113.311112738151,42.906478559568285,713.8423045921285,-187.70804592481767,88.21344486473222,0.6379200002523807,7.037846119395436E-5
708.0137927084754,-326.83286089803545,172.9390247268524,708.0137927084754,-113.38807825617721,42.78018037515301,716.2311068023017,-187.3933939812356,87.90869675973315,0.6431866565698263,5.099139201209815E-7
708.0137927084754,-326.83286089803545,172.9390247268524,708.0137927084754,-113.43708772585452,42.699844783767986,717.0795163506808,-187.35697485287685,87.81444727938947,0.6430863734240241,1.8231407897773364E-8
708.0137927084754,-326.83286089803545,172.9390247268524,708.0137927084754,-113.64187728188747,42.3648905930994,716.8991202388479,-187.43978532490848,87.56425962903228,0.6448602016187811,1.1911831951770075E-7
708.0137927084754,-326.83286089803545,172.9390247268524,708.0137927084754,-114.56664045925973,40.866879061549184,716.8228586649741,-187.25284475122564,86.09227074781327,0.6665348664029129,2.5811908153295002E-6
708.0137927084754,-326.83286089803545,172.9390247268524,708.0137927084754,-116.31724766443114,38.0940152349194,716.0486757918701,-187.7219710293733,83.83205077544662,0.6877549234664396,7.692212900143504E-6
708.0137927084754,-326.83286089803545,172.9390247268524,708.0137927084754,-114.99952773833127,40.173671707136606,716.7982795462036,-185.421314883638,84.3101316833253,0.7283904586605378,1.4488420864466178E-5
708.0137927084754,-326.83286089803545,172.9390247268524,708.0137927084754,-112.85932356217543,43.65126304780051,721.4943651612037,-184.42433533077005,86.89249886273964,0.6997093548699216,1.367243291378979E-5
708.0137927084754,-326.83286089803545,172.9390247268524,708.0137927084754,-113.89871419008051,41.946470870707174,727.6201623611306,-185.17381817996448,85.79339745502108,0.6691661373847548,3.842488856779232E-6
708.0137927084754,-326.83286089803545,172.9390247268524,708.0137927084754,-116.14075183822035,38.36995257456701,731.3579521347224,-186.66915480537511,83.41645094616976,0.6474384358326761,1.886995639748259E-5
708.0137927084754,-326.83286089803545,172.9390247268524,708.0137927084754,-119.94484558129557,32.591779943421045,730.8044803039476,-189.55482973103065,79.81331411434297,0.6413750945190579,5.912645554106821E-5
708.0137927084754,-326.83286089803545,172.9390247268524,708.0137927084754,-119.52508274377195,33.21255938566276,727.7743326807486,-189.86647543914285,80.62300512970546,0.6425041484266026,1.4153275143526824E-6
708.0137927084754,-326.83286089803545,172.9390247268524,708.0137927084754,-118.49053699591934,34.759879878341536,722.779569477308,-188.7111753856197,81.33240331800522,0.67881214835995,5.0552973462493386E-6
708.0137927084754,-326.83286089803545,172.9390247268524,708.0137927084754,-122.95091587472513,28.259542790014308,712.3134762292057,-189.19816870859225,75.27017052679989,0.7895252669475145,4.007232486161266E-5
708.0137927084754,-326.83286089803545,172.9390247268524,708.0137927084754,-118.38077706250462,34.92551544379404,702.0282174837006,-184.8870434434362,78.95847996809363,0.8298175531362786,8.997684458788655E-5
708.0137927084754,-326.83286089803545,172.9390247268524,708.0137927084754,-111.30347883678652,46.26193339500904,703.8031134677259,-181.50922064630785,87.52525945371417,0.7838868702450019,1.605997799918175E-4
708.0137927084754,-326.83286089803545,172.9390247268524,708.0137927084754,-112.86672407695943,43.63901585653335,710.4163269301599,-183.40696065033035,86.26657061898791,0.7583635062869688,1.4304298679751488E-5
708.0137927084754,-326.83286089803545,172.9390247268524,708.0137927084754,-119.18875748715746,33.71285506506578,713.1324010432173,-188.22675006558507,80.00309451777824,0.7361582057649086,1.7391096941844007E-4
708.0137927084754,-326.83286089803545,172.9390247268524,708.0137927084754,-120.13222148533882,32.3159623708421,703.7446134732483,-186.9990021041984,77.806926923388,0.7999508091208629,1.280451448775358E-5
708.0137927084754,-326.83286089803545,172.9390247268524,708.0137927084754,-111.33010937345085,46.2166348924859,706.58849064679,-182.36953796307048,87.990051239411,0.7592222860409423,2.5909742367289263E-4
708.0137927084754,-326.83286089803545,172.9390247268524,708.0137927084754,-112.81906661025275,43.717912463621104,712.0950891693627,-185.2494117736943,87.45121383691477,0.6993654083714002,2.157395099800952E-5
708.0137927084754,-326.83286089803545,172.9390247268524,708.0137927084754,-113.62655011588541,42.389918859882755,715.2576212741618,-186.65150097437072,87.10408330267748,0.6695293610687341,5.46687750570944E-6
708.0137927084754,-326.83286089803545,172.9390247268524,708.0137927084754,-114.02083533978447,41.74816461154441,716.4532653099604,-187.12401332442266,86.81361038139366,0.6610821875624541,8.987362413745752E-7
708.0137927084754,-326.83286089803545,172.9390247268524,708.0137927084754,-114.2600698737512,41.36087868372721,716.3780405914443,-187.03779126834627,86.40877784430205,0.6679574631883977,2.41255251085313E-7
708.0137927084754,-326.83286089803545,172.9390247268524,708.0137927084754,-114.4992757146938,40.97520921976502,716.261486057755,-186.892442369648,85.9670482648192,0.6766886186990287,3.7438104445129166E-7
708.0137927084754,-326.83286089803545,172.9390247268524,708.0137927084754,-114.58536941392097,40.83678266147052,716.2080591475191,-186.9243104982406,85.8603362453272,0.6775135090921143,2.046758473598508E-8
708.0137927084754,-326.83286089803545,172.9390247268524,708.0137927084754,-114.60329249846964,40.807990155355895,716.1990162546224,-186.9187413280487,85.83053409873764,0.6780252354216508,1.2325441929923147E-9
708.0137927084754,-326.83286089803545,172.9390247268524,708.0137927084754,-114.62895770127182,40.766775491021605,716.1843711393248,-186.92019401040193,85.79372909119652,0.6784961692243735,1.258127545471166E-9
708.0137927084754,-326.83286089803545,172.9390247268524,708.0137927084754,-114.63740897439476,40.75320785181137,716.1799572151356,-186.92070881035178,85.78163305424144,0.6786493669763035,1.3719499446112734E-10
708.0137927084754,-326.83286089803545,172.9390247268524,708.0137927084754,-114.63820560978414,40.751929036311594,716.1810027987312,-186.90905993833107,85.7732059567285,0.6789914192105654,6.046495382533802E-10
708.0137927084754,-326.83286089803545,172.9390247268524,708.0137927084754,-114.64173848870348,40.7462580160074,716.1791828630605,-186.910186691042,85.7687170392336,0.6790296586543266,3.25872876732809E-11
708.0137927084754,-326.83286089803545,172.9390247268524,708.0137927084754,-114.64356741646654,40.74332233153012,716.178211303209,-186.91098485010411,85.76652708981123,0.6790434419325232,9.900461866968652E-12
708.0137927084754,-326.83286089803545,172.9390247268524,708.0137927084754,-114.64579987510405,40.73973904629062,716.1770051371495,-186.91117880566034,85.76336785757903,0.679082402014264,9.897779924716215E-12
708.0137927084754,-326.83286089803545,172.9390247268524,708.0137927084754,-114.64705782597304,40.737719987965846,716.1763246323615,-186.9108348646091,85.76130531531771,0.6791171894938123,5.6177332684967464E-12
708.0137927084754,-326.83286089803545,172.9390247268524,708.0137927084754,-114.64833835734004,40.73566473105987,716.1755758028573,-186.91203974284912,85.76017459871346,0.6791087098639386,7.7179828232681E-12
708.0137927084754,-326.83286089803545,172.9390247268524,708.0137927084754,-114.64882938180801,40.73487664699604,716.175559315525,-186.9110651791483,85.75884595169111,0.6791455054257683,6.877281056451347E-12
708.0137927084754,-326.83286089803545,172.9390247268524,708.0137927084754,-114.64962920179428,40.733592966507445,716.1749973323216,-186.91172059194915,85.75807918895086,0.6791431764815913,2.718281997142078E-12
708.0137927084754,-326.83286089803545,172.9390247268524,708.0137927084754,-114.65003486807359,40.73294189425755,716.1748903827712,-186.91116290310597,85.75713568658279,0.6791667861254018,2.7780978583152675E-12
708.0137927084754,-326.83286089803545,172.9390247268524,708.0137927084754,-114.65107827932124,40.731267296568745,716.1741290961477,-186.9119431723768,85.75608884145564,0.6791659290447147,4.344324499940566E-12
708.0137927084754,-326.83286089803545,172.9390247268524,708.0137927084754,-114.65102487000553,40.73135301384545,716.1743760500021,-186.91117064140838,85.75568595824333,0.6791862360761238,2.2178598652316447E-12
708.0137927084754,-326.83286089803545,172.9390247268524,708.0137927084754,-114.6517547893873,40.73018156380752,716.1739591877603,-186.91157459799354,85.75486523745212,0.6791893872712917,1.7736559553542042E-12
708.0137927084754,-326.83286089803545,172.9390247268524,708.0137927084754,-114.651703250178,40.73026427878273,716.1741791818358,-186.91100634282597,85.75458688416381,0.67920400812176,1.1645367636460133E-12
708.0137927084754,-326.83286089803545,172.9390247268524,708.0137927084754,-114.65195064025215,40.729867244556544,716.1739667436977,-186.911586653163,85.75458499903166,0.6791926853981807,7.157761204567392E-13
708.0137927084754,-326.83286089803545,172.9390247268524,708.0137927084754,-114.65219877989904,40.72946900901013,716.173983894265,-186.91138742365294,85.75409628537997,0.6792029202624289,5.371841122468694E-13
708.0137927084754,-326.83286089803545,172.9390247268524,708.0137927084754,-114.65242636378747,40.72910376455201,716.1737600297196,-186.91172440223875,85.75397188410966,0.6791981438520003,3.636912135111749E-13
708.0137927084754,-326.83286089803545,172.9390247268524,708.0137927084754,-114.65244959567895,40.729066480270916,716.1738666869543,-186.9115933734504,85.75385610695966,0.6792020420384601,8.738067618791176E-14
708.0137927084754,-326.83286089803545,172.9390247268524,708.0137927084754,-114.65248530377599,40.72900917326814,716.1739063178376,-186.9113992822427,85.75368270503023,0.6792081132138964,1.93245433663896E-13
708.0137927084754,-326.83286089803545,172.9390247268524,708.0137927084754,-114.65269319790059,40.72867553004167,716.1736552310532,-186.91160211649307,85.75350364785629,0.6792068301144866,2.0925546545070858E-13
708.0137927084754,-326.83286089803545,172.9390247268524,708.0137927084754,-114.65274328997035,40.72859513891231,716.1737107690975,-186.91155481763434,85.75340057913385,0.6792089768126455,2.6327698464327818E-14
708.0137927084754,-326.83286089803545,172.9390247268524,708.0137927084754,-114.65299464392615,40.72819175016974,716.1735032880243,-186.91190665624427,85.75325051656614,0.6792041856712946,4.1984255758915747E-13
708.0137927084754,-326.83286089803545,172.9390247268524,708.0137927084754,-114.65304897388654,40.72810455823398,716.173563416172,-186.91145551870488,85.75288958643324,0.6792178358195687,9.674668243508536E-13
708.0137927084754,-326.83286089803545,172.9390247268524,708.0137927084754,-114.65320386850067,40.72785597462865,716.1734234708381,-186.91176839154969,85.75285696527726,0.679212191244128,2.3501903760378985E-13
708.0137927084754,-326.83286089803545,172.9390247268524,708.0137927084754,-114.6531238885691,40.72798433084881,716.1734811312385,-186.91141482774077,85.75275416492013,0.679220576411527,3.691961241738276E-13
708.0137927084754,-326.83286089803545,172.9390247268524,708.0137927084754,-114.65321526958255,40.727837677555556,716.1734610901958,-186.9117858217355,85.75285107546847,0.6792118239413637,3.9392617659261806E-13
708.0137927084754,-326.83286089803545,172.9390247268524,708.0137927084754,-114.65325381919573,40.727775811076725,716.1734220887865,-186.9116137075859,85.75268719146166,0.6792175071190415,1.591953863916585E-13
708.0137927084754,-326.83286089803545,172.9390247268524,708.0137927084754,-114.65352713744926,40.727337176493336,716.1732831110326,-186.91195122372864,85.75249593656443,0.6792133737946184,4.415053310609558E-13
708.0137927084754,-326.83286089803545,172.9390247268524,708.0137927084754,-114.65367566316417,40.72709881596427,716.1732455644766,-186.91190666282762,85.75224995321756,0.6792174954263636,8.285254213368993E-14
708.0137927084754,-326.83286089803545,172.9390247268524,708.0137927084754,-114.65377339488634,40.726941972169925,716.1731112713717,-186.91207073898147,85.752208602314,0.6792149836986764,7.629199556892239E-14
708.0137927084754,-326.83286089803545,172.9390247268524,708.0137927084754,-114.65382144898285,40.72686485311996,716.1731832215424,-186.91211746856789,85.75216711837405,0.6792143921049435,1.115095625457469E-14
708.0137927084754,-326.83286089803545,172.9390247268524,708.0137927084754,-114.6538696058565,40.72678756919194,716.1730929366113,-186.91197515680022,85.75200768869573,0.6792195289482188,1.236184997036505E-13
708.0137927084754,-326.83286089803545,172.9390247268524,708.0137927084754,-114.65397550924459,40.726617611747116,716.1729940976273,-186.91206682943798,85.75190921642513,0.6792191383105624,4.9574469033748335E-14
708.0137927084754,-326.83286089803545,172.9390247268524,708.0137927084754,-114.6540873901842,40.72643806164882,716.1728927523166,-186.91205803503064,85.7517393591888,0.6792217098905814,2.7818227205011276E-14
708.0137927084754,-326.83286089803545,172.9390247268524,708.0137927084754,-114.65411078709701,40.72640051358019,716.1729111943456,-186.91206654106827,85.75171028434664,0.6792218634491983,1.5004042531542346E-15
708.0137927084754,-326.83286089803545,172.9390247268524,708.0137927084754,-114.65428487508629,40.72612113240896,716.1729025103834,-186.91218753289832,85.7515299041253,0.6792217081751379,1.1530721328226893E-13
708.0137927084754,-326.83286089803545,172.9390247268524,708.0137927084754,-114.65440037964007,40.7259357679913,716.1728366558583,-186.91235418590577,85.75146404844003,0.6792192976954011,9.130974318069906E-14
708.0137927084754,-326.83286089803545,172.9390247268524,708.0137927084754,-114.65443316402116,40.72588315491305,716.1726988436914,-186.91229232188778,85.75137733239094,0.6792219790174897,2.843454063455347E-14
708.0137927084754,-326.83286089803545,172.9390247268524,708.0137927084754,-114.65469030079558,40.72547049730841,716.1725759887429,-186.91246117999398,85.75110476379189,0.6792222820654737,2.428428220062172E-13
708.0137927084754,-326.83286089803545,172.9390247268524,708.0137927084754,-114.6549149689094,40.725109947443315,716.1725202657108,-186.91262026470864,85.75087380946889,0.6792221009603427,1.943431389821897E-13
708.0137927084754,-326.83286089803545,172.9390247268524,708.0137927084754,-114.65504160368664,40.724906723158654,716.1724162086484,-186.9126945986229,85.75073407643708,0.6792226004072728,5.514724137093449E-14
708.0137927084754,-326.83286089803545,172.9390247268524,708.0137927084754,-114.65510709876352,40.72480161641863,716.1723853639087,-186.9125940268071,85.75057518145292,0.6792267422781562,8.43214221281845E-14
708.0137927084754,-326.83286089803545,172.9390247268524,708.0137927084754,-114.65525011726697,40.72457210020218,716.1722545659641,-186.91290447965793,85.75055851061717,0.6792209232066604,2.1790431365501048E-13
708.0137927084754,-326.83286089803545,172.9390247268524,708.0137927084754,-114.65527164746726,40.724537548566246,716.1722033699922,-186.91287903737273,85.75051102451246,0.6792221635737713,6.4109405105289414E-15
708.0137927084754,-326.83286089803545,172.9390247268524,708.0137927084754,-114.65538295439069,40.72435892356816,716.1722307403487,-186.91314593074,85.75051380202518,0.6792166215746672,1.5274803403010436E-13
708.0137927084754,-326.83286089803545,172.9390247268524,708.0137927084754,-114.65539528296844,40.724339138726236,716.1722804500084,-186.91286462947912,85.75032040091435,0.6792247027114777,3.417748300407118E-13
708.0137927084754,-326.83286089803545,172.9390247268524,708.0137927084754,-114.65551210373158,40.72415166553483,716.172112554676,-186.91296984124705,85.75021432861774,0.679224291557858,6.212193005835246E-14
708.0137927084754,-326.83286089803545,172.9390247268524,708.0137927084754,-114.65564106347588,40.723944712214916,716.1719898629409,-186.9129867073487,85.75003537076486,0.6792265046147646,3.488874983282418E-14
708.0137927084754,-326.83286089803545,172.9390247268524,708.0137927084754,-114.65591416943224,40.7235064359669,716.1718678183277,-186.9132287549993,85.74978495272913,0.6792250314972469,3.354688139477776E-13
708.0137927084754,-326.83286089803545,172.9390247268524,708.0137927084754,-114.65593331605695,40.72347570983305,716.1718507517147,-186.9128989722985,85.7495513223792,0.6792347667226609,4.783454098268014E-13
708.0137927084754,-326.83286089803545,172.9390247268524,708.0137927084754,-114.65607893472259,40.72324202413276,716.1716794871675,-186.91291811079472,85.74934930546945,0.679237338414428,4.452019708209864E-14
708.0137927084754,-326.83286089803545,172.9390247268524,708.0137927084754,-114.65621846735584,40.723018105704085,716.1716193408741,-186.91294284032824,85.74915971429627,0.6792393822545867,4.320892251379452E-14
708.0137927084754,-326.83286089803545,172.9390247268524,708.0137927084754,-114.65637327186101,40.72276967997911,716.1716144339586,-186.9130180150094,85.74897912041143,0.6792401556072117,7.45861663688364E-14
708.0137927084754,-326.83286089803545,172.9390247268524,708.0137927084754,-114.65641570362226,40.72270158684756,716.1716104252142,-186.91306996412092,85.7489491515478,0.679239486143387,1.0558097064967618E-14
708.0137927084754,-326.83286089803545,172.9390247268524,708.0137927084754,-114.65646153131797,40.722628044083876,716.1714983029502,-186.91307035847632,85.74888206742267,0.6792405889552825,3.76921980167629E-15
708.0137927084754,-326.83286089803545,172.9390247268524,708.0137927084754,-114.65645415454992,40.72263988207237,716.1715648881938,-186.91318025160462,85.74896138454719,0.6792371859916432,5.3729974463026377E-14
708.0137927084754,-326.83286089803545,172.9390247268524,708.0137927084754,-114.65645274028452,40.72264215163793,716.1716992775943,-186.91297833909533,85.74883764187936,0.6792425677322041,1.6480032556858767E-13
708.0137927084754,-326.83286089803545,172.9390247268524,708.0137927084754,-114.65640102364512,40.722725144799284,716.1716862171838,-186.9127054719029,85.74874358849746,0.6792493590023928,2.3258713304416513E-13
708.0137927084754,-326.83286089803545,172.9390247268524,708.0137927084754,-114.6564119392338,40.72270762781562,716.1715861175992,-186.91232345452647,85.74848949977479,0.6792606113630277,6.180651994524102E-13
708.0137927084754,-326.83286089803545,172.9390247268524,708.0137927084754,-114.65658885391525,40.72242372130739,716.1715086783508,-186.91270198477002,85.7484654553576,0.6792533742037994,3.277932791636796E-13
708.0137927084754,-326.83286089803545,172.9390247268524,708.0137927084754,-114.65664402800527,40.72233518002582,716.1717133960028,-186.91265438901877,85.74835473454749,0.6792552809219846,2.877457779380682E-14
708.0137927084754,-326.83286089803545,172.9390247268524,708.0137927084754,-114.65666865944547,40.722295652453795,716.1715169734274,-186.91259447814855,85.74828121283448,0.6792578898152739,2.366136383169124E-14
708.0137927084754,-326.83286089803545,172.9390247268524,708.0137927084754,-114.65693920825103,40.72186148739067,716.1714671613638,-186.9127190529233,85.74796135128304,0.6792595291720717,2.220704194296377E-13
708.0137927084754,-326.83286089803545,172.9390247268524,708.0137927084754,-114.65699110181095,40.721778211068454,716.1713394751481,-186.9127540026437,85.7479068882864,0.6792598025926244,1.0045440755621302E-14
708.0137927084754,-326.83286089803545,172.9390247268524,708.0137927084754,-114.6569413420718,40.72185806313499,716.1712752621249,-186.91260124964492,85.74788480730876,0.6792633469491995,5.869131944062084E-14
708.0137927084754,-326.83286089803545,172.9390247268524,708.0137927084754,-114.65701167993274,40.72174518829533,716.1711462327537,-186.91268232153908,85.74783198692464,0.6792626617887406,2.750351175814266E-14
708.0137927084754,-326.83286089803545,172.9390247268524,708.0137927084754,-114.65704746417856,40.72168776349818,716.1711767590233,-186.9127146925193,85.74779958476705,0.6792623430557891,5.848282303360606E-15
708.0137927084754,-326.83286089803545,172.9390247268524,708.0137927084754,-114.65718778582851,40.721462582552135,716.1710894522288,-186.91289388184305,85.74770508669559,0.679260090204892,1.1998008735726321E-13
708.0137927084754,-326.83286089803545,172.9390247268524,708.0137927084754,-114.65722814546203,40.72139781559264,716.1710567896055,-186.91290063083784,85.74764999618253,0.6792607280031794,3.572002537763771E-15
708.0137927084754,-326.83286089803545,172.9390247268524,708.0137927084754,-114.65732361156103,40.72124461692957,716.1710643477352,-186.91308510268303,85.74762469207127,0.6792572694475105,8.487503576855121E-14
708.0137927084754,-326.83286089803545,172.9390247268524,708.0137927084754,-114.6572440719836,40.72137225758331,716.1710584627948,-186.91294696618232,85.74765547098463,0.6792597094278017,5.2387298312316304E-14
708.0137927084754,-326.83286089803545,172.9390247268524,708.0137927084754,-114.65734058933327,40.72121737197486,716.1710760704235,-186.91304478848141,85.74757462654529,0.6792587011385219,4.649199594112902E-14
708.0137927084754,-326.83286089803545,172.9390247268524,708.0137927084754,-114.64815287340326,40.73596243061968,716.1789956173471,-186.88589623474107,85.74415823627388,0.6798379353325811,1.8148684949006897E-9
708.0137927084754,-326.83286089803545,172.9390247268524,708.0137927084754,-114.55962225206699,40.87815938532995,716.2622569716087,-186.59077258144606,85.6906666270371,0.6863877236409096,2.289490711952957E-7
708.0137927084754,-326.83286089803545,172.9390247268524,708.0137927084754,-114.9687019076743,40.222868456008825,716.800961486714,-186.6595054978594,85.13149263198486,0.6908699048353873,3.695913473185099E-7
708.0137927084754,-326.83286089803545,172.9390247268524,708.0137927084754,-115.3803595520196,39.56796461817228,712.7878986870518,-184.2240663044386,82.99028449111816,0.7841480019276635,3.0276750026569334E-5
