708.0137927084754,-326.83286089803545,172.9390247268524,708.0137927084754,-414.0873605367845,-61.339980505779465,709.930277435755,-334.2556446031033,153.0087931665306,0.0015866117386982494,8.04098095938575E-4
708.0137927084754,-326.83286089803545,172.9390247268524,708.0137927084754,-413.81394243123765,-61.44163030959558,709.9532853063696,-334.23052507769506,153.00515697531796,0.0015857083107602738,4.3363256866998183E-10
708.0137927084754,-326.83286089803545,172.9390247268524,708.0137927084754,-412.4697473777597,-61.9360988474819,710.0111321092056,-334.1151681081982,152.96593980744436,0.0015851347734219701,1.7134831771086643E-8
708.0137927084754,-326.83286089803545,172.9390247268524,708.0137927084754,-402.68706539137605,-65.27545774783354,710.333763931797,-333.2843766728891,152.67851969948828,0.0015852288323986222,8.126164559991114E-7
708.0137927084754,-326.83286089803545,172.9390247268524,708.0137927084754,-369.41391508942,-73.40799438227012,710.975086722276,-330.525885970096,151.57351992022313,0.0016532418999392051,7.102280299387803E-6
708.0137927084754,-326.83286089803545,172.9390247268524,708.0137927084754,-311.877674955975,-76.61325920066122,711.9956593310902,-325.41935353992045,149.35229093881733,0.0019946882631659475,1.8301244377154983E-5
708.0137927084754,-326.83286089803545,172.9390247268524,708.0137927084754,-246.62365739713704,-63.84459732871008,713.367107965182,-317.6912439040563,145.95228145050484,0.0030235824251482316,9.701356254301406E-5
708.0137927084754,-326.83286089803545,172.9390247268524,708.0137927084754,-197.6370446544921,-41.09004120851205,714.6557572115496,-307.9994842840985,141.73917536415058,0.0053134387398421565,2.2944890246982174E-4
708.0137927084754,-326.83286089803545,172.9390247268524,708.0137927084754,-167.6316160469999,-19.817203805147642,715.4922664723592,-297.44566720928515,137.3578668792286,0.009344374921360336,3.213925783276214E-4
708.0137927084754,-326.83286089803545,172.9390247268524,708.0137927084754,-148.15542973142456,-1.9162742826457873,716.1204090788294,-286.1977776354563,133.1731763610971,0.015792755168054524,3.828359237291807E-4
708.0137927084754,-326.83286089803545,172.9390247268524,708.0137927084754,-134.0198252260015,13.806585309444586,717.3053472218025,-273.450785977843,128.88173485739387,0.026666966780684892,5.097530355197235E-4
708.0137927084754,-326.83286089803545,172.9390247268524,708.0137927084754,-126.85994785591691,22.902915574924265,718.1866468733078,-260.7824487197864,123.38257880450703,0.04418104833183161,5.901033310006952E-4
708.0137927084754,-326.83286089803545,172.9390247268524,708.0137927084754,-128.51189902645538,20.726028953392643,718.3423471851639,-258.73982721300126,120.67705226216842,0.0496405906090269,3.218145262895954E-5
708.0137927084754,-326.83286089803545,172.9390247268524,708.0137927084754,-128.31852087433862,20.978316631121032,719.3866634493653,-257.70972464360636,120.02596701139018,0.05169030963663624,4.355462665978644E-6
708.0137927084754,-326.83286089803545,172.9390247268524,708.0137927084754,-128.0120159371948,21.379559139719305,723.1414136354088,-254.31657620780302,117.66046801324072,0.05905847883778209,5.1159158298426175E-5
708.0137927084754,-326.83286089803545,172.9390247268524,708.0137927084754,-124.48117718774301,26.126913170585453,727.3388101223175,-246.48133826057483,114.64162641087904,0.07644869566605521,2.0429873788208483E-4
708.0137927084754,-326.83286089803545,172.9390247268524,708.0137927084754,-122.75561263456689,28.535157946178515,733.6397264589259,-240.11738969908234,111.5796646933874,0.09308405533060649,1.470488857398766E-4
708.0137927084754,-326.83286089803545,172.9390247268524,708.0137927084754,-126.47328091242599,23.41966575287148,736.4737495298886,-241.429334947068,109.20620768249873,0.09248452788688845,1.802366581002992E-5
708.0137927084754,-326.83286089803545,172.9390247268524,708.0137927084754,-127.9131060814679,21.509400334144345,737.5832927933694,-242.03106813376067,108.38282397160765,0.09186106421497874,2.814918283666992E-6
708.0137927084754,-326.83286089803545,172.9390247268524,708.0137927084754,-129.9448978155434,18.876926879175244,744.91523286664,-241.2876566311371,106.00108995506255,0.09284634753328828,1.1243190432800197E-5
708.0137927084754,-326.83286089803545,172.9390247268524,708.0137927084754,-133.4463150032846,14.504041636319585,751.516752356497,-241.33617533573243,102.89451429471404,0.09288760157615358,1.0853373387241664E-5
708.0137927084754,-326.83286089803545,172.9390247268524,708.0137927084754,-135.17980771772835,12.41143455411489,756.4719151315413,-242.1458384065993,102.00561973348206,0.08809506887746207,3.868419058657014E-6
708.0137927084754,-326.83286089803545,172.9390247268524,708.0137927084754,-136.19591966741444,11.20604528780055,762.7437558810077,-243.0068183387078,101.8225059126743,0.08059435420022484,1.4305062614245696E-6
708.0137927084754,-326.83286089803545,172.9390247268524,708.0137927084754,-137.20276531636983,10.026696004657879,769.06703579652,-244.0736896322671,101.84013468690665,0.07246088002109104,1.6170028061336802E-6
708.0137927084754,-326.83286089803545,172.9390247268524,708.0137927084754,-138.49934177250944,8.529518998639901,777.3358884379163,-245.63032964081967,102.05165380176305,0.06183524362243998,4.080644627883342E-6
708.0137927084754,-326.83286089803545,172.9390247268524,708.0137927084754,-139.85699443821707,6.987148083048908,797.2574418216614,-249.2591055827259,104.08783811850262,0.03869278134873229,3.203257590633739E-5
708.0137927084754,-326.83286089803545,172.9390247268524,708.0137927084754,-141.08189388668904,5.61724415316354,808.0034471299509,-251.90857893519,105.44831677558429,0.028250752582552913,2.099234368699263E-5
708.0137927084754,-326.83286089803545,172.9390247268524,708.0137927084754,-146.12196841788904,0.18609902361296804,800.3402200812528,-253.08138164726466,102.43533985953229,0.03449901129432629,2.3686914184901638E-5
708.0137927084754,-326.83286089803545,172.9390247268524,708.0137927084754,-149.17130367999107,-2.948357102713601,787.0151275894448,-252.6338967324237,99.48103107919943,0.047637331314656604,1.2331388178706168E-5
708.0137927084754,-326.83286089803545,172.9390247268524,708.0137927084754,-154.31898684075506,-8.000090054194317,762.622522518129,-250.02266393803555,92.37756774232236,0.0842447576698599,1.0011690912830225E-4
708.0137927084754,-326.83286089803545,172.9390247268524,708.0137927084754,-153.4806812460178,-7.1970954986442734,727.448928753986,-241.0000977328471,83.74729390553767,0.168447678307401,3.1122629787632967E-4
708.0137927084754,-326.83286089803545,172.9390247268524,708.0137927084754,-153.25131656651396,-6.976087110602862,681.8232378527392,-227.92820378778126,70.42557772553332,0.29087741702124625,6.667752252738779E-4
708.0137927084754,-326.83286089803545,172.9390247268524,708.0137927084754,-155.13614704993145,-8.775692491545414,644.6531585610982,-217.8415519326392,57.58839020375194,0.2867785826521822,5.814271903859794E-4
708.0137927084754,-326.83286089803545,172.9390247268524,708.0137927084754,-154.60625283422306,-8.273545131957178,628.7726309302843,-212.36047904323237,52.494020746503764,0.2502163364103765,1.5013110675573345E-4
708.0137927084754,-326.83286089803545,172.9390247268524,708.0137927084754,-153.74480294886985,-7.450897927896506,622.3004701335099,-209.91300833900067,51.08681025389777,0.22970795525494536,2.0665324302224167E-5
708.0137927084754,-326.83286089803545,172.9390247268524,708.0137927084754,-152.89193965383978,-6.628667012838093,648.1044248638581,-217.2271611416177,59.78771814533536,0.2958022247664851,3.1532046983219573E-4
708.0137927084754,-326.83286089803545,172.9390247268524,708.0137927084754,-142.19295109665677,4.391987646579935,705.5243415507523,-228.31611805687425,83.00881881124661,0.24013508309700476,9.134953202879048E-4
708.0137927084754,-326.83286089803545,172.9390247268524,708.0137927084754,-125.26893838483653,25.047222583890004,771.3144647585722,-243.01781588919556,111.44211645826508,0.059806263758852375,0.001195608308099251
708.0137927084754,-326.83286089803545,172.9390247268524,708.0137927084754,-114.98523811746202,40.196474193047095,826.1508614020062,-260.29636295582617,131.24762255528142,0.007388440353782209,0.0011650972591090109
708.0137927084754,-326.83286089803545,172.9390247268524,708.0137927084754,-125.03853478560376,25.361757003027236,865.1132662885427,-277.8001093606893,137.08013988966894,4.950254385247624E-5,6.722224033500297E-4
708.0137927084754,-326.83286089803545,172.9390247268524,708.0137927084754,-141.85797787814826,4.7596780407058645,877.061458213925,-285.73299867851813,135.57098932592766,1.623388363508614E-4,1.3315531319506573E-4
708.0137927084754,-326.83286089803545,172.9390247268524,708.0137927084754,-154.78048204933526,-8.43897540685549,877.3012785733981,-288.4794773443888,132.5068025520061,1.6318997928335363E-4,5.13945292666782E-5
708.0137927084754,-326.83286089803545,172.9390247268524,708.0137927084754,-156.80152213828265,-10.334933705779747,863.4142692827064,-285.7162307516543,128.62009140959333,7.323503874377987E-5,5.719477294792989E-5
708.0137927084754,-326.83286089803545,172.9390247268524,708.0137927084754,-153.1885626930928,-6.915521228797417,837.4092140927695,-279.6450273580983,124.06355652150128,0.0026126685665159707,1.1495437838593005E-4
708.0137927084754,-326.83286089803545,172.9390247268524,708.0137927084754,-154.12680347177707,-7.816660462515699,786.332590733512,-267.3540088462844,110.68793280159198,0.026002297870007653,5.175578804825236E-4
708.0137927084754,-326.83286089803545,172.9390247268524,708.0137927084754,-155.25222002049242,-8.885296187737026,731.6232079548286,-251.44931340291953,93.05494071055296,0.1057714944343518,0.001005025561172431
708.0137927084754,-326.83286089803545,172.9390247268524,708.0137927084754,-154.68726907136582,-8.350509484711068,678.0888472969472,-233.15557984002226,74.28584128482433,0.23117472409102036,0.001372742737173796
708.0137927084754,-326.83286089803545,172.9390247268524,708.0137927084754,-151.1479033591994,-4.922707229679958,632.2348732719922,-215.20128198348428,59.92430653508379,0.22593380580634453,0.0011373392796101118
708.0137927084754,-326.83286089803545,172.9390247268524,708.0137927084754,-148.29186971912492,-2.055587958373394,609.3951913488306,-205.01156358027148,53.537476655621816,0.17437812701660182,3.6305557890561294E-4
708.0137927084754,-326.83286089803545,172.9390247268524,708.0137927084754,-146.41665388389902,-0.12163587119411545,595.4892249132116,-198.08016873024275,49.43556387319842,0.1404719470932696,1.7260073494356753E-4
708.0137927084754,-326.83286089803545,172.9390247268524,708.0137927084754,-146.2253461934226,0.07802382664050356,620.8590312897776,-205.42370339919736,56.73727909060287,0.2181526103559739,2.570210474506226E-4
708.0137927084754,-326.83286089803545,172.9390247268524,708.0137927084754,-138.45378050340105,8.581724707437814,675.8937735396064,-218.56655383221505,78.4786532507108,0.2874231535275401,0.0010351980279669649
708.0137927084754,-326.83286089803545,172.9390247268524,708.0137927084754,-126.73508500412407,23.06948118210812,740.7258296600982,-237.64718190569454,106.1405961006553,0.10493459361564413,0.0017397579277924173
708.0137927084754,-326.83286089803545,172.9390247268524,708.0137927084754,-111.43296721963341,46.04187817369659,807.191452278577,-257.66304205620065,132.18945661549333,0.013568296643731098,0.0014342559599443765
708.0137927084754,-326.83286089803545,172.9390247268524,708.0137927084754,-113.95963011669053,41.847500909664774,850.9502422897414,-275.48522504496106,141.3181402986753,5.070777949071609E-4,8.395755054025353E-4
708.0137927084754,-326.83286089803545,172.9390247268524,708.0137927084754,-138.46103315504598,8.573412408565162,869.1621300232201,-286.96419698016416,138.15124655593746,5.9517711124930696E-5,3.17801505021541E-4
708.0137927084754,-326.83286089803545,172.9390247268524,708.0137927084754,-149.1508059817358,-2.927650230972091,859.1168740209221,-284.89000523112793,131.42469978362877,1.2956184364183113E-4,1.1017785332032927E-4
708.0137927084754,-326.83286089803545,172.9390247268524,708.0137927084754,-153.4190707364787,-7.137784945585906,834.0122635194798,-278.44056048039477,122.68736328862167,0.0034386641699155024,2.83432954538406E-4
708.0137927084754,-326.83286089803545,172.9390247268524,708.0137927084754,-155.49055835528154,-9.109911988931145,804.2416307139243,-270.221049465981,112.78972170118348,0.01595779416291475,3.874686625392265E-4
708.0137927084754,-326.83286089803545,172.9390247268524,708.0137927084754,-157.7797270750563,-11.237624022737691,756.8400224650148,-256.1475131124638,95.93015670741644,0.07272783232697214,9.853011751433831E-4
708.0137927084754,-326.83286089803545,172.9390247268524,708.0137927084754,-155.19842098892522,-8.834513053227226,708.0149734741335,-237.60791089616552,78.44321824023282,0.21531019976924065,0.0014179007835063676
708.0137927084754,-326.83286089803545,172.9390247268524,708.0137927084754,-149.72969030813837,-3.510591217773026,653.895146625048,-215.30978864935196,61.82750028773282,0.32558413568265043,0.0015447915833988021
708.0137927084754,-326.83286089803545,172.9390247268524,708.0137927084754,-145.99122707560417,0.32296673561657485,612.5011740630399,-198.56722570379702,50.50754777663107,0.21540618489514432,8.828414381020685E-4
708.0137927084754,-326.83286089803545,172.9390247268524,708.0137927084754,-145.01028927964686,1.356530135836664,593.8728726608057,-191.25282198099154,44.99472668360181,0.15324923249523845,2.210470727746167E-4
708.0137927084754,-326.83286089803545,172.9390247268524,708.0137927084754,-146.8687976314751,-0.5917677354350417,618.8585580074433,-200.98008459854313,51.58517436128378,0.2402967254076394,3.36593807088367E-4
708.0137927084754,-326.83286089803545,172.9390247268524,708.0137927084754,-140.5105861492168,6.253662644797515,675.2916365237658,-217.05175700369486,74.72799184275615,0.3197371712069401,0.00143042714151098
708.0137927084754,-326.83286089803545,172.9390247268524,708.0137927084754,-128.45305101941437,20.80273374891985,736.405113765218,-235.08311426440213,102.57669219136642,0.12358162949727468,0.001815327039028753
708.0137927084754,-326.83286089803545,172.9390247268524,708.0137927084754,-114.47207514993514,41.01898577730748,795.5430544726472,-254.54012353782602,128.03025922793137,0.02112689961395757,0.0016876644890038396
708.0137927084754,-326.83286089803545,172.9390247268524,708.0137927084754,-113.42703768341963,42.71631312057329,838.1309455999885,-272.3971834994605,139.72174221700206,0.0018527608521109495,0.0010278565079745224
708.0137927084754,-326.83286089803545,172.9390247268524,708.0137927084754,-134.41752619049234,13.325933254429174,865.8476154613442,-287.49085070176204,140.3038925960835,4.338573030551202E-5,3.325989117255241E-4
708.0137927084754,-326.83286089803545,172.9390247268524,708.0137927084754,-152.11015728295203,-5.868069208024025,868.897034974154,-290.6573004274362,135.91780936457573,7.938038463363988E-5,8.715575930128134E-5
708.0137927084754,-326.83286089803545,172.9390247268524,708.0137927084754,-160.92378143300084,-14.07481794546112,855.2223743054548,-287.39643356768227,128.48601564442234,2.6752375797040485E-4,1.6734513785346007E-4
708.0137927084754,-326.83286089803545,172.9390247268524,708.0137927084754,-165.09490039114237,-17.69369054277459,832.5360276580498,-281.3361567676217,119.31425898220218,0.0037877890897687412,3.081448345376038E-4
708.0137927084754,-326.83286089803545,172.9390247268524,708.0137927084754,-169.49013096539983,-21.337235627689324,808.7094696899903,-275.06863301747353,109.02402454170581,0.014171101856124118,3.7055807463923603E-4
708.0137927084754,-326.83286089803545,172.9390247268524,708.0137927084754,-170.01333835045097,-21.759812835028356,769.0656928445618,-262.35085957541133,92.8815771767932,0.059415492712672886,9.963186112852027E-4
708.0137927084754,-326.83286089803545,172.9390247268524,708.0137927084754,-175.52503316702914,-26.073390130422553,733.3746611034139,-250.27938942878927,72.24964565594942,0.1773745523488512,0.0015308826184620495
708.0137927084754,-326.83286089803545,172.9390247268524,708.0137927084754,-179.8698938434372,-29.303122993421454,717.5975552508712,-240.012086871611,53.46117151150892,0.37714012273271985,0.001492942223588491
708.0137927084754,-326.83286089803545,172.9390247268524,708.0137927084754,-180.11427765497766,-29.480483550264836,714.6721730752181,-236.92374588432656,48.89639530371923,0.45652513732301936,9.262829118642432E-5
708.0137927084754,-326.83286089803545,172.9390247268524,708.0137927084754,-177.4130883768138,-27.494833639707934,717.2405392105599,-236.11977105715417,51.25516525920446,0.4322328727934764,1.6640285734730605E-5
708.0137927084754,-326.83286089803545,172.9390247268524,708.0137927084754,-174.79937822756307,-25.519585938160446,720.5533717128245,-236.44829876548954,54.954523475442244,0.38482413088408335,2.9073199665150215E-5
708.0137927084754,-326.83286089803545,172.9390247268524,708.0137927084754,-173.9498207693791,-24.865869148449974,723.6217473591424,-237.40657747304462,57.23648187018787,0.3510297237756127,1.684890977227526E-5
708.0137927084754,-326.83286089803545,172.9390247268524,708.0137927084754,-173.58691592065185,-24.58484812903484,724.6352224758836,-237.62744436891398,57.959151326906465,0.341338298746562,1.465414145793225E-6
708.0137927084754,-326.83286089803545,172.9390247268524,708.0137927084754,-174.78845406470754,-25.511216771366662,723.0301661950983,-235.5491475510327,53.79439234044054,0.39936203251828195,6.348801479576238E-5
708.0137927084754,-326.83286089803545,172.9390247268524,708.0137927084754,-179.58858381874836,-29.09840464552437,721.8739987204008,-235.58126097406722,47.73050022285628,0.4714955263857833,7.313694382185579E-5
708.0137927084754,-326.83286089803545,172.9390247268524,708.0137927084754,-180.83267149769603,-29.999253316164953,721.6372818987705,-235.82542923732387,46.439932183213216,0.48653147539758207,4.197845543604393E-6
708.0137927084754,-326.83286089803545,172.9390247268524,708.0137927084754,-180.95088825525386,-30.084249943444263,728.6476080678517,-238.03819218886514,49.363890061356784,0.41349120365297265,3.845957580413448E-5
708.0137927084754,-326.83286089803545,172.9390247268524,708.0137927084754,-180.84760864410907,-30.009998735586237,747.7962983630358,-243.80790850773266,57.517550636313075,0.2537286945908497,2.6966027164363675E-4
708.0137927084754,-326.83286089803545,172.9390247268524,708.0137927084754,-180.2997600602533,-29.61479616740857,767.6601575392978,-250.01483564490366,66.75288357776856,0.14187180605913938,3.3886439796651486E-4
708.0137927084754,-326.83286089803545,172.9390247268524,708.0137927084754,-183.215240497107,-31.69230012439027,776.923450161573,-254.6682492885355,70.11640421689805,0.10557768681634214,8.43090898801968E-5
708.0137927084754,-326.83286089803545,172.9390247268524,708.0137927084754,-187.07538980656395,-34.347852026396254,779.4420130856107,-257.1114460755175,69.52892286604867,0.09883266128943485,1.0035160504472178E-5
708.0137927084754,-326.83286089803545,172.9390247268524,708.0137927084754,-188.4526026405522,-35.269774617921314,780.9013974182436,-258.27919259069876,69.7922525739065,0.09414541181254286,2.1887349705552503E-6
708.0137927084754,-326.83286089803545,172.9390247268524,708.0137927084754,-187.50756304873417,-34.63857854287295,780.1159974275827,-257.6230026355883,69.82482563649515,0.09628658783914767,4.505758868427647E-7
708.0137927084754,-326.83286089803545,172.9390247268524,708.0137927084754,-187.34700917134495,-34.530725280419034,779.3201450869641,-257.2129345923081,69.38709793734807,0.09920029981877512,1.030515644805191E-6
708.0137927084754,-326.83286089803545,172.9390247268524,708.0137927084754,-198.2444672385754,-41.45552981238893,797.1345849503767,-266.1873976133615,71.82525609096086,0.059447164895578816,1.0994974804329953E-4
708.0137927084754,-326.83286089803545,172.9390247268524,708.0137927084754,-198.25868955706238,-41.464059355401645,823.5835620891844,-271.5896029858741,80.81846312736795,0.02408305386772572,2.5822687695638307E-4
708.0137927084754,-326.83286089803545,172.9390247268524,708.0137927084754,-198.9155240283824,-41.85658725853176,838.6728653254702,-278.36095776425134,91.54621001928291,0.009883100133633886,4.836343338199838E-4
708.0137927084754,-326.83286089803545,172.9390247268524,708.0137927084754,-194.09650970635377,-38.912482400943475,827.8905138198562,-278.08225981039146,95.13148955595514,0.0123793490310254,2.6101619917806585E-5
708.0137927084754,-326.83286089803545,172.9390247268524,708.0137927084754,-192.12639184942333,-37.665265819316915,808.2980277079471,-275.1980707867957,92.21158516377045,0.023711795743559007,3.153384162459176E-5
708.0137927084754,-326.83286089803545,172.9390247268524,708.0137927084754,-191.08068240730003,-36.992740461314156,770.286012999604,-266.06679138772995,78.96831738593221,0.07768041226500003,5.53554337346905E-4
708.0137927084754,-326.83286089803545,172.9390247268524,708.0137927084754,-189.2755260805733,-35.814369587866736,731.6009668366626,-252.93369787957548,60.791598073148805,0.22929836671770293,0.0012621783231465417
708.0137927084754,-326.83286089803545,172.9390247268524,708.0137927084754,-188.46229185781593,-35.2762139649538,700.6547351965576,-240.73329955603796,43.379387584123066,0.4935117785765342,0.0012668292067413102
708.0137927084754,-326.83286089803545,172.9390247268524,708.0137927084754,-188.15073272325228,-35.06882927129115,688.3195874782326,-233.58533757620813,33.078052934078954,0.7111955571410897,4.8476864666714367E-4
708.0137927084754,-326.83286089803545,172.9390247268524,708.0137927084754,-191.24800728283077,-37.10084641704145,708.7243460950672,-238.24464655938996,35.70351037239263,0.6525593691390086,4.547583248054012E-5
708.0137927084754,-326.83286089803545,172.9390247268524,708.0137927084754,-187.90167393383481,-34.9025622780546,748.4952532095771,-245.69419107751685,51.55526438145779,0.2825177146752405,6.394981758156434E-4
708.0137927084754,-326.83286089803545,172.9390247268524,708.0137927084754,-187.4833078268322,-34.62229647451187,794.8220242895703,-259.24186519506554,72.26215809739398,0.06836343789673693,0.0013931518267389597
708.0137927084754,-326.83286089803545,172.9390247268524,708.0137927084754,-181.6541212853379,-30.587714461069936,817.6486526667666,-265.2485473548242,86.60369385117272,0.02674954768857489,6.494876858706504E-4
708.0137927084754,-326.83286089803545,172.9390247268524,708.0137927084754,-187.51569672559822,-34.644037604712054,806.4364330370331,-265.5066310860199,81.56272761911922,0.03906388431167333,5.005625655459264E-5
708.0137927084754,-326.83286089803545,172.9390247268524,708.0137927084754,-190.20949551118315,-36.42681783198202,775.613291029428,-259.63523301198177,69.96331526103543,0.09983724105921311,3.834188662227525E-4
708.0137927084754,-326.83286089803545,172.9390247268524,708.0137927084754,-192.37214901247214,-37.822254827119565,746.3744503403286,-254.23607758995735,59.14674498245398,0.2070957053384527,3.3435101905245084E-4
708.0137927084754,-326.83286089803545,172.9390247268524,708.0137927084754,-192.1114850042943,-37.655730377108625,722.9091986595208,-248.26113246872188,50.1166901352195,0.34734853537642446,2.978824691869112E-4
708.0137927084754,-326.83286089803545,172.9390247268524,708.0137927084754,-192.24926323049385,-37.74380617984792,727.5350403566854,-248.0257262487952,49.57101769406242,0.34533572502238474,8.724266434815942E-7
708.0137927084754,-326.83286089803545,172.9390247268524,708.0137927084754,-188.1223173061838,-35.049881459157945,744.3624555518148,-249.2641769604136,56.629007415219235,0.24480711846623354,1.0959360016363417E-4
708.0137927084754,-326.83286089803545,172.9390247268524,708.0137927084754,-182.9411989318753,-31.499693760170743,779.0798753033552,-254.99121593696327,70.8676911335593,0.09969888128276043,4.972195489438844E-4
708.0137927084754,-326.83286089803545,172.9390247268524,708.0137927084754,-183.0189861516484,-31.554421208293633,809.1582069029722,-262.2613178116671,81.1227282925409,0.03935214341054201,3.652804108722833E-4
708.0137927084754,-326.83286089803545,172.9390247268524,708.0137927084754,-194.30720590016452,-39.04434907256916,830.2027982775004,-272.30707095451413,85.72149004278,0.017324189347348622,2.1285121104662274E-4
708.0137927084754,-326.83286089803545,172.9390247268524,708.0137927084754,-199.25098882240684,-42.05601223372008,827.0566352789905,-273.812955835903,83.59234668373631,0.019582682542850206,1.996274195431378E-5
708.0137927084754,-326.83286089803545,172.9390247268524,708.0137927084754,-200.76203557246862,-42.94554397070502,811.263142567269,-271.7276148145377,78.57641344872883,0.03433160007834906,7.257614636708894E-5
708.0137927084754,-326.83286089803545,172.9390247268524,708.0137927084754,-201.09585490023733,-43.140139753922284,782.8428816006813,-265.37257943742225,67.31947254032181,0.08696658328701223,4.061732689889541E-4
708.0137927084754,-326.83286089803545,172.9390247268524,708.0137927084754,-200.15592906812188,-42.590451081352114,753.5423292151,-258.5178364007053,56.707117251356465,0.1905552035287763,3.759070657207985E-4
708.0137927084754,-326.83286089803545,172.9390247268524,708.0137927084754,-195.4551425635321,-39.75769627565839,729.0606161033322,-250.26262363167163,48.974028231227976,0.3346002842848575,2.9601966358652846E-4
708.0137927084754,-326.83286089803545,172.9390247268524,708.0137927084754,-189.82672115461128,-36.17653584338669,722.5068603815348,-245.49366311103978,48.789172950756836,0.3790162887291839,2.1093814782431367E-5
708.0137927084754,-326.83286089803545,172.9390247268524,708.0137927084754,-183.7386232516388,-32.05863172901195,740.0039456321873,-245.25715087945886,56.07317706878297,0.27759935652177997,9.119051758673104E-5
708.0137927084754,-326.83286089803545,172.9390247268524,708.0137927084754,-180.37249389100046,-29.66739396753303,762.1080959862416,-248.68624382643412,64.83465122628516,0.16397538696866987,2.0520492522407998E-4
708.0137927084754,-326.83286089803545,172.9390247268524,708.0137927084754,-183.33122691761574,-31.773654521282197,787.8545847517746,-257.65275130772943,74.24993532705173,0.07605394043144438,4.235516670931739E-4
708.0137927084754,-326.83286089803545,172.9390247268524,708.0137927084754,-188.01489238995146,-34.9781982713605,813.0312546833221,-267.65930890772165,84.31072439230351,0.03032389260236458,5.147345365994946E-4
708.0137927084754,-326.83286089803545,172.9390247268524,708.0137927084754,-197.54857788237376,-41.03661445930891,826.0819714024979,-276.14143456407606,89.04073409122131,0.01642475533226605,2.025244186424802E-4
708.0137927084754,-326.83286089803545,172.9390247268524,708.0137927084754,-211.94156845289245,-49.096987938401156,834.3063169064111,-283.3982535158378,88.99839850899792,0.011299646173521393,2.994442101937674E-5
708.0137927084754,-326.83286089803545,172.9390247268524,708.0137927084754,-222.03647253130438,-54.036121457238124,838.5745006998245,-288.0656043971429,88.97426364507038,0.009047576267997605,1.0836826681384313E-5
708.0137927084754,-326.83286089803545,172.9390247268524,708.0137927084754,-233.51523062898366,-58.991611198996225,842.5831294441971,-293.17722171590816,89.2916606060939,0.007092722904055157,1.3523567070384908E-5
708.0137927084754,-326.83286089803545,172.9390247268524,708.0137927084754,-247.42223517246163,-64.11361187918251,844.5281413351286,-298.81107252121143,89.28978060556793,0.006018171031242077,8.879536763814832E-6
708.0137927084754,-326.83286089803545,172.9390247268524,708.0137927084754,-264.0527284238994,-69.04993156357409,842.9949768892204,-304.8940914718172,88.37501209221784,0.006140903663469109,1.644847949984016E-5
708.0137927084754,-326.83286089803545,172.9390247268524,708.0137927084754,-251.2989614279938,-65.37721481810527,829.5925738689892,-298.72437010328275,84.25421072295774,0.012336240687129688,8.887328465634395E-5
708.0137927084754,-326.83286089803545,172.9390247268524,708.0137927084754,-241.91360485869225,-62.19651055806466,812.5153836916375,-291.49873652838767,75.10128291206644,0.02830297000365485,3.478051023137627E-4
708.0137927084754,-326.83286089803545,172.9390247268524,708.0137927084754,-229.12164838235304,-57.175118577541525,788.9892610136271,-279.2391100956981,60.85367740026075,0.0772362207225701,9.346923095061647E-4
708.0137927084754,-326.83286089803545,172.9390247268524,708.0137927084754,-212.17611338488916,-49.21819493910087,773.6537619540394,-265.0205577139059,53.172419495348805,0.14393913045295545,5.239467531558864E-4
708.0137927084754,-326.83286089803545,172.9390247268524,708.0137927084754,-195.25928007660212,-39.63659200711297,765.5729039935461,-250.4401220804881,49.51581569998751,0.21828539508421757,3.472557717025618E-4
708.0137927084754,-326.83286089803545,172.9390247268524,708.0137927084754,-181.02126580710402,-30.134801102667694,757.5294992261939,-237.03371097539087,47.87450623188778,0.31701337862260764,2.4527073548113115E-4
708.0137927084754,-326.83286089803545,172.9390247268524,708.0137927084754,-176.5790346307615,-26.87035366176042,753.6210045063237,-233.26256773709991,48.508102888831104,0.3530269411341493,2.2355451934007858E-5
708.0137927084754,-326.83286089803545,172.9390247268524,708.0137927084754,-178.00145584761668,-27.932110259531754,759.041379343648,-238.9537527288439,54.332496799788004,0.2580885037527608,2.0096507632915597E-4
708.0137927084754,-326.83286089803545,172.9390247268524,708.0137927084754,-181.52862461512447,-30.498137360707148,776.9167927464805,-250.1471672281282,65.5731261680047,0.12618982067095305,7.438775334176222E-4
708.0137927084754,-326.83286089803545,172.9390247268524,708.0137927084754,-191.28453566935946,-37.124421707078795,805.3784329801263,-267.562223318042,81.08547816782854,0.03907181270030324,0.0014841055834948953
708.0137927084754,-326.83286089803545,172.9390247268524,708.0137927084754,-211.0034669433362,-48.60905469629921,828.8621826829193,-285.1166264527597,93.14795178269662,0.011206509936536813,0.0010303204223959844
708.0137927084754,-326.83286089803545,172.9390247268524,708.0137927084754,-237.81717984014315,-60.67648958202133,842.9710066528164,-297.3032891753162,95.44070079854052,0.0049434100230684765,1.0524128695605323E-4
708.0137927084754,-326.83286089803545,172.9390247268524,708.0137927084754,-247.04373483826993,-63.98648120828082,844.2520143469551,-299.51802477918176,91.8304616107811,0.005359367924324539,5.1649095956936136E-5
708.0137927084754,-326.83286089803545,172.9390247268524,708.0137927084754,-249.30237850180964,-64.73517307216937,841.1573144428282,-298.70267737567,86.70431295956266,0.007657745464495659,7.982533804385632E-5
708.0137927084754,-326.83286089803545,172.9390247268524,708.0137927084754,-246.08894938487606,-63.66279427197753,835.4365618061877,-295.478551051881,81.06229242556901,0.012033500797624531,1.231768946328124E-4
708.0137927084754,-326.83286089803545,172.9390247268524,708.0137927084754,-239.35157203090318,-61.255390445980765,828.2655068239739,-290.55875029852945,75.8303260808072,0.018797180081092397,1.3093353574215888E-4
708.0137927084754,-326.83286089803545,172.9390247268524,708.0137927084754,-219.39582691687292,-52.79817586119981,811.0690313164592,-277.2799957593536,68.82292394651432,0.041283610269220936,4.073932294612015E-4
708.0137927084754,-326.83286089803545,172.9390247268524,708.0137927084754,-206.84366630347196,-46.38400913085252,794.4894492070409,-265.2072732680498,60.29629145456249,0.0837948117127216,5.179078912356412E-4
708.0137927084754,-326.83286089803545,172.9390247268524,708.0137927084754,-195.30547230142258,-39.66517572308132,778.8058713289461,-252.19402973480055,52.290928605632814,0.1603456133563366,5.558048004498814E-4
708.0137927084754,-326.83286089803545,172.9390247268524,708.0137927084754,-188.84727923262977,-35.53154694325087,758.317450392169,-242.78826325775876,45.96325592270543,0.29833486067128673,2.899869512037999E-4
708.0137927084754,-326.83286089803545,172.9390247268524,708.0137927084754,-185.02415019478389,-32.949997731076365,742.765284197994,-237.19067142731728,42.78945443891516,0.43723908772056713,8.543955753659577E-5
708.0137927084754,-326.83286089803545,172.9390247268524,708.0137927084754,-183.61870213938104,-31.97487116859665,736.7858865665446,-236.22589383027136,43.29662918400098,0.46891846043973656,2.3768921325693682E-6
708.0137927084754,-326.83286089803545,172.9390247268524,708.0137927084754,-183.67022867994325,-32.01087338580163,747.7582860968078,-241.62540249908872,50.95705466430826,0.31006633965305447,2.6341040750506013E-4
708.0137927084754,-326.83286089803545,172.9390247268524,708.0137927084754,-184.23122637395278,-32.40160406116888,769.6202799335043,-249.74343536529145,61.93334681417966,0.15484877414947446,5.205890342554112E-4
708.0137927084754,-326.83286089803545,172.9390247268524,708.0137927084754,-187.24354360055952,-34.46112593949735,795.5568731345163,-259.8017444737644,73.34498762657333,0.06514379698533386,6.123997220496203E-4
708.0137927084754,-326.83286089803545,172.9390247268524,708.0137927084754,-197.2604899178717,-40.86228649124752,821.1984210831799,-273.7283372570686,85.31373316072478,0.021789111539597637,8.55832736989296E-4
708.0137927084754,-326.83286089803545,172.9390247268524,708.0137927084754,-212.81317655591053,-49.54583224665535,842.5474838273539,-285.3363441146113,91.9675095474513,0.007365062356286602,3.290721479704416E-4
708.0137927084754,-326.83286089803545,172.9390247268524,708.0137927084754,-225.59796093955202,-55.64683448232057,852.6881957425423,-290.50337472067406,90.90795820843263,0.004575539734743377,2.3832507968725895E-5
708.0137927084754,-326.83286089803545,172.9390247268524,708.0137927084754,-228.6829885142752,-56.98836066047281,851.5522599270942,-290.3175405878466,87.39767941898444,0.005641632265677427,3.278099085295552E-5
708.0137927084754,-326.83286089803545,172.9390247268524,708.0137927084754,-226.5834087362323,-56.08072844142421,842.4503044229579,-286.9198628857875,81.75782866188501,0.010491975407282535,1.2505640405852952E-4
708.0137927084754,-326.83286089803545,172.9390247268524,708.0137927084754,-224.88443823341743,-55.329499420031254,831.2914886686661,-283.1891889298866,75.21827213322146,0.019312485973001184,1.631236496286271E-4
708.0137927084754,-326.83286089803545,172.9390247268524,708.0137927084754,-216.58010315262192,-51.43639596251626,810.172989340681,-273.82596941545273,65.06468381191985,0.048422830323498645,4.89268370648461E-4
708.0137927084754,-326.83286089803545,172.9390247268524,708.0137927084754,-206.1117938091793,-45.98202031205628,783.274127768831,-260.450770442818,52.55873846225998,0.13167105218379263,8.34941018975179E-4
708.0137927084754,-326.83286089803545,172.9390247268524,708.0137927084754,-197.665720954247,-41.10734865691168,762.5955274455466,-247.5409582024887,41.54226067319212,0.28900835280009474,7.620651989011247E-4
708.0137927084754,-326.83286089803545,172.9390247268524,708.0137927084754,-189.045895821755,-35.66287424597067,743.6601345110024,-237.00586393187533,36.94588389677895,0.5052430581567751,2.4539596595237275E-4
708.0137927084754,-326.83286089803545,172.9390247268524,708.0137927084754,-182.83265822181116,-31.423255621567876,722.4220860938287,-229.52411858473698,34.84035467362003,0.7617448761159679,7.8349666421163E-5
708.0137927084754,-326.83286089803545,172.9390247268524,708.0137927084754,-181.38815966341124,-30.39773752427348,718.9837641663657,-230.32582895558448,38.01883002007912,0.6963312753501606,2.755045598170702E-5
708.0137927084754,-326.83286089803545,172.9390247268524,708.0137927084754,-177.90756845415737,-27.862512295415854,741.0597419125226,-236.27609292812733,50.837950438352976,0.36914378138394943,5.343445011367963E-4
708.0137927084754,-326.83286089803545,172.9390247268524,708.0137927084754,-177.85544082835887,-27.823841135794453,775.5795548279491,-247.1416064741129,65.54661173666042,0.13555133599034713,8.280165826794116E-4
708.0137927084754,-326.83286089803545,172.9390247268524,708.0137927084754,-176.88956285056918,-27.103489181188365,820.4218946473114,-260.8876022539829,84.96006540520139,0.02824215764689608,0.00129648944982284
708.0137927084754,-326.83286089803545,172.9390247268524,708.0137927084754,-181.3011272430998,-30.33545596216291,852.2650456081401,-272.0465574934677,96.41511414223709,0.005760052416552071,6.119501142003315E-4
708.0137927084754,-326.83286089803545,172.9390247268524,708.0137927084754,-198.00626621933316,-41.312482860584055,879.6221663536684,-282.0357051787953,98.43687575354667,5.773015533358821E-4,8.38650262086035E-5
708.0137927084754,-326.83286089803545,172.9390247268524,708.0137927084754,-209.1219918456908,-47.61516658889147,891.4047608827674,-286.62830334496067,97.60797204060887,3.8481224940250135E-5,2.0062960124288632E-5
708.0137927084754,-326.83286089803545,172.9390247268524,708.0137927084754,-218.03374409120352,-52.14485337651894,894.7999441016622,-289.0746628863131,94.82477262531512,1.1182685564224348E-5,3.800347615581553E-5
708.0137927084754,-326.83286089803545,172.9390247268524,708.0137927084754,-220.46984006788134,-53.30621345482558,884.527511060469,-287.5242383876161,89.32548504876343,5.856958199264339E-4,9.015745811683921E-5
708.0137927084754,-326.83286089803545,172.9390247268524,708.0137927084754,-219.22727541924172,-52.71787849962993,863.4271367967415,-283.1715141074293,81.37793834247165,0.004868352480488223,2.0723316246360485E-4
708.0137927084754,-326.83286089803545,172.9390247268524,708.0137927084754,-220.86835588706117,-53.49313658814103,826.7576540023337,-277.9999279224549,68.58949225023906,0.028183772213988698,3.8498719183433264E-4
708.0137927084754,-326.83286089803545,172.9390247268524,708.0137927084754,-207.96655015901268,-46.994602013794236,783.5057758363442,-263.4065105471361,55.58376084368851,0.11748487493554932,6.743333196754633E-4
708.0137927084754,-326.83286089803545,172.9390247268524,708.0137927084754,-201.1199294635237,-43.15414700733672,742.2515661598683,-247.01556227469223,35.737759734012485,0.44962737089627175,0.001642859738843387
708.0137927084754,-326.83286089803545,172.9390247268524,708.0137927084754,-193.15696442262436,-38.320897410535395,703.9995899117102,-229.2857073544632,18.776572065616108,1.0,0.0014694335684784187
708.0137927084754,-326.83286089803545,172.9390247268524,708.0137927084754,-187.55344626020164,-34.669367825429475,676.4813407864068,-215.12065844519287,6.422021191071053,1.0,9.139242312890409E-4
708.0137927084754,-326.83286089803545,172.9390247268524,708.0137927084754,-187.5603815149213,-34.67402035095586,671.7606965513631,-212.36128233722172,2.296604162926343,1.0,7.395188151775975E-5
708.0137927084754,-326.83286089803545,172.9390247268524,708.0137927084754,-190.55720699693796,-36.653308515154094,683.0406738292573,-217.68860833565938,5.0748619094394485,1.0,7.511852437237105E-5
708.0137927084754,-326.83286089803545,172.9390247268524,708.0137927084754,-193.57390179782053,-38.58414142647288,709.2370307413884,-228.41143216025935,16.713789556793955,1.0,6.548823112649781E-4
708.0137927084754,-326.83286089803545,172.9390247268524,708.0137927084754,-192.400839716389,-37.840556070285885,740.4671871118121,-238.98598477290577,35.201545506976345,0.5322786194999726,0.0012638039082644207
708.0137927084754,-326.83286089803545,172.9390247268524,708.0137927084754,-190.09350454761318,-36.35108116655152,796.2478620047494,-259.8441411802555,70.40763495294976,0.06882472844330505,0.004416627152859979
708.0137927084754,-326.83286089803545,172.9390247268524,708.0137927084754,-180.69937226114465,-29.90328717776896,843.5812880646,-276.3765767127105,102.90258455331511,0.005708270772697726,0.0036223632834793285
708.0137927084754,-326.83286089803545,172.9390247268524,708.0137927084754,-180.87244414845543,-30.027861100094555,848.5737041390134,-277.89384339084324,104.88632797478027,0.004057310329713338,1.7931962193935918E-5
708.0137927084754,-326.83286089803545,172.9390247268524,708.0137927084754,-184.9056901357565,-32.86835657764533,828.9011750222788,-271.00439436269096,91.98264098317819,0.015343535866484738,6.181294861843473E-4
708.0137927084754,-326.83286089803545,172.9390247268524,708.0137927084754,-193.3766000029889,-38.459713272959874,792.655605893858,-260.9818090899068,68.62897471618743,0.0755233637267443,0.001737694693861723
708.0137927084754,-326.83286089803545,172.9390247268524,708.0137927084754,-192.59146961737002,-37.96201573295966,753.3442373964839,-244.3044128713066,43.282028547630745,0.33411065295020076,0.002658605163643481
708.0137927084754,-326.83286089803545,172.9390247268524,708.0137927084754,-191.44787322585748,-37.22972916630894,718.5713798550063,-228.7517950568071,20.68007975225956,1.0,0.002211919699512538
708.0137927084754,-326.83286089803545,172.9390247268524,708.0137927084754,-189.8383034347674,-36.18412374180309,693.0065522520999,-218.37274633689134,7.373902576806017,1.0,7.932935591959259E-4
708.0137927084754,-326.83286089803545,172.9390247268524,708.0137927084754,-191.1481533930169,-37.03635513773449,690.337289353027,-218.38921549470857,5.11984999323758,1.0,1.059928573106079E-5
708.0137927084754,-326.83286089803545,172.9390247268524,708.0137927084754,-194.95699976609862,-39.44919822985983,705.3902854144372,-226.53715023932253,11.411148630762739,1.0,2.6479011590994065E-4
708.0137927084754,-326.83286089803545,172.9390247268524,708.0137927084754,-196.59065251168218,-40.45490010383651,731.5727774966307,-236.76040808945913,25.360797498611817,0.8106072366033626,8.31520139644099E-4
708.0137927084754,-326.83286089803545,172.9390247268524,708.0137927084754,-192.80799405399642,-38.09968041378667,778.2250023003598,-251.58593973857316,54.45345424095294,0.1555314067169703,0.00281452266466316
708.0137927084754,-326.83286089803545,172.9390247268524,708.0137927084754,-188.1882650527438,-35.09384777866231,826.8526606441168,-268.0919175409417,84.79965581920428,0.02105440940278597,0.0031548657353833234
708.0137927084754,-326.83286089803545,172.9390247268524,708.0137927084754,-182.18279261802581,-30.963789737756088,828.5943705138549,-267.0197512475319,88.62477901208985,0.01844707117485438,4.214332841337184E-5
708.0137927084754,-326.83286089803545,172.9390247268524,708.0137927084754,-187.2989309256555,-34.498393273042126,811.6967107445311,-263.01569405863637,78.06555333638957,0.039573597288604385,3.4507464860454557E-4
708.0137927084754,-326.83286089803545,172.9390247268524,708.0137927084754,-188.71230012754978,-35.44214211038022,770.9240546868849,-249.7760526568587,56.68415633885439,0.17131777541088844,0.0016209340612453904
708.0137927084754,-326.83286089803545,172.9390247268524,708.0137927084754,-191.04698285149775,-36.97094483898499,729.6233685498589,-236.00020555514575,32.52177226356255,0.6789478814606376,0.002063596499439416
708.0137927084754,-326.83286089803545,172.9390247268524,708.0137927084754,-195.1647582995786,-39.57805872321342,713.4534470276859,-230.5255639759335,17.495561557478226,1.0,7.565090894844662E-4
708.0137927084754,-326.83286089803545,172.9390247268524,708.0137927084754,-202.27488863526884,-43.82193011923573,735.7316081688067,-240.7289476976546,23.09742003272757,0.7707664237173909,2.464006342844421E-4
708.0137927084754,-326.83286089803545,172.9390247268524,708.0137927084754,-203.03379995923473,-44.256261848780014,781.7267569992298,-255.8148501503015,48.34375656071859,0.15856029001047664,0.0021994916582229376
708.0137927084754,-326.83286089803545,172.9390247268524,708.0137927084754,-200.5542535390759,-42.8240706427722,835.5468424094711,-272.5586303596022,80.20458439137224,0.017314693140397623,0.003233835178532741
708.0137927084754,-326.83286089803545,172.9390247268524,708.0137927084754,-201.09289666280984,-43.13841832106084,883.0626512809699,-286.50930760960296,103.6451423707936,1.151855296823629E-4,0.0017554993341192563
708.0137927084754,-326.83286089803545,172.9390247268524,708.0137927084754,-214.1817991588481,-50.241929409099356,890.7726525320106,-291.77763980905394,103.48865675607229,3.5732559092772608E-6,1.6542133753049918E-5
708.0137927084754,-326.83286089803545,172.9390247268524,708.0137927084754,-212.3691121720925,-49.31769671842628,869.9352371613888,-285.41155089030013,92.51037668099991,0.0018304589119195077,4.476095639900743E-4
708.0137927084754,-326.83286089803545,172.9390247268524,708.0137927084754,-211.09671743746537,-48.65778277919978,841.444773001125,-278.43600023979207,80.27488805777696,0.013048893333635386,4.968778930717805E-4
708.0137927084754,-326.83286089803545,172.9390247268524,708.0137927084754,-210.11592680126773,-48.14276397373408,792.0278604645919,-265.73797015079543,57.214876972351135,0.09386923810215914,0.0015328436785258664
708.0137927084754,-326.83286089803545,172.9390247268524,708.0137927084754,-210.47431109763517,-48.3315966586984,755.0520895876883,-253.31812433191809,33.14137797993581,0.3695351705944901,0.002079308744555131
708.0137927084754,-326.83286089803545,172.9390247268524,708.0137927084754,-205.51928209195586,-45.6542404879321,730.2930576994246,-241.26700400272307,18.75908680295393,0.9284452843672327,9.872123048827329E-4
708.0137927084754,-326.83286089803545,172.9390247268524,708.0137927084754,-199.4823478978658,-42.19313660332537,718.4278947781975,-234.16711325491795,16.399548739707058,1.0,8.649825535412192E-5
708.0137927084754,-326.83286089803545,172.9390247268524,708.0137927084754,-199.16647397656038,-42.005837157343876,729.4359738482082,-238.89958943062166,24.89062023793798,0.8083251030870069,2.8440027132567024E-4
708.0137927084754,-326.83286089803545,172.9390247268524,708.0137927084754,-199.06265210822113,-41.944138284601934,766.0047118018608,-251.39876069486783,46.074412043587785,0.23219387112330597,0.0016509005096028496
708.0137927084754,-326.83286089803545,172.9390247268524,708.0137927084754,-199.4204834539948,-42.15650306035502,825.3630574434391,-271.50034296813436,79.52755728010112,0.023851289820015248,0.0036359302975372937
708.0137927084754,-326.83286089803545,172.9390247268524,708.0137927084754,-208.42169855490351,-47.23998570000103,869.4200483722036,-290.5641144231106,105.49929564851891,5.602986851624212E-4,0.0027948918437355496
708.0137927084754,-326.83286089803545,172.9390247268524,708.0137927084754,-236.2085584608297,-60.05718942215441,886.5609915305677,-301.2176692876806,107.08204696915308,2.690567288809691E-5,6.336888887622898E-5
708.0137927084754,-326.83286089803545,172.9390247268524,708.0137927084754,-238.67751972119197,-61.002497500379235,882.8166051260241,-299.3287169200833,99.95012554204342,6.933573075832187E-5,1.6663260109136554E-4
708.0137927084754,-326.83286089803545,172.9390247268524,708.0137927084754,-230.33503075872068,-57.68657831496938,865.2784350989727,-292.1925143039507,90.15010800919367,0.0023632784749954045,3.99052227858287E-4
708.0137927084754,-326.83286089803545,172.9390247268524,708.0137927084754,-224.7082809272003,-55.250743154576696,843.3590621036323,-284.7252881745509,78.85278957595779,0.011617806458116815,4.950870856603914E-4
708.0137927084754,-326.83286089803545,172.9390247268524,708.0137927084754,-217.70901667091468,-51.98760024470374,804.8082735306102,-271.3772157458549,58.63356574999432,0.06560154806001553,0.001501742644188163
708.0137927084754,-326.83286089803545,172.9390247268524,708.0137927084754,-211.99838753934984,-49.12637944145408,771.9776267686445,-258.09638274216024,40.017321371159795,0.22252471078586086,0.001427710759758986
708.0137927084754,-326.83286089803545,172.9390247268524,708.0137927084754,-203.98178352701098,-44.79386849045312,744.601692919092,-243.73822973753056,25.667752544514485,0.6054327824226364,0.0010883429603797145
708.0137927084754,-326.83286089803545,172.9390247268524,708.0137927084754,-196.89828376913408,-40.642354766617416,721.1592381384199,-232.80786050386186,18.384403972291125,1.0,3.663328663423624E-4
708.0137927084754,-326.83286089803545,172.9390247268524,708.0137927084754,-196.4453114944007,-40.36612514186194,718.9794962322761,-232.66011359821607,18.878824437693794,1.0,7.064951213250188E-7
708.0137927084754,-326.83286089803545,172.9390247268524,708.0137927084754,-199.7433739523658,-42.347440959884324,738.1389073190286,-240.91810364312042,27.401538627379153,0.6581623006318498,3.7101362210489E-4
708.0137927084754,-326.83286089803545,172.9390247268524,708.0137927084754,-196.2442485493718,-40.2430906694689,782.983128129765,-252.7670100105004,52.028675142340546,0.14848046566573822,0.001832744032413223
708.0137927084754,-326.83286089803545,172.9390247268524,708.0137927084754,-191.35616990424492,-37.17062806752301,832.4271165540812,-266.85875004179,79.92568408337098,0.02103261110592728,0.0023788369429928132
708.0137927084754,-326.83286089803545,172.9390247268524,708.0137927084754,-192.4338938938277,-37.86163387791069,865.4094904897945,-278.5616219407396,97.22706658697112,0.002351267424092259,0.0011753732856952842
708.0137927084754,-326.83286089803545,172.9390247268524,708.0137927084754,-206.38348881446132,-46.13162315796282,884.8277671058931,-286.58550474354456,99.73802553610932,1.5946209803987193E-4,8.370165109438902E-5
708.0137927084754,-326.83286089803545,172.9390247268524,708.0137927084754,-217.59381678027643,-51.9316742097549,895.0571805941058,-290.4552002219536,98.05490203999531,9.81648450050799E-7,2.6688577860658656E-5
708.0137927084754,-326.83286089803545,172.9390247268524,708.0137927084754,-227.61223866445536,-56.52833269807894,901.4617311204645,-293.54528605509745,95.95490930464058,7.036749224252129E-5,2.8254634483932225E-5
708.0137927084754,-326.83286089803545,172.9390247268524,708.0137927084754,-231.12835406982725,-58.01691776601666,898.4334757197208,-293.484003402381,92.46092532245623,9.916641173947651E-7,3.145557599715257E-5
708.0137927084754,-326.83286089803545,172.9390247268524,708.0137927084754,-228.1396293604173,-56.75565533488103,881.8387424008733,-289.60577328899933,86.29818984114493,9.337160147004066E-4,1.3606706392300838E-4
708.0137927084754,-326.83286089803545,172.9390247268524,708.0137927084754,-224.81673087888157,-55.299248172140324,858.2997830023577,-284.2783574159002,77.73284138101135,0.006933119212831009,2.4669672359069926E-4
708.0137927084754,-326.83286089803545,172.9390247268524,708.0137927084754,-223.02924265637117,-54.491863324746305,817.4326250659092,-276.6102041089764,62.90255752727495,0.0419031147721986,5.636372150660028E-4
708.0137927084754,-326.83286089803545,172.9390247268524,708.0137927084754,-216.36754318983225,-51.33182398877028,771.3719679237786,-264.6594785740103,46.712282156278576,0.17602569320508835,7.712920696078129E-4
708.0137927084754,-326.83286089803545,172.9390247268524,708.0137927084754,-210.41174630884143,-48.2986847121349,736.3469532295921,-251.512866153222,29.806714311351755,0.5289394798933372,0.001157727940499104
708.0137927084754,-326.83286089803545,172.9390247268524,708.0137927084754,-204.3052387019775,-44.976054602183666,717.2845150674827,-240.7949312780536,19.920775270873236,0.9989741534247791,5.579628959056653E-4
708.0137927084754,-326.83286089803545,172.9390247268524,708.0137927084754,-208.4978871446376,-47.28094254855756,734.6051180772919,-247.1282443884282,24.60968909000897,0.6718573348460775,1.3039202911492885E-4
708.0137927084754,-326.83286089803545,172.9390247268524,708.0137927084754,-204.57701956494344,-45.12864655877817,765.0728976087257,-254.665697531994,44.21449846356148,0.2354692914606432,0.0012076341407212534
708.0137927084754,-326.83286089803545,172.9390247268524,708.0137927084754,-198.84340697743056,-41.81362295206529,773.0284254153414,-255.77923555284315,53.718622555815614,0.1625248136156097,2.315142564370501E-4
708.0137927084754,-326.83286089803545,172.9390247268524,708.0137927084754,-195.74381777811448,-39.93573369674158,776.5727162223214,-256.3369919487056,58.46118039075759,0.13603795638729216,5.61752091942446E-5
708.0137927084754,-326.83286089803545,172.9390247268524,708.0137927084754,-194.6885134238635,-39.28225467421353,778.10002782061,-256.9015112664197,60.63062279565767,0.12501461530943744,1.3619574350886412E-5
708.0137927084754,-326.83286089803545,172.9390247268524,708.0137927084754,-194.32507790584992,-39.05552106736343,778.8866971877027,-257.19080685048135,61.52114962091895,0.1203223856997099,2.4359604001952025E-6
708.0137927084754,-326.83286089803545,172.9390247268524,708.0137927084754,-194.33481721770858,-39.061608340330196,778.8705177577648,-257.1910508234463,61.510150656996586,0.12038545453331051,2.6278580665713435E-10
708.0137927084754,-326.83286089803545,172.9390247268524,708.0137927084754,-194.4247105082905,-39.117764153783725,778.1577633696052,-256.95894809529045,61.033243006762206,0.12361196221298867,8.178617713833149E-7
708.0137927084754,-326.83286089803545,172.9390247268524,708.0137927084754,-194.3912248953158,-39.096852079227574,777.6029575406055,-256.6678600491816,60.60654435957153,0.12654829193139544,7.841591117927276E-7
708.0137927084754,-326.83286089803545,172.9390247268524,708.0137927084754,-194.29151923969934,-39.03454143508253,777.5322132784435,-256.5231620193962,60.49261803892375,0.12730679281326596,8.837585593981093E-8
708.0137927084754,-326.83286089803545,172.9390247268524,708.0137927084754,-194.2800801967822,-39.02738848138557,777.4415878301504,-256.46761369715483,60.41728821724894,0.12782737572326075,2.5603771798386216E-8
708.0137927084754,-326.83286089803545,172.9390247268524,708.0137927084754,-194.28750578566206,-39.032031877899215,777.3704467796773,-256.44342163747575,60.369830572692535,0.12816556345535407,8.275550114036863E-9
708.0137927084754,-326.83286089803545,172.9390247268524,708.0137927084754,-194.2822680540894,-39.02875663795416,777.3438315090066,-256.4251007954107,60.34672031227018,0.12832598200415465,2.5246789979018474E-9
708.0137927084754,-326.83286089803545,172.9390247268524,708.0137927084754,-194.2783661754133,-39.02631661184458,777.3301207471609,-256.4141066733675,60.333750140639665,0.12841485626146767,8.321015885955081E-10
708.0137927084754,-326.83286089803545,172.9390247268524,708.0137927084754,-194.2737439619985,-39.02342599765231,777.3291163888139,-256.40799963777215,60.32944698003101,0.12844152933272446,1.3937938687374924E-10
708.0137927084754,-326.83286089803545,172.9390247268524,708.0137927084754,-194.27017506830845,-39.02119400677955,777.3296827525381,-256.4041410326453,60.32749476002235,0.12845353332749526,4.025890119716635E-11
708.0137927084754,-326.83286089803545,172.9390247268524,708.0137927084754,-194.26694579063425,-39.01917434017426,777.3307129279764,-256.4006383738915,60.3257105848966,0.1284633785209479,3.337636905209914E-11
708.0137927084754,-326.83286089803545,172.9390247268524,708.0137927084754,-194.26532279116293,-39.01815925208916,777.3305724480336,-256.3985167702322,60.32423644665184,0.12847214488357303,1.6574580735905382E-11
708.0137927084754,-326.83286089803545,172.9390247268524,708.0137927084754,-194.26309689429553,-39.01676706000276,777.3316278436339,-256.39640188750644,60.32348563742724,0.128476188325975,9.082863483764258E-12
708.0137927084754,-326.83286089803545,172.9390247268524,708.0137927084754,-194.26115432752545,-39.015552050773664,777.3327859587208,-256.39444301150485,60.322649496858816,0.12847997805304245,8.976029593093371E-12
708.0137927084754,-326.83286089803545,172.9390247268524,708.0137927084754,-194.2602389823945,-39.014979525043,777.3330524265984,-256.3934401378405,60.322127877609574,0.12848289003225413,2.7882578817217133E-12
708.0137927084754,-326.83286089803545,172.9390247268524,708.0137927084754,-194.25887294691236,-39.014125093421455,777.3339090096939,-256.3920674273973,60.32154762836208,0.1284854335995959,4.373273502259441E-12
708.0137927084754,-326.83286089803545,172.9390247268524,708.0137927084754,-194.25794563384545,-39.013545068120436,777.3338262990767,-256.390845914146,60.3206906504646,0.12849051032878214,5.550705840121577E-12
708.0137927084754,-326.83286089803545,172.9390247268524,708.0137927084754,-194.25672220256428,-39.01277981512166,777.3343084637814,-256.38958139033093,60.320114895662186,0.12849362595245853,3.945663818827147E-12
708.0137927084754,-326.83286089803545,172.9390247268524,708.0137927084754,-194.25562849503075,-39.012095695663135,777.3347271147278,-256.38848635620053,60.319656823477374,0.1284961991549339,2.7597629250962438E-12
708.0137927084754,-326.83286089803545,172.9390247268524,708.0137927084754,-194.2541580334624,-39.011175902321924,777.3355461247726,-256.38715838037893,60.31927163323391,0.12849814764426448,3.1226588999388077E-12
708.0137927084754,-326.83286089803545,172.9390247268524,708.0137927084754,-194.25325541480694,-39.01061129527315,777.3358892052842,-256.3860422970399,60.318554127499766,0.12850170484530846,4.2331399456461E-12
708.0137927084754,-326.83286089803545,172.9390247268524,708.0137927084754,-194.25214371988557,-39.00991589925084,777.3366075314453,-256.3850862719033,60.31833961310522,0.12850264604196077,1.3945569964650068E-12
708.0137927084754,-326.83286089803545,172.9390247268524,708.0137927084754,-194.25111840946306,-39.009274531938246,777.337183394856,-256.38419450364387,60.31812574727982,0.12850376441083738,1.2578954507126655E-12
708.0137927084754,-326.83286089803545,172.9390247268524,708.0137927084754,-194.25010511397969,-39.00864067360777,777.3378818919454,-256.38314941651976,60.31765260087863,0.1285056981358088,2.6823313362545963E-12
708.0137927084754,-326.83286089803545,172.9390247268524,708.0137927084754,-194.24914156952852,-39.00803793035854,777.3378984267769,-256.38207007496976,60.31706591885373,0.12850947959872702,3.3633366194763005E-12
708.0137927084754,-326.83286089803545,172.9390247268524,708.0137927084754,-194.24825939827815,-39.00748608460344,777.3382162063874,-256.3811800907607,60.31668579006703,0.12851164227406223,1.8539346268164064E-12
708.0137927084754,-326.83286089803545,172.9390247268524,708.0137927084754,-194.24732842513458,-39.00690370508835,777.338731013141,-256.3803214309316,60.31641342651878,0.12851300385397385,1.3841436555003323E-12
708.0137927084754,-326.83286089803545,172.9390247268524,708.0137927084754,-194.24629112269562,-39.00625480352292,777.3395393407436,-256.37937523938115,60.31612681860534,0.12851395449694047,1.6301745170571542E-12
708.0137927084754,-326.83286089803545,172.9390247268524,708.0137927084754,-194.245285240164,-39.005625550450475,777.3399307623419,-256.37839792685253,60.31575334708009,0.12851610684815395,2.0486974699044613E-12
708.0137927084754,-326.83286089803545,172.9390247268524,708.0137927084754,-194.24417948281487,-39.00493381071274,777.3405479955404,-256.37740074078954,60.31546616268824,0.12851755913135496,1.7529653695798909E-12
708.0137927084754,-326.83286089803545,172.9390247268524,708.0137927084754,-194.24314087890727,-39.00428407351805,777.3412995168604,-256.37644192776327,60.315160971574954,0.12851870976538038,1.7299685635554325E-12
708.0137927084754,-326.83286089803545,172.9390247268524,708.0137927084754,-194.24152996615138,-39.00327629328751,777.3424229931125,-256.3751188751871,60.31494995474401,0.12851947946137784,2.2788575699687677E-12
708.0137927084754,-326.83286089803545,172.9390247268524,708.0137927084754,-194.23986771325127,-39.00223637701984,777.3435661268053,-256.3737779743816,60.31477111904428,0.1285201440660863,2.187618753654827E-12
708.0137927084754,-326.83286089803545,172.9390247268524,708.0137927084754,-194.23805338734638,-39.0011013021828,777.3448800093081,-256.3721567908219,60.314324039583454,0.12852178977129464,4.510345593686591E-12
708.0137927084754,-326.83286089803545,172.9390247268524,708.0137927084754,-194.23604136743302,-38.999842521155784,777.3463191497182,-256.3705315812734,60.31410422033849,0.12852249124312826,3.2297666600718476E-12
708.0137927084754,-326.83286089803545,172.9390247268524,708.0137927084754,-194.22218942377597,-38.99117560133587,777.3573680569247,-256.3598965544547,60.3134774385606,0.12852118037268612,1.1196175374089711E-10
708.0137927084754,-326.83286089803545,172.9390247268524,708.0137927084754,-194.18652796380766,-38.968857049880995,777.3836174094432,-256.33139364944975,60.3100793476583,0.1285299524643182,9.524246682515646E-10
708.0137927084754,-326.83286089803545,172.9390247268524,708.0137927084754,-194.18769311760016,-38.96958638770374,777.3804534794871,-256.3313055492245,60.308561624629135,0.1285413930265247,5.223481108595679E-12
708.0137927084754,-326.83286089803545,172.9390247268524,708.0137927084754,-194.18839620109563,-38.970026484421425,777.3794515330102,-256.33147995320354,60.3080093336516,0.1285448499493734,9.238261028014682E-13
708.0137927084754,-326.83286089803545,172.9390247268524,708.0137927084754,-194.18870243340547,-38.970218170219255,777.3788013872653,-256.331583578353,60.307812971875904,0.12854662126835503,1.440839272820799E-13
708.0137927084754,-326.83286089803545,172.9390247268524,708.0137927084754,-194.18927808394497,-38.9705784964124,777.3782127874953,-256.33183250646067,60.30753033914422,0.1285482484095278,4.059038583444173E-13
708.0137927084754,-326.83286089803545,172.9390247268524,708.0137927084754,-194.18949688198884,-38.97071545161734,777.3777065833606,-256.3318481923736,60.30729681795805,0.12854999446419144,1.2502950624548289E-13
708.0137927084754,-326.83286089803545,172.9390247268524,708.0137927084754,-194.18968107651006,-38.970830746729774,777.377422684574,-256.3319467126026,60.30723652716955,0.12855059015059347,3.140603999185074E-14
708.0137927084754,-326.83286089803545,172.9390247268524,708.0137927084754,-194.1898365079375,-38.970928037636384,777.3771804525729,-256.3318882583208,60.30695944767942,0.1285520505491598,2.0774524913413106E-13
708.0137927084754,-326.83286089803545,172.9390247268524,708.0137927084754,-194.1899036068949,-38.970970037577416,777.3770542593637,-256.33190683624986,60.30690982814343,0.12855243207766695,7.92092074565488E-15
708.0137927084754,-326.83286089803545,172.9390247268524,708.0137927084754,-194.19007220698253,-38.97107557103496,777.3768335208059,-256.3319567113295,60.306790251640905,0.12855316569479358,4.801366466993578E-14
708.0137927084754,-326.83286089803545,172.9390247268524,708.0137927084754,-194.19000180746508,-38.97103150521764,777.3767171449235,-256.3318410595824,60.30668868693249,0.12855393766958675,6.389504335965398E-14
708.0137927084754,-326.83286089803545,172.9390247268524,708.0137927084754,-194.19020451908742,-38.971158390279385,777.3766244594707,-256.3319703979554,60.30665574661268,0.1285539882933185,2.739197203996765E-14
708.0137927084754,-326.83286089803545,172.9390247268524,708.0137927084754,-194.19005027982013,-38.97106184596805,777.3766339213396,-256.3317987524878,60.30656381089565,0.12855457125765823,8.393304360103069E-14
708.0137927084754,-326.83286089803545,172.9390247268524,708.0137927084754,-194.19014284262713,-38.97111978462081,777.3766546856665,-256.33187150992876,60.30657065429071,0.1285543689586667,5.7943549352001576E-15
708.0137927084754,-326.83286089803545,172.9390247268524,708.0137927084754,-194.1900878289581,-38.971085349437345,777.3766103984891,-256.33177326713314,60.30647871861794,0.12855492654360387,4.9705996386361363E-14
708.0137927084754,-326.83286089803545,172.9390247268524,708.0137927084754,-194.19015484039355,-38.97112729448426,777.3764485228089,-256.3317472701611,60.306357989308424,0.1285556829104839,3.963168487930405E-14
708.0137927084754,-326.83286089803545,172.9390247268524,708.0137927084754,-194.19011497672506,-38.97110234227728,777.3766396511495,-256.33169771579816,60.30632593356617,0.12855546981207533,8.400127819876778E-15
708.0137927084754,-326.83286089803545,172.9390247268524,708.0137927084754,-194.1901120905649,-38.971100535717966,777.3766289057232,-256.33178272897806,60.306465161637874,0.12855491052686946,7.819627918817104E-14
708.0137927084754,-326.83286089803545,172.9390247268524,708.0137927084754,-194.19020552503045,-38.9711590199374,777.3765981810496,-256.3318217405239,60.30641706233169,0.12855504706270143,1.1104098176087132E-14
708.0137927084754,-326.83286089803545,172.9390247268524,708.0137927084754,-194.19030939188556,-38.97122403412274,777.3765976628578,-256.33184998103064,60.30633942578572,0.12855522949092374,1.9182178506948185E-14
708.0137927084754,-326.83286089803545,172.9390247268524,708.0137927084754,-194.19040070390722,-38.971281189705365,777.3765535540674,-256.3319019548001,60.306314543352414,0.12855529955636658,6.960448908131406E-15
708.0137927084754,-326.83286089803545,172.9390247268524,708.0137927084754,-194.1904243199923,-38.97129597188044,777.3765798201747,-256.33192112590655,60.30631726083965,0.1285551995477173,4.573533373424957E-16
708.0137927084754,-326.83286089803545,172.9390247268524,708.0137927084754,-194.19053279854725,-38.9713638725452,777.3765190748309,-256.33189689900894,60.30615035163632,0.12855587853965858,6.999801386683193E-14
708.0137927084754,-326.83286089803545,172.9390247268524,708.0137927084754,-194.1906157450141,-38.971415791697325,777.376368245234,-256.3319818933762,60.3061881099278,0.1285559221539559,1.7469672803482344E-14
708.0137927084754,-326.83286089803545,172.9390247268524,708.0137927084754,-194.19058473920666,-38.97139638406179,777.376338282709,-256.33188792980076,60.30607463680391,0.1285565065121324,6.267624070369033E-14
708.0137927084754,-326.83286089803545,172.9390247268524,708.0137927084754,-194.19067256407394,-38.97145135674731,777.3763610754543,-256.33190862950175,60.30600391180809,0.12855663305928386,1.478604704619252E-14
708.0137927084754,-326.83286089803545,172.9390247268524,708.0137927084754,-194.19058189858038,-38.971394606012694,777.3764041234828,-256.33186205628573,60.306036658226134,0.12855653122808144,8.089988463426042E-15
708.0137927084754,-326.83286089803545,172.9390247268524,708.0137927084754,-194.1906404415541,-38.97143125013383,777.3762201710198,-256.3318117790228,60.30588714629212,0.12855746726311595,6.916131465617703E-14
708.0137927084754,-326.83286089803545,172.9390247268524,708.0137927084754,-194.19074748019057,-38.97149824934996,777.3762675278637,-256.3318317681188,60.305792578191586,0.12855761536125507,2.421074430699967E-14
708.0137927084754,-326.83286089803545,172.9390247268524,708.0137927084754,-194.1908618151814,-38.97156981552564,777.3760486816017,-256.331912028006,60.3057856762436,0.1285579467249643,6.893824264998814E-15
708.0137927084754,-326.83286089803545,172.9390247268524,708.0137927084754,-194.19066226513326,-38.9714449102793,777.3760570746463,-256.3316695452808,60.30563412024017,0.12855884637347892,1.942833042859258E-13
708.0137927084754,-326.83286089803545,172.9390247268524,708.0137927084754,-194.19066407692887,-38.9714460443457,777.3761114657287,-256.3317009579862,60.3056821642233,0.12855852667732914,9.679422899004215E-15
708.0137927084754,-326.83286089803545,172.9390247268524,708.0137927084754,-194.19078095522985,-38.97151920252918,777.3760515569134,-256.3317887419515,60.305684276805806,0.12855848069861606,6.8746166757820454E-15
708.0137927084754,-326.83286089803545,172.9390247268524,708.0137927084754,-194.19083377969037,-38.971552267162224,777.3761314103585,-256.3317460926238,60.30555370935633,0.12855878758289815,5.2221069293774276E-14
708.0137927084754,-326.83286089803545,172.9390247268524,708.0137927084754,-194.19098970308232,-38.97164986482895,777.3760428810841,-256.3319486490056,60.30569303883192,0.12855816982266297,1.495323973461362E-13
708.0137927084754,-326.83286089803545,172.9390247268524,708.0137927084754,-194.19101478981847,-38.97166556744136,777.3761513836741,-256.3319395572439,60.305648865044816,0.12855809136220275,5.2502113341929696E-15
708.0137927084754,-326.83286089803545,172.9390247268524,708.0137927084754,-194.1909704960358,-38.971637842504634,777.3761227286584,-256.33192696191537,60.305681090968534,0.12855807829222707,3.396973311050963E-15
708.0137927084754,-326.83286089803545,172.9390247268524,708.0137927084754,-194.19521089445087,-38.974291989031684,777.3634216237501,-256.33019387858735,60.297900543763745,0.12861173758163882,1.6594962249997736E-10
708.0137927084754,-326.83286089803545,172.9390247268524,708.0137927084754,-194.87614511552806,-39.398972720365066,776.7502008304245,-256.28326382605167,59.414221732634815,0.1327346002043255,1.7724472712100593E-6
708.0137927084754,-326.83286089803545,172.9390247268524,708.0137927084754,-201.7378674991469,-43.512453961864395,775.5883897329162,-258.62539148293405,54.91985216542443,0.14558094029868354,7.839519063354644E-5
