729.6845357006584,-169.19778188476576,132.84971038144045,729.6845357006584,-658.7565566143027,234.49717018892653,706.0324954020091,-323.2710810319715,164.8400663731691,0.03815723810006728,0.0036241870255673296
729.6845357006584,-169.19778188476576,132.84971038144045,729.6845357006584,-658.7739629889867,234.41330078374483,706.0293679795566,-323.2666040452222,164.81160589763383,0.038149887482277864,7.590220601341925E-11
729.6845357006584,-169.19778188476576,132.84971038144045,729.6845357006584,-658.7875885647787,234.34759801969423,706.0270475912707,-323.2632059662561,164.78933593941963,0.03814421783353148,4.5247250820575654E-11
729.6845357006584,-169.19778188476576,132.84971038144045,729.6845357006584,-658.7985326824517,234.29479315208147,706.0252113971046,-323.2608878036217,164.77152526096583,0.03813996320701808,2.5430445965573375E-11
729.6845357006584,-169.19778188476576,132.84971038144045,729.6845357006584,-658.808588030686,234.24625127481664,706.0240066077907,-323.2584292061129,164.75508610046276,0.03813584061878167,2.4215518096653097E-11
729.6845357006584,-169.19778188476576,132.84971038144045,729.6845357006584,-658.8194507390073,234.193784645245,706.0221212861437,-323.25639488466203,164.73744842492994,0.03813180832654651,2.2767766118954956E-11
729.6845357006584,-169.19778188476576,132.84971038144045,729.6845357006584,-658.8268228518928,234.1581613695567,706.02169089663,-323.2544775344879,164.7253629566905,0.038128725719308185,1.3750579937949584E-11
729.6845357006584,-169.19778188476576,132.84971038144045,729.6845357006584,-658.8322301309953,234.1320241909616,706.0221228400275,-323.2525856119275,164.71639588701595,0.03812615056328081,9.890494448991643E-12
729.6845357006584,-169.19778188476576,132.84971038144045,729.6845357006584,-658.8376659982132,234.1057417344901,706.02308236864,-323.25046285927607,164.7073339143351,0.03812342811283429,1.1254410324869157E-11
729.6845357006584,-169.19778188476576,132.84971038144045,729.6845357006584,-658.8438637063755,234.07576708990604,706.0253673457753,-323.24736059802325,164.69685869871148,0.03811988986043047,1.955184731263041E-11
729.6845357006584,-169.19778188476576,132.84971038144045,729.6845357006584,-658.8486871569894,234.05243250931542,706.0930920646516,-323.1929351019672,164.67795481492223,0.038082794075106466,2.3976791221519465E-9
729.6845357006584,-169.19778188476576,132.84971038144045,729.6845357006584,-658.8561596031578,234.01627170578513,706.0999536939308,-323.18505130006236,164.66446786003152,0.03807574135340883,8.022477971429356E-11
729.6845357006584,-169.19778188476576,132.84971038144045,729.6845357006584,-658.8612517124219,233.99162215069697,706.0987153402157,-323.18470041170224,164.65631284813614,0.03807427219792788,2.918840947415564E-12
729.6845357006584,-169.19778188476576,132.84971038144045,729.6845357006584,-658.865193371641,233.97253731850364,706.0961479622238,-323.18735773521075,164.650603933969,0.03807517051417155,1.0370287706657153E-11
729.6845357006584,-169.19778188476576,132.84971038144045,729.6845357006584,-658.8452935502021,234.0688504679204,706.0373655348913,-323.28935044536274,164.7032697127856,0.038150494245580674,8.980955359364678E-9
729.6845357006584,-169.19778188476576,132.84971038144045,729.6845357006584,-658.8205566325273,234.18844161635735,705.8117883937717,-323.67498677639344,164.82233248117544,0.03842461288689216,1.1874990852204577E-7
729.6845357006584,-169.19778188476576,132.84971038144045,729.6845357006584,-660.0834844375838,227.88247856813587,705.8318334646764,-323.8303893788948,162.78573146674117,0.03824966322332756,2.1134797276644006E-7
729.6845357006584,-169.19778188476576,132.84971038144045,729.6845357006584,-662.9935898628592,211.3716819770513,706.1571437259415,-323.0369346201132,157.31276451476694,0.03705265832860151,1.928746322939214E-6
729.6845357006584,-169.19778188476576,132.84971038144045,729.6845357006584,-665.3183690407865,195.01371121765774,706.4332671888632,-323.1692751373075,152.1423668103392,0.03665490801978418,4.121549367333173E-7
729.6845357006584,-169.19778188476576,132.84971038144045,729.6845357006584,-666.656665182232,183.19511164548675,709.4113779377205,-323.17585353043717,148.43308433082044,0.03650227392816447,9.405155561505226E-8
729.6845357006584,-169.19778188476576,132.84971038144045,729.6845357006584,-667.315219329838,176.19735752813784,714.4272545915528,-323.567512676894,146.28341921691106,0.0368087261508317,2.2024105360780943E-7
729.6845357006584,-169.19778188476576,132.84971038144045,729.6845357006584,-667.5423617054537,173.50287462903586,720.6881101165922,-324.3912643494482,145.50983830951617,0.03748610917712154,5.253180194593937E-7
729.6845357006584,-169.19778188476576,132.84971038144045,729.6845357006584,-667.2608674519736,176.81745759769223,738.6740559448069,-327.27380602762037,146.80426126438334,0.03961907990044542,5.249356014757744E-6
729.6845357006584,-169.19778188476576,132.84971038144045,729.6845357006584,-666.4682543788521,185.02323992955638,755.3644948217583,-329.6057119739109,149.679681882227,0.040912174834571075,4.0342858798396635E-6
729.6845357006584,-169.19778188476576,132.84971038144045,729.6845357006584,-665.952767246881,189.7222390564059,764.1732177849751,-330.9077082682304,151.36357072763505,0.041434003732339304,1.4583433004089873E-6
729.6845357006584,-169.19778188476576,132.84971038144045,729.6845357006584,-665.5144134478694,193.42859477075888,772.1665826128373,-331.8366052579905,152.70090587193184,0.04155925918272807,7.653561978783162E-7
729.6845357006584,-169.19778188476576,132.84971038144045,729.6845357006584,-665.1594407576815,196.26920996970213,779.5883160425496,-333.82389209044555,153.9007439474877,0.04239352564832539,3.165777634753501E-6
729.6845357006584,-169.19778188476576,132.84971038144045,729.6845357006584,-664.9217652707973,198.10101148636562,786.3358326489789,-335.5513523957098,154.74654669173077,0.042964025821246435,2.3365314442310123E-6
729.6845357006584,-169.19778188476576,132.84971038144045,729.6845357006584,-664.8382846909179,198.73212061410146,792.254181809937,-336.9306808249894,155.14540170393767,0.04323839481281357,1.4165039984423356E-6
729.6845357006584,-169.19778188476576,132.84971038144045,729.6845357006584,-664.9470542854473,197.90859843061298,796.9566451902012,-338.50001555223554,155.06782683637368,0.043719376765744784,1.7620753757696327E-6
729.6845357006584,-169.19778188476576,132.84971038144045,729.6845357006584,-665.1565533437698,196.29178642624993,801.4869259885919,-340.30940393876307,154.73797441307624,0.04433829429414578,2.4406349786480586E-6
729.6845357006584,-169.19778188476576,132.84971038144045,729.6845357006584,-665.3515496965757,194.74832657069504,806.4018397030726,-341.9717927459128,154.40446392677407,0.04472347047163918,2.0544121290540996E-6
729.6845357006584,-169.19778188476576,132.84971038144045,729.6845357006584,-665.4838821849557,193.67821232608648,811.9693081475409,-344.1706785436249,154.2956851492929,0.04536036521145438,3.472495661788037E-6
729.6845357006584,-169.19778188476576,132.84971038144045,729.6845357006584,-665.5010340832074,193.53811007405147,817.80760849332,-346.0817389517824,154.47923676101283,0.045660168695178194,2.630304122711774E-6
729.6845357006584,-169.19778188476576,132.84971038144045,729.6845357006584,-665.4688305504122,193.80088966699319,824.4324986656892,-347.92188069833554,154.80030495818352,0.04564250592202169,2.4554618358628527E-6
729.6845357006584,-169.19778188476576,132.84971038144045,729.6845357006584,-665.4810528318535,193.70129193902602,829.3504106301466,-349.1345688402556,154.9125900060879,0.04542286291792638,1.0508252096624448E-6
729.6845357006584,-169.19778188476576,132.84971038144045,729.6845357006584,-665.389037569087,194.4470949234529,836.9531923723421,-352.0285532281046,155.54639678921797,0.045790213900855796,6.215591444058543E-6
729.6845357006584,-169.19778188476576,132.84971038144045,729.6845357006584,-665.435122082745,194.07472318858558,843.0847907904828,-352.8904903746481,155.51343904278076,0.04479223798797122,4.978403278511517E-7
729.6845357006584,-169.19778188476576,132.84971038144045,729.6845357006584,-666.0163274245001,189.16429825867615,839.6471238944598,-351.58699345298425,153.5236030429146,0.04455448686257542,1.6721615505703786E-6
729.6845357006584,-169.19778188476576,132.84971038144045,729.6845357006584,-666.8410484724767,181.33867015490367,827.5984335060693,-349.90782107208634,150.4575881708821,0.046071946578692374,2.436552105782971E-6
729.6845357006584,-169.19778188476576,132.84971038144045,729.6845357006584,-667.492736903199,174.1066831639606,806.2392232701246,-347.1407525562518,147.5827278922493,0.04836380291205243,4.747289475312512E-6
729.6845357006584,-169.19778188476576,132.84971038144045,729.6845357006584,-668.1462267456926,165.26034707470131,781.8405343206663,-346.73598521167935,144.38221692889894,0.052064427786284506,2.3654917196191708E-11
729.6845357006584,-169.19778188476576,132.84971038144045,729.6845357006584,-669.1186090477228,141.747270086483,705.598371546704,-343.8325663922111,135.95784938527063,0.052115151491197366,5.823681748160325E-6
729.6845357006584,-169.19778188476576,132.84971038144045,729.6845357006584,-669.1596637802384,126.67584193957222,673.2108300112141,-343.20662567105927,130.70093114814125,0.04802368759473321,1.0931278071023497E-7
729.6845357006584,-169.19778188476576,132.84971038144045,729.6845357006584,-668.5998039277058,108.40343501232265,646.6371535002424,-341.6220361570514,124.4093544873815,0.04239490252590495,9.648486756600484E-7
729.6845357006584,-169.19778188476576,132.84971038144045,729.6845357006584,-667.3349752319026,89.72968482211184,635.6312200709318,-348.2561356264091,117.3499627354733,0.04553673950980522,3.760000190590987E-5
729.6845357006584,-169.19778188476576,132.84971038144045,729.6845357006584,-666.9694275142836,85.69688642272345,654.8833409534245,-354.53338542594685,115.29327227615667,0.05551734499816587,2.769980339939007E-5
729.6845357006584,-169.19778188476576,132.84971038144045,729.6845357006584,-667.9508703536966,97.56009799049936,692.3098318754941,-354.3686974066164,119.74781690765423,0.061655569415540026,6.481859432979867E-7
729.6845357006584,-169.19778188476576,132.84971038144045,729.6845357006584,-669.0827822406325,122.12653831273093,734.8839333843656,-350.3975506300152,128.9627437837581,0.05933610921022845,3.7857586284104045E-6
729.6845357006584,-169.19778188476576,132.84971038144045,729.6845357006584,-668.7305758873847,154.45960894522537,776.4398717037873,-348.65189753109405,140.61293490349365,0.05441510981218375,1.0738275951833047E-7
729.6845357006584,-169.19778188476576,132.84971038144045,729.6845357006584,-665.7216940261231,191.70550594858568,816.1515721359651,-350.32229942242293,154.31942677519845,0.04947158705449803,1.6781713909848747E-6
729.6845357006584,-169.19778188476576,132.84971038144045,729.6845357006584,-661.662941954288,219.32552270893393,849.3994351929988,-354.64196946281453,165.41330688024647,0.045438669714636136,1.8368382564022756E-5
729.6845357006584,-169.19778188476576,132.84971038144045,729.6845357006584,-659.9235255252431,228.70504162858848,871.7875317592321,-360.62164903745963,170.2412644874232,0.04340837084606984,2.9653723756266404E-5
729.6845357006584,-169.19778188476576,132.84971038144045,729.6845357006584,-659.9708572822514,228.46241071405314,887.4587428764529,-366.8247178247218,171.35150673278991,0.042370289622009824,2.757504375184378E-5
729.6845357006584,-169.19778188476576,132.84971038144045,729.6845357006584,-661.346811842028,221.1069044911885,895.8583987376679,-369.0987742152376,168.69799943399386,0.040489286620916554,5.13917023661144E-6
729.6845357006584,-169.19778188476576,132.84971038144045,729.6845357006584,-663.4985202894566,208.12772850477702,893.3214533864758,-368.45406550530646,163.19483626165987,0.04040412974909792,1.5127128290778584E-6
729.6845357006584,-169.19778188476576,132.84971038144045,729.6845357006584,-665.3090546215698,195.08800296300518,878.0300779100137,-364.78312546104405,157.3863385677228,0.04276742491574689,1.2562619385790334E-5
729.6845357006584,-169.19778188476576,132.84971038144045,729.6845357006584,-666.3079956277984,186.52871365419486,854.6981739067993,-360.514313306499,153.5084706169078,0.04702575687923246,1.2552975444976548E-5
729.6845357006584,-169.19778188476576,132.84971038144045,729.6845357006584,-666.7586061620372,182.17745252034504,827.7272453536225,-357.9027007591919,151.55774993037687,0.05279992037737441,3.1359336138295275E-6
729.6845357006584,-169.19778188476576,132.84971038144045,729.6845357006584,-667.8024290464882,170.17806192198196,763.0743730290384,-358.4740738639246,147.01999941806983,0.06670482629143117,7.808959134721128E-6
729.6845357006584,-169.19778188476576,132.84971038144045,729.6845357006584,-669.108777080807,142.28352626387021,691.5853633625766,-359.0191244296796,136.43182722490397,0.06614930019642888,1.4347266153774833E-5
729.6845357006584,-169.19778188476576,132.84971038144045,729.6845357006584,-667.4814609103609,91.45677358399087,625.9335991728564,-353.2084208841802,117.56375767864316,0.04704499406968879,5.2538370270141016E-6
729.6845357006584,-169.19778188476576,132.84971038144045,729.6845357006584,-658.6927556184395,30.89545255240131,592.7565387072692,-337.8739248811909,97.7170698121378,0.03054705923625855,2.4566026057615964E-4
729.6845357006584,-169.19778188476576,132.84971038144045,729.6845357006584,-663.4816884553233,57.4612516802018,676.8437075879926,-342.32709001123794,106.44393118821591,0.049497403293444174,1.5283548580910317E-6
729.6845357006584,-169.19778188476576,132.84971038144045,729.6845357006584,-667.7952413653824,170.27394583755824,790.4693099548989,-348.56163227435553,146.3125847737173,0.052462432190684596,2.0280911443462024E-5
729.6845357006584,-169.19778188476576,132.84971038144045,729.6845357006584,-662.8161695639635,212.47939922290993,833.7957515589923,-353.7995564840825,162.62935846148736,0.04885491451528302,2.382539555220158E-5
729.6845357006584,-169.19778188476576,132.84971038144045,729.6845357006584,-660.295667969703,226.77982420499598,857.4960039509994,-358.1192571493868,168.98388276973444,0.046072839389927366,1.7543110145762107E-5
729.6845357006584,-169.19778188476576,132.84971038144045,729.6845357006584,-661.5803204221565,219.79472601474086,859.3491369272671,-357.96289161233636,166.18189446952215,0.044986106269391195,2.9262319294843774E-7
729.6845357006584,-169.19778188476576,132.84971038144045,729.6845357006584,-664.244738409004,203.05306383474107,835.5362352930625,-351.4936159197929,158.70135677813664,0.046075084402610295,3.530590473352322E-5
729.6845357006584,-169.19778188476576,132.84971038144045,729.6845357006584,-665.0794450466772,196.89169770051598,797.027517196119,-344.4840836558045,155.4875370025131,0.048571620089685144,2.5789447784846197E-5
729.6845357006584,-169.19778188476576,132.84971038144045,729.6845357006584,-665.4988291581557,193.55613899766144,685.7830532848461,-335.41827879219863,153.18142796596,0.04421556015197889,7.308586888487561E-6
729.6845357006584,-169.19778188476576,132.84971038144045,729.6845357006584,-667.101510272142,178.5867550820977,643.8974055932991,-334.9982853053476,148.08001416104736,0.037521239593415495,5.863122160478771E-7
729.6845357006584,-169.19778188476576,132.84971038144045,729.6845357006584,-668.7356951446723,154.34094617508862,608.9528084548838,-336.866311643884,140.0631846995603,0.03158465141969395,6.280208374743286E-7
729.6845357006584,-169.19778188476576,132.84971038144045,729.6845357006584,-669.1588970650319,126.61406224313858,586.3899893175163,-336.4090775008503,130.76420658413906,0.026523879096708454,3.7493478078866415E-10
729.6845357006584,-169.19778188476576,132.84971038144045,729.6845357006584,-668.1313521352793,100.21089182016321,583.728645523499,-338.07903739615114,121.80197780600119,0.026944522649608164,3.4766886220994333E-6
729.6845357006584,-169.19778188476576,132.84971038144045,729.6845357006584,-667.3110163110114,89.45379249249541,609.6674195463806,-341.84757897336294,117.80835853575053,0.035011834158109024,8.65872178928668E-6
729.6845357006584,-169.19778188476576,132.84971038144045,729.6845357006584,-668.3886548335903,104.4160619241909,660.6105830588482,-346.380577990554,122.75747190082828,0.04887948889594014,3.4949131818755585E-6
729.6845357006584,-169.19778188476576,132.84971038144045,729.6845357006584,-663.6765767139225,206.94911297218135,794.6389237454088,-344.443768299381,159.11094349303352,0.0493833291414957,9.83751544699435E-5
729.6845357006584,-169.19778188476576,132.84971038144045,729.6845357006584,-657.8415620570283,238.80845753787605,825.8198071285913,-344.3069850722868,170.82083073166868,0.04462624348670222,1.681072977737908E-6
729.6845357006584,-169.19778188476576,132.84971038144045,729.6845357006584,-659.0014026198764,233.31071333669598,817.3874327634315,-336.1624731339322,167.0949458818065,0.039911081177102466,5.693149673777306E-5
729.6845357006584,-169.19778188476576,132.84971038144045,729.6845357006584,-661.80439524525,218.51606593316438,782.2712815625545,-328.37697849935057,160.53164010747093,0.03884573796420502,4.2762331604712664E-5
729.6845357006584,-169.19778188476576,132.84971038144045,729.6845357006584,-666.4013114349394,185.65738219955352,656.2357407955545,-318.60322098920363,148.7179673972468,0.029249568783851654,1.8921937226833357E-5
729.6845357006584,-169.19778188476576,132.84971038144045,729.6845357006584,-668.8219001084808,113.4656837312516,570.4914108583137,-325.5217736081784,126.78477414016453,0.018865247408784053,1.011256163082404E-8
729.6845357006584,-169.19778188476576,132.84971038144045,729.6845357006584,-668.179604737649,100.95707075387324,621.6514147107226,-342.6681357818932,121.76227747401211,0.03805437394417984,1.6879935255901147E-4
729.6845357006584,-169.19778188476576,132.84971038144045,729.6845357006584,-662.4199776891707,214.89765713138218,770.8623911583757,-353.44697048023073,163.49972520882602,0.06236628683260456,3.1146191336954936E-5
729.6845357006584,-169.19778188476576,132.84971038144045,729.6845357006584,-661.0654777950314,222.66156772737463,776.9992433506313,-333.2243962573065,162.79990839902027,0.04328078829625727,3.179186290698833E-4
729.6845357006584,-169.19778188476576,132.84971038144045,729.6845357006584,-667.2685673638376,176.73014625279833,671.5764191458029,-315.93852666149854,145.77768774653984,0.02921374230810245,3.7680345917724686E-5
729.6845357006584,-169.19778188476576,132.84971038144045,729.6845357006584,-667.8675041459323,96.40100532939461,579.5818704308007,-317.144648436076,122.03599649110942,0.017388843877848184,2.6319421143593337E-5
729.6845357006584,-169.19778188476576,132.84971038144045,729.6845357006584,-665.2138516085502,69.85718244542403,641.6258517702846,-340.6227663002962,111.07926023102533,0.041549584816255127,3.382520775777265E-4
729.6845357006584,-169.19778188476576,132.84971038144045,729.6845357006584,-667.7295645243789,171.13889551470618,805.7795660062555,-353.63201508853103,147.01497876745998,0.05411912463349543,1.0972847672907865E-4
729.6845357006584,-169.19778188476576,132.84971038144045,729.6845357006584,-662.8936149460458,53.701593423872865,759.9176784092967,-318.97306493087643,108.83810075050616,0.03397965458374106,0.001163544956943949
729.6845357006584,-169.19778188476576,132.84971038144045,729.6845357006584,-656.5379727380734,21.048375957106828,694.4843690719493,-339.6619043408421,93.74331874833388,0.05140245491487325,2.8541425442695905E-4
729.6845357006584,-169.19778188476576,132.84971038144045,729.6845357006584,-668.1352844408908,100.27105873566622,815.847180885129,-352.02672876037144,120.91170103055165,0.05024795569275535,1.6626796828862755E-6
729.6845357006584,-169.19778188476576,132.84971038144045,729.6845357006584,-666.2637448089523,78.76247988984272,748.1969603802881,-325.84494967710924,115.80446467522273,0.03853329844132101,3.8048170027024517E-4
729.6845357006584,-169.19778188476576,132.84971038144045,729.6845357006584,-668.377720028625,104.22473257021963,748.4562710370182,-360.05210168049234,121.90535895248965,0.06970052003370598,0.0010077571649089
729.6845357006584,-169.19778188476576,132.84971038144045,729.6845357006584,-668.7448368860161,154.12739445602574,804.0074847882656,-365.4944076662317,141.21075974900137,0.06613091226211194,5.734989144486737E-6
729.6845357006584,-169.19778188476576,132.84971038144045,729.6845357006584,-667.9807347097169,167.71467805993547,813.9161727279967,-369.1124829170186,146.82376372562447,0.0675886788702882,1.1192559897770719E-5
729.6845357006584,-169.19778188476576,132.84971038144045,729.6845357006584,-667.2030151805086,177.4679533998824,823.369566883278,-372.1347792149819,151.03163229497045,0.06816908440407193,8.01027478427029E-6
729.6845357006584,-169.19778188476576,132.84971038144045,729.6845357006584,-666.709646292237,182.66883094575712,824.7948483129086,-370.82510747848687,153.03997469760432,0.06645692473208124,1.6579691080163742E-6
729.6845357006584,-169.19778188476576,132.84971038144045,729.6845357006584,-665.6355805020523,192.4274923477278,829.7631618260152,-374.33189512058976,157.46797173513193,0.06900506141889645,1.1757080053867812E-5
729.6845357006584,-169.19778188476576,132.84971038144045,729.6845357006584,-664.5659573199738,200.74942147061134,831.6082952308119,-374.412596186502,160.97833731647506,0.06888531656107176,2.1567117125088482E-7
729.6845357006584,-169.19778188476576,132.84971038144045,729.6845357006584,-663.9433234061272,205.14666152555736,834.5918788626473,-374.6067815876655,162.86603831118143,0.06822915599078891,1.5090383216855097E-7
729.6845357006584,-169.19778188476576,132.84971038144045,729.6845357006584,-663.7054760348382,206.75600528504413,835.4465874258711,-374.90371820423553,163.59334445002358,0.06832958968006157,1.17734737562105E-7
729.6845357006584,-169.19778188476576,132.84971038144045,729.6845357006584,-663.3448033595138,209.13025290464805,838.5211851368988,-377.36032387537807,164.98336887980565,0.06998417255512149,5.1333573247526214E-6
729.6845357006584,-169.19778188476576,132.84971038144045,729.6845357006584,-663.016111443855,211.22992083963385,861.5263679014071,-387.6725946684961,167.52663665327935,0.0709021633277397,7.715994503036733E-5
729.6845357006584,-169.19778188476576,132.84971038144045,729.6845357006584,-664.2976139282789,202.67919062069973,863.1537764957295,-382.6557236176944,162.9560771370698,0.06424133133650109,2.3467528833855024E-5
729.6845357006584,-169.19778188476576,132.84971038144045,729.6845357006584,-664.4318038891336,201.72106472689592,868.5635777260845,-383.7925881068164,162.69304561958944,0.06276263611454319,9.47263959061119E-7
729.6845357006584,-169.19778188476576,132.84971038144045,729.6845357006584,-664.5793718675068,200.65148252768682,869.3746658772732,-384.178298464301,162.27361368296567,0.06269089605025403,1.413446331289055E-7
729.6845357006584,-169.19778188476576,132.84971038144045,729.6845357006584,-664.4550212972093,201.55390828495715,868.8444327512595,-383.8758091029386,162.63076251715873,0.06270074864582922,8.92605835005487E-8
729.6845357006584,-169.19778188476576,132.84971038144045,729.6845357006584,-664.4532695126168,201.56653491880883,868.7793519608215,-383.83191920507585,162.63025137981091,0.06268954940658959,1.392987024526044E-9
729.6845357006584,-169.19778188476576,132.84971038144045,729.6845357006584,-664.0975233105122,204.08345194208897,877.2840832275613,-389.6376148228412,164.57887242130263,0.06431078574231801,2.6637133537192103E-5
729.6845357006584,-169.19778188476576,132.84971038144045,729.6845357006584,-664.4029321054736,201.9283553803559,885.1418758932675,-389.21298047306834,163.54073164984504,0.059762910567436385,1.8495421879375195E-7
729.6845357006584,-169.19778188476576,132.84971038144045,729.6845357006584,-664.9287152873618,198.04818941117645,891.8636083377415,-388.31031900642506,161.66736769127164,0.05543335203521574,8.781911009083097E-7
729.6845357006584,-169.19778188476576,132.84971038144045,729.6845357006584,-665.4387245234592,194.04551782820127,894.3442467207148,-388.3943203607634,159.8807511703101,0.05411331654865812,6.304747584199364E-8
729.6845357006584,-169.19778188476576,132.84971038144045,729.6845357006584,-665.8935937363899,190.23673408067054,893.125615223508,-388.77899161439797,158.2195882543473,0.05485517766884572,2.3817145804690436E-7
729.6845357006584,-169.19778188476576,132.84971038144045,729.6845357006584,-666.2958775499482,186.64081825299468,890.3106134872921,-389.21794844452984,156.6581470190756,0.0564508842338296,2.600104173240749E-7
729.6845357006584,-169.19778188476576,132.84971038144045,729.6845357006584,-666.4917407421657,184.79890175084117,887.0013257656534,-389.63478126525547,155.87738578699927,0.05837647251549939,1.7258027126645995E-7
729.6845357006584,-169.19778188476576,132.84971038144045,729.6845357006584,-666.6521809795527,183.23940001378944,883.9361339677394,-389.3665131366214,155.151722494947,0.059601298674956484,8.018641465549151E-8
729.6845357006584,-169.19778188476576,132.84971038144045,729.6845357006584,-666.9071265547268,180.65565382153926,880.9877543629018,-387.9627492030247,153.8625078430328,0.05968116733431529,1.6865786618606486E-6
729.6845357006584,-169.19778188476576,132.84971038144045,729.6845357006584,-667.350756427624,175.7870362658315,871.2440806388955,-383.5510478788766,151.32547286146726,0.060072713486136256,1.5236081686804818E-5
729.6845357006584,-169.19778188476576,132.84971038144045,729.6845357006584,-668.0528952204133,166.66650944460056,841.8957169794596,-376.67674527322293,146.91446430933976,0.0657169711990445,2.9603437100229666E-5
729.6845357006584,-169.19778188476576,132.84971038144045,729.6845357006584,-668.1214884007338,165.63896283355132,833.5062954353266,-374.3502188891263,146.33232297380573,0.06649004095244368,3.884247245059687E-6
729.6845357006584,-169.19778188476576,132.84971038144045,729.6845357006584,-668.004027145063,167.37983765204564,832.7049557869758,-373.5397778893397,146.99539359173255,0.06597514960443655,5.367606010361195E-7
729.6845357006584,-169.19778188476576,132.84971038144045,729.6845357006584,-668.0362032429085,166.9118503159193,832.9062994058921,-373.80355117912427,146.82078808257546,0.06616762875346913,5.561850456619876E-8
729.6845357006584,-169.19778188476576,132.84971038144045,729.6845357006584,-668.09688860756,166.01115352250338,832.9249503662044,-373.9668627012689,146.46055501724211,0.06630864570120089,2.563424495443032E-8
729.6845357006584,-169.19778188476576,132.84971038144045,729.6845357006584,-668.3231691117048,162.41062757895202,832.592908338514,-373.8496100693318,144.97030352717175,0.06620786645263461,3.025588722112291E-8
729.6845357006584,-169.19778188476576,132.84971038144045,729.6845357006584,-668.567419318022,157.94881813008976,832.4297023307907,-373.6842902950797,143.12752569699722,0.06598528613262454,4.7533845924559134E-8
729.6845357006584,-169.19778188476576,132.84971038144045,729.6845357006584,-668.7101974127489,154.92564146937895,832.5259319220794,-373.64317502459744,141.88516629784814,0.06584374286575409,6.547118438686326E-9
729.6845357006584,-169.19778188476576,132.84971038144045,729.6845357006584,-668.7827718661111,153.21727737749998,832.6504604103067,-373.9560308024059,141.1974939146919,0.06609895538300097,8.511530548487486E-8
729.6845357006584,-169.19778188476576,132.84971038144045,729.6845357006584,-668.8333553372423,151.93619095840535,833.1437229348071,-374.6177594522339,140.69691866741124,0.06659969608901198,3.4053327889746897E-7
729.6845357006584,-169.19778188476576,132.84971038144045,729.6845357006584,-668.9197389839381,149.52201055186788,832.8125994005709,-375.31952468372685,139.72658164710293,0.06744320009927432,3.956040300936677E-7
729.6845357006584,-169.19778188476576,132.84971038144045,729.6845357006584,-669.1077888604527,142.33574883637849,828.7547152214597,-376.5324228019728,136.783987249951,0.07024447390774584,1.141643642685128E-6
729.6845357006584,-169.19778188476576,132.84971038144045,729.6845357006584,-668.8874479965482,150.4632728006497,816.9884878450242,-378.3989261726521,140.22384209354271,0.07699743447157653,2.4952251756964773E-6
729.6845357006584,-169.19778188476576,132.84971038144045,729.6845357006584,-668.7487384902315,154.0355961208671,800.7693021217242,-371.9228138514537,141.44725044612676,0.07447663374179259,2.9475523387849785E-5
729.6845357006584,-169.19778188476576,132.84971038144045,729.6845357006584,-668.8222723258417,152.22414073423272,793.7759228112805,-367.1720552749556,140.52675353049972,0.07064763251320982,1.677369123383107E-5
729.6845357006584,-169.19778188476576,132.84971038144045,729.6845357006584,-668.9941602115179,147.11786413243877,786.3054929968687,-361.8149229077506,138.34853170622588,0.06614833229865123,2.1539339461313075E-5
729.6845357006584,-169.19778188476576,132.84971038144045,729.6845357006584,-669.1287294803666,141.15920110978914,779.5404914987051,-356.96495360443475,135.97064054188922,0.062100275063632714,1.7528796715928273E-5
729.6845357006584,-169.19778188476576,132.84971038144045,729.6845357006584,-669.1860026647657,136.28177699647287,773.2603359569762,-351.8796319152939,134.10369248062676,0.05782152147564524,1.915741510062834E-5
729.6845357006584,-169.19778188476576,132.84971038144045,729.6845357006584,-669.1977195784629,133.09932267885898,767.6420456646366,-346.7229153930254,132.93833530533328,0.053534945897005484,1.969148519316462E-5
729.6845357006584,-169.19778188476576,132.84971038144045,729.6845357006584,-669.196933392352,133.7708464701076,764.7650221982981,-341.37596911628253,133.16691000360387,0.049010667545152285,2.13964439297609E-5
729.6845357006584,-169.19778188476576,132.84971038144045,729.6845357006584,-669.1682059114604,138.2880096162295,765.3095037124132,-337.1463906083141,134.6765280218703,0.04541339706350361,1.3455949952774779E-5
729.6845357006584,-169.19778188476576,132.84971038144045,729.6845357006584,-669.0883505055289,143.3100834154272,766.1300233568157,-335.7640027711678,136.3351628278438,0.04424970061326839,1.476130593634844E-6
729.6845357006584,-169.19778188476576,132.84971038144045,729.6845357006584,-669.0443844480927,145.23413228556467,767.1330005871067,-335.087676320571,136.95987224267537,0.04363751948558495,3.5097413620931814E-7
729.6845357006584,-169.19778188476576,132.84971038144045,729.6845357006584,-669.1817858258871,128.85023504025182,760.2857975509586,-335.3867377539573,131.52033058981218,0.044392529741237564,5.206717145848551E-8
729.6845357006584,-169.19778188476576,132.84971038144045,729.6845357006584,-668.5667636974504,107.73756186000422,755.0320744381235,-335.150204102205,124.50433446504113,0.04472034843698521,1.9298232387123414E-7
729.6845357006584,-169.19778188476576,132.84971038144045,729.6845357006584,-667.7310357761335,94.57968602183054,751.6510357995767,-331.7362792732376,120.37240379080197,0.042426122355675604,1.0173227726538446E-5
729.6845357006584,-169.19778188476576,132.84971038144045,729.6845357006584,-666.4465915421478,80.4701218538785,745.925965223061,-325.49644745641365,116.38539788627148,0.03832428576254176,3.265204574452524E-5
729.6845357006584,-169.19778188476576,132.84971038144045,729.6845357006584,-664.2958522842698,63.00774100279462,738.8732226968506,-315.769119305849,112.1733404418643,0.032409512419199885,7.904124230385873E-5
729.6845357006584,-169.19778188476576,132.84971038144045,729.6845357006584,-661.1370292598069,43.43060228882915,732.7664397808933,-303.4778511223502,108.44181023948465,0.02588310859919928,1.2515858665945623E-4
729.6845357006584,-169.19778188476576,132.84971038144045,729.6845357006584,-657.180078748674,23.885138398504083,728.1331017442014,-289.5559536610725,105.97419305932019,0.01968610130247724,1.5472215798862052E-4
729.6845357006584,-169.19778188476576,132.84971038144045,729.6845357006584,-652.3713217755383,4.228832024075416,723.84393339817,-276.1458829174084,104.38010772774302,0.01482704692494545,1.381406571302423E-4
729.6845357006584,-169.19778188476576,132.84971038144045,729.6845357006584,-646.2181039319933,-16.98891065452395,719.6555606802244,-263.21277437447617,103.31831270239132,0.011032029012729865,1.2335902281273228E-4
729.6845357006584,-169.19778188476576,132.84971038144045,729.6845357006584,-639.1858123092944,-37.77048554410737,716.5762913878815,-251.47763992667734,102.97957626939404,0.00822463040326174,9.507589788859366E-5
729.6845357006584,-169.19778188476576,132.84971038144045,729.6845357006584,-631.2437624282242,-58.23538025525497,715.4591287535916,-241.01792143513356,103.14756286058059,0.006176367133816481,7.209554056700794E-5
729.6845357006584,-169.19778188476576,132.84971038144045,729.6845357006584,-621.8913735732269,-79.4437469934885,716.4724619887398,-231.2764219230618,103.73754850234513,0.0046074441242418005,6.249742827251574E-5
729.6845357006584,-169.19778188476576,132.84971038144045,729.6845357006584,-613.6674818299554,-96.16270375943765,718.7833107834372,-222.5364068208012,105.36705573689966,0.0033983034355017823,5.49811986626649E-5
729.6845357006584,-169.19778188476576,132.84971038144045,729.6845357006584,-647.961526693833,-11.321287591100116,725.2382747063942,-227.80545225260178,115.20107591947567,0.0035708346133419004,4.5828420500564364E-5
729.6845357006584,-169.19778188476576,132.84971038144045,729.6845357006584,-656.838297098626,22.365648535574906,732.7497169536007,-234.22049508801373,118.11760088109875,0.0043462835449977165,3.535054851368172E-5
729.6845357006584,-169.19778188476576,132.84971038144045,729.6845357006584,-657.2497498195244,24.19762068681294,734.8590278422427,-236.4978655347267,117.86709540268274,0.004694308001107567,3.830070042020195E-6
729.6845357006584,-169.19778188476576,132.84971038144045,729.6845357006584,-657.1897415759453,23.928421017228942,736.6232571644647,-238.83441704533303,117.3066016517921,0.005079649035770622,4.270635842852486E-6
729.6845357006584,-169.19778188476576,132.84971038144045,729.6845357006584,-658.2661651867406,28.868382950056414,740.098234499924,-242.83030574285377,117.19462443784633,0.005747020486845401,1.1463518107041318E-5
729.6845357006584,-169.19778188476576,132.84971038144045,729.6845357006584,-665.0593895472092,68.65262285858596,756.4754533491938,-250.28101323279031,122.35221023412416,0.00684452706198094,4.5661170214646965E-5
729.6845357006584,-169.19778188476576,132.84971038144045,729.6845357006584,-666.9911697372106,179.7724448540334,811.2609570072469,-270.4602791425756,142.3948618173778,0.009702816187085092,2.712374759193573E-4
729.6845357006584,-169.19778188476576,132.84971038144045,729.6845357006584,-664.5639362446793,200.76416476834055,847.9216768241018,-287.8996976437428,149.12368423390814,0.012019451420094128,2.214806313367294E-4
729.6845357006584,-169.19778188476576,132.84971038144045,729.6845357006584,-668.5596538420166,158.1028455402742,846.0277819619405,-286.19078564347575,138.76614153581895,0.011438177946999698,3.331963947094641E-6
729.6845357006584,-169.19778188476576,132.84971038144045,729.6845357006584,-667.7000701949227,94.1784219423771,831.1228274567445,-280.89568981625644,124.1847511285932,0.011192734335424576,2.6912344016708972E-5
729.6845357006584,-169.19778188476576,132.84971038144045,729.6845357006584,-656.6703721160576,21.627078812164,808.9025560820061,-274.53944870696705,108.81476435032087,0.011515068134248681,6.067249736014386E-5
729.6845357006584,-169.19778188476576,132.84971038144045,729.6845357006584,-633.5096136800744,-52.661806390120034,785.045148591481,-269.55686616721306,92.75216241447566,0.012724604160386366,7.38867505838943E-5
729.6845357006584,-169.19778188476576,132.84971038144045,729.6845357006584,-598.9708448541468,-122.67937670243057,761.841069940195,-264.32934647025786,76.28757574360023,0.014391834094323942,1.1527940504968377E-4
729.6845357006584,-169.19778188476576,132.84971038144045,729.6845357006584,-542.0947836155676,-200.2386053850817,731.9166052137371,-254.3442375990265,56.79307974157763,0.016079909912975244,3.004453049266067E-4
729.6845357006584,-169.19778188476576,132.84971038144045,729.6845357006584,-491.6667255551009,-249.26778511979694,707.6453902486063,-248.01945543933354,39.4480322319973,0.01895667400859556,2.1884647439034084E-4
729.6845357006584,-169.19778188476576,132.84971038144045,729.6845357006584,-480.0648533959926,-258.7644669028271,703.7503374866079,-248.02712558623358,33.54460087133205,0.02079818663152756,1.5833654119004844E-5
729.6845357006584,-169.19778188476576,132.84971038144045,729.6845357006584,-521.4363696321393,-222.0136116197715,725.8411567152608,-257.44414597761903,43.94577138717594,0.02051518554361299,1.4172992305022507E-4
729.6845357006584,-169.19778188476576,132.84971038144045,729.6845357006584,-597.3533918481921,-125.38036853433255,769.8627197727047,-272.32236832575046,70.6530008788213,0.0176462190800698,4.7717548274526015E-4
729.6845357006584,-169.19778188476576,132.84971038144045,729.6845357006584,-660.9529256585793,42.42361585117793,830.8941173012261,-286.2867492600493,111.3188770665617,0.013242408909826194,1.9464374473868165E-4
729.6845357006584,-169.19778188476576,132.84971038144045,729.6845357006584,-668.8875317749903,150.4608958794385,868.7720256704021,-292.85215404627763,137.2078147577125,0.011152067141989092,2.151686988815753E-5
729.6845357006584,-169.19778188476576,132.84971038144045,729.6845357006584,-669.1971423099117,133.6494443653791,869.6895853710214,-294.9595219786135,133.05086251360876,0.011603685581204165,3.254412828737876E-6
729.6845357006584,-169.19778188476576,132.84971038144045,729.6845357006584,-658.4951942483395,29.95149730506637,841.4208224669989,-285.0561758599841,108.48493466688973,0.012174164224088744,1.3985475142958752E-4
729.6845357006584,-169.19778188476576,132.84971038144045,729.6845357006584,-614.4842650919344,-94.57049072873335,802.6200628752687,-270.420897145686,81.15224796615601,0.013562431795796968,4.488911404378123E-4
729.6845357006584,-169.19778188476576,132.84971038144045,729.6845357006584,-548.8417380410543,-192.5277113214214,758.2916587469425,-256.1060951764951,58.364123439115446,0.015803489034961173,4.4932326438880843E-4
729.6845357006584,-169.19778188476576,132.84971038144045,729.6845357006584,-486.57204603346236,-253.50967730840637,715.7191315722005,-247.98089221612105,36.942140971014226,0.01991535713177592,3.1108718622685277E-4
729.6845357006584,-169.19778188476576,132.84971038144045,729.6845357006584,-461.24415904161606,-272.99374908237644,697.9910785876041,-246.93877157666716,24.816621575969066,0.023501156113708874,7.791423834997165E-5
729.6845357006584,-169.19778188476576,132.84971038144045,729.6845357006584,-485.6242594385275,-254.28629195225972,712.6887730070084,-255.41387250908105,27.367536705040294,0.025555981283847153,3.805147635168761E-5
729.6845357006584,-169.19778188476576,132.84971038144045,729.6845357006584,-563.8472344628773,-174.15486544731965,757.3062330151048,-275.6205520057378,50.061612777164754,0.02451450498782911,6.336650981810205E-4
729.6845357006584,-169.19778188476576,132.84971038144045,729.6845357006584,-652.5519950863302,4.909472065667998,833.3235123734553,-301.6866478069409,97.78090035081206,0.019359888262068484,7.244803709799995E-4
729.6845357006584,-169.19778188476576,132.84971038144045,729.6845357006584,-668.88596173124,115.19403362529233,883.1802258674987,-301.3183143982617,128.18144423268916,0.011903450266794482,2.8134334401066984E-6
729.6845357006584,-169.19778188476576,132.84971038144045,729.6845357006584,-663.3739916145166,56.758490538824944,871.7306760834834,-295.1104272797246,113.46219922028487,0.01183899831551871,4.923273074901206E-5
729.6845357006584,-169.19778188476576,132.84971038144045,729.6845357006584,-618.1362834208392,-87.27348657550235,813.5398887057362,-274.4681565607888,81.23361744386597,0.013996527609480563,6.808652707445432E-4
729.6845357006584,-169.19778188476576,132.84971038144045,729.6845357006584,-543.8255987596265,-198.29074142651342,753.9642821969644,-257.15474583397275,55.10292418503397,0.01699657241908436,5.72812867973263E-4
729.6845357006584,-169.19778188476576,132.84971038144045,729.6845357006584,-483.9108292178904,-255.6804658446777,715.312063430239,-247.69815073958614,35.93678477052811,0.020166417202430134,2.949949410255334E-4
729.6845357006584,-169.19778188476576,132.84971038144045,729.6845357006584,-500.1588334205443,-241.93660522564227,721.612596966797,-260.8052916179141,29.111699834555736,0.026856348525848762,1.462559035803285E-4
729.6845357006584,-169.19778188476576,132.84971038144045,729.6845357006584,-554.8295775805141,-185.4082324078521,756.9314865267198,-275.86191781370434,44.820899352268015,0.02630617929027984,3.290311502917277E-4
729.6845357006584,-169.19778188476576,132.84971038144045,729.6845357006584,-610.5930461112364,-102.03370903858632,794.9430702098681,-281.9251459579311,72.86313852251322,0.019140564339051844,2.1474109857858888E-4
729.6845357006584,-169.19778188476576,132.84971038144045,729.6845357006584,-634.9803305692272,-48.93757559039889,805.3541072094471,-279.29765836802807,89.87953516071585,0.014872957039801184,5.2315908758063805E-5
729.6845357006584,-169.19778188476576,132.84971038144045,729.6845357006584,-637.9464373638945,-41.14654816025674,795.0007748707574,-273.68704817568636,94.06401749491062,0.013295514959489475,3.2900782698097246E-5
729.6845357006584,-169.19778188476576,132.84971038144045,729.6845357006584,-635.4835741534713,-47.642837742701204,779.0736150122625,-268.0254603957571,94.59493227024501,0.012330236763759474,2.0385735979881445E-5
729.6845357006584,-169.19778188476576,132.84971038144045,729.6845357006584,-639.3197656548991,-37.401046962056824,762.5299123105472,-262.9290419637503,98.90571591593164,0.011010901523915198,2.6887180967191938E-5
729.6845357006584,-169.19778188476576,132.84971038144045,729.6845357006584,-665.4334832841449,71.61141634359007,764.5358069552511,-267.0966075456963,120.76844122874135,0.010676683827188319,3.043902705388999E-5
729.6845357006584,-169.19778188476576,132.84971038144045,729.6845357006584,-658.4552325344407,235.93776489689282,762.640920996345,-259.7732445324275,151.9342398429453,0.009149653097788413,1.2526161705408257E-4
729.6845357006584,-169.19778188476576,132.84971038144045,729.6845357006584,-636.6586473922949,310.27670725325737,749.5488281243393,-248.14146567576552,162.8131613792648,0.0074812610544846185,1.6432402027383766E-4
729.6845357006584,-169.19778188476576,132.84971038144045,729.6845357006584,-646.3671527290135,282.21299746399245,726.8978298833988,-235.90974597747908,153.73185172046047,0.004850508566329752,1.486815878519316E-4
729.6845357006584,-169.19778188476576,132.84971038144045,729.6845357006584,-663.7095327916907,206.72885639009007,714.5141244231364,-233.677242812333,142.48282324415857,0.004090974186788564,9.650519679817295E-6
729.6845357006584,-169.19778188476576,132.84971038144045,729.6845357006584,-668.5179950073541,158.9135697889237,723.4371062561994,-238.9674974491288,136.4915979108828,0.004838336414581921,2.2570837889950852E-5
729.6845357006584,-169.19778188476576,132.84971038144045,729.6845357006584,-661.9010091966264,217.9586393870212,797.4524468374062,-260.31509616413206,148.58919939289206,0.008121206429718036,2.3634732048841796E-4
729.6845357006584,-169.19778188476576,132.84971038144045,729.6845357006584,-661.8395932552819,218.31342016270798,822.2737929388117,-266.04416993557646,149.6506627381081,0.008324267620086007,2.0311278192836052E-5
729.6845357006584,-169.19778188476576,132.84971038144045,729.6845357006584,-666.55147165568,184.22389914639615,831.8827554200637,-267.58061624869987,143.0121730469375,0.007946075739097431,3.1926875372334803E-6
729.6845357006584,-169.19778188476576,132.84971038144045,729.6845357006584,-669.187039787065,129.57221403392307,823.1433291532434,-262.2505316381344,132.2397371817708,0.007163858668247932,2.0340013107560486E-5
729.6845357006584,-169.19778188476576,132.84971038144045,729.6845357006584,-666.170299808841,77.9105037234932,803.5274703476673,-258.4742622628812,122.98039401425899,0.007324361260903306,1.3850761894140672E-5
729.6845357006584,-169.19778188476576,132.84971038144045,729.6845357006584,-652.3760949799473,4.24676424685623,771.3376697685882,-251.3482233225649,110.98451380943197,0.007260945093383787,5.920560177896601E-5
729.6845357006584,-169.19778188476576,132.84971038144045,729.6845357006584,-630.6788759564431,-59.59560604483087,764.7971957858339,-228.03535232399167,108.31346175416479,0.003726250312905293,4.0614141465773805E-4
729.6845357006584,-169.19778188476576,132.84971038144045,729.6845357006584,-387.3740340796059,-317.03819007623304,754.3246343548469,-185.7707240349058,98.67566039512704,0.001195281252731783,5.432787128293016E-4
729.6845357006584,-169.19778188476576,132.84971038144045,729.6845357006584,-547.4581510563476,-194.13514112421967,750.2061745438485,-206.39555453806,100.69432441273105,0.0021390807796768047,2.208731859030137E-4
729.6845357006584,-169.19778188476576,132.84971038144045,729.6845357006584,-667.4624624145431,91.22870442820901,772.3598302677985,-277.234102593537,123.82522897006683,0.013324273609054697,0.005130818517252317
729.6845357006584,-169.19778188476576,132.84971038144045,729.6845357006584,-667.0487158589851,86.5415303157396,763.4207830973686,-305.68798559570973,120.15391632076708,0.025389816847331246,6.75367278250966E-4
729.6845357006584,-169.19778188476576,132.84971038144045,729.6845357006584,-649.219259020204,-7.076632702025648,769.6936534428489,-275.79004519143444,101.7780473081572,0.014266107660533612,9.600419697054225E-4
729.6845357006584,-169.19778188476576,132.84971038144045,729.6845357006584,-669.0245901579451,146.00880349025456,834.2706051117901,-273.6930696024471,135.60078975083223,0.009076791349342719,3.940671032666986E-6
729.6845357006584,-169.19778188476576,132.84971038144045,729.6845357006584,-643.6421389011912,-24.95571441527153,790.0588944082525,-249.9556171221926,105.9887638724617,0.00681132844936897,7.13534604865629E-4
729.6845357006584,-169.19778188476576,132.84971038144045,729.6845357006584,-506.0636882101435,-236.63826121652892,713.3285251682246,-252.60625995748694,41.36396249635757,0.019739658490886852,0.0014784442240683316
729.6845357006584,-169.19778188476576,132.84971038144045,729.6845357006584,-602.0873045102193,-117.36352108545657,750.8067955282079,-257.0530086491031,82.06876272385139,0.011744585426640183,3.746181547873216E-4
729.6845357006584,-169.19778188476576,132.84971038144045,729.6845357006584,-635.4302290640395,-47.78058939472044,750.3778376859777,-252.54061329753972,100.56057925519173,0.008579369907584681,8.680897859899959E-5
729.6845357006584,-169.19778188476576,132.84971038144045,729.6845357006584,-645.8935444124631,-18.01827823157572,748.4274019392727,-249.43048124144883,107.45710796192071,0.0074318011135592115,1.881734128051395E-5
729.6845357006584,-169.19778188476576,132.84971038144045,729.6845357006584,-646.8223509144649,-15.051510232840513,748.1844451475182,-249.1375220028986,108.09557103078012,0.007334362479961761,1.6147587431514285E-7
729.6845357006584,-169.19778188476576,132.84971038144045,729.6845357006584,-644.1843376636253,-23.316136811011603,747.3500854460951,-249.02228277714508,106.60505007072459,0.0074148336339481865,2.4127495585771934E-7
729.6845357006584,-169.19778188476576,132.84971038144045,729.6845357006584,-640.3179356247107,-34.61909489300652,746.2132900058533,-248.8880079258818,104.52227237817681,0.0075418744799364695,4.945947002900612E-7
729.6845357006584,-169.19778188476576,132.84971038144045,729.6845357006584,-637.0153956933683,-43.63451047250763,745.5757344089574,-248.85739834523648,102.79811563686482,0.00766936800202799,2.962842357267483E-7
729.6845357006584,-169.19778188476576,132.84971038144045,729.6845357006584,-634.3286653963501,-50.59854173269923,745.117349625014,-248.8498086902149,101.43484284030387,0.007778892468963911,1.8806242480882563E-7
729.6845357006584,-169.19778188476576,132.84971038144045,729.6845357006584,-632.3570406099326,-55.520937696103715,744.8548768932078,-248.865180592031,100.44832955522958,0.007865058047494917,1.090709978572897E-7
729.6845357006584,-169.19778188476576,132.84971038144045,729.6845357006584,-630.9738934949513,-58.88662614916467,744.7444347011879,-248.89766532727418,99.75712874074534,0.007930931810706705,6.386199480448006E-8
729.6845357006584,-169.19778188476576,132.84971038144045,729.6845357006584,-630.0072065257636,-61.198412933453994,744.7408226933766,-248.9417834272014,99.26929076006417,0.007982016054530786,3.883377771733524E-8
729.6845357006584,-169.19778188476576,132.84971038144045,729.6845357006584,-629.3241903411815,-62.81246849071567,744.7748510588317,-248.98356712387726,98.92194554116355,0.008020659464096434,2.2331579642581203E-8
729.6845357006584,-169.19778188476576,132.84971038144045,729.6845357006584,-628.7208692452109,-64.22523014303297,744.7350036927498,-249.0008388761352,98.62469940193975,0.008050764013620398,1.2995193236489874E-8
729.6845357006584,-169.19778188476576,132.84971038144045,729.6845357006584,-628.1134394873603,-65.63560193959302,744.6783551012254,-249.01332020800808,98.32874386022624,0.008080159164217044,1.2207147553564162E-8
729.6845357006584,-169.19778188476576,132.84971038144045,729.6845357006584,-627.6798979267861,-66.63499898153643,744.6527274963345,-249.02689046581474,98.11621486045797,0.008102256427725186,6.943891266683352E-9
729.6845357006584,-169.19778188476576,132.84971038144045,729.6845357006584,-627.3716535706304,-67.34195603947919,744.6417009598839,-249.03861538910832,97.96454888399873,0.008118470645895187,3.7518101095317645E-9
729.6845357006584,-169.19778188476576,132.84971038144045,729.6845357006584,-627.1579953499759,-67.83024099113479,744.6343305245039,-249.04705392191028,97.85944799969099,0.008129809731079619,1.8300261074819638E-9
729.6845357006584,-169.19778188476576,132.84971038144045,729.6845357006584,-626.928132459688,-68.353982831579,744.6271299232407,-249.05640411767664,97.74640183311425,0.00814209372697876,2.146034124966838E-9
729.6845357006584,-169.19778188476576,132.84971038144045,729.6845357006584,-626.647657881561,-68.9908478582665,744.6311805848368,-249.0705853566599,97.60744213115797,0.008157697918492446,3.5044302119763177E-9
729.6845357006584,-169.19778188476576,132.84971038144045,729.6845357006584,-626.4236544987616,-69.49776652986179,744.642169362183,-249.08409419003658,97.49564425586343,0.008170666805898235,2.4370606341821553E-9
729.6845357006584,-169.19778188476576,132.84971038144045,729.6845357006584,-626.2892435819743,-69.80121027649614,744.6706213849202,-249.0986936136838,97.42574235729074,0.008179895182762652,1.2761560071024273E-9
729.6845357006584,-169.19778188476576,132.84971038144045,729.6845357006584,-626.1802899550753,-70.04678371781554,744.7158639897922,-249.11703899818272,97.36621420168186,0.008188820917251287,1.2303404526711706E-9
729.6845357006584,-169.19778188476576,132.84971038144045,729.6845357006584,-626.0680490054078,-70.2993950094355,744.7607637407922,-249.13553561390134,97.30508354595878,0.008197940221689045,1.2798514824801777E-9
729.6845357006584,-169.19778188476576,132.84971038144045,729.6845357006584,-625.9592145137799,-70.54398092360131,744.7769752660246,-249.1450920644974,97.24955378815838,0.008204931847027632,7.206162372502008E-10
729.6845357006584,-169.19778188476576,132.84971038144045,729.6845357006584,-625.84617869202,-70.7976360126743,744.7717630913363,-249.1489420199016,97.19461618536093,0.008210869382806709,4.92493616352002E-10
729.6845357006584,-169.19778188476576,132.84971038144045,729.6845357006584,-625.7451233401349,-71.02408639007848,744.7709298341402,-249.15353446907784,97.14501697303206,0.008216437818097392,4.380029585501415E-10
729.6845357006584,-169.19778188476576,132.84971038144045,729.6845357006584,-625.6570662803886,-71.22116379965354,744.7772693689625,-249.1591485266255,97.10109807547119,0.008221637850726542,3.9034151821625575E-10
729.6845357006584,-169.19778188476576,132.84971038144045,729.6845357006584,-625.5749424882149,-71.40475659427486,744.7900727035386,-249.1667925119491,97.05907699691082,0.008227035596671334,4.282354998481641E-10
729.6845357006584,-169.19778188476576,132.84971038144045,729.6845357006584,-625.4655047293836,-71.64910401655814,744.7949812879473,-249.17328352484566,97.0047569748827,0.00823341264665462,5.817495067221744E-10
729.6845357006584,-169.19778188476576,132.84971038144045,729.6845357006584,-625.3471186024118,-71.91303674813764,744.807239710701,-249.18201765087986,96.9452586499516,0.00824068879066809,7.680934481483629E-10
729.6845357006584,-169.19778188476576,132.84971038144045,729.6845357006584,-625.2057967822213,-72.22756858744464,744.8163043413764,-249.19094418633398,96.8749478224731,0.008249056078063999,1.0046244332983757E-9
729.6845357006584,-169.19778188476576,132.84971038144045,729.6845357006584,-625.0755344730051,-72.51697312661074,744.8174645190397,-249.1973105424484,96.81101845282839,0.008256371738297007,7.552182465326536E-10
729.6845357006584,-169.19778188476576,132.84971038144045,729.6845357006584,-625.006198523268,-72.67081735606214,744.8258318629656,-249.2027148519977,96.77609821277889,0.008260709875357253,2.731023022813222E-10
729.6845357006584,-169.19778188476576,132.84971038144045,729.6845357006584,-624.9731037696615,-72.74419993868483,744.8353808327797,-249.20708173758015,96.75862771665814,0.008263183415486326,9.157261300735401E-11
729.6845357006584,-169.19778188476576,132.84971038144045,729.6845357006584,-624.9334187454014,-72.83215390229009,744.8374555509264,-249.20971574568873,96.738854897708,0.008265576087603458,8.153430517203745E-11
729.6845357006584,-169.19778188476576,132.84971038144045,729.6845357006584,-624.8857895776895,-72.93765474298579,744.837175650112,-249.21175678524287,96.71563445685067,0.008268190853987405,9.57649366248847E-11
729.6845357006584,-169.19778188476576,132.84971038144045,729.6845357006584,-624.8310350784509,-73.05885812443606,744.8386676011041,-249.21466862181043,96.68869164798582,0.008271324953620212,1.3887881726334442E-10
729.6845357006584,-169.19778188476576,132.84971038144045,729.6845357006584,-624.788732206928,-73.15244005527006,744.8419785133227,-249.21746508398934,96.66763344455688,0.008273866643985479,9.255657881068803E-11
729.6845357006584,-169.19778188476576,132.84971038144045,729.6845357006584,-624.7507323175124,-73.23645934379707,744.8457807719012,-249.2202319742748,96.64860529517111,0.008276207743243771,7.891141904044011E-11
729.6845357006584,-169.19778188476576,132.84971038144045,729.6845357006584,-624.717629614208,-73.30961714109904,744.8516674532856,-249.2237218539355,96.63154326833092,0.008278497568590061,7.665331556301811E-11
729.6845357006584,-169.19778188476576,132.84971038144045,729.6845357006584,-624.681750595577,-73.38887535713755,744.8574223386512,-249.22689577767858,96.61332798163511,0.008280832473398928,7.953606174868157E-11
729.6845357006584,-169.19778188476576,132.84971038144045,729.6845357006584,-624.6528217010726,-73.45275374811456,744.8611679329174,-249.22916917076017,96.59877239321128,0.008282651338390954,4.792431503538437E-11
729.6845357006584,-169.19778188476576,132.84971038144045,729.6845357006584,-624.6215459399845,-73.52178749018051,744.8618733833586,-249.23101734691537,96.58331414693617,0.008284493142124443,4.777149915021435E-11
729.6845357006584,-169.19778188476576,132.84971038144045,729.6845357006584,-624.589469440544,-73.59255976956422,744.8613669440167,-249.2322143868197,96.56777905183614,0.008286217247693657,4.137470997824454E-11
729.6845357006584,-169.19778188476576,132.84971038144045,729.6845357006584,-624.5623762783413,-73.65231424004966,744.8627896249585,-249.23362097713948,96.55448010148137,0.008287757815978705,3.370797698344936E-11
729.6845357006584,-169.19778188476576,132.84971038144045,729.6845357006584,-624.540870698763,-73.69973035691706,744.8662769628809,-249.23573591801554,96.54347218538172,0.008289212386875446,3.0787213904826904E-11
729.6845357006584,-169.19778188476576,132.84971038144045,729.6845357006584,-624.5253281321955,-73.73399088343373,744.8690828474488,-249.23740162074486,96.5354547885965,0.008290295958836555,1.713536128187449E-11
729.6845357006584,-169.19778188476576,132.84971038144045,729.6845357006584,-624.510990538731,-73.76558920992744,744.8702456596731,-249.23841103267713,96.52829853448972,0.008291174968940721,1.103970022209896E-11
729.6845357006584,-169.19778188476576,132.84971038144045,729.6845357006584,-624.4960539822731,-73.79850138199134,744.8710921160363,-249.2392447267617,96.5209426770787,0.008292039035489305,1.0605050700332999E-11
729.6845357006584,-169.19778188476576,132.84971038144045,729.6845357006584,-624.4819844387034,-73.8294973411196,744.8723243071506,-249.24022906080558,96.51392391285788,0.008292899508809293,1.0595361202433598E-11
729.6845357006584,-169.19778188476576,132.84971038144045,729.6845357006584,-624.4673454672732,-73.8617418300739,744.8732282088685,-249.24119723249282,96.50664695260329,0.008293784017926438,1.1117523725084609E-11
729.6845357006584,-169.19778188476576,132.84971038144045,729.6845357006584,-624.450849029925,-73.8980703924413,744.8736536567567,-249.24216174161862,96.49850466062492,0.008294754046096291,1.323907554462281E-11
729.6845357006584,-169.19778188476576,132.84971038144045,729.6845357006584,-624.4321559733727,-73.93922705998625,744.874122334501,-249.24306901804718,96.48936323800748,0.008295806751525149,1.5591550467839607E-11
729.6845357006584,-169.19778188476576,132.84971038144045,729.6845357006584,-624.4174581451465,-73.97158046017992,744.875305488099,-249.24434583039812,96.4819201780958,0.008296769680265338,1.3215648690030935E-11
729.6845357006584,-169.19778188476576,132.84971038144045,729.6845357006584,-624.4051055445527,-73.99876673766695,744.8776761286514,-249.2453921975484,96.47567721101245,0.008297560693764316,9.18254278453533E-12
729.6845357006584,-169.19778188476576,132.84971038144045,729.6845357006584,-624.391807180682,-74.02802968476556,744.8803124451478,-249.246705549851,96.46887165711979,0.008298458758797112,1.1822724704132512E-11
729.6845357006584,-169.19778188476576,132.84971038144045,729.6845357006584,-624.3774507343886,-74.05961532899656,744.8839234460573,-249.2485859457592,96.46131471188244,0.008299538525530935,1.720379990935372E-11
729.6845357006584,-169.19778188476576,132.84971038144045,729.6845357006584,-624.3644686785542,-74.0881721658719,744.8878968083174,-249.25041975006286,96.45442080332484,0.00830054269832027,1.5027294036789753E-11
729.6845357006584,-169.19778188476576,132.84971038144045,729.6845357006584,-624.3510709251161,-74.11763843414275,744.8894026376264,-249.25130957047708,96.44776231822931,0.008301348337259882,9.343562392990927E-12
729.6845357006584,-169.19778188476576,132.84971038144045,729.6845357006584,-624.3327686814583,-74.15788318356499,744.8893921055904,-249.2519589559148,96.43892450237556,0.00830232380857596,1.3270918438537695E-11
729.6845357006584,-169.19778188476576,132.84971038144045,729.6845357006584,-624.3206105483697,-74.18461244750463,744.8902454396718,-249.25267653947316,96.43292383472485,0.008303036781185444,7.233907886938195E-12
729.6845357006584,-169.19778188476576,132.84971038144045,729.6845357006584,-624.3117966525992,-74.2039869096347,744.8923237364668,-249.2537409821086,96.42832632508757,0.008303678575907235,6.0631876227562665E-12
729.6845357006584,-169.19778188476576,132.84971038144045,729.6845357006584,-624.3050968231695,-74.21871282585735,744.8946842633791,-249.25466719860128,96.42477836058941,0.008304189384020182,3.928535750213087E-12
729.6845357006584,-169.19778188476576,132.84971038144045,729.6845357006584,-624.2993167518813,-74.23141614049936,744.8980365435106,-249.25585692955403,96.42153974849919,0.008304717474552437,4.317616642201293E-12
729.6845357006584,-169.19778188476576,132.84971038144045,729.6845357006584,-624.2941873228388,-74.24268870009297,744.9011773515163,-249.25709562623805,96.4185824854001,0.008305230868812597,4.0653021706374746E-12
729.6845357006584,-169.19778188476576,132.84971038144045,729.6845357006584,-624.2857972808578,-74.2611252666403,744.9033160394582,-249.2580877618218,96.4142159463558,0.008305835286601565,5.4025586814006945E-12
729.6845357006584,-169.19778188476576,132.84971038144045,729.6845357006584,-624.2759795875826,-74.28269648806884,744.9031927443986,-249.25854702619716,96.40942591325629,0.008306387873455088,4.240088325411029E-12
729.6845357006584,-169.19778188476576,132.84971038144045,729.6845357006584,-624.2687525307033,-74.29857388701387,744.9034035304021,-249.25896596877024,96.40586318116317,0.00830681252123801,2.534433952386337E-12
729.6845357006584,-169.19778188476576,132.84971038144045,729.6845357006584,-624.2647507839986,-74.30736484618632,744.904673984133,-249.25956031445375,96.40372552533233,0.00830712930307811,1.495228951167105E-12
729.6845357006584,-169.19778188476576,132.84971038144045,729.6845357006584,-624.2618645399971,-74.3137050112218,744.9072698452959,-249.26046076108594,96.4019689892232,0.008307462566976353,1.758954435527935E-12
729.6845357006584,-169.19778188476576,132.84971038144045,729.6845357006584,-624.261525491885,-74.31444977729464,744.9116974385146,-249.26195420989055,96.40113092076018,0.008307816842263964,2.139408976636158E-12
729.6845357006584,-169.19778188476576,132.84971038144045,729.6845357006584,-624.2565040929605,-74.32547959613632,744.9143972596928,-249.26277542563162,96.39841423466893,0.008308224033147345,2.577560159582888E-12
729.6845357006584,-169.19778188476576,132.84971038144045,729.6845357006584,-624.2500351034364,-74.33968809399033,744.9167890219322,-249.26368075201722,96.39498390252567,0.008308719348470418,3.704179789184428E-12
729.6845357006584,-169.19778188476576,132.84971038144045,729.6845357006584,-624.2393686103544,-74.36311342601246,744.9181930133626,-249.2647553091261,96.38951830017672,0.008309452158897486,7.72691009986818E-12
729.6845357006584,-169.19778188476576,132.84971038144045,729.6845357006584,-624.2300563383686,-74.38356205708746,744.9197225071287,-249.26541423849085,96.38487392782474,0.008310018954738745,4.682648666358577E-12
729.6845357006584,-169.19778188476576,132.84971038144045,729.6845357006584,-624.2200334849784,-74.40556831773463,744.9207270263514,-249.26639227429067,96.3797529167737,0.00831070235155424,6.668649374990968E-12
729.6845357006584,-169.19778188476576,132.84971038144045,729.6845357006584,-624.2132395380808,-74.42048356005293,744.9229530134544,-249.26714488765668,96.37624092180323,0.008311175131589665,3.366997717245959E-12
729.6845357006584,-169.19778188476576,132.84971038144045,729.6845357006584,-624.2095317389623,-74.42862301262682,744.9258031922924,-249.2683098518985,96.37398069681447,0.008311609639725754,2.930357694120261E-12
729.6845357006584,-169.19778188476576,132.84971038144045,729.6845357006584,-624.2058545912199,-74.43669479737994,744.9287031200022,-249.26928884758865,96.37181947975006,0.008311995439903087,2.345831615801245E-12
729.6845357006584,-169.19778188476576,132.84971038144045,729.6845357006584,-624.2026444855651,-74.44374105788435,744.931635556915,-249.2701970024218,96.36990838560101,0.008312342348365368,1.9251303693289904E-12
729.6845357006584,-169.19778188476576,132.84971038144045,729.6845357006584,-624.1982705486661,-74.45334149096172,744.9341136344704,-249.27130661680252,96.36736263742912,0.008312795688869236,3.133603520569084E-12
729.6845357006584,-169.19778188476576,132.84971038144045,729.6845357006584,-624.1925675976349,-74.4658581948251,744.9356525864766,-249.27197350370076,96.36439871406586,0.008313204317726367,2.476019723674106E-12
729.6845357006584,-169.19778188476576,132.84971038144045,729.6845357006584,-624.1869744965744,-74.47813291620847,744.9369964830543,-249.27252422947655,96.36153900830587,0.008313580421412689,2.090767413692954E-12
729.6845357006584,-169.19778188476576,132.84971038144045,729.6845357006584,-624.1804525626501,-74.49244496285948,744.9376185979183,-249.27296796104542,96.35829490419877,0.008313976942929523,2.2475770643880708E-12
729.6845357006584,-169.19778188476576,132.84971038144045,729.6845357006584,-624.1742165310845,-74.5061284958962,744.9383692184156,-249.2735633205219,96.3551151255852,0.008314397974256633,2.542948923657415E-12
729.6845357006584,-169.19778188476576,132.84971038144045,729.6845357006584,-624.1676959147437,-74.52043531835531,744.9389019363558,-249.27399742126022,96.35187619322866,0.008314792814880144,2.2200644178828074E-12
729.6845357006584,-169.19778188476576,132.84971038144045,729.6845357006584,-624.1621742659005,-74.53254938362429,744.9394446135034,-249.2741149921332,96.3492475065473,0.008315063272639733,1.0531406921282442E-12
729.6845357006584,-169.19778188476576,132.84971038144045,729.6845357006584,-624.1569646855609,-74.54397801151123,744.9395764800006,-249.27461441646872,96.34659036232836,0.008315419791161465,1.780132023080669E-12
729.6845357006584,-169.19778188476576,132.84971038144045,729.6845357006584,-624.1498914005593,-74.55949396380899,744.9395744676059,-249.2747585188901,96.34322615448843,0.008315770576400386,1.7123226869948777E-12
729.6845357006584,-169.19778188476576,132.84971038144045,729.6845357006584,-624.1443731924167,-74.57159772731984,744.9401923305276,-249.2753467168078,96.34038474854634,0.008316159135119386,2.158213410495459E-12
729.6845357006584,-169.19778188476576,132.84971038144045,729.6845357006584,-624.1402293206062,-74.58068642936337,744.9415587098683,-249.2760658831456,96.33812453287058,0.008316513328403597,1.8621337079889087E-12
729.6845357006584,-169.19778188476576,132.84971038144045,729.6845357006584,-624.1356440339327,-74.59074272051737,744.9425682091543,-249.27674281255986,96.3356777609836,0.008316879530684088,1.9545024900107638E-12
729.6845357006584,-169.19778188476576,132.84971038144045,729.6845357006584,-624.133572690923,-74.59528532483435,744.9437007917156,-249.27711386517962,96.3345427148092,0.008317055687166503,4.802831959571968E-13
729.6845357006584,-169.19778188476576,132.84971038144045,729.6845357006584,-624.1303235192214,-74.60241075019388,744.944347116172,-249.27741416425803,96.33289073135157,0.008317270479962486,6.751854116351373E-13
729.6845357006584,-169.19778188476576,132.84971038144045,729.6845357006584,-624.1253452992393,-74.61332740064285,744.9447013592991,-249.2775615736696,96.33050228051533,0.008317526023008913,9.300943969496738E-13
729.6845357006584,-169.19778188476576,132.84971038144045,729.6845357006584,-624.1178247125922,-74.62981784611392,744.9442821373417,-249.27797259391696,96.32680827884931,0.008317967785625787,2.671316764229566E-12
729.6845357006584,-169.19778188476576,132.84971038144045,729.6845357006584,-624.1129040110056,-74.64060664773635,744.9443059843145,-249.27802092985303,96.32449198558663,0.008318198587290625,7.42342753351473E-13
729.6845357006584,-169.19778188476576,132.84971038144045,729.6845357006584,-624.1090617339617,-74.64903049658648,744.9445596344381,-249.27837056062543,96.32254111775345,0.008318455595563328,9.343272008147357E-13
729.6845357006584,-169.19778188476576,132.84971038144045,729.6845357006584,-624.1037283630154,-74.66072275079489,744.9450782458277,-249.27857647177646,96.31996066290452,0.008318740360324315,1.163219196653353E-12
729.6845357006584,-169.19778188476576,132.84971038144045,729.6845357006584,-624.0974115675484,-74.67456991960574,744.9451212905602,-249.27894554027637,96.31684737412388,0.008319114138723521,1.9470830996627894E-12
729.6845357006584,-169.19778188476576,132.84971038144045,729.6845357006584,-624.0904699780474,-74.68978542422167,744.9450352960986,-249.27925058816407,96.31347211446695,0.008319500651333788,2.0699590783666817E-12
729.6845357006584,-169.19778188476576,132.84971038144045,729.6845357006584,-624.0851000887609,-74.70155494155708,744.9451879216641,-249.2793445308587,96.3109259592602,0.008319761916468181,9.587983134549858E-13
729.6845357006584,-169.19778188476576,132.84971038144045,729.6845357006584,-624.0826545114573,-74.70691479684317,744.9458685969355,-249.27972293562723,96.30961326573842,0.008319960496779836,5.808761850220321E-13
729.6845357006584,-169.19778188476576,132.84971038144045,729.6845357006584,-624.0776428036115,-74.71789819574474,744.9459812950773,-249.2800446406197,96.30713024587368,0.008320263735154626,1.2868546899204076E-12
729.6845357006584,-169.19778188476576,132.84971038144045,729.6845357006584,-624.0726022368711,-74.72894413207138,744.9458451549592,-249.28014838986925,96.30473328967787,0.008320515320398651,8.720851817277939E-13
729.6845357006584,-169.19778188476576,132.84971038144045,729.6845357006584,-624.0683697972383,-74.73821858400206,744.945957465158,-249.2804090180371,96.30264149092247,0.008320768490588151,8.980016359468257E-13
729.6845357006584,-169.19778188476576,132.84971038144045,729.6845357006584,-624.0645807467782,-74.74652102227648,744.946525490255,-249.2807948693279,96.30069924973694,0.008321029706552381,9.842208430212615E-13
729.6845357006584,-169.19778188476576,132.84971038144045,729.6845357006584,-624.0599866345322,-74.75658694641439,744.94681284013,-249.2811060319594,96.2984158788523,0.008321310265573438,1.1136081806158377E-12
729.6845357006584,-169.19778188476576,132.84971038144045,729.6845357006584,-624.0563530711946,-74.76454784337542,744.9471691577459,-249.2815510761504,96.29651914850638,0.008321581345357064,1.044672991770216E-12
729.6845357006584,-169.19778188476576,132.84971038144045,729.6845357006584,-624.0526373873989,-74.77268827939449,744.9470705504563,-249.28160347155878,96.29476338982795,0.008321760740306548,4.4325119544382824E-13
729.6845357006584,-169.19778188476576,132.84971038144045,729.6845357006584,-624.0486651895408,-74.78139026792255,744.9475568793478,-249.28181633080948,96.29281486513136,0.008321987122529736,7.387933376185622E-13
729.6845357006584,-169.19778188476576,132.84971038144045,729.6845357006584,-624.0466719369053,-74.78575676792846,744.948207783209,-249.28208285838548,96.29176419829801,0.00832213762073098,3.3849528806703436E-13
729.6845357006584,-169.19778188476576,132.84971038144045,729.6845357006584,-624.0433194182722,-74.79310068086329,744.9489759398872,-249.28237969065762,96.2900661967717,0.008322355263454786,6.986771006557962E-13
729.6845357006584,-169.19778188476576,132.84971038144045,729.6845357006584,-624.0778386942911,-74.71746890508109,744.9540972505079,-249.3108317287868,96.29317304543002,0.008327966870678823,5.425835107096742E-10
729.6845357006584,-169.19778188476576,132.84971038144045,729.6845357006584,-624.7569014044348,-73.22282204941007,745.13478803806,-249.9309209223247,96.33001030364753,0.008453391667571813,2.4778941720116675E-7
729.6845357006584,-169.19778188476576,132.84971038144045,729.6845357006584,-613.3641558252298,-96.75044698039562,746.9785836208417,-247.11320019013309,92.57337846302397,0.008229519149450113,1.3310464154127623E-5
