729.6770067488113,-169.22098899087592,132.85007680183847,729.6770067488113,-668.0755481774751,166.67504951053178,716.4437490743078,-335.38501584035,144.11687504963731,0.045602234174248836,0.06876578271171006
729.6770067488113,-169.22098899087592,132.85007680183847,729.6770067488113,-667.991688114521,167.88990693427985,718.9394133740814,-335.76519705993564,144.5502042763178,0.046013473906117576,1.1964172826095462E-7
729.6770067488113,-169.22098899087592,132.85007680183847,729.6770067488113,-667.9993628146142,167.78049056616885,718.9321590590134,-335.7353763091884,144.51140125372433,0.04598642316043149,7.740834959705116E-10
729.6770067488113,-169.22098899087592,132.85007680183847,729.6770067488113,-668.458293720957,160.45648123711723,719.0174164184588,-334.42227559010615,141.98523855332758,0.04478723381561546,1.541996667014769E-6
729.6770067488113,-169.22098899087592,132.85007680183847,729.6770067488113,-669.2186604139163,134.37604257386238,716.0278235455795,-332.2290100530033,133.34756844014592,0.04276080272252453,3.3802938776046796E-6
729.6770067488113,-169.22098899087592,132.85007680183847,729.6770067488113,-668.2806672791963,102.19983199436494,711.367469955955,-330.0552995472501,122.97227820087411,0.041158249152823706,5.328761594639814E-6
729.6770067488113,-169.22098899087592,132.85007680183847,729.6770067488113,-655.350412622354,15.896310382253134,684.7417800079469,-320.4962079509994,96.45605133600716,0.03548867708083841,1.568016139519315E-4
729.6770067488113,-169.22098899087592,132.85007680183847,729.6770067488113,-639.752834713154,-36.26462439585825,657.5486851403164,-314.1652450001201,80.75539975038632,0.03159658532640513,8.205344067949946E-5
729.6770067488113,-169.22098899087592,132.85007680183847,729.6770067488113,-634.0796165119214,-51.28698198658111,647.6383052290455,-312.57617219066304,76.06506683601012,0.030401727522529457,7.109544048818491E-6
729.6770067488113,-169.22098899087592,132.85007680183847,729.6770067488113,-635.0379779485487,-48.84894025220993,650.2660703864454,-318.20292064546567,74.7374034083137,0.03423128441564875,2.4570576154638335E-5
729.6770067488113,-169.22098899087592,132.85007680183847,729.6770067488113,-642.1799810602985,-29.352857267418983,666.417869949193,-326.0431984664027,79.0673537102339,0.04056624126642387,5.5632356499517656E-5
729.6770067488113,-169.22098899087592,132.85007680183847,729.6770067488113,-651.0590345471917,-0.6868014545808308,691.4411979782928,-331.3484686862883,87.91797208787813,0.045404861352746524,3.4809223115097366E-5
729.6770067488113,-169.22098899087592,132.85007680183847,729.6770067488113,-659.3381601966909,33.93011678764384,718.4224145469655,-335.460609428451,99.29806603265382,0.048224553689037185,2.22022246200402E-5
729.6770067488113,-169.22098899087592,132.85007680183847,729.6770067488113,-665.5746005369388,72.57493843467958,746.9720905253616,-341.5201257534142,111.92677924275495,0.05150684621457767,3.255904559282409E-5
729.6770067488113,-169.22098899087592,132.85007680183847,729.6770067488113,-668.3215845405031,102.8734939077275,770.8787356790313,-346.6550573993289,122.19317294856211,0.053376756753442015,1.92245668522263E-5
729.6770067488113,-169.22098899087592,132.85007680183847,729.6770067488113,-669.0927366051178,121.52594605887859,787.5621903158211,-350.1226332013129,128.75191786320548,0.053950755104556235,8.071382689784265E-6
729.6770067488113,-169.22098899087592,132.85007680183847,729.6770067488113,-669.1743673609985,126.02223261051823,793.7537608910749,-352.71593477599674,130.34409333634014,0.055242897706442015,4.917554389673878E-6
729.6770067488113,-169.22098899087592,132.85007680183847,729.6770067488113,-669.0050881627101,118.1580988887647,791.0789494255733,-354.06346816364953,127.41632725697653,0.05710912288615969,1.484521168923942E-6
729.6770067488113,-169.22098899087592,132.85007680183847,729.6770067488113,-668.0635278437926,98.84829110202062,781.2965833048025,-352.3310691300029,120.36904477380844,0.057465459099039724,3.154415561883934E-6
729.6770067488113,-169.22098899087592,132.85007680183847,729.6770067488113,-665.5199268365275,72.12640519612812,765.0774957107992,-348.1168744801521,110.96162576219103,0.056398609613007605,1.8596689929443362E-5
729.6770067488113,-169.22098899087592,132.85007680183847,729.6770067488113,-660.8930723228659,41.97344354564471,744.9250762355146,-343.22885054861035,100.68789156790635,0.0547663560621938,2.87332744506558E-5
729.6770067488113,-169.22098899087592,132.85007680183847,729.6770067488113,-653.7932863391138,9.603621913062753,723.2106181459152,-338.6805958784812,89.74960261040178,0.05305860802514141,3.2212361432606205E-5
729.6770067488113,-169.22098899087592,132.85007680183847,729.6770067488113,-644.437296632349,-22.615227853589033,702.0321316030918,-332.75876972145466,79.34928043789424,0.04953382218846997,5.284872801924358E-5
729.6770067488113,-169.22098899087592,132.85007680183847,729.6770067488113,-632.8175538352089,-54.44174113085771,682.5756402029222,-326.7613591160701,69.20417310873194,0.04583644777047182,6.0643089931126086E-5
729.6770067488113,-169.22098899087592,132.85007680183847,729.6770067488113,-620.3195014244022,-82.81200164557814,665.6168063908051,-321.4742136947837,60.06055082262148,0.042673802201217324,5.343287956206847E-5
729.6770067488113,-169.22098899087592,132.85007680183847,729.6770067488113,-608.8266312709395,-105.36595808148482,653.079712067324,-316.45549919805126,53.06579323889724,0.0397523543845655,4.341834847063749E-5
729.6770067488113,-169.22098899087592,132.85007680183847,729.6770067488113,-601.0556378306,-119.17935810899138,646.0829083137892,-312.92437983819525,48.98120595664102,0.037824389219753916,1.9167111966450398E-5
729.6770067488113,-169.22098899087592,132.85007680183847,729.6770067488113,-597.0068498553765,-125.99207054750318,643.2748182627754,-309.7347295746697,47.8288508284119,0.03590728859693884,8.192520501496405E-6
729.6770067488113,-169.22098899087592,132.85007680183847,729.6770067488113,-597.7781650810678,-124.71301609308753,644.89453087176,-308.9772765352228,48.856472961544654,0.035407833236412535,1.0203524241318881E-6
729.6770067488113,-169.22098899087592,132.85007680183847,729.6770067488113,-599.1974955235892,-122.33652909651903,646.734149481629,-307.195764019035,50.9634760129961,0.034033304926335606,5.030835030672318E-6
729.6770067488113,-169.22098899087592,132.85007680183847,729.6770067488113,-598.4802330254844,-123.54122845408565,646.1481263605899,-305.5109277075825,51.44576049080982,0.03289370193297343,2.1207081985150453E-6
729.6770067488113,-169.22098899087592,132.85007680183847,729.6770067488113,-576.9251812931736,-156.59299459412895,638.2510654784918,-297.08628378742253,42.074155558865556,0.030548713881868243,1.153316539840194E-4
729.6770067488113,-169.22098899087592,132.85007680183847,729.6770067488113,-554.3089201133009,-186.0657197712545,638.165488050047,-294.415262124504,29.16874036933632,0.03397085435403697,7.996363572633582E-5
729.6770067488113,-169.22098899087592,132.85007680183847,729.6770067488113,-533.679191609366,-209.4512795263241,638.8562584198442,-288.8309221788695,20.51170146438085,0.035061781253254154,7.634816036032534E-5
729.6770067488113,-169.22098899087592,132.85007680183847,729.6770067488113,-514.4771539792092,-228.81023417732993,641.0868717381318,-280.7917396967687,15.978268306149602,0.03384765772967683,5.9195626310295955E-5
729.6770067488113,-169.22098899087592,132.85007680183847,729.6770067488113,-494.5570658723784,-246.82931041763268,644.5920080660779,-270.75646268505346,14.354375978331262,0.03104916623579964,4.501100406058404E-5
729.6770067488113,-169.22098899087592,132.85007680183847,729.6770067488113,-474.33791560615646,-263.2605909323763,651.3161710051724,-259.3311893852494,15.866689338431797,0.0272614450948796,4.926850899620319E-5
729.6770067488113,-169.22098899087592,132.85007680183847,729.6770067488113,-454.78063276597135,-277.58346208971045,658.6253009392588,-247.61459239719215,20.175317696675762,0.022848964156734475,7.840886453153227E-5
729.6770067488113,-169.22098899087592,132.85007680183847,729.6770067488113,-434.08714683273763,-291.23236616189706,666.8455754985054,-235.74499683449216,26.33717235255338,0.01845549344503947,9.99425407470344E-5
729.6770067488113,-169.22098899087592,132.85007680183847,729.6770067488113,-408.67272001072917,-306.0837092201491,675.3084205902398,-223.45875509790866,33.42800154124632,0.014425702319670447,1.1067239123747124E-4
729.6770067488113,-169.22098899087592,132.85007680183847,729.6770067488113,-379.2147086813272,-320.9148818392715,685.1256920798636,-211.1834566376438,42.17547270280758,0.010761389727114616,1.2959951237344054E-4
729.6770067488113,-169.22098899087592,132.85007680183847,729.6770067488113,-357.19187965214564,-330.47156554180276,695.3349924383962,-202.00950823959948,52.03101734592218,0.007879338469653689,1.1978836381558447E-4
729.6770067488113,-169.22098899087592,132.85007680183847,729.6770067488113,-353.2954375848246,-332.03334662260863,704.9828995480021,-197.21901711239204,62.1405391029042,0.005779758721701288,9.41102391661689E-5
729.6770067488113,-169.22098899087592,132.85007680183847,729.6770067488113,-371.390804548435,-324.4543794167977,713.6129786233249,-196.30106596263582,71.59543381877799,0.0043486648683831826,6.079081615473755E-5
729.6770067488113,-169.22098899087592,132.85007680183847,729.6770067488113,-411.94757741978617,-304.28125731831176,720.7453187762885,-198.69346433213408,79.77248629501733,0.003496273653871342,5.1760454224849254E-5
729.6770067488113,-169.22098899087592,132.85007680183847,729.6770067488113,-491.1268871481523,-249.74186343156114,734.9135451140619,-203.8126328280191,91.73717950087246,0.002658997346968227,1.1547884996372407E-4
729.6770067488113,-169.22098899087592,132.85007680183847,729.6770067488113,-511.5564650590105,-231.57607734355716,738.6982144164009,-205.1835403504235,94.56688618501855,0.0025209560487338893,6.628564779552459E-6
729.6770067488113,-169.22098899087592,132.85007680183847,729.6770067488113,-520.3800756231042,-223.08151195591594,742.9986489665157,-208.46805814209284,93.06961202432234,0.00288466745985212,8.368491666324819E-6
729.6770067488113,-169.22098899087592,132.85007680183847,729.6770067488113,-505.6609214536901,-237.02581027978383,756.0487583796676,-215.8634219689744,81.5722420123368,0.0046304928107868334,1.3718369275763376E-4
729.6770067488113,-169.22098899087592,132.85007680183847,729.6770067488113,-507.9751220470182,-234.90750277658637,764.813369485099,-220.11530282036452,77.59829433831493,0.005484395716416903,2.4647000887282364E-5
729.6770067488113,-169.22098899087592,132.85007680183847,729.6770067488113,-552.4255189982252,-188.32633606474562,796.1312691875265,-237.826347631016,75.34965270444297,0.007525592534537462,1.5045860580622717E-4
729.6770067488113,-169.22098899087592,132.85007680183847,729.6770067488113,-616.7397228637419,-90.1454003559437,837.0483243630226,-263.5510855709762,85.84604478025398,0.00910359954736878,5.495986193352659E-4
729.6770067488113,-169.22098899087592,132.85007680183847,729.6770067488113,-634.025009093468,-51.4247801278824,852.7023934332695,-274.27050625822227,91.20244913996117,0.009825120358652977,1.0520785161391754E-4
729.6770067488113,-169.22098899087592,132.85007680183847,729.6770067488113,-645.573420718453,-19.09846971053838,867.1004684500691,-283.81035502984224,96.29796442519108,0.010418190850855796,8.322665807514484E-5
729.6770067488113,-169.22098899087592,132.85007680183847,729.6770067488113,-652.069420493677,3.0140563942304084,877.9634218819187,-291.3669133331044,100.00552416190362,0.01095059316358807,5.027323085983268E-5
729.6770067488113,-169.22098899087592,132.85007680183847,729.6770067488113,-655.3071965363208,15.716824332325913,885.9408493006773,-297.8062831330754,101.86459832327733,0.01160688392605486,3.317989332831741E-5
729.6770067488113,-169.22098899087592,132.85007680183847,729.6770067488113,-656.5875033554205,21.16354817750475,892.6045234507245,-303.2387594158401,102.13811955493318,0.012231288160815016,2.1166813178333623E-5
729.6770067488113,-169.22098899087592,132.85007680183847,729.6770067488113,-656.4400431863744,20.522016065244728,897.4705157227404,-307.22929297803347,101.03234508766909,0.0127585132739122,1.2635915890107773E-5
729.6770067488113,-169.22098899087592,132.85007680183847,729.6770067488113,-655.5526003319267,16.739940248576602,901.7439648999954,-310.3289751822362,99.16099066520866,0.013156090509663062,8.762933997776705E-6
729.6770067488113,-169.22098899087592,132.85007680183847,729.6770067488113,-654.3976479966115,12.004681539824958,907.5976405808659,-313.74996289752437,96.8515169899253,0.013432405386494817,1.1008758914189648E-5
729.6770067488113,-169.22098899087592,132.85007680183847,729.6770067488113,-652.7004666785595,5.384023851083299,913.7396808869672,-316.0734047635334,94.13344317273598,0.013360162069202581,6.240162320113018E-6
729.6770067488113,-169.22098899087592,132.85007680183847,729.6770067488113,-651.6627714668671,1.5111011647929615,920.1425532415167,-319.4513371183291,91.95167050835298,0.013462794214634932,1.071281185699475E-5
729.6770067488113,-169.22098899087592,132.85007680183847,729.6770067488113,-651.1679176467167,-0.2932968943467813,925.2616861943254,-322.54364393824983,90.49293262273929,0.013598710391575548,8.318446798809934E-6
729.6770067488113,-169.22098899087592,132.85007680183847,729.6770067488113,-651.0045863348558,-0.8831102920681531,928.6691371745661,-324.91392452506113,89.63292995047544,0.013748884235565978,4.646455318706192E-6
729.6770067488113,-169.22098899087592,132.85007680183847,729.6770067488113,-650.893961455944,-1.2810068315449996,930.924636681969,-326.3927964277042,89.0825705200777,0.013815019284735988,1.8158231102460707E-6
729.6770067488113,-169.22098899087592,132.85007680183847,729.6770067488113,-650.6464225329436,-2.1667811783124193,931.1012631230043,-326.7655400735052,88.66634906944961,0.013917879294269192,1.6341003209125413E-7
729.6770067488113,-169.22098899087592,132.85007680183847,729.6770067488113,-650.3955714102926,-3.0580584715876853,930.5365033443052,-326.7717576773802,88.34973957410537,0.014039501645376746,6.171100368357515E-9
729.6770067488113,-169.22098899087592,132.85007680183847,729.6770067488113,-650.2543372843854,-3.5570998038484447,930.6151577281929,-327.2108064856172,88.04872360385647,0.014169867378657688,1.8735801126378953E-7
729.6770067488113,-169.22098899087592,132.85007680183847,729.6770067488113,-650.3148475505246,-3.343532652455366,930.5706004717172,-327.34587841537166,88.08625566357077,0.014211762139742998,1.4446350494740511E-8
729.6770067488113,-169.22098899087592,132.85007680183847,729.6770067488113,-650.3021468913969,-3.38838881303127,930.4783110175143,-326.9337868486542,88.18703141934841,0.014106373357738436,1.322729450968709E-7
729.6770067488113,-169.22098899087592,132.85007680183847,729.6770067488113,-651.5254524176542,1.0077294372395897,934.6794865590776,-330.33144267601455,88.80905705280824,0.014265579767020073,8.730358391729794E-6
729.6770067488113,-169.22098899087592,132.85007680183847,729.6770067488113,-654.0092195930249,10.45574903442268,952.1382608312769,-344.92091638224224,88.49117296636504,0.015047571359209734,1.501586021019269E-4
729.6770067488113,-169.22098899087592,132.85007680183847,729.6770067488113,-653.2270233808754,7.398258664090193,963.2517414747979,-351.7333031224378,85.54384503307733,0.01484810717871373,3.928837985396948E-5
729.6770067488113,-169.22098899087592,132.85007680183847,729.6770067488113,-652.3150167956408,3.9308761396831073,969.8971564228825,-354.53358350106123,83.39727841920532,0.014354106097952506,7.68186091303273E-6
729.6770067488113,-169.22098899087592,132.85007680183847,729.6770067488113,-651.7817857452208,1.9490552786590172,972.7461658774687,-356.79416391993186,81.96836329816401,0.014436487466401509,4.8152199505976764E-6
729.6770067488113,-169.22098899087592,132.85007680183847,729.6770067488113,-651.6058363987129,1.3021426055240113,972.2686677382119,-358.6646129199397,81.18817757667023,0.015077605416790341,2.9908084521648428E-6
729.6770067488113,-169.22098899087592,132.85007680183847,729.6770067488113,-652.4401289411744,4.400620650035705,970.9065445319833,-361.0070304276793,81.86945396765537,0.015959322519416688,4.40600156958142E-6
729.6770067488113,-169.22098899087592,132.85007680183847,729.6770067488113,-654.1582188535888,11.047436875281832,968.2414541174329,-363.21255755032206,84.12483213311404,0.01703396722766533,5.3284009697787385E-6
729.6770067488113,-169.22098899087592,132.85007680183847,729.6770067488113,-656.1265340241621,19.17074615708775,965.0258485038366,-365.250988837173,87.08235163186899,0.018205952855169058,5.179750596236446E-6
729.6770067488113,-169.22098899087592,132.85007680183847,729.6770067488113,-658.1510943311043,28.22048207838968,962.7705487742688,-367.2595717754971,90.47040651759139,0.01916508552997819,5.252442138654828E-6
729.6770067488113,-169.22098899087592,132.85007680183847,729.6770067488113,-659.8186001860513,36.34109333611353,960.3346510288894,-368.9661801698176,93.55676408903469,0.020150283430404394,3.776452298753557E-6
729.6770067488113,-169.22098899087592,132.85007680183847,729.6770067488113,-661.1843900421529,43.56395231398564,957.2450074198474,-369.5222593418153,96.49752675154522,0.020977532639949652,8.21021886523724E-7
729.6770067488113,-169.22098899087592,132.85007680183847,729.6770067488113,-662.4521880168006,50.8562702830001,954.0524783707068,-369.63533281852443,99.5335814871525,0.02170217826176853,2.566509028366375E-7
729.6770067488113,-169.22098899087592,132.85007680183847,729.6770067488113,-663.5615652888499,57.8341143312619,952.2498266179177,-370.26032402416456,102.34244717348207,0.022266328138366688,7.809308113884842E-7
729.6770067488113,-169.22098899087592,132.85007680183847,729.6770067488113,-664.5982067015766,65.01636709047816,951.3653542832077,-370.973496469752,105.22341062387648,0.022624568472541757,8.751397747568917E-7
729.6770067488113,-169.22098899087592,132.85007680183847,729.6770067488113,-665.4680447189469,71.70386120985918,950.3171878202,-371.237726573846,107.95812258900494,0.0228864893961271,2.549444957589762E-7
729.6770067488113,-169.22098899087592,132.85007680183847,729.6770067488113,-666.2990255892447,78.87391973679094,949.2329351898899,-371.54383469145125,110.88046862499337,0.023182430557627465,2.743685632082828E-7
729.6770067488113,-169.22098899087592,132.85007680183847,729.6770067488113,-666.9378608459691,85.12256407824503,947.6883092375391,-371.1619966578556,113.48536855532532,0.02337357514333137,2.8294636473146713E-7
729.6770067488113,-169.22098899087592,132.85007680183847,729.6770067488113,-667.451036513618,90.81652180721198,945.6009607615637,-370.0552943873056,115.90653864579599,0.023452136592054928,1.241505644598174E-6
729.6770067488113,-169.22098899087592,132.85007680183847,729.6770067488113,-667.9264212676867,96.89327191598633,944.1581668161471,-369.0341787458805,118.44348843796328,0.02338246904542745,1.0502634392440698E-6
729.6770067488113,-169.22098899087592,132.85007680183847,729.6770067488113,-668.3250997733196,102.93207887306384,942.9598829861501,-367.67540358280627,120.95404421775581,0.023120928563906136,1.6613007229494765E-6
729.6770067488113,-169.22098899087592,132.85007680183847,729.6770067488113,-668.6530941803611,109.02630073675977,941.7156073231566,-365.77899714115773,123.4739195197719,0.02267292093425907,2.9828414900314656E-6
729.6770067488113,-169.22098899087592,132.85007680183847,729.6770067488113,-668.8924785515078,114.728197201222,940.6049488771446,-363.7003418969574,125.7967798021061,0.02213498844708022,3.4420952447461544E-6
729.6770067488113,-169.22098899087592,132.85007680183847,729.6770067488113,-669.0567326051964,120.03487467626711,939.4615769620412,-361.5567133188878,127.91881445271457,0.021596743160558624,3.5603180466479117E-6
729.6770067488113,-169.22098899087592,132.85007680183847,729.6770067488113,-669.16026501035,125.05775409778809,938.2435351413717,-359.3929981602288,129.88595348565497,0.02108295653352167,3.5510392271162685E-6
729.6770067488113,-169.22098899087592,132.85007680183847,729.6770067488113,-669.2127120460676,129.97312071936437,937.2321164797579,-357.31429328800505,131.7677865339843,0.0205607696588745,3.2205604517103306E-6
729.6770067488113,-169.22098899087592,132.85007680183847,729.6770067488113,-669.2169757511218,134.85337998607662,936.3215503144193,-355.2265231013426,133.59533374116685,0.02002327850877372,3.2390755966117014E-6
729.6770067488113,-169.22098899087592,132.85007680183847,729.6770067488113,-669.1725503753141,139.80969383600765,935.715540632069,-353.1462339172125,135.41042337633147,0.019431395499314844,3.272954391776767E-6
729.6770067488113,-169.22098899087592,132.85007680183847,729.6770067488113,-669.0928245013076,144.170326950663,935.0038533385081,-350.93998862701477,136.96534072859018,0.018834136016182994,3.713321588677466E-6
729.6770067488113,-169.22098899087592,132.85007680183847,729.6770067488113,-668.9871659289154,148.13956301741578,933.6898990288489,-348.3589090330311,138.33049321567532,0.018253162084665018,5.08954698181898E-6
729.6770067488113,-169.22098899087592,132.85007680183847,729.6770067488113,-668.8465750765228,152.19623219700298,931.8461228881654,-345.38459766812974,139.67136186680887,0.01766243200515174,6.77803043956201E-6
729.6770067488113,-169.22098899087592,132.85007680183847,729.6770067488113,-668.7077180417687,155.49974571862435,930.5384498298445,-342.49683373090085,140.7074237269418,0.01699675121545741,6.378300691794355E-6
729.6770067488113,-169.22098899087592,132.85007680183847,729.6770067488113,-668.651385674854,156.70964234868478,930.1822963203823,-339.80091792358263,140.99928642618104,0.016212271397996834,5.44095263376192E-6
729.6770067488113,-169.22098899087592,132.85007680183847,729.6770067488113,-668.7609977719223,154.29254930461022,929.6998203933293,-336.7683725334643,140.04195353117166,0.015355711599639344,7.009729042118378E-6
729.6770067488113,-169.22098899087592,132.85007680183847,729.6770067488113,-668.9844050855581,148.2295414665632,929.0685015808956,-333.82376590141445,137.91547876941985,0.014569890732581994,6.710523210148439E-6
729.6770067488113,-169.22098899087592,132.85007680183847,729.6770067488113,-669.164602254988,140.35897528456684,928.5195594829557,-331.270959537125,135.2839848380195,0.01391158224772517,4.960460186124074E-6
729.6770067488113,-169.22098899087592,132.85007680183847,729.6770067488113,-669.216012744514,135.08082143062825,928.5022437640262,-329.6599866817616,133.56588079056718,0.013458302502642957,1.930328237709525E-6
729.6770067488113,-169.22098899087592,132.85007680183847,729.6770067488113,-669.2180345397337,131.13122764808497,928.3752979971155,-328.65957105814823,132.3019718194157,0.01320308837214747,7.423001951047712E-7
717.6322640260483,-190.14737816850212,132.95686537763436,717.6322640260483,-690.1041864851618,126.384969317995,927.9554371976903,-327.76543330956406,131.1478860032722,0.006867339685771394,6.075938360494924E-7
717.6322640260483,-190.14737816850212,132.95686537763436,717.6322640260483,-690.064489631815,123.85292852715796,927.773313412602,-327.1178698804464,130.46251045692716,0.0067747826050646685,3.203419234826897E-7
717.6322640260483,-190.14737816850212,132.95686537763436,717.6322640260483,-690.0345219387797,122.3340835765291,927.8696267653946,-326.4647237589111,130.06007269960895,0.006653875759956057,3.22232372885589E-7
717.6322640260483,-190.14737816850212,132.95686537763436,717.6322640260483,-689.9791486297167,119.98762339486714,926.7912116920471,-325.4018584316709,129.44738841467975,0.00658079952406126,8.557030181860518E-7
717.6322640260483,-190.14737816850212,132.95686537763436,717.6322640260483,-689.0400702683436,99.69905773231962,897.2321856815007,-306.23821302558514,125.21787317309793,0.005973105210346899,2.706972832253521E-4
717.6322640260483,-190.14737816850212,132.95686537763436,717.6322640260483,-688.3132981201544,90.16999591136091,838.0143765332978,-264.10731450605715,126.60453573188906,0.003106373399230004,0.0012622485400460646
717.6322640260483,-190.14737816850212,132.95686537763436,717.6322640260483,-685.357620086677,63.914731145394086,817.1382428277371,-250.05254215350482,124.60489681366366,0.0022037505940201915,1.4682392446046152E-4
717.6322640260483,-190.14737816850212,132.95686537763436,717.6322640260483,-681.6912569965654,41.38932098191357,811.1771613905632,-246.75290741290763,122.41207062912034,0.002052105791047203,9.699174409644413E-6
717.6322640260483,-190.14737816850212,132.95686537763436,717.6322640260483,-675.7327065569469,13.764211015521312,805.0769471902655,-243.4380425098662,119.87604237038235,0.0019187041078646111,1.0678233272767336E-5
717.6322640260483,-190.14737816850212,132.95686537763436,717.6322640260483,-667.7210824056559,-15.10851552284339,798.5389763936155,-239.9032659043137,117.53071355168294,0.0017829157044230402,1.2103905087659041E-5
717.6322640260483,-190.14737816850212,132.95686537763436,717.6322640260483,-657.0542281604787,-45.922964202365534,791.6575646981814,-236.21626128333904,115.30710512960079,0.0016506308521615407,1.3118281218237343E-5
717.6322640260483,-190.14737816850212,132.95686537763436,717.6322640260483,-644.4334001685136,-75.90722970671723,784.6378463736398,-232.3047337534379,113.57445540025535,0.0015029516091129237,1.3358199573538053E-5
717.6322640260483,-190.14737816850212,132.95686537763436,717.6322640260483,-629.9285648455007,-104.93493323041133,777.8539346726164,-228.49596488785264,112.21288053900312,0.0013620899313251022,1.165284922469682E-5
717.6322640260483,-190.14737816850212,132.95686537763436,717.6322640260483,-613.633761134763,-132.86127441375294,771.40381444452,-224.90176153777534,111.14188877293688,0.0012351411171660869,9.502245391594519E-6
717.6322640260483,-190.14737816850212,132.95686537763436,717.6322640260483,-594.7273232811531,-160.83739599015405,764.9138574138468,-221.2051665050726,110.40359724290465,0.0011035039512995374,8.508296722106387E-6
717.6322640260483,-190.14737816850212,132.95686537763436,717.6322640260483,-575.910421488133,-185.14197839388356,759.0930306869215,-217.78078602311402,110.17045480710289,9.758238180148704E-4,5.626935853573785E-6
717.6322640260483,-190.14737816850212,132.95686537763436,717.6322640260483,-553.0604182334014,-210.9822649213952,753.9232437711942,-214.25060767385372,110.11380690834915,8.472665987305655E-4,4.897745676252636E-6
717.6322640260483,-190.14737816850212,132.95686537763436,717.6322640260483,-527.3370992153602,-236.23562103066467,749.4132566285946,-210.99881064653988,110.12641794334934,7.400796033143778E-4,3.509488006319826E-6
717.6322640260483,-190.14737816850212,132.95686537763436,717.6322640260483,-501.44872400068175,-258.3121879387168,745.4686377614172,-208.14718105039069,110.33323741145725,6.50720876222035E-4,2.721360939432225E-6
717.6322640260483,-190.14737816850212,132.95686537763436,717.6322640260483,-474.0899593089463,-278.59703220481146,741.9566739192337,-205.5931441110074,110.56936312540944,5.786780803339714E-4,1.9611613924847443E-6
717.6322640260483,-190.14737816850212,132.95686537763436,717.6322640260483,-447.1603225081641,-295.93046999362355,738.8260978042902,-203.36345943119977,110.90268483286988,5.19028380999207E-4,1.4881232184865306E-6
717.6322640260483,-190.14737816850212,132.95686537763436,717.6322640260483,-422.77226604789996,-309.6328560790411,736.2682463982563,-201.52133013953218,111.3169012250041,4.7029027773619125E-4,1.089998407811514E-6
717.6322640260483,-190.14737816850212,132.95686537763436,717.6322640260483,-400.1536574753913,-320.8022807028351,734.0595368356103,-199.98659188087984,111.69734291493958,4.326213558640694E-4,7.133886610366373E-7
717.6322640260483,-190.14737816850212,132.95686537763436,717.6322640260483,-374.2657020966392,-331.9091828490495,731.8430244883956,-198.38822037874513,112.15020327793727,3.9531423398295483E-4,7.420100871796578E-7
717.6322640260483,-190.14737816850212,132.95686537763436,717.6322640260483,-374.1631672333911,-331.94978049315364,731.3886834282231,-198.3114951777986,112.33063392990644,3.88530516342024E-4,2.818780643044908E-8
717.6322640260483,-190.14737816850212,132.95686537763436,717.6322640260483,-362.25196513797584,-336.4896290645618,730.0890046695822,-198.4348215928272,110.35135943532322,4.6341638388329665E-4,2.6690181321460966E-6
717.6322640260483,-190.14737816850212,132.95686537763436,717.6322640260483,-349.17965036750104,-341.0776654312757,728.7434273176787,-198.5105879874799,108.02827580409897,5.600033485561179E-4,3.667386037856455E-6
717.6322640260483,-190.14737816850212,132.95686537763436,717.6322640260483,-336.41364135362096,-345.17092115423156,727.6982548177731,-198.46975901580439,105.75194849150535,6.632127400142984E-4,3.545621315276642E-6
717.6322640260483,-190.14737816850212,132.95686537763436,717.6322640260483,-282.35709669732,-358.4669515145022,722.091253278508,-197.49700705789314,93.78764613274012,0.0013761269845783952,1.092627287770561E-4
717.6322640260483,-190.14737816850212,132.95686537763436,717.6322640260483,-229.90983570739317,-365.459573928362,712.7868923683453,-197.6708863639161,38.650818972427544,0.009995339360469115,0.002789615744251239
717.6322640260483,-190.14737816850212,132.95686537763436,717.6322640260483,-165.77495389059166,-366.4487662834609,697.4014019678602,-183.72213440566915,1.2997563693050154,0.023273216062037604,0.0012125038863411944
717.6322640260483,-190.14737816850212,132.95686537763436,717.6322640260483,-154.9572499965198,-365.8032521931669,708.8014141343251,-179.305067395401,-20.714419066182643,0.036345574890952755,3.9375149549891194E-4
717.6322640260483,-190.14737816850212,132.95686537763436,717.6322640260483,-152.57077297664247,-365.62913396676663,722.2235014904495,-177.83990218766183,-30.34514607293167,0.0435468391331985,6.933428481849332E-5
717.6322640260483,-190.14737816850212,132.95686537763436,717.6322640260483,-166.70253437546486,-366.49317146240844,726.7399241941405,-182.05071872516965,-39.52783500900895,0.051000047596350656,6.647804496834046E-5
717.6322640260483,-190.14737816850212,132.95686537763436,717.6322640260483,-179.3301760213368,-366.92610906509196,724.2435890524382,-186.0696602576481,-55.48204243645756,0.06715967243549013,2.011644127158398E-4
717.6322640260483,-190.14737816850212,132.95686537763436,717.6322640260483,-205.53771441275273,-366.806216042241,706.4282088338373,-197.5860232832756,-108.59472551349216,0.1601126661015987,0.0025797254649022887
717.6322640260483,-190.14737816850212,132.95686537763436,717.6322640260483,-210.1463879407975,-366.64301413408816,702.404837400767,-200.18715399690035,-117.84909208236687,0.185272128868159,6.640149192346948E-5
717.6322640260483,-190.14737816850212,132.95686537763436,717.6322640260483,-188.0339462337401,-367.0386680078721,714.7025101837484,-189.30576239261438,-66.15251773009743,0.08041222729450621,0.0024162022631070844
717.6322640260483,-190.14737816850212,132.95686537763436,717.6322640260483,-185.3206033636638,-367.01983632453835,730.7069755730761,-188.60092818885693,-27.230628639147398,0.04063287607730826,0.0012890266951710945
717.6322640260483,-190.14737816850212,132.95686537763436,717.6322640260483,-200.45273731129498,-366.93692291437685,719.7279801912159,-193.99297844508087,-53.58604534277447,0.06508637156534545,5.66579671925276E-4
717.6322640260483,-190.14737816850212,132.95686537763436,717.6322640260483,-202.60586441963522,-366.887896643866,665.4868226782544,-196.9186849658417,-138.7135580161338,0.23686360852207058,0.0069948464402361625
717.6322640260483,-190.14737816850212,132.95686537763436,717.6322640260483,-209.05328533757057,-366.6855734464857,645.7478343323874,-201.86296119255653,-176.66078068602326,0.39124535612354944,0.0012195159781957718
717.6322640260483,-190.14737816850212,132.95686537763436,717.6322640260483,-215.66152370277996,-366.39173868335195,694.0376154579947,-203.09679003878696,-120.48179013799603,0.19160258252993714,0.002642140022400271
717.6322640260483,-190.14737816850212,132.95686537763436,717.6322640260483,-217.54850912103234,-366.2917480631265,718.7738609275399,-201.43754544756996,-72.74998553132005,0.09019620228125685,0.0019840575832539165
717.6322640260483,-190.14737816850212,132.95686537763436,717.6322640260483,-186.73269083597563,-367.03147439682584,676.0659726338355,-188.38650672446414,-124.87499567577515,0.196745095773107,0.0022677545448285415
717.6322640260483,-190.14737816850212,132.95686537763436,717.6322640260483,-174.57743635181015,-366.8006527367256,632.7382519437722,-179.73068281185795,-201.39389069320077,0.5235291681611182,0.005629461008811549
717.6322640260483,-190.14737816850212,132.95686537763436,717.6322640260483,-195.29028011670624,-367.0166844823069,690.6777737394066,-193.10361723244566,-154.4375578332939,0.3264952255714536,0.0016442552407294835
717.6322640260483,-190.14737816850212,132.95686537763436,717.6322640260483,-211.8060994110537,-366.5738141548018,719.7548348522274,-199.687554634379,-87.07509216453735,0.11381553561294933,0.004336144303417974
717.6322640260483,-190.14737816850212,132.95686537763436,717.6322640260483,-179.40098678723015,-366.9276363547963,659.7919823726216,-184.4473819603315,-132.1870013685303,0.20938579162290483,0.0014865693850135838
717.6322640260483,-190.14737816850212,132.95686537763436,717.6322640260483,-174.65971518012594,-366.8032093533894,619.6208462744335,-179.65643722109783,-205.56763866203076,0.49941414327482136,0.005130467586306764
717.6322640260483,-190.14737816850212,132.95686537763436,717.6322640260483,-188.40415579884552,-367.0400957889011,688.583076917562,-189.17562622349246,-145.7643281831229,0.28259253252342237,0.002734034717582889
717.6322640260483,-190.14737816850212,132.95686537763436,717.6322640260483,-205.4424085790873,-366.8091419145176,732.5410382316319,-195.8006470556302,-51.76402395865935,0.0627631189228906,0.009281456460233053
717.6322640260483,-190.14737816850212,132.95686537763436,717.6322640260483,-217.93360799970085,-366.27046303274807,730.7352224535887,-198.5287382135154,-17.628658787987632,0.03410565140286581,9.92011787838256E-4
717.6322640260483,-190.14737816850212,132.95686537763436,717.6322640260483,-188.9125906168534,-367.0416099197433,662.0450899520997,-189.58407431804426,-95.13991611485989,0.11803060213190059,0.005180291126328343
717.6322640260483,-190.14737816850212,132.95686537763436,717.6322640260483,-176.1310143143109,-366.84663755557534,586.7664353924804,-181.0572931170525,-191.18257605936776,0.30186575745130795,0.008670541023117592
717.6322640260483,-190.14737816850212,132.95686537763436,717.6322640260483,-199.15569550900506,-366.96197825470244,671.2708757243943,-195.2196963321084,-148.53271087032954,0.2818886543707614,0.0010380076533693541
717.6322640260483,-190.14737816850212,132.95686537763436,717.6322640260483,-216.50424122516958,-366.3479671343413,727.8301223858952,-199.7020021985286,-48.046084054181165,0.059226094601336335,0.010531819246354447
717.6322640260483,-190.14737816850212,132.95686537763436,717.6322640260483,-242.84764034040307,-364.2580603506797,741.7680886018991,-202.70625203704213,14.466761525611219,0.017678070639668312,0.00371351783028697
717.6322640260483,-190.14737816850212,132.95686537763436,717.6322640260483,-268.6249799880002,-360.84599610927546,743.7606651412582,-203.49770768757205,48.95288506395488,0.007539681404665243,9.873916133971506E-4
717.6322640260483,-190.14737816850212,132.95686537763436,717.6322640260483,-277.2740421784881,-359.3935630963246,743.7247183703233,-203.50061356685913,57.49809228446071,0.005869755614792118,5.379218973270077E-5
717.6322640260483,-190.14737816850212,132.95686537763436,717.6322640260483,-284.3273443536156,-358.0931666653041,743.5662988570733,-203.39451976520232,63.88687555887407,0.004794580589478594,2.9843213171445182E-5
717.6322640260483,-190.14737816850212,132.95686537763436,717.6322640260483,-289.1876496440225,-357.13600809233895,744.0907540474675,-203.42624264665767,67.24746503409679,0.004281905605902211,8.105520115810104E-6
717.6322640260483,-190.14737816850212,132.95686537763436,717.6322640260483,-286.7995407116335,-357.61255832887434,743.7255272482279,-203.27679472310177,66.31696676265636,0.004417957093010805,6.539898696143898E-7
717.6322640260483,-190.14737816850212,132.95686537763436,717.6322640260483,-286.39049149391275,-357.6929722229014,743.3190160494062,-203.3612782939703,65.59206672747604,0.004533009665991006,3.899081092938536E-7
717.6322640260483,-190.14737816850212,132.95686537763436,717.6322640260483,-280.45012139111185,-358.82094478308386,742.5409584128372,-202.83950813940982,63.83706169701452,0.0047957362363204425,2.450693012894857E-6
717.6322640260483,-190.14737816850212,132.95686537763436,717.6322640260483,-271.7315954783205,-360.34224822986477,742.1776303566212,-201.88322309893826,61.99605834268726,0.005067620667759031,2.8792040917803228E-6
717.6322640260483,-190.14737816850212,132.95686537763436,717.6322640260483,-266.60098940199794,-361.16340877569104,742.1384341953182,-201.35670522756564,60.510898860985094,0.005300525162924724,1.7717670166995219E-6
717.6322640260483,-190.14737816850212,132.95686537763436,717.6322640260483,-263.6913698162989,-361.6048408760027,742.1076947289671,-201.0990198189592,59.31029739058508,0.005499013667464119,1.1087171860621199E-6
717.6322640260483,-190.14737816850212,132.95686537763436,717.6322640260483,-262.9365789452795,-361.7164937698721,742.1493796053459,-201.1140079512467,58.42795813226033,0.005652775270635727,5.646118791961368E-7
717.6322640260483,-190.14737816850212,132.95686537763436,717.6322640260483,-262.18742066578477,-361.82614997049757,742.2452122375553,-201.1012488659351,57.72385626865341,0.005776180537544308,3.595413039527448E-7
717.6322640260483,-190.14737816850212,132.95686537763436,717.6322640260483,-262.1824009465804,-361.82688081191225,742.4150087799768,-201.17632174796117,57.20285281114485,0.005869786478273099,2.0397584533573693E-7
717.6322640260483,-190.14737816850212,132.95686537763436,717.6322640260483,-262.4549827916735,-361.7871192383073,742.4578881839816,-201.28603279787177,56.74382522349839,0.005955368066759039,1.626441227078231E-7
717.6322640260483,-190.14737816850212,132.95686537763436,717.6322640260483,-262.2978411791512,-361.8100602422468,742.4563055332665,-201.32361209305344,56.316596304894915,0.006034471039831459,1.3492813374539038E-7
717.6322640260483,-190.14737816850212,132.95686537763436,717.6322640260483,-262.1345292411852,-361.8338480360661,742.5587885960067,-201.3476987435831,55.97347979801785,0.006097190244985697,8.65539129478317E-8
717.6322640260483,-190.14737816850212,132.95686537763436,717.6322640260483,-262.321117014768,-361.80666543375344,742.7507946984788,-201.40331878890044,55.79543501563049,0.006129520947124182,2.493841929559379E-8
717.6322640260483,-190.14737816850212,132.95686537763436,717.6322640260483,-262.5039604174203,-361.77995860584025,742.6902166532709,-201.518840433172,55.20469757185302,0.006243553049560549,2.662170458928368E-7
717.6322640260483,-190.14737816850212,132.95686537763436,717.6322640260483,-265.06894359059356,-361.39802641034345,741.7321205000309,-202.62678915836855,50.613980058609116,0.0071901220057956515,1.656594721368713E-5
717.6322640260483,-190.14737816850212,132.95686537763436,717.6322640260483,-265.5986393321173,-361.3174584434801,740.5621086605705,-204.1466860059504,41.24867775286398,0.009370288077666747,6.869272714442574E-5
717.6322640260483,-190.14737816850212,132.95686537763436,717.6322640260483,-250.25099367400884,-363.41754512633815,738.3259197631692,-202.37760321248217,31.951781149709433,0.01182924837519585,6.796569806434184E-5
717.6322640260483,-190.14737816850212,132.95686537763436,717.6322640260483,-167.08718145673285,-366.511078866653,718.2795779557867,-183.64876842152023,-7.798536293086983,0.028279937027550727,0.0013756722836377176
717.6322640260483,-190.14737816850212,132.95686537763436,717.6322640260483,-177.9851690150052,-366.89519340426824,687.6596065734443,-184.4100807097317,-102.83910806901673,0.14252968610397718,0.009812810168303562
717.6322640260483,-190.14737816850212,132.95686537763436,717.6322640260483,-187.47678011305825,-367.03600247752445,708.9194160646812,-188.83292588681743,-113.13661343643986,0.17214110403368862,7.402557760529788E-5
717.6322640260483,-190.14737816850212,132.95686537763436,717.6322640260483,-182.11735775452533,-366.9786492361517,744.0905678475299,-187.27454665020596,-45.90077500871351,0.055924537888639686,0.004221813487217251
717.6322640260483,-190.14737816850212,132.95686537763436,717.6322640260483,-202.0127138736172,-366.90232860463595,757.2347349547631,-192.88669638231687,17.555714626534183,0.01580330718325962,0.003866742041655646
717.6322640260483,-190.14737816850212,132.95686537763436,717.6322640260483,-228.59047270388749,-365.5630725210854,762.9769226720766,-199.0807026333215,17.111863531290965,0.01584650705338575,5.300607909973172E-7
717.6322640260483,-190.14737816850212,132.95686537763436,717.6322640260483,-233.64762990195854,-365.147268412807,762.0912097010005,-201.42848965325484,3.78133097528044,0.021296594479168606,1.4104507693416953E-4
717.6322640260483,-190.14737816850212,132.95686537763436,717.6322640260483,-234.19926827230202,-365.09878510560503,755.0363595093108,-203.76171184635888,-20.968330563865578,0.03537814781702283,5.005410864888206E-4
717.6322640260483,-190.14737816850212,132.95686537763436,717.6322640260483,-218.6917570959986,-366.2276881009799,709.2994868990444,-204.7472476230278,-122.36588426127892,0.20088616347300753,0.011095300199228993
717.6322640260483,-190.14737816850212,132.95686537763436,717.6322640260483,-210.13523972986323,-366.64346027298393,688.0920624611666,-201.4398031335186,-149.2994016366158,0.29987474925094815,5.782311088467882E-4
717.6322640260483,-190.14737816850212,132.95686537763436,717.6322640260483,-179.6845085470013,-366.9336509949845,734.7355666232112,-185.6599185236298,-81.44306506465361,0.1027263051234512,0.004162645797637783
717.6322640260483,-190.14737816850212,132.95686537763436,717.6322640260483,-171.834993812446,-366.70767867086636,750.7936795202705,-184.91874977815127,-9.709440105392218,0.028460067827250426,0.005098539199136799
717.6322640260483,-190.14737816850212,132.95686537763436,717.6322640260483,-221.67736834376922,-366.0480040570712,758.0612137085666,-197.30883660125113,19.617070143596692,0.015114027737983626,7.4174623122555E-4
717.6322640260483,-190.14737816850212,132.95686537763436,717.6322640260483,-266.13578243697816,-361.2351645224144,761.4872362109604,-211.531196437706,-6.11320273610886,0.02671267220633247,6.208041081135867E-4
717.6322640260483,-190.14737816850212,132.95686537763436,717.6322640260483,-273.1924529600916,-360.0984211297301,743.806898789769,-222.50801251179277,-59.174719520488395,0.07347477078680614,0.002669438714931298
717.6322640260483,-190.14737816850212,132.95686537763436,717.6322640260483,-251.19430656640097,-363.30241416601496,707.8703678623697,-217.60071021420623,-90.21522762717305,0.12232303205128599,7.499347727662625E-4
717.6322640260483,-190.14737816850212,132.95686537763436,717.6322640260483,-204.37306893765032,-366.8407233741928,707.180937713172,-196.09020872314466,-75.83527201457159,0.09426118190694942,1.6446805125944672E-4
717.6322640260483,-190.14737816850212,132.95686537763436,717.6322640260483,-135.52035776366878,-364.0500647970765,752.2006325393274,-172.3108278588811,-29.323431965970485,0.041800180200059274,0.0019047397064734638
717.6322640260483,-190.14737816850212,132.95686537763436,717.6322640260483,-120.94839081588442,-362.2314827782691,755.5996248879545,-172.5777537501803,7.228532835795733,0.020418141419935528,0.0011189225016686418
717.6322640260483,-190.14737816850212,132.95686537763436,717.6322640260483,-183.47818837545935,-366.9986545513933,756.485282973917,-188.63018890047982,19.220838534296547,0.015233110614823405,1.1003701887119911E-4
717.6322640260483,-190.14737816850212,132.95686537763436,717.6322640260483,-195.92870156594896,-367.0097098049214,754.0079517020481,-191.52951058292766,13.43059739644761,0.017448132302326447,2.5378591505971983E-5
717.6322640260483,-190.14737816850212,132.95686537763436,717.6322640260483,-209.14564975211374,-366.68206993149005,752.0419693392272,-195.16865015898057,0.9015370716448672,0.02293203809276274,1.236311772708338E-4
717.6322640260483,-190.14737816850212,132.95686537763436,717.6322640260483,-218.51514102836597,-366.23775601799576,748.2411930163614,-198.61059542959006,-15.972486482367685,0.03236863150468268,2.281129036766453E-4
717.6322640260483,-190.14737816850212,132.95686537763436,717.6322640260483,-226.2598676116688,-365.73731757040963,741.844023986279,-202.68631878678642,-40.199204533036436,0.05114893293335354,4.83821191727371E-4
717.6322640260483,-190.14737816850212,132.95686537763436,717.6322640260483,-235.33731278224607,-364.996817016226,710.8792185102193,-212.30852884142925,-111.23969471902524,0.1698505954701741,0.004947163883657806
717.6322640260483,-190.14737816850212,132.95686537763436,717.6322640260483,-221.58595885826514,-366.0537714270466,690.4987710629545,-205.99625300732924,-118.60529017909047,0.18538779935944344,4.0226798598130385E-5
717.6322640260483,-190.14737816850212,132.95686537763436,717.6322640260483,-172.4608811378718,-366.7302245324268,748.6833667866716,-183.30134930573107,-60.4603067143816,0.07133810085702619,0.0027615679940265893
717.6322640260483,-190.14737816850212,132.95686537763436,717.6322640260483,-135.2767767700751,-364.02323191216146,773.4740413241192,-174.16211072670853,-11.826671998606628,0.02849595363983764,0.0021335605062478597
717.6322640260483,-190.14737816850212,132.95686537763436,717.6322640260483,-164.83934273736253,-366.40222720266115,763.2242900925926,-184.40719238782637,19.695843182539193,0.014860989062440735,8.478013247173266E-4
717.6322640260483,-190.14737816850212,132.95686537763436,717.6322640260483,-205.6115054234924,-366.80393817566704,756.6734960807821,-193.72543201742303,17.323371342808912,0.015915690657614213,4.7527952271855055E-6
717.6322640260483,-190.14737816850212,132.95686537763436,717.6322640260483,-220.7293160651864,-366.1070033550995,755.0934264789804,-198.17591821174057,1.9398491313006616,0.02237613106942862,1.907916775182226E-4
717.6322640260483,-190.14737816850212,132.95686537763436,717.6322640260483,-243.35091665094365,-364.2044600419395,755.5086422970008,-206.60716752614036,-20.85190235820096,0.035450817078043685,4.4762230208631246E-4
717.6322640260483,-190.14737816850212,132.95686537763436,717.6322640260483,-266.5296749026408,-361.17443776518206,738.2236233255176,-222.99828764830283,-79.56178625680286,0.10333990090890895,0.0034316832672587425
717.6322640260483,-190.14737816850212,132.95686537763436,717.6322640260483,-256.0294490366123,-362.68368253801924,701.7699299406747,-220.9738541516706,-98.9552655751587,0.1409556787629588,2.594114620718169E-4
717.6322640260483,-190.14737816850212,132.95686537763436,717.6322640260483,-188.81781676558805,-367.0413668857166,737.4499180783224,-189.65979389463544,-50.40531291545986,0.060940701876277224,0.0018993897109677426
717.6322640260483,-190.14737816850212,132.95686537763436,717.6322640260483,-134.20545666156562,-363.90378049614765,772.4025306803226,-174.40822788511073,-6.83390627722747,0.025912618616873846,0.0016718231144025434
717.6322640260483,-190.14737816850212,132.95686537763436,717.6322640260483,-148.7935681146675,-365.3300623999578,761.3141180173972,-179.71039057652982,7.197848839943276,0.019825769124387535,1.587131970062704E-4
717.6322640260483,-190.14737816850212,132.95686537763436,717.6322640260483,-166.88553853221453,-366.5017283183152,755.0210143062615,-184.00049072207167,0.9760845105798523,0.022782103445357107,3.0472544276219257E-5
717.6322640260483,-190.14737816850212,132.95686537763436,717.6322640260483,-185.70738839612565,-367.02342072454906,747.6781324786291,-188.8325291766164,-15.106217838056466,0.03172212779946589,2.0192037657694968E-4
717.6322640260483,-190.14737816850212,132.95686537763436,717.6322640260483,-193.61213219053144,-367.0311299578205,735.2268604987893,-191.3697511521269,-43.44001986987982,0.054124811640510424,6.552309465853636E-4
717.6322640260483,-190.14737816850212,132.95686537763436,717.6322640260483,-196.7511080472351,-366.99952347212195,683.7192997870653,-193.67229607622536,-133.90826395065258,0.23145113162906444,0.008210250681173242
717.6322640260483,-190.14737816850212,132.95686537763436,717.6322640260483,-214.8114318141043,-366.434448581436,651.7560220642594,-206.07396930564087,-189.52059064601497,0.4974735137065713,0.0027946017003676604
717.6322640260483,-190.14737816850212,132.95686537763436,717.6322640260483,-209.89563265448314,-366.6529888534015,724.3926756534157,-200.22714004677832,-122.05039950565285,0.19933364930787595,0.0036233456500325448
717.6322640260483,-190.14737816850212,132.95686537763436,717.6322640260483,-181.8653264181169,-366.9745375356093,731.9627615763354,-186.7472805467025,-72.28401276940153,0.08858123124483,0.002241595000775966
717.6322640260483,-190.14737816850212,132.95686537763436,717.6322640260483,-170.03481341068957,-366.6384555961142,663.2829211259141,-178.33505303151668,-160.46082845309303,0.33138774226294776,0.0072188250546298405
717.6322640260483,-190.14737816850212,132.95686537763436,717.6322640260483,-196.78756689469986,-366.9990405717608,678.7272191255881,-194.38900808210505,-186.40573312665677,0.5347771928086363,5.367977381794207E-4
717.6322640260483,-190.14737816850212,132.95686537763436,717.6322640260483,-203.85466930583215,-366.85520947618147,760.544789201619,-196.15069335988596,-85.94338207063333,0.10577179115549845,0.009383929886975752
717.6322640260483,-190.14737816850212,132.95686537763436,717.6322640260483,-213.95635500038392,-366.4759455411307,756.2321112327111,-198.43304584124843,-40.848767907589234,0.050262452240820946,0.0018081646435241816
717.6322640260483,-190.14737816850212,132.95686537763436,717.6322640260483,-197.45142222778736,-366.98978271631984,680.6889006413348,-193.910099350765,-124.59358578551672,0.19827107140670466,0.006084120522061899
717.6322640260483,-190.14737816850212,132.95686537763436,717.6322640260483,-225.72749285379194,-365.77558337518303,679.6860528509256,-210.29109638272976,-149.40101909883194,0.2964677327558351,5.386155452220319E-4
717.6322640260483,-190.14737816850212,132.95686537763436,717.6322640260483,-229.00582419003987,-365.5308688473827,746.4656861314661,-204.94228355352317,-56.83659315040151,0.06786847913614133,0.00820912474374595
717.6322640260483,-190.14737816850212,132.95686537763436,717.6322640260483,-250.97416619442134,-363.32944499013104,753.598788822382,-207.18817269488648,-6.079130368693683,0.02684437738431843,0.0023264547069270255
717.6322640260483,-190.14737816850212,132.95686537763436,717.6322640260483,-267.0076019203391,-361.1003236246284,752.0127888942998,-207.77489191745664,19.64728251684977,0.015710459675400863,5.302944745566368E-4
717.6322640260483,-190.14737816850212,132.95686537763436,717.6322640260483,-276.6876863693893,-359.49696500293584,750.8869835898454,-207.897091665938,31.95289876730513,0.01181675041214164,1.1365048855854212E-4
717.6322640260483,-190.14737816850212,132.95686537763436,717.6322640260483,-279.0797515592518,-359.0706063788604,750.85477855221,-207.87322982789928,34.88677409171984,0.010994188434509361,6.212492957308474E-6
717.6322640260483,-190.14737816850212,132.95686537763436,717.6322640260483,-279.4999360054768,-358.99447409405576,750.9865741035925,-207.94243569437685,34.9820273007856,0.010968582746886722,8.269021384178809E-9
717.6322640260483,-190.14737816850212,132.95686537763436,717.6322640260483,-278.5184666292759,-359.1717262772888,750.3500391365931,-208.08924544146137,33.04063681810575,0.011529447374284539,2.776098288737387E-6
717.6322640260483,-190.14737816850212,132.95686537763436,717.6322640260483,-274.34831650348633,-359.9023457400115,749.6455291537078,-207.56198307684784,31.022746746955505,0.012099700174135123,3.196941260488181E-6
717.6322640260483,-190.14737816850212,132.95686537763436,717.6322640260483,-271.26875968659857,-360.4185712429937,749.4607382786902,-207.17375711388536,29.403437304262894,0.012565295774556744,2.039986814141862E-6
717.6322640260483,-190.14737816850212,132.95686537763436,717.6322640260483,-269.09004747915054,-360.7718607079658,749.4032201339123,-206.9140390213743,28.09365039028333,0.012952316132984688,1.315142296727764E-6
717.6322640260483,-190.14737816850212,132.95686537763436,717.6322640260483,-267.6731282251502,-360.9963288403544,749.4929409372222,-206.75988422632463,27.110737797686596,0.013247265408207724,7.301504833147201E-7
717.6322640260483,-190.14737816850212,132.95686537763436,717.6322640260483,-267.0983857057322,-361.0861918947102,749.6596074357534,-206.75150513579396,26.354575000991332,0.013480441122610575,4.127429864987865E-7
717.6322640260483,-190.14737816850212,132.95686537763436,717.6322640260483,-266.4822667860142,-361.1817637334199,749.7586530911951,-206.71287838317156,25.72341400481406,0.01367680269166734,2.920073566650582E-7
717.6322640260483,-190.14737816850212,132.95686537763436,717.6322640260483,-266.1759736710231,-361.22898292835873,749.7725996545305,-206.71821286745606,25.246444729795257,0.013829912411572552,1.6414706351294916E-7
717.6322640260483,-190.14737816850212,132.95686537763436,717.6322640260483,-266.2061553746284,-361.2243386456559,749.8907153134027,-206.7698246457446,24.954858039620802,0.013923566966017337,6.44604579418447E-8
717.6322640260483,-190.14737816850212,132.95686537763436,717.6322640260483,-266.1812249871998,-361.22817500496444,749.9644922091952,-206.80313682398534,24.70209321820863,0.014005313355876391,4.777924594785735E-8
717.6322640260483,-190.14737816850212,132.95686537763436,717.6322640260483,-266.04423203226816,-361.24923289876494,749.9872226294476,-206.79751610737856,24.53867295418803,0.014057665093635182,1.9384189732377645E-8
717.6322640260483,-190.14737816850212,132.95686537763436,717.6322640260483,-265.95716684715967,-361.2625959353509,750.0112758031803,-206.7941898596164,24.432907588560937,0.014091381917012839,8.110535142367378E-9
717.6322640260483,-190.14737816850212,132.95686537763436,717.6322640260483,-265.9119606634577,-361.26952812979965,750.018429510642,-206.79495089783387,24.361667466814424,0.014114524531432172,3.6560281906144598E-9
717.6322640260483,-190.14737816850212,132.95686537763436,717.6322640260483,-265.86547160125554,-361.2766526347611,750.0299466003786,-206.79214851946506,24.311718172880177,0.01413042076430654,1.8222470330736586E-9
717.6322640260483,-190.14737816850212,132.95686537763436,717.6322640260483,-265.8301015912279,-361.2820701336415,750.0412618276779,-206.79033370426112,24.271603328976823,0.014143161549310205,1.171421701415608E-9
717.6322640260483,-190.14737816850212,132.95686537763436,717.6322640260483,-265.80657125843817,-361.28567275620514,750.0525158771641,-206.79112662165915,24.23182954793424,0.01415593132048951,1.1427526316886048E-9
717.6322640260483,-190.14737816850212,132.95686537763436,717.6322640260483,-265.7771192357995,-361.29018040624635,750.063313877843,-206.79018012740642,24.194682859579387,0.014167772365485321,9.984712065884457E-10
717.6322640260483,-190.14737816850212,132.95686537763436,717.6322640260483,-265.7407132743301,-361.2957498785502,750.0756490744242,-206.78776955125556,24.156837593461603,0.014179733853415937,1.0485040640645196E-9
717.6322640260483,-190.14737816850212,132.95686537763436,717.6322640260483,-263.27938359975775,-361.6659300752267,749.8185343781076,-206.27457803349924,23.881767094568943,0.014251951313234038,8.852992587946805E-8
717.6322640260483,-190.14737816850212,132.95686537763436,717.6322640260483,-249.67186795522693,-363.4873259627721,749.4185040232679,-203.3946998885259,22.47198861032237,0.014604543555776476,2.2274575885903847E-6
717.6322640260483,-190.14737816850212,132.95686537763436,717.6322640260483,-237.6582993164144,-364.78072851263715,748.8576140019125,-200.8419685173099,20.917369210307044,0.015056804619811643,2.35527974046231E-6
717.6322640260483,-190.14737816850212,132.95686537763436,717.6322640260483,-265.2715230012569,-361.3672821846178,762.7916716203081,-207.0037976881916,22.039992665505224,0.014465808006783832,2.412522779771456E-6
717.6322640260483,-190.14737816850212,132.95686537763436,717.6322640260483,-409.53218538983083,-316.34293026049016,854.9504900313664,-228.76597153027095,53.86603714279906,0.004208304776866676,6.96778428349669E-4
717.6322640260483,-190.14737816850212,132.95686537763436,717.6322640260483,-528.5714699495253,-235.10445302215294,922.0271124459092,-240.63404254055436,78.04887064063823,6.481174690992713E-4,3.548839730592722E-4
717.6322640260483,-190.14737816850212,132.95686537763436,717.6322640260483,-491.2194468566844,-266.2368337908501,911.6382195748331,-238.54852768162465,68.78142060012058,0.0012217050506564207,5.532054572834777E-5
717.6322640260483,-190.14737816850212,132.95686537763436,717.6322640260483,-426.22065848264106,-307.80316720440686,881.1849328823562,-232.85955597231333,53.21119972921133,0.0032892240001759104,1.866835809202207E-4
717.6322640260483,-190.14737816850212,132.95686537763436,717.6322640260483,-272.5071570283372,-360.2133555665738,771.790601034964,-209.60941159034041,16.41824111777342,0.016141524032703303,5.978749426745297E-4
717.6322640260483,-190.14737816850212,132.95686537763436,717.6322640260483,-273.8737739993122,-359.9831823372805,733.6412295563102,-214.06468720944488,-7.856546484484909,0.0291663207291021,4.328771796068589E-4
717.6322640260483,-190.14737816850212,132.95686537763436,717.6322640260483,-402.3026503539095,-319.80150338426466,823.7856718856061,-237.51098035675832,31.87869256323569,0.010744405751996136,0.001176213725410887
717.6322640260483,-190.14737816850212,132.95686537763436,717.6322640260483,-651.4349387428122,-59.95188626262228,937.7954600442093,-252.22512852569832,106.99617978894705,1.6379293874864613E-4,4.788333724002021E-4
717.6322640260483,-190.14737816850212,132.95686537763436,717.6322640260483,-589.680538351932,-167.66458081980795,926.7637244073957,-237.727634965262,97.15596814517264,1.191284252716369E-4,2.3802512215249916E-4
717.6322640260483,-190.14737816850212,132.95686537763436,717.6322640260483,-453.26275390174783,-292.2140403211833,882.7363091883078,-223.72729145839116,78.69472996664817,9.538896176155228E-4,3.541882315825214E-4
717.6322640260483,-190.14737816850212,132.95686537763436,717.6322640260483,-215.98569052449903,-366.37506992652175,766.1518805115961,-195.2633484769968,34.08944246305859,0.010391204811580025,7.783110024045959E-4
717.6322640260483,-190.14737816850212,132.95686537763436,717.6322640260483,-178.26795744114497,-366.9019940648911,725.9028950500696,-187.28011899239607,12.30915583116581,0.0185552518361336,3.260399945476949E-4
717.6322640260483,-190.14737816850212,132.95686537763436,717.6322640260483,-154.09811111974267,-365.7418917345598,688.3388447895211,-179.95898049606382,-7.987505262062143,0.027842844779370133,2.950068213045112E-4
717.6322640260483,-190.14737816850212,132.95686537763436,717.6322640260483,-140.28260471540182,-364.5504253915271,656.0390675960924,-174.2961546487217,-25.192840769522576,0.035995186602766766,2.1627461722323508E-4
717.6322640260483,-190.14737816850212,132.95686537763436,717.6322640260483,-145.49717958142458,-365.0455038598368,639.2979884176704,-174.78906343066927,-38.340852638542884,0.04278296193560392,1.2782502794701564E-4
717.6322640260483,-190.14737816850212,132.95686537763436,717.6322640260483,-175.40953688882666,-366.8258834587126,649.0480753504111,-184.96152266405886,-42.903429891865756,0.04767491706852535,1.6275758532892065E-5
717.6322640260483,-190.14737816850212,132.95686537763436,717.6322640260483,-216.27497773766873,-366.36001651276723,681.23680913362,-198.84655251336747,-33.29050064618957,0.044152260329524656,6.292749809246993E-5
717.6322640260483,-190.14737816850212,132.95686537763436,717.6322640260483,-351.56928519460877,-340.2692623161511,797.8896503748645,-224.13368416925266,33.32226013938674,0.010694163050135427,0.002877209917793372
717.6322640260483,-190.14737816850212,132.95686537763436,717.6322640260483,-534.5117093339625,-229.5527309380564,867.8512584210781,-231.5649214408852,89.35694653224968,0.001052941016869349,0.0013285101923543468
717.6322640260483,-190.14737816850212,132.95686537763436,717.6322640260483,-443.68396285520646,-297.99464027631,830.656466736882,-221.70864295719122,79.3102699648436,0.0020605353939855877,1.1537386132826748E-4
717.6322640260483,-190.14737816850212,132.95686537763436,717.6322640260483,-176.49862067875696,-366.85681132498064,709.9292398068272,-186.82048655895088,11.127026389709584,0.019048808029933834,0.0024009515550844902
717.6322640260483,-190.14737816850212,132.95686537763436,717.6322640260483,-102.04449433065837,-359.2198121066359,599.7999129664173,-149.98177301135937,-91.42369101564219,0.08655824472435433,0.009308312520980423
717.6322640260483,-190.14737816850212,132.95686537763436,717.6322640260483,-193.99385310586197,-367.02833903401245,684.4841491207158,-191.83621859938404,-86.56756720133586,0.10901479835090654,1.020390777406049E-5
717.6322640260483,-190.14737816850212,132.95686537763436,717.6322640260483,-228.1275535451201,-365.5985540878062,734.7827827115882,-202.8614888308472,-33.937802999748214,0.04614175372328027,0.0023119493685345473
717.6322640260483,-190.14737816850212,132.95686537763436,717.6322640260483,-252.62569275587288,-363.1242370706665,747.3721443567617,-207.68560423155807,-6.297571586755225,0.02729985004137198,6.393758977811713E-4
717.6322640260483,-190.14737816850212,132.95686537763436,717.6322640260483,-265.1644976080599,-361.3835353494265,752.0722980926032,-209.4743578187328,5.597844709869918,0.021393293214686575,1.1118643742650575E-4
717.6322640260483,-190.14737816850212,132.95686537763436,717.6322640260483,-266.45045118065536,-361.1866775822044,752.3725649192822,-209.7103065862148,6.266099496441626,0.021101594876348755,3.572265519193536E-7
717.6322640260483,-190.14737816850212,132.95686537763436,717.6322640260483,-265.492124208144,-361.3337062947595,751.3356524080788,-209.7876311431402,4.109236565977909,0.022114978785637934,3.4023374292452526E-6
717.6322640260483,-190.14737816850212,132.95686537763436,717.6322640260483,-263.1753259558881,-361.6813042392713,750.3597549919388,-209.4556593294378,2.1766210840453084,0.023027197476920787,2.8429654009704588E-6
717.6322640260483,-190.14737816850212,132.95686537763436,717.6322640260483,-262.6090074193743,-361.764583809996,749.7704263612084,-209.51666155732315,0.7158428266806425,0.023751335923977372,1.5619262726096008E-6
717.6322640260483,-190.14737816850212,132.95686537763436,717.6322640260483,-262.43911608730264,-361.7894379220259,749.5591975187195,-209.6241701337112,-0.3373547135625756,0.024279332742068296,8.252999101965481E-7
717.6322640260483,-190.14737816850212,132.95686537763436,717.6322640260483,-262.496625832728,-361.7810312529154,749.5542225425505,-209.7553285903309,-1.1260236933513,0.02467752270682863,4.709413952782725E-7
717.6322640260483,-190.14737816850212,132.95686537763436,717.6322640260483,-262.6682664159174,-361.75590054599314,749.4834185917532,-209.89158839731445,-1.7314029175552434,0.024992133620725387,2.81961368287226E-7
717.6322640260483,-190.14737816850212,132.95686537763436,717.6322640260483,-262.8846370583173,-361.72413402419835,749.5509454458364,-210.00918602732125,-2.1218977142145263,0.025193852807456014,1.1977483730123426E-7
717.6322640260483,-190.14737816850212,132.95686537763436,717.6322640260483,-262.9147754982033,-361.7197015687507,749.5465135640712,-210.05916496994774,-2.4045010881561097,0.02534039832556396,6.052983345983812E-8
717.6322640260483,-190.14737816850212,132.95686537763436,717.6322640260483,-262.90627017136165,-361.7209526357836,749.5124356714772,-210.08921668372983,-2.624984377596661,0.025455899336633375,3.640704099534593E-8
717.6322640260483,-190.14737816850212,132.95686537763436,717.6322640260483,-263.08544928441904,-361.69456520949075,749.4815192254242,-210.1575727336138,-2.7482775816397975,0.025525060406315758,1.279689245383169E-8
717.6322640260483,-190.14737816850212,132.95686537763436,717.6322640260483,-265.8743455927163,-361.27529303046845,749.1193493220112,-210.95919760219874,-2.8715031544799956,0.025665552984578923,4.324052400158163E-8
717.6322640260483,-190.14737816850212,132.95686537763436,717.6322640260483,-278.8686061257377,-359.10872345149744,746.8779819161917,-214.99694067548097,-4.863754204374629,0.02715326028881441,5.249695875156895E-6
717.6322640260483,-190.14737816850212,132.95686537763436,717.6322640260483,-328.5590399704794,-347.5035511784177,765.1267309113957,-229.36340093846593,-3.1714520663462054,0.026977095226876316,1.940292026148007E-5
717.6322640260483,-190.14737816850212,132.95686537763436,717.6322640260483,-435.15190720880844,-302.90180523674917,858.0129512818388,-230.71829271686008,60.78193477564557,0.003391114221184168,0.0018667177730633073
717.6322640260483,-190.14737816850212,132.95686537763436,717.6322640260483,-607.0833187997221,-143.02215811864494,863.7064460940012,-225.5305504477706,109.53596930652714,3.0839521687532775E-4,7.314941871252902E-4
717.6322640260483,-190.14737816850212,132.95686537763436,717.6322640260483,-438.6636190294967,-300.90910243768076,798.282000494424,-215.56776875418038,88.57730158941649,0.0017063855583995635,2.762802057555328E-4
717.6322640260483,-190.14737816850212,132.95686537763436,717.6322640260483,-335.419426166137,-345.4739363801255,695.5742629240356,-216.82087208951444,45.111878966219365,0.009143829997437678,7.719658364272265E-4
717.6322640260483,-190.14737816850212,132.95686537763436,717.6322640260483,-316.5072087203183,-350.81290757528205,608.3127355583129,-226.27936355696872,-5.3747728604271,0.021118665824224867,0.0016111500980493527
717.6322640260483,-190.14737816850212,132.95686537763436,717.6322640260483,-284.17016046789934,-358.12328735578666,703.8900962236493,-224.31336323936617,-45.49176969317941,0.05953605430895287,7.439759676948138E-4
717.6322640260483,-190.14737816850212,132.95686537763436,717.6322640260483,-264.07494549284525,-361.54764905019636,739.9549603143723,-214.150699706512,-27.602331839452376,0.04189088166333797,2.499288966488417E-4
717.6322640260483,-190.14737816850212,132.95686537763436,717.6322640260483,-265.61623318331607,-361.31477241149975,751.2312685048107,-213.223058183929,-18.173745416503124,0.034553316741303644,6.642017217058942E-5
717.6322640260483,-190.14737816850212,132.95686537763436,717.6322640260483,-266.348976277942,-361.20233614103347,752.3980321815601,-213.3480716445298,-17.49714670656809,0.0340577592399353,3.4708323206457343E-7
717.6322640260483,-190.14737816850212,132.95686537763436,717.6322640260483,-266.87448941485263,-361.1210135036105,751.249427828526,-213.76822149146383,-19.14759909156905,0.03523920133878244,2.1227324891852516E-6
717.6322640260483,-190.14737816850212,132.95686537763436,717.6322640260483,-266.7286735319125,-361.14363573571416,750.2354134688214,-214.01824741723058,-21.057354437238047,0.03659983340549542,2.7421042992238983E-6
717.6322640260483,-190.14737816850212,132.95686537763436,717.6322640260483,-266.36029158092146,-361.20059113718037,749.6536465155539,-214.120589310856,-22.483210485778926,0.037621824266847514,1.4992485124138916E-6
717.6322640260483,-190.14737816850212,132.95686537763436,717.6322640260483,-266.16348581465815,-361.2309039756025,749.4364866924595,-214.20226954727448,-23.42621553260028,0.038300644748304837,6.577634036674672E-7
717.6322640260483,-190.14737816850212,132.95686537763436,717.6322640260483,-266.11613525735044,-361.2381851301339,749.4418603656009,-214.27932350636746,-24.02724759329783,0.03873160816905596,2.702479295347121E-7
717.6322640260483,-190.14737816850212,132.95686537763436,717.6322640260483,-266.0637798563872,-361.2462304794876,749.4093424647422,-214.3266916647775,-24.44642718998631,0.03903624317031604,1.3075417729294999E-7
717.6322640260483,-190.14737816850212,132.95686537763436,717.6322640260483,-266.0613197686162,-361.24660837658206,749.3626570027366,-214.36727865908463,-24.71587172615662,0.039235939758526885,5.4607469513997024E-8
717.6322640260483,-190.14737816850212,132.95686537763436,717.6322640260483,-266.0856218139419,-361.2428747599398,749.3374245050303,-214.40040702355594,-24.879818516179427,0.03935856818911528,2.052215639573105E-8
717.6322640260483,-190.14737816850212,132.95686537763436,717.6322640260483,-266.08470574074323,-361.24301552197306,749.3347308318689,-214.41519734294866,-24.97802289316104,0.03943077555633259,7.248991765130234E-9
717.6322640260483,-190.14737816850212,132.95686537763436,717.6322640260483,-266.09215365796905,-361.2418710390571,749.3500597044695,-214.42640801360466,-25.035120161080613,0.03947195153706684,2.4838062178022817E-9
717.6322640260483,-190.14737816850212,132.95686537763436,717.6322640260483,-266.0957214067304,-361.2413227608576,749.358224000249,-214.43436821789754,-25.079320350606224,0.03950402196269374,1.481176564706319E-9
717.6322640260483,-190.14737816850212,132.95686537763436,717.6322640260483,-266.0979027857776,-361.2409875217491,749.3647986879854,-214.4418098929259,-25.123095967227755,0.039535858719584656,1.4484719561983934E-9
717.6322640260483,-190.14737816850212,132.95686537763436,717.6322640260483,-266.0931229184144,-361.2417220893688,749.3596172876698,-214.4462321934497,-25.16205722612179,0.039564717613550786,1.1280356699533105E-9
717.6322640260483,-190.14737816850212,132.95686537763436,717.6322640260483,-266.0917852076092,-361.2419276596195,749.3596662802968,-214.44983184879942,-25.18833247034013,0.039584017137544024,5.166610130622991E-10
717.6322640260483,-190.14737816850212,132.95686537763436,717.6322640260483,-266.0906976565005,-361.2420947843067,749.3598657505714,-214.45232552247887,-25.206878189359088,0.03959762743100514,2.571901094259112E-10
717.6322640260483,-190.14737816850212,132.95686537763436,717.6322640260483,-266.09125139743077,-361.2420096908834,749.362449071749,-214.45536546169942,-25.225479882337567,0.03961118020642886,2.610063135774617E-10
717.6322640260483,-190.14737816850212,132.95686537763436,717.6322640260483,-266.09233159151773,-361.24184369552376,749.3652262066743,-214.45801938699998,-25.240446825619188,0.03962206301020265,1.6967325061970487E-10
717.6322640260483,-190.14737816850212,132.95686537763436,717.6322640260483,-266.08743537292355,-361.24259608685287,749.3582589573556,-214.45987569912654,-25.262967854091272,0.039638964902335996,3.733505846017715E-10
717.6322640260483,-190.14737816850212,132.95686537763436,717.6322640260483,-265.78103121750127,-361.28958177850217,748.856147476817,-214.44932412289282,-25.850093730325767,0.04009690853576398,2.491876834547281E-7
717.6322640260483,-190.14737816850212,132.95686537763436,717.6322640260483,-270.4417829078144,-360.55383214325985,746.1903772440032,-216.59003682542166,-29.56672465894647,0.0433203541267835,1.1961654307340972E-5
717.6322640260483,-190.14737816850212,132.95686537763436,717.6322640260483,-276.12685922306093,-359.59519160476094,741.6387373703013,-220.08370083067896,-38.539835054731014,0.05159784249765354,6.765478649210587E-5
717.6322640260483,-190.14737816850212,132.95686537763436,717.6322640260483,-222.7828876169514,-365.9769213346309,749.48909309156,-201.98543578797248,-48.02412787850068,0.05789300946174767,8.080240942380739E-5
717.6322640260483,-190.14737816850212,132.95686537763436,717.6322640260483,-221.81801866304693,-366.03909706160755,761.2509649553373,-201.9216009687896,-52.555317087242514,0.061075538911259525,1.4387852015183515E-5
717.6322640260483,-190.14737816850212,132.95686537763436,717.6322640260483,-264.4038742505691,-361.4983629187342,762.4797620874755,-217.25784126915235,-47.564852302626434,0.05750663088849849,3.703108063260915E-5
717.6322640260483,-190.14737816850212,132.95686537763436,717.6322640260483,-272.77651631900375,-360.16829675517073,760.0680750570649,-219.1431960363674,-40.08823357064216,0.05113290915122639,4.4685735041064436E-5
717.6322640260483,-190.14737816850212,132.95686537763436,717.6322640260483,-273.00942818141795,-360.1292129775115,759.8603443344908,-219.0228562410996,-38.872050769477426,0.0500727692208647,1.0975360322880487E-6
717.6322640260483,-190.14737816850212,132.95686537763436,717.6322640260483,-272.8772375412521,-360.15140910999276,759.2062087250519,-219.23625661469137,-40.42632137180914,0.05154739078476097,1.8170796103599086E-6
717.6322640260483,-190.14737816850212,132.95686537763436,717.6322640260483,-271.3677929246961,-360.40227787080266,758.7133826770547,-218.99344021059005,-42.26347174937405,0.05322847010784035,2.5385525130482395E-6
717.6322640260483,-190.14737816850212,132.95686537763436,717.6322640260483,-270.304443051784,-360.57615778221185,758.8878884388827,-218.8230157210331,-43.601172431561224,0.05441900827249514,1.3416192590816185E-6
717.6322640260483,-190.14737816850212,132.95686537763436,717.6322640260483,-269.6643215244825,-360.6796970033564,759.0094055034842,-218.74017068509482,-44.5455285911124,0.055279257892745105,6.592759499149954E-7
717.6322640260483,-190.14737816850212,132.95686537763436,717.6322640260483,-269.3623639024413,-360.72824279879404,759.1439793775747,-218.72451524862592,-45.142100115570486,0.0558270836257328,2.5765202809891913E-7
717.6322640260483,-190.14737816850212,132.95686537763436,717.6322640260483,-269.1712413151312,-360.7588717154654,759.2232540842682,-218.71494691454947,-45.52413642105091,0.056181246075279405,1.0554616579889756E-7
717.6322640260483,-190.14737816850212,132.95686537763436,717.6322640260483,-269.01624905673106,-360.78365473876835,759.2751360559066,-218.69880881294756,-45.78283328540115,0.05642088839961847,4.895487057728123E-8
717.6322640260483,-190.14737816850212,132.95686537763436,717.6322640260483,-268.9081669093492,-360.800907378319,759.2920523483596,-218.68339514434723,-45.93773954665639,0.05656572359183968,1.775326364842957E-8
717.6322640260483,-190.14737816850212,132.95686537763436,717.6322640260483,-268.8716087204216,-360.8067374972719,759.3096646129462,-218.68446989987407,-46.0296693914928,0.056652435261936064,6.0797885604453515E-9
717.6322640260483,-190.14737816850212,132.95686537763436,717.6322640260483,-268.8520263621225,-360.80985925325695,759.3356998431948,-218.686689977528,-46.08926262862337,0.056707067171740094,2.5753643908559963E-9
717.6322640260483,-190.14737816850212,132.95686537763436,717.6322640260483,-268.83258681535756,-360.81295745503013,759.3519010586784,-218.68585550142117,-46.12938398128628,0.056743682972252775,1.1611903100048799E-9
717.6322640260483,-190.14737816850212,132.95686537763436,717.6322640260483,-268.8195577768929,-360.8150335348747,759.3717674555741,-218.68567654404808,-46.15867267874586,0.05676945856963319,6.158888044158872E-10
717.6322640260483,-190.14737816850212,132.95686537763436,717.6322640260483,-268.8117557737783,-360.8162765569736,759.396904375103,-218.68759024241115,-46.18890067580338,0.056795797754842385,6.680218107322599E-10
717.6322640260483,-190.14737816850212,132.95686537763436,717.6322640260483,-268.79932778789606,-360.8182563337255,759.4087646443451,-218.68671297439948,-46.21241886180451,0.05681692105632931,4.0106348384707165E-10
717.6322640260483,-190.14737816850212,132.95686537763436,717.6322640260483,-268.78725779861963,-360.82017877464364,759.414440386127,-218.68513091836383,-46.230682541482395,0.05683364515219354,2.4566079778890745E-10
717.6322640260483,-190.14737816850212,132.95686537763436,717.6322640260483,-268.77147498818954,-360.8226921166877,759.4217939707784,-218.6820848158795,-46.248434161580235,0.056849434904604576,2.3831498456231263E-10
717.6322640260483,-190.14737816850212,132.95686537763436,717.6322640260483,-268.7572664948025,-360.8249543133366,759.4275296332273,-218.68002525253954,-46.268709136285565,0.056868035902299816,3.0417629240357246E-10
717.6322640260483,-190.14737816850212,132.95686537763436,717.6322640260483,-268.90650671321924,-360.8011721983394,759.4229650314053,-218.73651915737827,-46.27465243474984,0.056883118294272665,1.6017427450302704E-10
717.6322640260483,-190.14737816850212,132.95686537763436,717.6322640260483,-269.2144587439257,-360.75195241811815,759.4118572364769,-218.85015406736366,-46.268337492548056,0.05689604053521859,4.3004306042096636E-10
717.6322640260483,-190.14737816850212,132.95686537763436,717.6322640260483,-269.2563903554769,-360.7452352770024,759.4193170830239,-218.8673530050195,-46.278237116434155,0.05690735468981073,1.1472486872109722E-10
717.6322640260483,-190.14737816850212,132.95686537763436,717.6322640260483,-269.23671716549484,-360.74838723471004,759.4323361031809,-218.86262452848334,-46.29444886737778,0.05692066974441769,2.0627488001080564E-10
717.6322640260483,-190.14737816850212,132.95686537763436,717.6322640260483,-269.24205113870903,-360.74753272687514,759.4320126258694,-218.86735115562314,-46.31155365388895,0.0569380453700117,2.285557447366624E-10
717.6322640260483,-190.14737816850212,132.95686537763436,717.6322640260483,-269.24557247733503,-360.74696857252053,759.436705478006,-218.8702902246161,-46.32171270152483,0.05694775751090408,8.09424350187753E-11
717.6322640260483,-190.14737816850212,132.95686537763436,717.6322640260483,-269.24920815809276,-360.7463860723616,759.4411462371547,-218.87270720249055,-46.3283464173052,0.056953999870288784,3.531031936059577E-11
717.6322640260483,-190.14737816850212,132.95686537763436,717.6322640260483,-269.25333968646714,-360.74572409533795,759.4457520062649,-218.8753322591222,-46.33512542357485,0.05696039486213075,3.7130067188337786E-11
717.6322640260483,-190.14737816850212,132.95686537763436,717.6322640260483,-269.2555298022079,-360.7453731681298,759.4502788802592,-218.87694541317825,-46.340101726629655,0.056964892803502705,1.962907818988242E-11
717.6322640260483,-190.14737816850212,132.95686537763436,717.6322640260483,-269.25502429936466,-360.7454541668805,759.4522319647307,-218.87781021813893,-46.34667401674537,0.0569711567047344,3.2259989334350714E-11
717.6322640260483,-190.14737816850212,132.95686537763436,717.6322640260483,-269.2540018862224,-360.74561799062155,759.4538479583997,-218.87838225555217,-46.35262099427234,0.05697681191146402,2.6120691900463416E-11
717.6322640260483,-190.14737816850212,132.95686537763436,717.6322640260483,-269.2521022842857,-360.74592236268796,759.4559248987833,-218.87868655265657,-46.3589365954833,0.056982724370783146,2.9014628858755545E-11
717.6322640260483,-190.14737816850212,132.95686537763436,717.6322640260483,-269.21613661050856,-360.75168370617445,759.4835200271416,-218.86600086251565,-46.36338476068272,0.056981504356359,3.006916538972093E-11
717.6322640260483,-190.14737816850212,132.95686537763436,717.6322640260483,-269.1926817168905,-360.75543949934877,759.4962017863121,-218.85856868758333,-46.37153758384403,0.05698662682160622,6.25259994557538E-11
717.6322640260483,-190.14737816850212,132.95686537763436,717.6322640260483,-269.19487869581457,-360.7550877492719,759.4952069166708,-218.86037902317105,-46.37773264921992,0.056993054321249736,3.012542959187709E-11
717.6322640260483,-190.14737816850212,132.95686537763436,717.6322640260483,-269.19701471396803,-360.75474574978256,759.4969146404917,-218.86188220414832,-46.382150836688,0.056997358954143346,1.5548228124767292E-11
717.6322640260483,-190.14737816850212,132.95686537763436,717.6322640260483,-269.1992631690225,-360.75438573769566,759.4989702122358,-218.8634786930578,-46.386889891941365,0.05700194507840466,1.787045987449069E-11
717.6322640260483,-190.14737816850212,132.95686537763436,717.6322640260483,-269.20070818059656,-360.75415436367024,759.5008448136153,-218.86454572092626,-46.39019152964735,0.05700507605470678,8.637723182985917E-12
717.6322640260483,-190.14737816850212,132.95686537763436,717.6322640260483,-269.2015881084627,-360.75401346824304,759.5013119753909,-218.86553151790238,-46.39430060999888,0.057009161145277376,1.3042168640083021E-11
717.6322640260483,-190.14737816850212,132.95686537763436,717.6322640260483,-269.2022380209778,-360.75390940220115,759.5014640227345,-218.8666023865772,-46.3994761077731,0.05701433668327162,2.0480293378790913E-11
717.6322640260483,-190.14737816850212,132.95686537763436,717.6322640260483,-269.2017335634256,-360.75399017761185,759.501191113491,-218.8673020003002,-46.40501918450428,0.057019867046384655,2.2908790118604676E-11
717.6322640260483,-190.14737816850212,132.95686537763436,717.6322640260483,-269.2008265724601,-360.7541354066734,759.5011248013305,-218.8676970450009,-46.40959695433324,0.0570243856387635,1.5429353409327143E-11
717.6322640260483,-190.14737816850212,132.95686537763436,717.6322640260483,-269.2000041218328,-360.7542670975032,759.5008761563125,-218.86812968862006,-46.414212907678774,0.057028971101154124,1.5724675790871835E-11
717.6322640260483,-190.14737816850212,132.95686537763436,717.6322640260483,-269.20000533905824,-360.754266902602,759.5016115764834,-218.86882923887256,-46.418579009437366,0.057033228180962126,1.4365143158465428E-11
717.6322640260483,-190.14737816850212,132.95686537763436,717.6322640260483,-269.1996545754066,-360.75432306646644,759.504059282293,-218.86929449803395,-46.42230104200166,0.05703660133996424,1.0325021091804159E-11
717.6322640260483,-190.14737816850212,132.95686537763436,717.6322640260483,-269.1997312416695,-360.7543107907761,759.5060790646935,-218.86983609046274,-46.42550506204017,0.05703953841510149,7.757178381782761E-12
717.6322640260483,-190.14737816850212,132.95686537763436,717.6322640260483,-269.20020847784815,-360.7542343761404,759.5083933059265,-218.8704975283227,-46.4285252782573,0.05704227745314065,7.0004962785783645E-12
717.6322640260483,-190.14737816850212,132.95686537763436,717.6322640260483,-269.20077589601885,-360.754143521028,759.5103757870849,-218.87101660414012,-46.430446476807134,0.05704396904403118,2.8776964461439563E-12
717.6322640260483,-190.14737816850212,132.95686537763436,717.6322640260483,-269.2003839191318,-360.754206284518,759.5114709212584,-218.87129382479984,-46.43309008767142,0.057046440215843666,5.175766809921693E-12
717.6322640260483,-190.14737816850212,132.95686537763436,717.6322640260483,-269.19942410311177,-360.7543599692807,759.511452274853,-218.8714136364928,-46.436072276888865,0.05704936039154152,6.452938630153141E-12
717.6322640260483,-190.14737816850212,132.95686537763436,717.6322640260483,-269.19880500912535,-360.75445909696344,759.5115968925893,-218.87167263964724,-46.43913080772205,0.05705235543430136,6.884013485085586E-12
717.6322640260483,-190.14737816850212,132.95686537763436,717.6322640260483,-269.1985068529981,-360.75450683664553,759.512002277174,-218.8719362434102,-46.44147110928091,0.057054619251727855,4.0661716467429315E-12
717.6322640260483,-190.14737816850212,132.95686537763436,717.6322640260483,-269.1979495422754,-360.75459607073014,759.5121638505441,-218.87217245549598,-46.44424356792953,0.05705733064228265,5.657397983994643E-12
717.6322640260483,-190.14737816850212,132.95686537763436,717.6322640260483,-269.1972824119866,-360.75470288778104,759.512880137996,-218.8722634267762,-46.4463645797949,0.05705931425379295,3.266985140749618E-12
717.6322640260483,-190.14737816850212,132.95686537763436,717.6322640260483,-269.1967117148632,-360.7547942637763,759.5137080540751,-218.8724422267262,-46.44880970214612,0.057061612277540044,4.383579924332147E-12
717.6322640260483,-190.14737816850212,132.95686537763436,717.6322640260483,-269.1962532006337,-360.75486767734833,759.5141756304578,-218.87268526993262,-46.451394965339375,0.057064103338676196,4.9329195932498545E-12
717.6322640260483,-190.14737816850212,132.95686537763436,717.6322640260483,-269.19579266503433,-360.7549414141259,759.5147917812712,-218.87285454150845,-46.45352420953611,0.057066120315637806,3.330841784078435E-12
717.6322640260483,-190.14737816850212,132.95686537763436,717.6322640260483,-269.1949725478636,-360.7550727227482,759.5157732383279,-218.87294546436326,-46.45600118741561,0.05706841596369026,4.446842043909902E-12
717.6322640260483,-190.14737816850212,132.95686537763436,717.6322640260483,-269.1945534327136,-360.7551398265627,759.5167439723958,-218.87310742566402,-46.457988411926266,0.05707024786598209,2.9031641150051394E-12
717.6322640260483,-190.14737816850212,132.95686537763436,717.6322640260483,-269.1941157561813,-360.755209901819,759.5171672604997,-218.87350077876044,-46.46146410005488,0.05707363433165736,8.970140536098854E-12
717.6322640260483,-190.14737816850212,132.95686537763436,717.6322640260483,-269.1932106319154,-360.7553548176591,759.5177447958581,-218.8736161709571,-46.46429194416237,0.057076327625655746,5.8034473608565476E-12
717.6322640260483,-190.14737816850212,132.95686537763436,717.6322640260483,-269.19246818064704,-360.7554736873032,759.5182015586572,-218.87375835799085,-46.46690849677174,0.05707883535274786,4.990016736155568E-12
717.6322640260483,-190.14737816850212,132.95686537763436,717.6322640260483,-269.19206992175395,-360.75553744979453,759.5192826305262,-218.87386205189802,-46.46848334948419,0.0570802430731243,1.8142826646790584E-12
717.6322640260483,-190.14737816850212,132.95686537763436,717.6322640260483,-269.19148952354846,-360.75563037276794,759.5201693883018,-218.8739842416919,-46.4705977907239,0.05708220371161504,3.2621838258506716E-12
717.6322640260483,-190.14737816850212,132.95686537763436,717.6322640260483,-269.19141015838534,-360.75564307924316,759.5215589397798,-218.87408562698621,-46.471415822018,0.057082835017043164,4.985632433410352E-13
717.6322640260483,-190.14737816850212,132.95686537763436,717.6322640260483,-269.1914603770481,-360.7556350391655,759.5235589327036,-218.8742655440212,-46.47242267381105,0.057083583067396436,7.68324591983385E-13
717.6322640260483,-190.14737816850212,132.95686537763436,717.6322640260483,-269.1908489395888,-360.7557329307948,759.5253308536793,-218.87415586794063,-46.47316117183672,0.05708405456699518,4.094696945849349E-13
717.6322640260483,-190.14737816850212,132.95686537763436,717.6322640260483,-269.1908611757383,-360.75573097178506,759.5274910006406,-218.87428625311028,-46.47394708092884,0.057084559220622444,4.662570846083811E-13
717.6322640260483,-190.14737816850212,132.95686537763436,717.6322640260483,-269.18973682478713,-360.75591097927867,759.5291538131198,-218.8741428632422,-46.47566920632883,0.057085996362140824,2.181465349662695E-12
717.6322640260483,-190.14737816850212,132.95686537763436,717.6322640260483,-269.1900110356968,-360.7558670786209,759.5303188771489,-218.87450519415472,-46.47729394854471,0.057087482101093615,2.028415232785169E-12
717.6322640260483,-190.14737816850212,132.95686537763436,717.6322640260483,-268.89753123912146,-360.8026037886329,759.2289422195907,-218.81972049311662,-46.817268054965155,0.057449641587803184,8.719658404411844E-8
717.6322640260483,-190.14737816850212,132.95686537763436,717.6322640260483,-265.3655635507985,-361.3529813660801,755.2974168982813,-218.23587434450081,-51.63174400521322,0.0627657593125303,1.7489393187280614E-5
