729.6845357006584,-169.19778188476576,132.84971038144045,729.6845357006584,-664.0326815030523,204.53249855098812,708.3583841514312,-328.3088836517892,155.8988676098151,0.040751580136871524,0.007120224375274382
729.6845357006584,-169.19778188476576,132.84971038144045,729.6845357006584,-664.0664517717499,204.29899004391896,708.3947757495581,-328.2266454851713,155.8103430527034,0.040683035104474796,6.499329755601737E-9
729.6845357006584,-169.19778188476576,132.84971038144045,729.6845357006584,-664.1834502389752,203.48389561732085,708.100250747078,-328.0992245387434,155.52485968826429,0.04054493668967513,2.0335910758048558E-8
729.6845357006584,-169.19778188476576,132.84971038144045,729.6845357006584,-664.6996135554743,199.76708339452836,706.9290302741008,-327.5301953323727,154.2324550930223,0.03994009195395849,3.9704137101338737E-7
729.6845357006584,-169.19778188476576,132.84971038144045,729.6845357006584,-665.237741257377,195.65384006745782,706.2609501384115,-327.07274326051476,152.8384216960656,0.03944308629401055,2.893009453947984E-7
729.6845357006584,-169.19778188476576,132.84971038144045,729.6845357006584,-665.5969057122866,192.74887450974617,705.9834375525353,-327.0713995769629,151.8999006089318,0.03934449993455027,9.356021772490206E-9
729.6845357006584,-169.19778188476576,132.84971038144045,729.6845357006584,-665.8699716325376,190.44082020885457,705.7868165119123,-327.12604814502856,151.16211907834534,0.039311023569316345,1.4141133830248902E-8
729.6845357006584,-169.19778188476576,132.84971038144045,729.6845357006584,-666.0571321754635,188.80313770011057,705.7421238831674,-327.27958080114894,150.65196858770625,0.039377423406402566,3.2246940483496635E-8
729.6845357006584,-169.19778188476576,132.84971038144045,729.6845357006584,-666.186783847188,187.63959930627283,705.791375156667,-327.44595332256205,150.29556874329262,0.03947145734638469,3.0692930835763875E-8
729.6845357006584,-169.19778188476576,132.84971038144045,729.6845357006584,-666.3076902167336,186.53154192790132,705.7729233404056,-327.5171231269021,149.94627607980811,0.03949443618992067,8.596063144505146E-9
729.6845357006584,-169.19778188476576,132.84971038144045,729.6845357006584,-666.3915198334897,185.74949246582645,705.7766694244706,-327.55024103302475,149.69789237188508,0.03949932855100136,2.571238507625679E-9
729.6845357006584,-169.19778188476576,132.84971038144045,729.6845357006584,-666.4635472013081,185.06808496504357,705.799857205287,-327.61036083914206,149.48477348764186,0.03952774338365004,4.9423822330190416E-9
729.6845357006584,-169.19778188476576,132.84971038144045,729.6845357006584,-666.5154397685777,184.57153514584428,705.8334815186084,-327.6499877479886,149.3289909685487,0.039546381753610096,2.26396320093722E-9
729.6845357006584,-169.19778188476576,132.84971038144045,729.6845357006584,-666.5451445264073,184.28511524427284,705.8681438724067,-327.6751313810008,149.23935521565022,0.03955964063007346,8.605734235218848E-10
729.6845357006584,-169.19778188476576,132.84971038144045,729.6845357006584,-666.5660898757238,184.0821825666808,705.8895347259385,-327.69554853630984,149.1761073209607,0.03957080482211828,5.272007710923734E-10
729.6845357006584,-169.19778188476576,132.84971038144045,729.6845357006584,-666.5851888688084,183.896427941832,705.9024859287382,-327.71177238597966,149.11795277935394,0.039578896883868106,3.5798551750739743E-10
729.6845357006584,-169.19778188476576,132.84971038144045,729.6845357006584,-666.6030854706972,183.7217455735508,705.907673543939,-327.7245169079189,149.06300281087061,0.039584323775865446,2.4515537112813933E-10
729.6845357006584,-169.19778188476576,132.84971038144045,729.6845357006584,-666.6173421653599,183.58215611649592,705.9122869284444,-327.7381998951791,149.01944674844052,0.03959126062664527,2.388522151168761E-10
729.6845357006584,-169.19778188476576,132.84971038144045,729.6845357006584,-666.628538368678,183.47225974279533,705.9257698930276,-327.7577826079634,148.98604967835752,0.03960369256225491,3.840456916699036E-10
729.6845357006584,-169.19778188476576,132.84971038144045,729.6845357006584,-666.6386078489822,183.37321643593145,705.9376497621777,-327.7752455256388,148.9559264903326,0.03961475348568685,3.062687473119303E-10
729.6845357006584,-169.19778188476576,132.84971038144045,729.6845357006584,-666.6473664722753,183.2869069105322,705.9465653617223,-327.7851522724734,148.9291335332545,0.039620427324156764,1.158732014370759E-10
729.6845357006584,-169.19778188476576,132.84971038144045,729.6845357006584,-666.6533204814266,183.2281494154762,705.9532317511485,-327.7914483916594,148.91084698440392,0.039623993647252484,4.827890801963446E-11
729.6845357006584,-169.19778188476576,132.84971038144045,729.6845357006584,-666.657597018339,183.18590339671607,705.9546290842607,-327.794897170035,148.89758955439768,0.03962559501951742,1.668694219529408E-11
729.6845357006584,-169.19778188476576,132.84971038144045,729.6845357006584,-666.6603612278044,183.15857792356405,705.9551574560198,-327.79704755331176,148.8890061598971,0.03962655321863261,6.625743465276451E-12
729.6845357006584,-169.19778188476576,132.84971038144045,729.6845357006584,-666.6629939784017,183.13253803297377,705.9565086791861,-327.7991051235674,148.88082734770722,0.039627515927956894,6.04990738272477E-12
729.6845357006584,-169.19778188476576,132.84971038144045,729.6845357006584,-666.6651928436889,183.11077915067614,705.9572885694436,-327.8013688313673,148.87404808670738,0.039628702377170304,6.3231340657602515E-12
729.6845357006584,-169.19778188476576,132.84971038144045,729.6845357006584,-666.6675761812445,183.08718407010417,705.9581675325271,-327.80332802746904,148.8666465704777,0.03962962724549445,5.327831077977758E-12
729.6845357006584,-169.19778188476576,132.84971038144045,729.6845357006584,-666.6698515028256,183.06464789931613,705.9585270728599,-327.8053590769905,148.8595932773466,0.03963060370757986,5.4720324407189805E-12
729.6845357006584,-169.19778188476576,132.84971038144045,729.6845357006584,-666.7013429444543,182.75168161433723,706.0988272561708,-327.5402082492442,148.732208164083,0.039436156495950385,5.623554559971158E-8
729.6845357006584,-169.19778188476576,132.84971038144045,729.6845357006584,-666.9454740216589,180.25472037402116,707.0742388449171,-325.70453348327254,147.7552624123941,0.038104804623067735,2.7248311796210415E-6
729.6845357006584,-169.19778188476576,132.84971038144045,729.6845357006584,-668.3000718065483,162.79806918176405,700.0318650030496,-321.13471937134045,141.9666028717221,0.03434980452342868,1.7458434502164467E-5
729.6845357006584,-169.19778188476576,132.84971038144045,729.6845357006584,-664.2004863710641,62.33501296841581,654.2837913534055,-310.1823369440968,112.76601558580157,0.024895056627627452,1.1183280998476324E-4
729.6845357006584,-169.19778188476576,132.84971038144045,729.6845357006584,-659.9566531589504,37.16413014236636,658.3727990126702,-322.4913438148858,102.96133896572937,0.033011364595016766,1.4988019772537703E-4
729.6845357006584,-169.19778188476576,132.84971038144045,729.6845357006584,-668.5599590085122,107.60261038496459,729.1506997299803,-327.0429808769126,124.86926311194128,0.03923568478435904,1.4799457993403917E-8
729.6845357006584,-169.19778188476576,132.84971038144045,729.6845357006584,-669.0832726011492,143.54999875327832,760.6675879143653,-329.710349618014,136.28555877861743,0.04003496015524055,2.3537106969420343E-6
729.6845357006584,-169.19778188476576,132.84971038144045,729.6845357006584,-667.4425751468111,174.70811440335257,790.3485605821227,-333.7783810907491,146.67641024643876,0.04045828352595582,1.1549279549459342E-5
729.6845357006584,-169.19778188476576,132.84971038144045,729.6845357006584,-664.9793306717039,197.66217741074604,816.1239553723324,-337.21229975440707,154.81389082848352,0.03944139491160613,1.0383291322692666E-5
729.6845357006584,-169.19778188476576,132.84971038144045,729.6845357006584,-663.2119154472811,209.98618580310634,835.9080899459924,-341.7060048407543,159.78553143603375,0.038984536746788985,1.7210318043643602E-5
729.6845357006584,-169.19778188476576,132.84971038144045,729.6845357006584,-663.2178027352451,209.9484717132024,843.8077135764514,-346.35019602403975,160.49683219961298,0.040374199703732155,1.6082691278623454E-5
729.6845357006584,-169.19778188476576,132.84971038144045,729.6845357006584,-664.8262208331844,198.8228147919023,840.0563652216672,-348.57859217053345,156.7270910889019,0.04251068959910116,5.334893863119571E-6
729.6845357006584,-169.19778188476576,132.84971038144045,729.6845357006584,-667.134005805918,178.23161103736302,826.4983215428178,-348.21161798897464,149.1650289620851,0.04491513179703592,4.852013257889452E-7
729.6845357006584,-169.19778188476576,132.84971038144045,729.6845357006584,-668.6896446011941,155.38588308384888,806.5576836250025,-345.9459095679897,140.82426738149678,0.04695404816639809,3.4954141578085917E-6
729.6845357006584,-169.19778188476576,132.84971038144045,729.6845357006584,-669.1977731136886,132.75605635276696,780.2311364311483,-342.67785825698456,132.81721616477674,0.048389039651600865,4.667836579717173E-6
729.6845357006584,-169.19778188476576,132.84971038144045,729.6845357006584,-664.3447590491222,63.35531488798854,703.8204102261379,-333.15737442036425,109.83781029095084,0.04421074644925327,2.8985020089055336E-5
729.6845357006584,-169.19778188476576,132.84971038144045,729.6845357006584,-647.8820511973845,-11.584947206841747,630.8378162062529,-322.0708542289845,86.72291810098255,0.03101102291129936,1.0067587350970492E-4
729.6845357006584,-169.19778188476576,132.84971038144045,729.6845357006584,-625.9119137369483,-70.65017110871466,584.1811080912009,-310.99409235051996,69.66898011040641,0.020753806120274085,1.6814616698375645E-4
729.6845357006584,-169.19778188476576,132.84971038144045,729.6845357006584,-621.2619876955848,-80.78070370942231,579.5811713913481,-309.9681698747376,66.32633628662424,0.02014819953066335,4.018309783925039E-6
729.6845357006584,-169.19778188476576,132.84971038144045,729.6845357006584,-625.9192804420223,-70.63363723111934,594.0869523668771,-315.19882024347015,67.80179795781606,0.02452292876126114,2.0011576126385292E-5
729.6845357006584,-169.19778188476576,132.84971038144045,729.6845357006584,-638.1044580316693,-40.7202440025568,625.4958235059843,-322.1804587046581,76.22181918704919,0.032087450587105694,5.408743318126524E-5
729.6845357006584,-169.19778188476576,132.84971038144045,729.6845357006584,-652.0442214947088,3.006282530811262,664.0999186073577,-326.09379498123235,90.65841624453134,0.037883493551598556,2.5726513204297754E-5
729.6845357006584,-169.19778188476576,132.84971038144045,729.6845357006584,-664.0928490613305,61.583501808909745,708.4828874143273,-329.75959816605996,109.72838093847662,0.041850206843250075,1.2039818987317685E-5
729.6845357006584,-169.19778188476576,132.84971038144045,729.6845357006584,-669.1503820916511,125.96512278491035,751.9550912742536,-332.6554030695471,130.5988203752651,0.0427643403782582,5.324096747644924E-7
729.6845357006584,-169.19778188476576,132.84971038144045,729.6845357006584,-667.0278252504685,179.3819349414432,788.1012345403382,-334.9575268543813,148.34329052736365,0.04173679676658454,3.998961893265254E-6
729.6845357006584,-169.19778188476576,132.84971038144045,729.6845357006584,-662.7184990489737,213.08250747667915,816.5202951070366,-336.94374722290837,160.12055744507455,0.03972445071518186,6.287969788999937E-6
729.6845357006584,-169.19778188476576,132.84971038144045,729.6845357006584,-660.4531052243785,225.95291811615033,836.3523654624469,-339.5984726422445,165.14422233070633,0.038093870409905986,7.27895909038718E-6
729.6845357006584,-169.19778188476576,132.84971038144045,729.6845357006584,-661.2490065488721,221.6505679592428,847.4830865613515,-342.99299494725085,164.2146642506252,0.037643791289427395,8.512126511617016E-6
729.6845357006584,-169.19778188476576,132.84971038144045,729.6845357006584,-663.9437609744783,205.14366707604728,847.753079237442,-344.4811370541176,158.46270740107,0.03793714592523942,3.833838860735784E-6
729.6845357006584,-169.19778188476576,132.84971038144045,729.6845357006584,-666.7955628839679,181.80324288594954,833.7627067678301,-343.1316655562496,149.96127790260095,0.03958513431692943,2.6984390926922337E-6
729.6845357006584,-169.19778188476576,132.84971038144045,729.6845357006584,-668.6411054721624,156.43713338555435,806.3188612561281,-339.4939929491957,140.89236222333992,0.04195649602848745,7.732085081340337E-6
729.6845357006584,-169.19778188476576,132.84971038144045,729.6845357006584,-667.1170869580633,87.28255515616283,721.4015185082877,-329.6517182734481,118.16574582848219,0.041446090663575116,1.2338176065374844E-5
729.6845357006584,-169.19778188476576,132.84971038144045,729.6845357006584,-662.3040855008436,50.10810455892516,683.999227060766,-325.1784525358634,106.67667006072065,0.03715884008123632,1.7146875510937628E-5
729.6845357006584,-169.19778188476576,132.84971038144045,729.6845357006584,-654.1754373793202,11.208131671670273,648.0037939984176,-320.58304914861276,94.87941897781596,0.031550840592164245,2.6246000189252747E-5
729.6845357006584,-169.19778188476576,132.84971038144045,729.6845357006584,-642.6005101930842,-28.05354263179231,618.2982790038492,-316.50583122516474,82.78167545776529,0.02670340061716993,3.44349700248988E-5
729.6845357006584,-169.19778188476576,132.84971038144045,729.6845357006584,-630.3914140329392,-60.28349149222797,598.7894959177388,-312.64882352487865,72.77698375895588,0.023385217267872904,3.676418821151267E-5
729.6845357006584,-169.19778188476576,132.84971038144045,729.6845357006584,-622.6389896250357,-77.84217632292535,591.6909611361256,-311.30963646174445,66.81730253501749,0.022677547750431473,9.940288820379788E-6
729.6845357006584,-169.19778188476576,132.84971038144045,729.6845357006584,-625.2200074757264,-72.19596688844729,602.8697324568727,-316.79051927872183,66.48616250865385,0.027138962703756212,1.877464911663197E-5
729.6845357006584,-169.19778188476576,132.84971038144045,729.6845357006584,-636.2884258767219,-45.54964582586106,630.6284291412787,-323.5463908149862,73.89821388107794,0.03430270183926868,5.044512608235393E-5
729.6845357006584,-169.19778188476576,132.84971038144045,729.6845357006584,-650.9218337940488,-1.0978084910732093,668.598235157091,-329.41616172313707,88.2996108544082,0.04124042422065396,4.723896301938672E-5
729.6845357006584,-169.19778188476576,132.84971038144045,729.6845357006584,-663.4908513749489,57.52135281290627,712.7233148163443,-334.27664027634984,107.69232898268379,0.04582461614823312,2.1969347170425884E-5
729.6845357006584,-169.19778188476576,132.84971038144045,729.6845357006584,-669.1848072244294,129.24769816678543,762.5143592193801,-339.5255712539314,131.62263298400973,0.04762619931712716,4.0864475966689975E-6
729.6845357006584,-169.19778188476576,132.84971038144045,729.6845357006584,-665.4227380808614,194.17501387178493,805.9409531194548,-344.4859817485718,154.51247022594148,0.04682298804977137,2.127830397115764E-5
729.6845357006584,-169.19778188476576,132.84971038144045,729.6845357006584,-659.4508543642341,231.0939210222774,839.0055075335856,-346.7535708735306,168.4309832242389,0.04286728003511973,1.0095505205723217E-5
729.6845357006584,-169.19778188476576,132.84971038144045,729.6845357006584,-658.0694416768988,237.75204711463664,855.4951787850833,-348.9669472966879,171.42467202332733,0.040486408848599685,4.685761298754043E-6
729.6845357006584,-169.19778188476576,132.84971038144045,729.6845357006584,-661.0096287322118,222.96689686939231,857.2391254877703,-350.9564534016088,166.15427634885293,0.040641220180192054,6.166171556575849E-6
729.6845357006584,-169.19778188476576,132.84971038144045,729.6845357006584,-664.9483886676503,197.89842961865355,848.500122070853,-349.4698885230019,156.50367971716977,0.04094275935279483,4.881055364004443E-6
729.6845357006584,-169.19778188476576,132.84971038144045,729.6845357006584,-667.7742133331913,170.55305246345523,828.2394221603009,-346.5864164040924,146.26419198722712,0.043090970512281154,7.305338218798456E-6
729.6845357006584,-169.19778188476576,132.84971038144045,729.6845357006584,-669.0258808273003,145.95968778385742,799.6622181911913,-341.970394660263,137.38135847012407,0.04490726163854598,1.162284803320399E-5
729.6845357006584,-169.19778188476576,132.84971038144045,729.6845357006584,-664.8347125388514,66.94043203766658,712.4761133782653,-328.57248665100843,111.65622957375987,0.04093107027708761,5.2313152338383355E-5
729.6845357006584,-169.19778188476576,132.84971038144045,729.6845357006584,-640.4188262524522,-34.334999879477124,630.5360608060652,-317.32200999313426,80.296653902077,0.029540233828627943,1.402549442903998E-4
729.6845357006584,-169.19778188476576,132.84971038144045,729.6845357006584,-613.2129186398572,-97.04278260682011,593.2921187474418,-311.94113630012663,58.9431633121803,0.024797016297938325,1.2862763488113383E-4
729.6845357006584,-169.19778188476576,132.84971038144045,729.6845357006584,-615.2038132538331,-93.15608596549973,601.0562468564522,-315.9128411450612,58.50440679344217,0.02814650302183517,1.0088840548076279E-5
729.6845357006584,-169.19778188476576,132.84971038144045,729.6845357006584,-626.5310462776698,-69.25492905004342,625.1978220320751,-321.5300788949384,65.53104725755958,0.034095469588614175,4.109440349662208E-5
729.6845357006584,-169.19778188476576,132.84971038144045,729.6845357006584,-642.7366221539528,-27.652522489362326,659.3565987417209,-326.59434790768864,79.50139310610317,0.03983277645722913,4.8026367200404466E-5
729.6845357006584,-169.19778188476576,132.84971038144045,729.6845357006584,-668.945999596853,116.98405900520135,758.6976980992596,-336.2222961501328,127.54713476295836,0.04524481928218779,9.188497405160027E-7
729.6845357006584,-169.19778188476576,132.84971038144045,729.6845357006584,-668.2999592970497,162.79994414208147,787.7890377182866,-335.99128603337624,142.85869183871986,0.04224020030097069,3.2955800345637377E-9
729.6845357006584,-169.19778188476576,132.84971038144045,729.6845357006584,-666.2144938022891,187.38766115604815,803.641699839769,-337.1103024172867,151.274854968455,0.04124707440233756,2.162766298951307E-6
729.6845357006584,-169.19778188476576,132.84971038144045,729.6845357006584,-665.4695056237086,193.795392896106,808.166586269077,-338.8204000424297,153.68056924169937,0.04193837596275998,2.86000095774089E-6
729.6845357006584,-169.19778188476576,132.84971038144045,729.6845357006584,-666.0806326260101,188.59406111991706,805.3740244536833,-340.9253983299832,152.1155080806851,0.043888567594050916,3.775831469831501E-6
729.6845357006584,-169.19778188476576,132.84971038144045,729.6845357006584,-666.9851267192416,179.8365098323776,801.8580420426312,-343.1521209182698,149.26948827777377,0.046042436965205144,4.508418543595415E-6
729.6845357006584,-169.19778188476576,132.84971038144045,729.6845357006584,-667.7552791956981,170.80260058837615,800.8442651785072,-344.99474232725424,146.23232477270633,0.04751942309514962,3.1387978445768855E-6
729.6845357006584,-169.19778188476576,132.84971038144045,729.6845357006584,-668.1474160201135,165.24203348742796,801.2742543138519,-345.67211468172695,144.30660546019718,0.047890510212491376,4.6816315549429115E-7
729.6845357006584,-169.19778188476576,132.84971038144045,729.6845357006584,-668.0397848635016,166.85935701534177,801.3050162165943,-345.46887129638685,144.86737815373027,0.04774661706202893,4.257727895110866E-8
729.6845357006584,-169.19778188476576,132.84971038144045,729.6845357006584,-667.9803707824634,167.7198840619699,805.3960757103897,-346.84131598045576,145.26887060278946,0.04813311996836614,1.4073699957432983E-6
729.6845357006584,-169.19778188476576,132.84971038144045,729.6845357006584,-668.4457881671992,160.26190151997017,817.7173876393737,-348.07301176482264,142.6712057699401,0.04643349558143605,1.0874408782211163E-6
729.6845357006584,-169.19778188476576,132.84971038144045,729.6845357006584,-668.8212076685284,152.25157647975874,829.5824954772936,-346.49305914002923,139.7346141942965,0.04243592924029213,1.760485929036519E-6
729.6845357006584,-169.19778188476576,132.84971038144045,729.6845357006584,-668.9444421503603,148.76434369121102,838.2436245057625,-346.0968717653387,138.48313301759225,0.04010579225230473,9.493581476607213E-8
729.6845357006584,-169.19778188476576,132.84971038144045,729.6845357006584,-669.0287058414899,145.85153550591448,843.44921242269,-346.2951706087556,137.45644671532457,0.03898431076487815,2.8470493763128905E-8
729.6845357006584,-169.19778188476576,132.84971038144045,729.6845357006584,-669.1339554844722,140.8385980689888,845.804599259478,-346.2298310489187,135.67864981922028,0.0383482853621012,5.313844343466361E-9
729.6845357006584,-169.19778188476576,132.84971038144045,729.6845357006584,-669.1937952747053,134.8463561105318,846.5971436683948,-346.78055567665604,133.55885580931658,0.03851167369693513,2.2604473706109372E-7
729.6845357006584,-169.19778188476576,132.84971038144045,729.6845357006584,-669.1848236152857,129.2499740628588,846.2844762057955,-347.02594468402975,131.56940820824897,0.0387555708603645,4.8068390687434704E-8
729.6845357006584,-169.19778188476576,132.84971038144045,729.6845357006584,-669.0357613481041,120.12201278889208,845.7384439173087,-349.06641019454645,128.26959922227775,0.040329867683654985,3.3078765212222305E-6
729.6845357006584,-169.19778188476576,132.84971038144045,729.6845357006584,-669.0267775722778,119.77396680743603,846.1229481417398,-349.2967642861406,128.13824279525065,0.04039548934159871,4.011070395988741E-8
729.6845357006584,-169.19778188476576,132.84971038144045,729.6845357006584,-668.622332227752,108.86808168975233,870.6394090066885,-351.51429379506874,124.09514096751411,0.03546819747184604,2.370393707370648E-6
729.6845357006584,-169.19778188476576,132.84971038144045,729.6845357006584,-667.6230620749345,93.19822784482278,882.8258169648755,-348.6599479576538,118.57286442910896,0.03080348525755466,7.1756451176284735E-6
729.6845357006584,-169.19778188476576,132.84971038144045,729.6845357006584,-666.5220206968878,81.1912019830811,882.3202107842342,-351.63040164421915,113.89990603953169,0.032808031390238614,8.702411081474502E-6
729.6845357006584,-169.19778188476576,132.84971038144045,729.6845357006584,-666.1016096923893,77.2926594326039,883.0074359442962,-353.17785234815705,112.27955258369778,0.03359551999623838,2.176723497708672E-6
729.6845357006584,-169.19778188476576,132.84971038144045,729.6845357006584,-666.232792015873,78.47877417495147,885.3969162003131,-353.8052231649467,112.65539970211776,0.03325691735932695,3.196247039646864E-7
729.6845357006584,-169.19778188476576,132.84971038144045,729.6845357006584,-665.8641105156363,75.20807608528125,894.8992622230204,-355.6475725426179,111.210895692066,0.031663136275309846,2.6850829506013533E-6
729.6845357006584,-169.19778188476576,132.84971038144045,729.6845357006584,-665.148020020062,69.34096064140105,906.1662529546945,-355.42278971734646,109.00272633271047,0.02851494062327165,1.0165972265645001E-7
729.6845357006584,-169.19778188476576,132.84971038144045,729.6845357006584,-664.3051203222706,63.07347212420797,912.6247974812349,-353.82247961049984,106.83026793622119,0.02615331579456022,2.5118688754773106E-6
729.6845357006584,-169.19778188476576,132.84971038144045,729.6845357006584,-663.2865657190592,56.19285361605532,915.0112365717707,-353.2327663946145,104.29706173009461,0.025429435556471845,6.791020202644132E-7
729.6845357006584,-169.19778188476576,132.84971038144045,729.6845357006584,-662.2080585632209,49.5378439431407,914.9678964069161,-353.41316677571785,101.71987745926666,0.025703471281117003,2.6599658146471236E-7
729.6845357006584,-169.19778188476576,132.84971038144045,729.6845357006584,-661.0825614161103,43.13146438097152,914.0836657373025,-354.3770234693675,99.07359564478011,0.026576863765906154,1.482205102388937E-6
729.6845357006584,-169.19778188476576,132.84971038144045,729.6845357006584,-660.3021398029105,38.953439774952415,913.5582277211854,-355.55436914045436,97.21942475245757,0.02741585236118739,1.6669270665676082E-6
729.6845357006584,-169.19778188476576,132.84971038144045,729.6845357006584,-659.5392768446053,35.04777624642614,912.1052447640554,-356.0282553807919,95.58510632265393,0.028193186947012127,4.484004558178761E-7
729.6845357006584,-169.19778188476576,132.84971038144045,729.6845357006584,-659.1386203288658,33.06005748750408,911.088310508274,-356.368728071413,94.7273039882322,0.028726440288157493,1.8639949212618206E-7
729.6845357006584,-169.19778188476576,132.84971038144045,729.6845357006584,-659.0573692100804,32.6619630992885,910.6565774829119,-356.5660406567675,94.5285174431879,0.028964560271562377,3.989978515483457E-8
729.6845357006584,-169.19778188476576,132.84971038144045,729.6845357006584,-659.0657793330897,32.70309248563268,910.6875850493022,-356.5606071417112,94.54601761803289,0.02895129512798303,5.7251015750760395E-11
729.6845357006584,-169.19778188476576,132.84971038144045,729.6845357006584,-659.043179121735,32.592606863755236,910.639243514029,-356.56221140661677,94.50166197257289,0.028970353819002058,8.04092728315002E-11
729.6845357006584,-169.19778188476576,132.84971038144045,729.6845357006584,-658.7968224845933,31.39637409461163,909.6116563741688,-356.5915749122546,94.01849560048379,0.02932951401087023,1.158035347122407E-8
729.6845357006584,-169.19778188476576,132.84971038144045,729.6845357006584,-658.766441603715,31.24987071133154,908.1721805259064,-356.6388226388121,93.95020300868052,0.029777818055676898,2.4774942810331895E-9
729.6845357006584,-169.19778188476576,132.84971038144045,729.6845357006584,-659.0995970788717,32.86865482830083,905.7258280590567,-356.9527528421357,94.53195037430675,0.03059182636038916,1.283805680422469E-7
729.6845357006584,-169.19778188476576,132.84971038144045,729.6845357006584,-659.8297426411904,36.51550521885969,901.4842539811117,-357.84433015350135,95.80949136245331,0.03218617176110388,8.958521729487603E-7
729.6845357006584,-169.19778188476576,132.84971038144045,729.6845357006584,-660.8222034104137,41.715588563254016,899.1276393219739,-358.91521896712356,97.68113196045223,0.03328811894676631,1.4188065141220058E-6
729.6845357006584,-169.19778188476576,132.84971038144045,729.6845357006584,-661.3905507769757,44.836766729841244,898.2163259395957,-358.74653188849237,98.95497541640367,0.03334780068673577,1.1074785675120188E-7
729.6845357006584,-169.19778188476576,132.84971038144045,729.6845357006584,-660.3562690201815,39.23699481966604,896.1388841830036,-357.1022617077394,97.03591690503563,0.033270154902068576,2.8670265245837725E-6
729.6845357006584,-169.19778188476576,132.84971038144045,729.6845357006584,-654.3553547111183,11.927712675305685,886.8815150565767,-350.6477391875435,87.62462774916756,0.03357179433613566,5.354239047161689E-5
729.6845357006584,-169.19778188476576,132.84971038144045,729.6845357006584,-599.6652613491902,-121.50781186538694,839.8232269090548,-331.73842751505947,36.80659943991367,0.04863987445325464,0.0012751068627435793
729.6845357006584,-169.19778188476576,132.84971038144045,729.6845357006584,-514.3307981152963,-228.92812352718414,782.8226203863508,-316.50091049585046,-21.557443645475985,0.09399306118455662,0.0020887057091616965
729.6845357006584,-169.19778188476576,132.84971038144045,729.6845357006584,-435.86613650453376,-290.10181006077954,721.3667231294672,-293.05032955998195,-63.5876337667506,0.13784839434350776,0.0017010733915969712
729.6845357006584,-169.19778188476576,132.84971038144045,729.6845357006584,-433.3142217873169,-291.7000584009746,715.3935156408346,-303.92653786078114,-83.71788464999347,0.19782702707960065,4.192260972981273E-4
729.6845357006584,-169.19778188476576,132.84971038144045,729.6845357006584,-590.4203445186927,-136.54136728838046,838.9970108595126,-354.6178660816227,14.26509328240141,0.08096758854689699,0.005444719561970659
729.6845357006584,-169.19778188476576,132.84971038144045,729.6845357006584,-643.0181793207538,-26.81941930117,869.3741190828767,-354.5547490021172,70.38767670710067,0.04461984415004851,1.548549712394593E-4
729.6845357006584,-169.19778188476576,132.84971038144045,729.6845357006584,-655.713665634157,17.514135385913477,875.6610524727434,-352.8182145216057,89.31985064513157,0.037901001263794525,2.4321687349158286E-5
729.6845357006584,-169.19778188476576,132.84971038144045,729.6845357006584,-657.8515928007213,26.937231998043174,876.9050945556146,-352.4216897651411,93.13714138228156,0.036755246889914626,1.0300048616160352E-6
729.6845357006584,-169.19778188476576,132.84971038144045,729.6845357006584,-658.5154095818044,30.047671369841524,877.6162555393033,-352.3843642256218,94.3635551353311,0.03636584667078902,6.048197382134448E-8
729.6845357006584,-169.19778188476576,132.84971038144045,729.6845357006584,-657.5776816552471,25.68127519563336,877.5012272748165,-352.86798894910874,92.5457406836922,0.03693014293688512,5.442335030959885E-7
729.6845357006584,-169.19778188476576,132.84971038144045,729.6845357006584,-656.3727088873738,20.330420924017005,876.782722324645,-353.2439428978608,90.34189210767872,0.03768025136947489,5.420604129479823E-7
729.6845357006584,-169.19778188476576,132.84971038144045,729.6845357006584,-655.5687794033622,16.904668345286723,876.5262060331801,-353.24336586590215,88.97543934116237,0.03795598572427766,7.326800979226574E-8
729.6845357006584,-169.19778188476576,132.84971038144045,729.6845357006584,-654.9992046522068,14.540887223021855,876.4394143625693,-353.2108127065158,88.03640992151819,0.03810274111735952,4.707215720473589E-8
729.6845357006584,-169.19778188476576,132.84971038144045,729.6845357006584,-654.6609544676508,13.160495889239812,876.3757688223441,-353.3431583368504,87.44932430754608,0.03829434274459664,5.311734115122448E-8
729.6845357006584,-169.19778188476576,132.84971038144045,729.6845357006584,-654.2973110397863,11.69507029870401,876.4418777342438,-353.23245989869264,86.88665777580829,0.038292295510680516,4.3591536935825686E-8
729.6845357006584,-169.19778188476576,132.84971038144045,729.6845357006584,-654.0713575169539,10.793921278027497,876.4733831382467,-353.1681839182063,86.53938595803405,0.038296935911050045,1.588542738791523E-8
729.6845357006584,-169.19778188476576,132.84971038144045,729.6845357006584,-653.9215852843912,10.200477127411347,876.4787536104446,-353.1568642341804,86.30270723856171,0.03832551275500058,3.4967491459230188E-9
729.6845357006584,-169.19778188476576,132.84971038144045,729.6845357006584,-653.813964490866,9.775929435656565,876.4838840707353,-353.13693392381117,86.13627464005268,0.03833784275500996,2.668476765615711E-9
729.6845357006584,-169.19778188476576,132.84971038144045,729.6845357006584,-653.0603947098698,6.8458536544996065,876.3270726601056,-353.3026359270957,84.9065111413926,0.038687509388601826,1.618519106026292E-7
729.6845357006584,-169.19778188476576,132.84971038144045,729.6845357006584,-650.7953482187107,-1.5518673668190957,875.6248493150459,-356.5778225075504,80.55672790242966,0.04178446202362729,1.3901291981627283E-5
729.6845357006584,-169.19778188476576,132.84971038144045,729.6845357006584,-649.4873910443241,-6.153495816685535,867.3956560085423,-356.9001076988493,78.52576790710921,0.04514250860994906,4.751400912510107E-7
729.6845357006584,-169.19778188476576,132.84971038144045,729.6845357006584,-650.719993602333,-1.8215917679868596,856.3293595275968,-345.65911305230134,83.4973094556612,0.03982582938860543,1.1174588408514356E-4
729.6845357006584,-169.19778188476576,132.84971038144045,729.6845357006584,-651.2076280818975,-0.06570696740340054,851.0670355372408,-343.6946855272066,84.73175396062817,0.039709492882166214,3.566606729267723E-6
729.6845357006584,-169.19778188476576,132.84971038144045,729.6845357006584,-651.088820556351,-0.4958064086663967,845.1336400208687,-342.7189670666711,84.83414201582488,0.04056345964735278,6.410924023412004E-7
729.6845357006584,-169.19778188476576,132.84971038144045,729.6845357006584,-650.318803918591,-3.2479095725008165,839.0963284321139,-341.17108316495757,84.20258018347815,0.04112743793560951,1.9521033184333762E-6
729.6845357006584,-169.19778188476576,132.84971038144045,729.6845357006584,-649.3369652868549,-6.672203890027703,834.8850843015913,-338.2562238325906,83.72362723783806,0.040226939352678834,6.315249279458524E-6
729.6845357006584,-169.19778188476576,132.84971038144045,729.6845357006584,-648.6610633034112,-8.977514689294253,832.0915514718803,-335.65912600356097,83.60975513802879,0.03913227236031305,4.692285909992699E-6
729.6845357006584,-169.19778188476576,132.84971038144045,729.6845357006584,-648.2475171952756,-10.36813452250459,830.0897375866037,-336.3414186068336,82.88005237666903,0.040170359256921834,5.43285054759934E-7
729.6845357006584,-169.19778188476576,132.84971038144045,729.6845357006584,-644.1979960599087,-23.274587963078318,829.0067537739951,-336.7862127332224,77.76631168801012,0.041816287344512475,2.949874569614859E-6
729.6845357006584,-169.19778188476576,132.84971038144045,729.6845357006584,-643.3723356866332,-25.764578151465685,830.340148823831,-335.77452414932486,77.12877122817147,0.040967495503889166,9.928936213094634E-7
729.6845357006584,-169.19778188476576,132.84971038144045,729.6845357006584,-643.0419529872155,-26.74885324690908,829.556005364049,-335.67416594413754,76.77770740185196,0.04115393036805041,3.134313572643194E-8
729.6845357006584,-169.19778188476576,132.84971038144045,729.6845357006584,-643.1196820373468,-26.51789158259419,830.0994215731529,-335.65079404458106,76.87589406474456,0.04099459604645516,2.0755658918785662E-9
729.6845357006584,-169.19778188476576,132.84971038144045,729.6845357006584,-643.4452235108222,-25.546514671873723,830.6348143534992,-335.6827698255275,77.2445741102861,0.04081310393983192,1.5825263587967582E-8
729.6845357006584,-169.19778188476576,132.84971038144045,729.6845357006584,-637.460851643307,-42.44917010644929,822.6142261031661,-332.08810279386734,71.87011847725151,0.0413877915544039,2.006085713503105E-5
729.6845357006584,-169.19778188476576,132.84971038144045,729.6845357006584,-633.5457379550701,-52.57136634213691,814.0884043691747,-332.1673413179502,67.77353035687938,0.0443049366790265,1.6754239622374235E-6
729.6845357006584,-169.19778188476576,132.84971038144045,729.6845357006584,-635.3543841057385,-47.976234122654006,802.0611267424949,-333.8659579554111,68.97358307599453,0.047559047902818515,2.594505279392774E-6
729.6845357006584,-169.19778188476576,132.84971038144045,729.6845357006584,-637.757492558341,-41.654723755619415,797.4041070829975,-332.14881528276277,72.16229482390335,0.0461348404306496,5.3921298440611726E-6
729.6845357006584,-169.19778188476576,132.84971038144045,729.6845357006584,-638.2478369619685,-40.332407148266384,797.3058428398411,-331.6805440634731,72.85801330861358,0.04560071126360792,3.4065513890499846E-7
729.6845357006584,-169.19778188476576,132.84971038144045,729.6845357006584,-637.9976603124305,-41.00849042084178,797.3304304451714,-331.8217523041138,72.53930458684087,0.04579252182141547,4.3480246635074376E-8
729.6845357006584,-169.19778188476576,132.84971038144045,729.6845357006584,-637.0596183298396,-43.5172423002991,794.9492950584257,-331.561010256245,71.64465883667972,0.04624179799072631,2.2543671259911066E-7
729.6845357006584,-169.19778188476576,132.84971038144045,729.6845357006584,-636.6516172090453,-44.595807568778014,792.4073696799481,-331.5763599755024,71.21078752750233,0.04678801423965706,1.922331673484473E-8
729.6845357006584,-169.19778188476576,132.84971038144045,729.6845357006584,-635.793010726365,-46.84139240958709,789.450294603801,-331.3107068444012,70.41818844968665,0.0472769430071098,2.0183009327934611E-7
729.6845357006584,-169.19778188476576,132.84971038144045,729.6845357006584,-634.5671926678029,-49.992602848973405,785.3537089343217,-331.2013534905618,69.19896949120479,0.048172205972419134,2.0652404138761082E-7
729.6845357006584,-169.19778188476576,132.84971038144045,729.6845357006584,-633.6672923433864,-52.26666883533585,781.7232207115022,-331.1836157013493,68.28953933613812,0.048956941090293325,8.468890062020664E-8
729.6845357006584,-169.19778188476576,132.84971038144045,729.6845357006584,-631.647783884743,-57.2555121933772,776.7778001174369,-330.6054430987683,66.49780373711909,0.049728701981895544,1.044315967127905E-6
729.6845357006584,-169.19778188476576,132.84971038144045,729.6845357006584,-627.2463952411562,-67.62838767988885,769.2808479742671,-328.80258780585115,62.99409462475455,0.05035103748841674,6.663867645498143E-6
729.6845357006584,-169.19778188476576,132.84971038144045,729.6845357006584,-609.7474225723209,-103.61596173623926,747.7348334221404,-322.49424443677583,50.56760706602225,0.05185079905594125,9.114457676835884E-5
729.6845357006584,-169.19778188476576,132.84971038144045,729.6845357006584,-593.3952664802981,-131.83216293598764,734.0803382114332,-316.7053515170665,40.811022561296966,0.052174883919557435,7.42998232545018E-5
729.6845357006584,-169.19778188476576,132.84971038144045,729.6845357006584,-590.9697766019514,-135.68033350990214,732.5148075797002,-315.8626711930925,39.472412560392996,0.05219165548716803,1.5043056422648444E-6
729.6845357006584,-169.19778188476576,132.84971038144045,729.6845357006584,-591.8921780636409,-134.22602314554263,732.9873748466384,-316.2425221841688,39.9407855606612,0.05225193937379498,2.401245835269567E-7
729.6845357006584,-169.19778188476576,132.84971038144045,729.6845357006584,-592.5639175241187,-133.15990447073193,733.5334985285753,-316.4961127294855,40.2991519925431,0.05226808599036922,1.2073596787573076E-7
729.6845357006584,-169.19778188476576,132.84971038144045,729.6845357006584,-593.1368127418411,-132.2459291827812,734.1733641833505,-316.6609358357072,40.63871714085502,0.05222306713128537,7.501582480270603E-8
729.6845357006584,-169.19778188476576,132.84971038144045,729.6845357006584,-593.7553029936155,-131.25426775957243,734.8194685447627,-316.8566772779188,40.99572183499538,0.052193262726737376,9.236735702232908E-8
729.6845357006584,-169.19778188476576,132.84971038144045,729.6845357006584,-593.008160053783,-132.4515586623292,733.9388613014354,-316.6263704082866,40.56081505612727,0.05223702879414078,1.3301676379055077E-7
729.6845357006584,-169.19778188476576,132.84971038144045,729.6845357006584,-592.8372709421482,-132.72435332057086,733.7192061417179,-316.5815850156451,40.456728772440556,0.05225554070711193,6.3811683785945395E-9
729.6845357006584,-169.19778188476576,132.84971038144045,729.6845357006584,-592.4966151568012,-133.26698911435125,733.2588348823126,-316.52201223686563,40.230891581477096,0.05232467452760507,2.1345936630604274E-8
729.6845357006584,-169.19778188476576,132.84971038144045,729.6845357006584,-589.494669710882,-137.98331213184355,729.0509389677296,-315.99147152839964,38.25805433160963,0.05290925776669434,1.6517967378701185E-6
729.6845357006584,-169.19778188476576,132.84971038144045,729.6845357006584,-581.7950865726411,-149.57455232327203,717.7263888000343,-314.6903018278388,33.259584107936035,0.05428546952832181,1.0523811296057564E-5
729.6845357006584,-169.19778188476576,132.84971038144045,729.6845357006584,-551.315424016809,-189.61905953503975,675.4830779177445,-308.57578645371314,15.228724770859884,0.05591650240459417,1.6061472756278007E-4
729.6845357006584,-169.19778188476576,132.84971038144045,729.6845357006584,-534.7651831680143,-208.26680214618887,658.7763354466737,-305.8168756304107,5.368352252653835,0.05704546567124473,5.403453152995382E-5
729.6845357006584,-169.19778188476576,132.84971038144045,729.6845357006584,-533.767759325627,-209.33259709334698,664.3916115900577,-305.256227367493,5.146400433861487,0.05798642704916288,2.0608937013526106E-7
729.6845357006584,-169.19778188476576,132.84971038144045,729.6845357006584,-530.5973071688693,-212.67942460492299,669.3717048890941,-303.1331025620125,4.7959851825771125,0.05768646261584124,2.2668258805081566E-6
729.6845357006584,-169.19778188476576,132.84971038144045,729.6845357006584,-530.1246725764945,-213.17309172212174,668.8548764316206,-303.0036310618657,4.569230139662267,0.05765084058303996,4.600538170254763E-8
729.6845357006584,-169.19778188476576,132.84971038144045,729.6845357006584,-530.9860326991679,-212.27238623460534,668.9186133461178,-303.3966201075193,4.832882011207147,0.05776320235108629,1.6006853145097193E-7
729.6845357006584,-169.19778188476576,132.84971038144045,729.6845357006584,-531.7049690633315,-211.51715684577158,669.5673957310646,-303.6320513347112,5.142702476925393,0.05784364741763973,1.0830358429877548E-7
729.6845357006584,-169.19778188476576,132.84971038144045,729.6845357006584,-533.0087168477367,-210.13950752689112,670.7626147953595,-304.05728062528306,5.708523695483393,0.05798800158663204,3.569954509193535E-7
729.6845357006584,-169.19778188476576,132.84971038144045,729.6845357006584,-534.5674868738648,-208.47854610515446,671.9886703608241,-304.53852567778995,6.414432689629223,0.058082135367893944,5.102906738674257E-7
729.6845357006584,-169.19778188476576,132.84971038144045,729.6845357006584,-553.36087531206,-187.17953460778244,688.1901333031857,-312.54564003199596,13.432963696057499,0.0620996380673923,8.248856207337528E-5
729.6845357006584,-169.19778188476576,132.84971038144045,729.6845357006584,-569.2705280571842,-167.05327021405083,715.6156863217246,-315.6871221450799,23.03820687402137,0.06096488160549252,4.2324619715164896E-5
729.6845357006584,-169.19778188476576,132.84971038144045,729.6845357006584,-580.0256758580917,-152.14229219659967,736.6734397296269,-317.99936816631185,29.625799144487672,0.05915560176593027,2.0202791499444613E-5
729.6845357006584,-169.19778188476576,132.84971038144045,729.6845357006584,-591.8716681583678,-134.25848092382483,756.8359696229697,-321.6387000960025,36.51487809904128,0.05729139234412495,3.0194209657208575E-5
729.6845357006584,-169.19778188476576,132.84971038144045,729.6845357006584,-604.6781837180605,-112.82653922179676,779.404607233786,-325.25395510469974,44.81062710075793,0.05358035060028995,3.365976265676817E-5
729.6845357006584,-169.19778188476576,132.84971038144045,729.6845357006584,-619.2134481551043,-85.0628870315208,809.5858065662597,-327.04902483478924,56.412872879342956,0.0451212987228225,2.403896461774517E-5
729.6845357006584,-169.19778188476576,132.84971038144045,729.6845357006584,-623.9092501741842,-75.08653130355609,828.0570753597897,-323.1220363779597,62.46127020445334,0.037029497920802415,2.4652016191573947E-5
729.6845357006584,-169.19778188476576,132.84971038144045,729.6845357006584,-614.6582574022216,-94.22949331577652,816.738612502752,-317.29002729030174,57.35778459081175,0.03711441998429971,4.122198259662094E-5
729.6845357006584,-169.19778188476576,132.84971038144045,729.6845357006584,-592.665799233127,-132.99768622617717,780.9607572645762,-308.2343883825566,45.56444123161313,0.04087910996670857,1.2269985887317097E-4
729.6845357006584,-169.19778188476576,132.84971038144045,729.6845357006584,-506.8578198009411,-235.91267760633548,674.1278851977609,-286.1176299832042,5.160207489624412,0.047407742801745985,8.725201096595434E-4
729.6845357006584,-169.19778188476576,132.84971038144045,729.6845357006584,-459.9183016810839,-273.9445611728166,626.9614117658792,-275.67635400911587,-16.1417444144208,0.04610680939700771,3.550699603279293E-4
729.6845357006584,-169.19778188476576,132.84971038144045,729.6845357006584,-413.99715986227517,-303.1242160658007,584.0155775684333,-263.60788968710943,-35.2893826789865,0.04070602933042578,3.417354432695227E-4
729.6845357006584,-169.19778188476576,132.84971038144045,729.6845357006584,-379.9878362425088,-320.54587074376167,558.7841086654007,-253.95326430810047,-49.453773167441256,0.037521290737966916,2.072017065763785E-4
729.6845357006584,-169.19778188476576,132.84971038144045,729.6845357006584,-381.98971236169774,-319.60978429615,569.2675966962408,-257.633531009361,-55.1912283452574,0.04591326490304775,3.3331083567762705E-5
729.6845357006584,-169.19778188476576,132.84971038144045,729.6845357006584,-408.19552016300105,-306.33143800483555,615.9405351877764,-266.9222235218487,-46.72827563956852,0.06154381885671001,7.083498952847563E-5
729.6845357006584,-169.19778188476576,132.84971038144045,729.6845357006584,-527.1749239907363,-216.22387173219045,761.7132958635104,-292.50645785073965,12.607951447040648,0.049327356018845955,0.001078286950486719
729.6845357006584,-169.19778188476576,132.84971038144045,729.6845357006584,-635.8903740064301,-46.58836935293991,876.342195632111,-316.67062236223427,76.1480533271691,0.02169090333349766,6.662534957902034E-4
729.6845357006584,-169.19778188476576,132.84971038144045,729.6845357006584,-589.7747073268271,-137.54823669971393,838.2814287608958,-308.3749313920553,43.36972888264006,0.03264197035454512,4.125509722099856E-4
729.6845357006584,-169.19778188476576,132.84971038144045,729.6845357006584,-482.1241907684057,-257.12088161645494,713.6193964700468,-284.4529781728304,-10.7819418259742,0.06200554260895203,0.0013693495148488066
729.6845357006584,-169.19778188476576,132.84971038144045,729.6845357006584,-389.00650891222506,-316.2428452488749,586.7167756851436,-262.97582155631113,-58.748776483160896,0.05775916946578314,0.0010325898646611452
729.6845357006584,-169.19778188476576,132.84971038144045,729.6845357006584,-379.5621182717303,-320.74355012456846,568.3516793181241,-262.00621878905247,-67.26634646026582,0.055500917547134265,4.594428406387709E-5
729.6845357006584,-169.19778188476576,132.84971038144045,729.6845357006584,-407.35959439270914,-306.7853099057647,596.6700080694742,-275.6218946854439,-63.60398006321657,0.07271938697299427,5.8707321822546035E-5
729.6845357006584,-169.19778188476576,132.84971038144045,729.6845357006584,-563.5652040907814,-174.51706775598643,801.1671616537822,-312.27453853923134,21.3368438438431,0.05184695206392825,8.44810878726283E-4
729.6845357006584,-169.19778188476576,132.84971038144045,729.6845357006584,-569.261030151846,-167.06594007047,846.0136441250179,-303.3806458075304,32.25676392306005,0.03242559305472326,1.0345047792354168E-4
729.6845357006584,-169.19778188476576,132.84971038144045,729.6845357006584,-393.9215905373344,-313.8036337509904,679.915436311113,-266.23320069538437,-60.014564084737174,0.09883130462033182,0.0042470059644527615
729.6845357006584,-169.19778188476576,132.84971038144045,729.6845357006584,-543.307320430806,-198.87616013346047,821.4809180620365,-335.0101612897162,-14.177430690732592,0.09147193461771741,0.0032136133039717273
729.6845357006584,-169.19778188476576,132.84971038144045,729.6845357006584,-559.4368001613523,-179.7418899768001,859.890866127775,-315.6737899014003,15.518619394649164,0.04190157644515419,8.556669606936011E-4
729.6845357006584,-169.19778188476576,132.84971038144045,729.6845357006584,-553.2637458720958,-187.29609281841874,778.6557368419745,-369.614773936806,-34.21184912065823,0.20202545861333548,0.004188190019775276
729.6845357006584,-169.19778188476576,132.84971038144045,729.6845357006584,-476.6626355495274,-261.4412529450181,690.3903308847767,-268.1022250797998,6.015284528146907,0.03961728663342431,0.006862407437895583
