729.6954588026791,-169.18249890242487,132.8491511884943,729.6954588026791,-664.1690973672287,203.47681814870896,707.8906317249239,-328.0896039525105,155.5229733240795,0.04053848066514009,0.0428820586877566
729.6954588026791,-169.18249890242487,132.8491511884943,729.6954588026791,-664.1744300145851,203.43943475397072,707.8958028807895,-328.0729955097155,155.50835936218581,0.0405249592787171,2.5160691344375985E-10
729.6954588026791,-169.18249890242487,132.8491511884943,729.6954588026791,-664.1781388839992,203.41342259571317,707.8958998287486,-328.06793931875995,155.4991190561125,0.04052027015907489,2.924953300962653E-11
729.6954588026791,-169.18249890242487,132.8491511884943,729.6954588026791,-664.2659899416815,202.79439334535783,707.687456195248,-327.9871709714374,155.2850260349606,0.04042849688459619,8.867846645507352E-9
729.6954588026791,-169.18249890242487,132.8491511884943,729.6954588026791,-664.771231473071,199.11986982818172,706.4591854251431,-327.6904735872333,154.04502732957712,0.040025866355593694,1.5271539080208495E-7
729.6954588026791,-169.18249890242487,132.8491511884943,729.6954588026791,-665.2723416815052,195.25802789227257,705.6894427978056,-327.53894134990423,152.77063887022203,0.03975593215582607,6.94506230759371E-8
729.6954588026791,-169.18249890242487,132.8491511884943,729.6954588026791,-665.6427196618245,192.23980031382536,705.4249097828267,-327.5241223687826,151.79127667609347,0.03964424653351039,1.2428816278960394E-8
729.6954588026791,-169.18249890242487,132.8491511884943,729.6954588026791,-665.922476016777,189.85261719217684,705.2524650218331,-327.52348676110137,151.01959354110113,0.039569242488017645,5.690334195591203E-9
729.6954588026791,-169.18249890242487,132.8491511884943,729.6954588026791,-666.1138753476606,188.1592506662873,705.1557573555687,-327.5314960329119,150.47391629418732,0.03952530868220083,3.4001971107375705E-9
729.6954588026791,-169.18249890242487,132.8491511884943,729.6954588026791,-666.2307982993811,187.0984651619795,705.1513369631311,-327.5540230323144,150.13428534428047,0.03951428316051133,2.569457533286685E-9
729.6954588026791,-169.18249890242487,132.8491511884943,729.6954588026791,-666.3084294108012,186.38240455666707,705.1621485158986,-327.5733712474829,149.90555114691696,0.039510904406631055,1.4017332491543704E-9
729.6954588026791,-169.18249890242487,132.8491511884943,729.6954588026791,-666.3560952511918,185.93789852381377,705.1588327135345,-327.5822287485859,149.76324980021266,0.03950609506655689,4.1959446491086445E-10
729.6954588026791,-169.18249890242487,132.8491511884943,729.6954588026791,-666.3838613585965,185.6772230038335,705.1524242528957,-327.5861395318288,149.6796740608426,0.03950214491951939,1.1873453513457864E-10
729.6954588026791,-169.18249890242487,132.8491511884943,729.6954588026791,-666.4013572541334,185.51229674042355,705.1485970247238,-327.58850208242893,149.62678997199168,0.03949959279763166,4.604823056068817E-11
729.6954588026791,-169.18249890242487,132.8491511884943,729.6954588026791,-666.4167647120878,185.36662356412816,705.1464097705029,-327.5912651298885,149.5801542115112,0.03949790727520383,4.2930234458692407E-11
729.6954588026791,-169.18249890242487,132.8491511884943,729.6954588026791,-666.4322807887371,185.21950935048204,705.1483993757455,-327.5949325642931,149.53315224871181,0.03949707774651559,5.393779590633833E-11
729.6954588026791,-169.18249890242487,132.8491511884943,729.6954588026791,-666.4479452572466,185.07056309529597,705.1539691171896,-327.59986024832523,149.48569479045995,0.039497323996197035,7.135869433408783E-11
729.6954588026791,-169.18249890242487,132.8491511884943,729.6954588026791,-666.4609855958497,184.9462400889056,705.1673922973783,-327.60671635417395,149.44637138082922,0.039500005600406576,8.752364937856284E-11
729.6954588026791,-169.18249890242487,132.8491511884943,729.6954588026791,-666.4783806799616,184.77993172472566,705.825232547527,-328.3819703378981,149.4737666649964,0.04010127782207617,4.4089825012378E-7
729.6954588026791,-169.18249890242487,132.8491511884943,729.6954588026791,-666.5199493410041,184.38031060931223,706.1731253421073,-328.93971975637726,149.40224770111766,0.04052453287807258,2.3259513059421293E-7
729.6954588026791,-169.18249890242487,132.8491511884943,729.6954588026791,-666.5567727390134,184.0236734190568,706.0690171030045,-328.9457495105914,149.2870902817428,0.040514821182180534,2.3176542524159576E-10
729.6954588026791,-169.18249890242487,132.8491511884943,729.6954588026791,-666.6465188264623,183.1437719845282,706.2541604208953,-328.46663778115663,148.95310050517435,0.040146160122850945,1.9160637137055386E-7
729.6954588026791,-169.18249890242487,132.8491511884943,729.6954588026791,-667.8904175533015,168.77145449591822,695.9755936917458,-321.94183549318836,143.8525201281718,0.03472398274287026,3.435207795841489E-5
729.6954588026791,-169.18249890242487,132.8491511884943,729.6954588026791,-665.298930808201,70.6519969683741,626.8747868089496,-311.10252413039683,115.05691305979636,0.021983533845345366,5.747555938574248E-5
729.6954588026791,-169.18249890242487,132.8491511884943,729.6954588026791,-649.772896013263,-5.1105175732380985,583.024218839677,-309.47296510619617,92.5769643860651,0.01705550605978584,2.1623399156148705E-5
729.6954588026791,-169.18249890242487,132.8491511884943,729.6954588026791,-650.3579703681348,-3.055836430620616,597.2774136054298,-316.5968748992032,91.21288722080902,0.022096203192933574,3.7244351307043505E-5
729.6954588026791,-169.18249890242487,132.8491511884943,729.6954588026791,-657.1229921116133,23.697536052602146,633.6929212227922,-322.8778070251459,98.46772280966243,0.030224475217664117,3.0248024314624803E-5
729.6954588026791,-169.18249890242487,132.8491511884943,729.6954588026791,-668.0288926331923,166.7943343785738,751.8313470465292,-332.96290393539164,143.99397637247674,0.043307452390271235,6.402617999974142E-6
729.6954588026791,-169.18249890242487,132.8491511884943,729.6954588026791,-652.3021556566434,261.6722751130676,846.1481557506984,-345.4265557642666,179.84436171380963,0.04198213376518282,9.408277450864247E-5
729.6954588026791,-169.18249890242487,132.8491511884943,729.6954588026791,-655.2719608794457,249.96889740957494,857.3538912166238,-349.729894900683,176.35074267371058,0.041259453700759625,1.7764530112597006E-5
729.6954588026791,-169.18249890242487,132.8491511884943,729.6954588026791,-660.3278078918752,226.53098217859315,857.9233258350862,-351.51405506754026,167.62735982896194,0.041030716663992925,8.198830405969416E-6
729.6954588026791,-169.18249890242487,132.8491511884943,729.6954588026791,-664.7767618894075,199.0784988705422,848.4087074292191,-349.85744754125676,156.9938697304675,0.04129753492725361,6.045973055242334E-6
729.6954588026791,-169.18249890242487,132.8491511884943,729.6954588026791,-667.6781731654778,171.60560537388517,830.81203976812,-347.4993088580383,146.71271637538683,0.04321438625796484,5.554407881474015E-6
729.6954588026791,-169.18249890242487,132.8491511884943,729.6954588026791,-668.9876609655486,146.80622735274497,808.4644971072581,-346.34036762441855,137.7962907031056,0.04682493995364009,5.051355704660445E-7
729.6954588026791,-169.18249890242487,132.8491511884943,729.6954588026791,-666.9138420797799,85.27279131443424,737.9773054425651,-341.9899342891273,116.33110616768559,0.051856435246390484,6.321819783406393E-7
729.6954588026791,-169.18249890242487,132.8491511884943,729.6954588026791,-654.5056480230116,12.593419817068053,660.7542082726752,-333.6485329567618,92.09695701271636,0.0424459212931635,4.098499580976031E-5
729.6954588026791,-169.18249890242487,132.8491511884943,729.6954588026791,-630.5298491500779,-59.91656780601332,595.3193527048203,-320.905580097249,69.45438189181917,0.02697644330130275,1.950498206242814E-4
729.6954588026791,-169.18249890242487,132.8491511884943,729.6954588026791,-623.769660809319,-75.35870704321403,593.0109754361811,-323.96122867769736,61.958130660875014,0.029490627086576994,2.585950489674572E-5
729.6954588026791,-169.18249890242487,132.8491511884943,729.6954588026791,-638.9668997134595,-38.33091994894019,634.5276551384603,-332.425904227861,73.36650832491108,0.04078452524410859,7.70331175452705E-5
729.6954588026791,-169.18249890242487,132.8491511884943,729.6954588026791,-669.13069251142,125.65167196985955,764.7745766565954,-338.72926009695846,130.40827970244013,0.046785434092083286,1.1734646688673717E-4
729.6954588026791,-169.18249890242487,132.8491511884943,729.6954588026791,-664.7151428245093,199.5379718977311,814.6691759610852,-338.3899973041175,155.62110912501976,0.04063407365370014,2.427189245566517E-7
729.6954588026791,-169.18249890242487,132.8491511884943,729.6954588026791,-657.8142742720971,238.8632450585177,848.0482966151401,-334.525734929828,168.72220371710088,0.03288106221571565,2.0932515491393453E-5
729.6954588026791,-169.18249890242487,132.8491511884943,729.6954588026791,-656.9218495902446,242.89607659136067,863.141539778014,-332.89963816509794,169.7880772484949,0.028913939687864876,1.8734085415815664E-6
729.6954588026791,-169.18249890242487,132.8491511884943,729.6954588026791,-660.4606772254867,225.83168451370454,864.7792685542752,-333.41227219888384,163.93235626927833,0.028209644427604964,1.7941747271990445E-6
729.6954588026791,-169.18249890242487,132.8491511884943,729.6954588026791,-664.9537225397834,197.74055133609642,856.1186554460734,-332.27591011560116,154.19641642673056,0.028589628825743774,3.6670314701648667E-6
729.6954588026791,-169.18249890242487,132.8491511884943,729.6954588026791,-668.0277295935873,166.81142167621252,836.4601662822582,-330.94657190818623,143.86233697159733,0.03104408620342195,1.743027681926439E-6
729.6954588026791,-169.18249890242487,132.8491511884943,729.6954588026791,-669.1414866006363,139.25310463770825,806.8949254721458,-330.79661062096613,134.91925948466985,0.03566307229361092,3.479551127242164E-7
729.6954588026791,-169.18249890242487,132.8491511884943,729.6954588026791,-663.5920515362568,58.28914673292813,710.0800649580856,-328.3440379281744,108.84661119771945,0.04097076879497486,1.0081005183303855E-5
729.6954588026791,-169.18249890242487,132.8491511884943,729.6954588026791,-655.8026614722494,17.954341120686536,667.4189285377797,-324.7522681522689,96.11791712728999,0.036518306467741596,1.478067099090251E-5
729.6954588026791,-169.18249890242487,132.8491511884943,729.6954588026791,-644.2953972320321,-22.931893360707164,629.8263410984246,-322.30753373980446,82.64218362885697,0.031689515462768346,1.832812027140693E-5
729.6954588026791,-169.18249890242487,132.8491511884943,729.6954588026791,-631.1887083653498,-58.33207806192118,600.7014220172224,-320.3112545264509,70.31107121577145,0.027599708401945765,2.344968977395743E-5
729.6954588026791,-169.18249890242487,132.8491511884943,729.6954588026791,-621.4878440012126,-80.27023975251436,585.7690942386014,-320.13083060980085,61.72459591707454,0.02621705031165941,9.33276726605661E-6
729.6954588026791,-169.18249890242487,132.8491511884943,729.6954588026791,-622.2901024441276,-78.55922048276946,593.4080371617447,-326.02649986750384,59.669768209144905,0.031125181066493344,2.850381999235148E-5
729.6954588026791,-169.18249890242487,132.8491511884943,729.6954588026791,-633.9983431018413,-51.39587854415217,623.5365286213078,-334.50408994603595,67.31850752091171,0.0412735399256424,7.27480151417567E-5
729.6954588026791,-169.18249890242487,132.8491511884943,729.6954588026791,-649.4078188417502,-6.3759977220834685,661.2708260216467,-339.5017843728463,83.47081377605082,0.048880399427861286,4.429989092571436E-5
729.6954588026791,-169.18249890242487,132.8491511884943,729.6954588026791,-668.470325911388,159.52621625696779,786.0140566250828,-343.18914251147345,142.14636674793138,0.04824358524147793,1.0186887643634041E-4
729.6954588026791,-169.18249890242487,132.8491511884943,729.6954588026791,-653.7026971725729,256.30026486616185,876.0558933941027,-334.3858733369813,174.94139136768197,0.027470194427574954,4.1705201996943404E-5
729.6954588026791,-169.18249890242487,132.8491511884943,729.6954588026791,-662.9647659375037,211.4562295065326,878.4400165552165,-337.29828011470306,159.6121422120519,0.026820038923044607,1.9217662232565374E-5
729.6954588026791,-169.18249890242487,132.8491511884943,729.6954588026791,-666.7582046577179,182.02655496423176,858.1623490641455,-336.55073387315275,149.3908255009372,0.030159236047445845,1.1252952465142434E-6
729.6954588026791,-169.18249890242487,132.8491511884943,729.6954588026791,-668.5670739143891,157.64927699704464,828.1794025150858,-336.7427526059474,141.1704241718667,0.0360305506156682,9.877669149889784E-8
729.6954588026791,-169.18249890242487,132.8491511884943,729.6954588026791,-667.7626472163158,95.1949919587557,726.5699515037475,-334.37667957218713,120.37322729982523,0.04508444563499244,3.297973838075265E-5
729.6954588026791,-169.18249890242487,132.8491511884943,729.6954588026791,-663.6096197720763,58.40573543836108,680.1983036991021,-331.0572485721731,108.47648071702403,0.040732169957316454,5.652435501538383E-6
729.6954588026791,-169.18249890242487,132.8491511884943,729.6954588026791,-655.3865274166942,16.20592311032651,634.622463370426,-328.5154428727309,94.62423359435945,0.03416723070933965,8.812584948914743E-6
729.6954588026791,-169.18249890242487,132.8491511884943,729.6954588026791,-643.1148619596094,-26.487333167829803,596.3339642880568,-325.151609275179,80.4121967786526,0.027236568882005166,2.7785891942505293E-5
729.6954588026791,-169.18249890242487,132.8491511884943,729.6954588026791,-628.4371152978638,-64.85061441449847,563.8636235559875,-318.8414304670981,68.4240270102018,0.02012727214676577,6.722917729084757E-5
729.6954588026791,-169.18249890242487,132.8491511884943,729.6954588026791,-616.188190993478,-91.17297101866308,547.2618580918383,-316.6593998932529,58.939380192176856,0.017725870350949673,2.586987877481593E-5
729.6954588026791,-169.18249890242487,132.8491511884943,729.6954588026791,-615.6116547191285,-92.31969398504503,557.7999069869169,-322.72652275892193,55.40499216662914,0.022513825727540775,3.592176162982284E-5
729.6954588026791,-169.18249890242487,132.8491511884943,729.6954588026791,-628.8761530975513,-63.82759957969276,598.3821285272891,-333.2421479376756,62.65736496312695,0.03548413274014516,8.999236735374889E-5
729.6954588026791,-169.18249890242487,132.8491511884943,729.6954588026791,-669.168373746418,129.09083288281496,764.5357360583539,-347.94324223326726,131.50543368006112,0.055041617660146855,1.9981842665920443E-4
729.6954588026791,-169.18249890242487,132.8491511884943,729.6954588026791,-651.9430429794604,263.0115769589315,866.4286250334534,-340.5644267195635,179.05733396478405,0.0335519832456393,3.5464352884731234E-5
729.6954588026791,-169.18249890242487,132.8491511884943,729.6954588026791,-663.6876435926218,206.7725025392508,853.2257236463419,-331.30511000912395,157.08478730154394,0.028863370013980722,1.0735189894590901E-4
729.6954588026791,-169.18249890242487,132.8491511884943,729.6954588026791,-666.2984271402274,186.47520728315672,822.0984557297795,-332.86204035372964,150.5059748242428,0.03512863181194575,1.1361494010212268E-6
729.6954588026791,-169.18249890242487,132.8491511884943,729.6954588026791,-668.1421941307217,165.08612588658184,774.098217406813,-349.95536666003255,144.52859227308198,0.05619877149338434,1.7659221797626363E-4
729.6954588026791,-169.18249890242487,132.8491511884943,729.6954588026791,-668.7289319982871,154.14143103827195,753.0513881132649,-357.9694203744708,140.8958585567149,0.06678285898375684,4.493788101107164E-5
729.6954588026791,-169.18249890242487,132.8491511884943,729.6954588026791,-669.1543028989388,138.15906723975323,729.219907960983,-364.89806205158607,134.927734824491,0.07600032556099617,3.0690933233263067E-5
729.6954588026791,-169.18249890242487,132.8491511884943,729.6954588026791,-668.5417718905717,107.54467568020728,697.9062643601934,-366.3820510384641,122.85628331320399,0.07607802775575752,6.874936397617472E-7
729.6954588026791,-169.18249890242487,132.8491511884943,729.6954588026791,-667.2605272012819,89.05100367146939,677.3405750955076,-351.9667333521434,116.77614573680287,0.0573018060538188,1.6228096407368655E-4
729.6954588026791,-169.18249890242487,132.8491511884943,729.6954588026791,-665.8137837854999,74.9063615129358,678.09600570424,-333.95994259697983,113.62429553825541,0.04214250107619476,2.6355995178608063E-4
729.6954588026791,-169.18249890242487,132.8491511884943,729.6954588026791,-655.8525231015424,18.165728035754896,700.3238922302326,-315.7225912304689,98.31708925401477,0.03330229317494235,3.4005782308921674E-4
729.6954588026791,-169.18249890242487,132.8491511884943,729.6954588026791,-645.4648530638926,-19.318910882395414,692.7746780418562,-327.36644956975096,82.31075728527631,0.04377869722257933,1.946170132177988E-4
729.6954588026791,-169.18249890242487,132.8491511884943,729.6954588026791,-651.1194122567958,-0.3304701747663614,700.9533083383021,-338.088250764554,86.17332400915006,0.052294613393347796,9.8096440018782E-5
729.6954588026791,-169.18249890242487,132.8491511884943,729.6954588026791,-663.9641985913853,60.80007310345994,704.5898457145248,-331.4387227667416,109.22173863396361,0.042993867141016176,6.744475161043733E-5
729.6954588026791,-169.18249890242487,132.8491511884943,729.6954588026791,-666.213999136363,78.44613863219591,710.4643293450504,-321.9974413793257,116.12265954672131,0.03583907667281172,7.753505795742771E-5
729.6954588026791,-169.18249890242487,132.8491511884943,729.6954588026791,-667.7860507149144,95.50617166127728,713.823202880038,-313.7549508471653,122.02137811398092,0.030418671486263305,5.652731963109697E-5
729.6954588026791,-169.18249890242487,132.8491511884943,729.6954588026791,-666.301977961542,79.25602159157674,711.9464517780262,-312.0685260810218,117.4449884172733,0.029627561378442392,3.4080186706936878E-6
729.6954588026791,-169.18249890242487,132.8491511884943,729.6954588026791,-657.3098740612841,24.536337447356857,707.366365853527,-315.8216833304479,100.31071249729052,0.03341197760472335,3.808322796923002E-5
729.6954588026791,-169.18249890242487,132.8491511884943,729.6954588026791,-633.7664958227895,-51.9797150783815,698.5031128004907,-327.00119917369415,70.0629776650645,0.047352193098221446,3.490693979180324E-4
729.6954588026791,-169.18249890242487,132.8491511884943,729.6954588026791,-585.1452482877705,-144.59452079517908,675.7950654751468,-375.132311310867,-4.517649765148747,0.1612569341200506,0.006530500308294087
729.6954588026791,-169.18249890242487,132.8491511884943,729.6954588026791,-618.6695343868366,-86.15177331054787,708.6449052780781,-348.43239981663123,45.514276280996995,0.07982464933794108,0.0016690549326790558
729.6954588026791,-169.18249890242487,132.8491511884943,729.6954588026791,-665.6940973632185,73.88956677758051,727.7498694865245,-328.5898688785995,113.91990096560312,0.041066755247853144,4.2140200530714944E-4
729.6954588026791,-169.18249890242487,132.8491511884943,729.6954588026791,-658.8692481641018,31.82000887039102,723.5414412704187,-328.1696862518122,100.04789773065798,0.042409107071436414,6.751821016659995E-6
729.6954588026791,-169.18249890242487,132.8491511884943,729.6954588026791,-632.0217150059835,-56.30649910153346,706.9640165383508,-347.9218395342599,59.80098449628218,0.07167685033614449,8.740753091241026E-4
729.6954588026791,-169.18249890242487,132.8491511884943,729.6954588026791,-582.8714881361904,-147.97360463222887,652.7542965553274,-393.46472034700474,-19.39940544899008,0.21041490217071399,0.006043730665899597
729.6954588026791,-169.18249890242487,132.8491511884943,729.6954588026791,-603.5245129627797,-114.83414421512089,704.147010562255,-348.8471670804923,30.395472655435782,0.08974841993163124,0.003402760332995909
729.6954588026791,-169.18249890242487,132.8491511884943,729.6954588026791,-657.5305390629724,25.535630738588566,724.412351283895,-324.2016334346598,98.78400154996476,0.03969567904457018,9.917347501869275E-4
729.6954588026791,-169.18249890242487,132.8491511884943,729.6954588026791,-664.2307916869298,62.655221172095864,730.2051267969604,-330.8664020908327,109.92365331161227,0.043205450723934384,4.88705339488326E-5
729.6954588026791,-169.18249890242487,132.8491511884943,729.6954588026791,-659.1789890364307,33.33312405539826,727.7440071439145,-334.62453621486236,99.24863647942658,0.047721970139169914,2.4476262684761388E-5
729.6954588026791,-169.18249890242487,132.8491511884943,729.6954588026791,-642.5268808688304,-28.225663915672612,711.0336465347276,-337.7371147009626,75.49153882619049,0.05564548064177043,7.407658095671821E-5
729.6954588026791,-169.18249890242487,132.8491511884943,729.6954588026791,-610.5731656810033,-102.04290759758302,683.6760886016822,-351.06755653250383,36.05653896367454,0.0850365666284724,6.777056778385077E-4
729.6954588026791,-169.18249890242487,132.8491511884943,729.6954588026791,-569.36924327715,-166.90169472650624,624.9349201254835,-391.3355209165057,-33.549554434150394,0.19621212063984056,0.00467129859147907
729.6954588026791,-169.18249890242487,132.8491511884943,729.6954588026791,-619.7059686167163,-84.01164111061178,700.4262690269904,-362.56979460176996,39.76160972802964,0.10137981370518,0.0020839316309216936
729.6954588026791,-169.18249890242487,132.8491511884943,729.6954588026791,-657.904106309543,27.249953968994674,710.9496548644406,-352.0082049083583,93.34558209576906,0.06498445509671219,2.8359071834253136E-4
729.6954588026791,-169.18249890242487,132.8491511884943,729.6954588026791,-667.4554335287218,91.32707731328865,712.3982461385765,-346.1875713549374,118.09896673351975,0.05530498407360022,3.9875182622435695E-5
729.6954588026791,-169.18249890242487,132.8491511884943,729.6954588026791,-668.5117838959447,106.95967170627631,712.7405432559568,-344.65598005270374,123.75111262668139,0.05350424282955794,2.373629865011488E-6
729.6954588026791,-169.18249890242487,132.8491511884943,729.6954588026791,-668.9771959848977,118.52222659738995,713.2550791596557,-343.60166333881347,127.84931779548168,0.05239511401463296,9.83745696411994E-7
729.6954588026791,-169.18249890242487,132.8491511884943,729.6954588026791,-669.1390909648002,126.26082413409942,713.6607057050724,-342.8579970179627,130.56049053057592,0.05167982928005498,4.390543186071903E-7
729.6954588026791,-169.18249890242487,132.8491511884943,729.6954588026791,-669.1742910522523,129.9842283616527,714.035372427894,-342.77680518717705,131.85446627867503,0.051611280372154,5.5361303105937824E-9
729.6954588026791,-169.18249890242487,132.8491511884943,729.6954588026791,-669.1424698459266,126.52242579751616,713.5766093905007,-342.9381872711191,130.65036610705158,0.051748134431867474,2.2502742425862745E-8
729.6954588026791,-169.18249890242487,132.8491511884943,729.6954588026791,-669.0491139170966,121.300679697691,713.2532033800717,-342.82492956815366,128.83747167259364,0.051659693210886676,1.6921893154914994E-8
729.6954588026791,-169.18249890242487,132.8491511884943,729.6954588026791,-668.9598377800382,117.92897878964848,713.1776874294832,-342.67632129078584,127.66972919632795,0.05154910088851309,2.4361668109062255E-8
729.6954588026791,-169.18249890242487,132.8491511884943,729.6954588026791,-668.8930722141358,115.8390682821354,713.1523332791171,-342.7741346418321,126.94011449109414,0.0516581568448334,1.0949618071058584E-8
729.6954588026791,-169.18249890242487,132.8491511884943,729.6954588026791,-668.8611838356521,114.92676788156082,713.1443332172846,-343.3921524940932,126.60063132646494,0.052234154966719785,2.920469714069672E-7
729.6954588026791,-169.18249890242487,132.8491511884943,729.6954588026791,-668.9259992690247,116.8355993857805,711.6051660144178,-345.86969759366684,127.1874675306918,0.05445689158919326,4.609913261459833E-6
729.6954588026791,-169.18249890242487,132.8491511884943,729.6954588026791,-668.6169538433217,109.07468551859164,711.5765958511377,-344.6483241496763,124.49649110004367,0.053403315503755724,1.3283201611699303E-6
729.6954588026791,-169.18249890242487,132.8491511884943,729.6954588026791,-667.9055672842055,97.13779355731899,711.8465057091596,-343.8028748394635,120.34535681818022,0.05286018300714141,9.307481717757287E-7
729.6954588026791,-169.18249890242487,132.8491511884943,729.6954588026791,-667.2185675429407,88.57642444731144,712.8517483839406,-343.31473830377263,117.36973205146245,0.05267933492379262,4.036669013811259E-7
729.6954588026791,-169.18249890242487,132.8491511884943,729.6954588026791,-668.2130296072868,101.72794580657131,728.3954730615451,-346.3493527253305,121.80043631947825,0.0556477437708647,6.8881937679547174E-6
729.6954588026791,-169.18249890242487,132.8491511884943,729.6954588026791,-649.9062926794472,270.34327505066835,807.2312770294317,-337.35635575941336,180.94936466742098,0.045205582292245514,1.8431674338819154E-4
729.6954588026791,-169.18249890242487,132.8491511884943,729.6954588026791,-658.7080859691243,234.65631992922334,779.6113383119721,-327.5555264663364,165.78616197437256,0.03927344759657341,1.0603647499283976E-4
729.6954588026791,-169.18249890242487,132.8491511884943,729.6954588026791,-656.9723703343435,23.026378830333954,724.4522389756024,-324.1964279916097,97.94875566217672,0.039825490581452905,8.674096545289504E-5
729.6954588026791,-169.18249890242487,132.8491511884943,729.6954588026791,-609.7366906870602,-103.60804176825795,693.6238911256947,-329.8865264515284,46.59501047274392,0.05846614760562214,5.695987310838875E-4
729.6954588026791,-169.18249890242487,132.8491511884943,729.6954588026791,-639.2920920027861,-37.43581724681053,718.3556164762127,-353.6909286883858,66.0157731777577,0.07638657339456541,6.580326788601984E-4
729.6954588026791,-169.18249890242487,132.8491511884943,729.6954588026791,-661.065282221026,43.11996154127824,723.3602369112823,-358.6654286135111,98.28370122448615,0.07203517351392892,7.169814684968683E-5
729.6954588026791,-169.18249890242487,132.8491511884943,729.6954588026791,-665.6180223089649,73.25241386106447,722.7719216566235,-357.16177531496453,110.28237054700472,0.06812548903592745,5.75944509140906E-6
729.6954588026791,-169.18249890242487,132.8491511884943,729.6954588026791,-666.4216753047186,80.37819302334727,721.9329961775627,-355.7047723704669,113.16646552639045,0.06607900301399192,2.2490139610476207E-6
729.6954588026791,-169.18249890242487,132.8491511884943,729.6954588026791,-666.7712626321136,83.80404735579774,721.9168703917499,-355.2836723986685,114.50598903769398,0.06545548014844246,2.2175674604342915E-7
729.6954588026791,-169.18249890242487,132.8491511884943,729.6954588026791,-666.3656780928518,79.85022355689236,721.6725594306901,-355.80328519890674,112.95567538027183,0.0662072106760696,3.3938838542993157E-7
729.6954588026791,-169.18249890242487,132.8491511884943,729.6954588026791,-665.7621776225351,74.46574016933471,721.2978529464177,-355.72149106030815,110.91755970991525,0.0663608221541264,7.299988436652919E-8
729.6954588026791,-169.18249890242487,132.8491511884943,729.6954588026791,-665.3461410015466,71.02973466799804,721.250951766697,-355.9674464874155,109.57671545405813,0.06681947929772496,1.225929292459884E-7
729.6954588026791,-169.18249890242487,132.8491511884943,729.6954588026791,-665.0787168143813,68.91996332709954,721.3728820328336,-356.35999261197526,108.71889020532342,0.06739152171909647,1.8282598359877666E-7
729.6954588026791,-169.18249890242487,132.8491511884943,729.6954588026791,-664.8363289904178,67.0670812978077,721.5433214052523,-356.578695061047,107.97834635527664,0.06775648548673777,7.239197464462234E-8
729.6954588026791,-169.18249890242487,132.8491511884943,729.6954588026791,-664.6481193486183,65.66419040210562,721.6610472499539,-356.78252417489153,107.41065491077939,0.0680805208188886,5.682726588461304E-8
729.6954588026791,-169.18249890242487,132.8491511884943,729.6954588026791,-664.5092826988696,64.64814493587258,721.8433775990172,-356.8210254177654,107.01340650692975,0.06819239171865774,6.240072312347829E-9
729.6954588026791,-169.18249890242487,132.8491511884943,729.6954588026791,-664.4229448064046,64.0240050511461,721.8958399813193,-356.9148346247307,106.75938903829513,0.06834211389892324,1.2009921551886275E-8
729.6954588026791,-169.18249890242487,132.8491511884943,729.6954588026791,-664.3622303268944,63.58853044055242,721.9414331093824,-356.9381743185097,106.5878286766486,0.06839781515925399,1.6128693982658492E-9
729.6954588026791,-169.18249890242487,132.8491511884943,729.6954588026791,-664.3792038223487,63.70999125398295,721.9320016780035,-357.32111011448916,106.58131579861384,0.06884057477833064,1.0633823695925742E-7
729.6954588026791,-169.18249890242487,132.8491511884943,729.6954588026791,-664.5654828625793,65.05756466971395,721.3477767083004,-358.43626066941465,106.9503755336093,0.0700642062450575,9.837951477483766E-7
729.6954588026791,-169.18249890242487,132.8491511884943,729.6954588026791,-663.4763072537303,57.52564207239648,710.9595440505409,-357.24200129207003,104.19149575505284,0.06860485533299557,1.6221111035187414E-6
729.6954588026791,-169.18249890242487,132.8491511884943,729.6954588026791,-651.1106743551447,-0.3620859681826971,647.3458492646955,-355.8782493465365,81.2440092704239,0.06102133625741107,6.084081881226392E-6
729.6954588026791,-169.18249890242487,132.8491511884943,729.6954588026791,-651.823863469454,2.245501894624425,681.8315534777116,-361.7525521003933,80.73933727950336,0.07597710769663005,1.5831406149652943E-5
729.6954588026791,-169.18249890242487,132.8491511884943,729.6954588026791,-660.1533622078016,38.25733661041811,754.7282272183114,-353.3921948807616,97.35879787474033,0.0651092043842582,2.4652219868918052E-5
729.6954588026791,-169.18249890242487,132.8491511884943,729.6954588026791,-659.4856414339753,34.85512880097208,753.9657395803143,-350.9873319160851,96.51288219271902,0.0627746184494709,4.7254008034834984E-6
729.6954588026791,-169.18249890242487,132.8491511884943,729.6954588026791,-661.473282889936,45.386107558845836,735.2470859216643,-361.2407473019678,98.72704387797182,0.07509791562825784,7.845884347938357E-5
729.6954588026791,-169.18249890242487,132.8491511884943,729.6954588026791,-662.6295485132075,52.16452297212453,728.7066755100642,-362.6832268828185,101.20941535663616,0.07643861919559021,2.334665013214683E-6
729.6954588026791,-169.18249890242487,132.8491511884943,729.6954588026791,-662.7007789851316,52.60136477536619,728.1637484227527,-362.66561095372776,101.38812516968451,0.07637656206589746,1.5376903360829732E-9
729.6954588026791,-169.18249890242487,132.8491511884943,729.6954588026791,-662.2191692187012,49.693623871066364,727.7013919708595,-363.4893564506413,100.07737137250342,0.07769942571383118,7.807010495464703E-7
729.6954588026791,-169.18249890242487,132.8491511884943,729.6954588026791,-661.5602337199462,45.876935763298434,727.0960310948058,-363.49283351208146,98.52672130186252,0.0780419486603062,5.37972995688139E-8
729.6954588026791,-169.18249890242487,132.8491511884943,729.6954588026791,-661.07677284073,43.182974361846846,726.8402706923414,-363.5660729549445,97.41545568388872,0.0783903157603538,5.365891548717487E-8
729.6954588026791,-169.18249890242487,132.8491511884943,729.6954588026791,-660.7835325043493,41.58895306510857,726.7925634807624,-363.58769021678097,96.76001576586813,0.07857337372176368,1.4505550130156866E-8
729.6954588026791,-169.18249890242487,132.8491511884943,729.6954588026791,-660.6216225465133,40.7210460743089,726.7776347323025,-363.6037544022546,96.4017846656526,0.07868037476796026,4.902397896377312E-9
729.6954588026791,-169.18249890242487,132.8491511884943,729.6954588026791,-660.527634109065,40.221087898967994,726.7465574772666,-363.6223206282201,96.1934832632453,0.07875468053600498,2.3702100990368614E-9
729.6954588026791,-169.18249890242487,132.8491511884943,729.6954588026791,-660.4579061725522,39.85197805097101,726.7264054289564,-363.6374167004743,96.03933455551001,0.07881167409049675,1.389248148356215E-9
729.6954588026791,-169.18249890242487,132.8491511884943,729.6954588026791,-660.4332362301724,39.721748803672895,726.718192687417,-363.64473680555824,95.98454885452225,0.0788344927037016,2.2227996383776774E-10
729.6954588026791,-169.18249890242487,132.8491511884943,729.6954588026791,-660.4192279959989,39.64788515928991,726.717363776648,-363.64966051869413,95.9533235959901,0.07884853285137723,8.344392637321032E-11
729.6954588026791,-169.18249890242487,132.8491511884943,729.6954588026791,-660.4062428866191,39.57947044415623,726.7132235641716,-363.6530135967281,95.9246274010033,0.0788598805936891,5.4927986973871574E-11
729.6954588026791,-169.18249890242487,132.8491511884943,729.6954588026791,-660.3965928547539,39.52866092728502,726.7125082625009,-363.654950629596,95.90341864353152,0.07886760091099317,2.5238290505539516E-11
729.6954588026791,-169.18249890242487,132.8491511884943,729.6954588026791,-660.3903748815287,39.495937124396264,726.7111268209936,-363.656711358467,95.88966077077939,0.07887325228580855,1.3573827725023675E-11
729.6954588026791,-169.18249890242487,132.8491511884943,729.6954588026791,-660.3825341178506,39.45468987325029,726.7110009570383,-363.65768548953764,95.87255512103013,0.07887872702024072,1.26647959161983E-11
729.6954588026791,-169.18249890242487,132.8491511884943,729.6954588026791,-660.3771564468278,39.426410916991145,726.7118312655331,-363.65882429283965,95.86073741637858,0.07888312625526417,8.130927388989563E-12
729.6954588026791,-169.18249890242487,132.8491511884943,729.6954588026791,-660.3729149660553,39.40411297223808,726.7129786748258,-363.6596677812526,95.85142915696917,0.07888652918792909,4.845706379891141E-12
729.6954588026791,-169.18249890242487,132.8491511884943,729.6954588026791,-660.3691322031036,39.38423120915395,726.712849538147,-363.6603882162073,95.84313528712761,0.07888950648716876,3.746062173915737E-12
729.6954588026791,-169.18249890242487,132.8491511884943,729.6954588026791,-660.3653109192223,39.36415143307204,726.7134923138294,-363.6609391262241,95.83479219228613,0.0788922867881181,3.2432297578424493E-12
729.6954588026791,-169.18249890242487,132.8491511884943,729.6954588026791,-660.3625335549682,39.3495599662524,726.7145149125843,-363.6615241336997,95.82869417157326,0.07889456280335945,2.1608574670666003E-12
729.6954588026791,-169.18249890242487,132.8491511884943,729.6954588026791,-660.3597386342454,39.33487864451503,726.7153278024666,-363.6618127573251,95.82261557393085,0.07889644741352296,1.4822095682350104E-12
729.6954588026791,-169.18249890242487,132.8491511884943,729.6954588026791,-660.3572882381557,39.322009026443055,726.7155030552541,-363.66231032467806,95.81724041974911,0.0788984212039769,1.6403203259072608E-12
729.6954588026791,-169.18249890242487,132.8491511884943,729.6954588026791,-660.355349839778,39.31182974901381,726.7162898986428,-363.662765209941,95.8129771643683,0.07890007337969823,1.1376731134516597E-12
729.6954588026791,-169.18249890242487,132.8491511884943,729.6954588026791,-660.3536812331981,39.30306817167188,726.7173858877485,-363.6632935105902,95.80928156246802,0.07890168474170466,1.0763402019591124E-12
729.6954588026791,-169.18249890242487,132.8491511884943,729.6954588026791,-660.3519257881169,39.29385153753536,726.7186645182096,-363.66357800469365,95.80544562396005,0.07890301720074286,7.305866962900336E-13
729.6954588026791,-169.18249890242487,132.8491511884943,729.6954588026791,-660.3502556019087,39.285083412468666,726.7202261939764,-363.6637725530792,95.80181080260871,0.07890418718883481,5.577218298078948E-13
729.6954588026791,-169.18249890242487,132.8491511884943,729.6954588026791,-660.3484549241138,39.27563118790681,726.7209049387803,-363.6638638112178,95.79791490893649,0.07890527637266984,4.924876871893292E-13
729.6954588026791,-169.18249890242487,132.8491511884943,729.6954588026791,-660.3468331157089,39.26711874197572,726.7218437973434,-363.6641485324283,95.79436773179435,0.07890653370102461,6.541339060504546E-13
729.6954588026791,-169.18249890242487,132.8491511884943,729.6954588026791,-660.3455702161931,39.260490670105185,726.7231063782996,-363.66434857429704,95.79160987692092,0.07890749058842013,3.731881925297938E-13
729.6954588026791,-169.18249890242487,132.8491511884943,729.6954588026791,-660.3446509222961,39.25566624852095,726.72455309132,-363.6646752564257,95.7895679758509,0.07890843722656397,3.632164835685544E-13
729.6954588026791,-169.18249890242487,132.8491511884943,729.6954588026791,-660.343954073286,39.2520093814808,726.7249905441585,-363.6650305210593,95.7879997091625,0.07890929084263242,3.033368385459675E-13
729.6954588026791,-169.18249890242487,132.8491511884943,729.6954588026791,-660.3432586259369,39.24836001757208,726.7256399333141,-363.66514953109584,95.78647953266201,0.07890982908602373,1.184244558328765E-13
729.6954588026791,-169.18249890242487,132.8491511884943,729.6954588026791,-660.3423825434925,39.24376297983973,726.7260164906704,-363.6652009152923,95.78458336013676,0.07891036903127628,1.2077991842453194E-13
729.6954588026791,-169.18249890242487,132.8491511884943,729.6954588026791,-660.3414377119522,39.23880545951495,726.7269345069104,-363.66534331613025,95.78252190541727,0.07891107485122845,2.0313737961637555E-13
729.6954588026791,-169.18249890242487,132.8491511884943,729.6954588026791,-660.3409637635959,39.236318760361016,726.7283882834498,-363.66569204850634,95.7814350182793,0.0789118143259011,2.1906922086418582E-13
729.6954588026791,-169.18249890242487,132.8491511884943,729.6954588026791,-660.339562702221,39.22896811046877,726.7294261594943,-363.6658726615687,95.77838422018124,0.07891281574363804,4.117707276199304E-13
729.6954588026791,-169.18249890242487,132.8491511884943,729.6954588026791,-660.3382041983214,39.221841308894795,726.7296563512433,-363.6657570976985,95.77548170831778,0.07891338615999044,3.171504095522832E-13
729.6954588026791,-169.18249890242487,132.8491511884943,729.6954588026791,-660.3371435956675,39.21627770778463,726.7303823215258,-363.66605658933065,95.77314152895073,0.07891436215214094,3.9412318886988744E-13
729.6954588026791,-169.18249890242487,132.8491511884943,729.6954588026791,-660.3365726911691,39.213283057094586,726.7308932825578,-363.66626578244944,95.77187275160881,0.07891495353832287,1.4424603151855872E-13
729.6954588026791,-169.18249890242487,132.8491511884943,729.6954588026791,-660.3356952301617,39.208680573233366,726.7315615111338,-363.66619274720813,95.76999797360281,0.07891533087455901,1.3136466545808657E-13
729.6954588026791,-169.18249890242487,132.8491511884943,729.6954588026791,-660.3351950901726,39.20605732938452,726.7317405516726,-363.6662536521877,95.7689098674889,0.07891568109372435,5.105541326390734E-14
729.6954588026791,-169.18249890242487,132.8491511884943,729.6954588026791,-660.3347776821665,39.20386807467719,726.7326581834182,-363.6664537945921,95.76797330569906,0.07891618393441614,1.0167460029747191E-13
729.6954588026791,-169.18249890242487,132.8491511884943,729.6954588026791,-660.3343331987198,39.201536870857126,726.7333113889075,-363.6664624026374,95.76701500767717,0.07891644042335598,2.595020602929475E-14
729.6954588026791,-169.18249890242487,132.8491511884943,729.6954588026791,-660.333868029174,39.19909723805691,726.7338352929672,-363.6665198063243,95.76600290667017,0.07891677180239555,4.4443857846809874E-14
729.6954588026791,-169.18249890242487,132.8491511884943,729.6954588026791,-660.3335276104146,39.19731191620056,726.7343084706619,-363.666581251107,95.76525854339266,0.0789170415861175,2.932274264072327E-14
729.6954588026791,-169.18249890242487,132.8491511884943,729.6954588026791,-660.3328457638297,39.19373608652724,726.7344204913244,-363.6668111595754,95.76374727570041,0.07891771468268938,1.9028126918296253E-13
729.6954588026791,-169.18249890242487,132.8491511884943,729.6954588026791,-660.3321946919475,39.19032178165574,726.7344144355338,-363.66699948764557,95.76231021365774,0.07891831401929057,1.5155237507793186E-13
729.6954588026791,-169.18249890242487,132.8491511884943,729.6954588026791,-660.3317185665346,39.18782500027437,726.7347408834121,-363.66714464384756,95.7612579086368,0.07891876658246662,8.478399019042626E-14
729.6954588026791,-169.18249890242487,132.8491511884943,729.6954588026791,-660.3310848687202,39.18450202292833,726.7350896325717,-363.66699541575554,95.7599226850187,0.07891890774033547,1.1562606390295876E-13
729.6954588026791,-169.18249890242487,132.8491511884943,729.6954588026791,-660.3304221555104,39.1810270256762,726.7352894182421,-363.66724064586674,95.75844984389917,0.07891959239850242,1.9622640616307372E-13
729.6954588026791,-169.18249890242487,132.8491511884943,729.6954588026791,-660.3298218014886,39.17787912985986,726.7357461902435,-363.6671426424318,95.75717669199335,0.07891978604068663,8.234387557946419E-14
729.6954588026791,-169.18249890242487,132.8491511884943,729.6954588026791,-660.3294708291083,39.17603889233139,726.7360147786391,-363.66729123594484,95.75639314768273,0.07892017589651702,6.29677828793245E-14
729.6954588026791,-169.18249890242487,132.8491511884943,729.6954588026791,-660.329093868382,39.17406243301937,726.7364509475367,-363.66745989495723,95.75554987004614,0.07892060870865832,7.696353615665763E-14
729.6954588026791,-169.18249890242487,132.8491511884943,729.6954588026791,-660.3284300211785,39.17058189170986,726.7367706391949,-363.66725382208887,95.7541608066953,0.07892068915759062,1.5727334260656342E-13
729.6954588026791,-169.18249890242487,132.8491511884943,729.6954588026791,-660.3280463766615,39.16857051014698,726.7373511398574,-363.66739597327546,95.75330824649632,0.07892109177758204,6.584489367519732E-14
729.6954588026791,-169.18249890242487,132.8491511884943,729.6954588026791,-660.3277216183967,39.1668678939546,726.7377812074996,-363.6675684979849,95.75257660377926,0.07892150193427547,6.90425891645488E-14
729.6954588026791,-169.18249890242487,132.8491511884943,729.6954588026791,-660.3273523381175,39.16493190033461,726.7380798128482,-363.667713382239,95.75175445476813,0.07892189694313208,6.45287291293431E-14
729.6954588026791,-169.18249890242487,132.8491511884943,729.6954588026791,-660.3271299731946,39.163766147082924,726.7383405880541,-363.6677212613567,95.75127453689015,0.07892202921126824,7.007395459878494E-15
729.6954588026791,-169.18249890242487,132.8491511884943,729.6954588026791,-660.3267587939247,39.161820264665735,726.7385386107194,-363.66765770940634,95.75048808501379,0.07892214386895109,3.233430018191435E-14
729.6954588026791,-169.18249890242487,132.8491511884943,729.6954588026791,-660.3265206960988,39.16057207484144,726.7385749886192,-363.6678129237841,95.74994622904094,0.07892247957510228,4.73982167724674E-14
729.6954588026791,-169.18249890242487,132.8491511884943,729.6954588026791,-660.3260601317161,39.15815768853456,726.7385611969323,-363.66785061500923,95.74894818973326,0.0789227750910766,3.6876293361319E-14
729.6954588026791,-169.18249890242487,132.8491511884943,729.6954588026791,-660.3256545636318,39.156031659089166,726.7386176709666,-363.6678132590537,95.74808280406762,0.07892294141692316,2.9052220956042156E-14
729.6954588026791,-169.18249890242487,132.8491511884943,729.6954588026791,-660.3253180545639,39.15426768203329,726.7388051030025,-363.6676670174822,95.74738677354893,0.07892292638605104,5.5189960988925337E-14
729.6954588026791,-169.18249890242487,132.8491511884943,729.6954588026791,-660.3252176261096,39.15374124378336,726.7389494128895,-363.668007113227,95.74710584519681,0.07892343865982954,1.098722045860334E-13
729.6954588026791,-169.18249890242487,132.8491511884943,729.6954588026791,-660.324811607562,39.15161295696225,726.7393809497188,-363.66789371152436,95.74625403587109,0.07892350789269821,5.396339026104788E-14
729.6954588026791,-169.18249890242487,132.8491511884943,729.6954588026791,-660.3244238828139,39.14958061019357,726.7394657343609,-363.6679694083839,95.74540552301323,0.07892381699859423,4.0011136996030555E-14
729.6954588026791,-169.18249890242487,132.8491511884943,729.6954588026791,-660.3239051274254,39.14686150820445,726.7395892376727,-363.66783300092635,95.74431562934959,0.07892391132467068,8.405404682020277E-14
729.6954588026791,-169.18249890242487,132.8491511884943,729.6954588026791,-660.3234005289212,39.14421668922529,726.7394756711251,-363.66793078351236,95.74321153833142,0.07892430973305725,6.743665917855632E-14
729.6954588026791,-169.18249890242487,132.8491511884943,729.6954588026791,-660.3232247593328,39.14329542296787,726.7395464640907,-363.6679430327505,95.74283111215783,0.07892442063066336,5.101435605125109E-15
729.6954588026791,-169.18249890242487,132.8491511884943,729.6954588026791,-660.3230113940575,39.14217711795679,726.7398239648672,-363.6680201129197,95.74235745097442,0.0789246413154544,1.9877343988973607E-14
729.6954588026791,-169.18249890242487,132.8491511884943,729.6954588026791,-660.3227891764483,39.14101243017696,726.7402181616345,-363.6681451360566,95.74185560581279,0.07892493263886946,3.4551842775337934E-14
729.6954588026791,-169.18249890242487,132.8491511884943,729.6954588026791,-660.3226530871032,39.14029916559015,726.7402512345647,-363.6681724654435,95.74155766512135,0.07892504219998775,5.0228900510914355E-15
729.6954588026791,-169.18249890242487,132.8491511884943,729.6954588026791,-660.322368704427,39.13880869166876,726.7402863268527,-363.6681168331866,95.74095658326752,0.07892511921711977,2.0563886930628207E-14
729.6954588026791,-169.18249890242487,132.8491511884943,729.6954588026791,-660.3220878162795,39.13733655698721,726.7400046654639,-363.6684017774855,95.74029804355726,0.07892564791857112,1.1951084948606197E-13
729.6954588026791,-169.18249890242487,132.8491511884943,729.6954588026791,-660.3215682604009,39.13461362797915,726.7400606332043,-363.6679914050576,95.73925883979823,0.07892537367300986,2.626211244323927E-13
729.6954588026791,-169.18249890242487,132.8491511884943,729.6954588026791,-660.3213047319944,39.13323253907613,726.7397378640371,-363.6684010849251,95.7386138596263,0.07892606021787515,2.0119785662958618E-13
729.6954588026791,-169.18249890242487,132.8491511884943,729.6954588026791,-660.3209411970649,39.13132737469476,726.740530793309,-363.6684640035902,95.73781995885031,0.07892634844143558,3.2587798401831245E-14
729.6954588026791,-169.18249890242487,132.8491511884943,729.6954588026791,-660.3203460750176,39.12820862670118,726.7402684713277,-363.66808955306396,95.73661144960587,0.07892615856074676,2.595217996632081E-13
729.6954588026791,-169.18249890242487,132.8491511884943,729.6954588026791,-660.31990799958,39.125912953071904,726.7402889242433,-363.66806255865316,95.73567443376936,0.07892635565235759,3.002461885590787E-14
729.6954588026791,-169.18249890242487,132.8491511884943,729.6954588026791,-660.3197186979503,39.12492096214537,726.7402408073036,-363.66824094043324,95.73523326938107,0.07892669545577537,4.8872103754077407E-14
729.6954588026791,-169.18249890242487,132.8491511884943,729.6954588026791,-660.3193542606275,39.12301124420827,726.7401099848068,-363.6683054819223,95.73443718204342,0.07892697441217143,3.3215148425921874E-14
729.6954588026791,-169.18249890242487,132.8491511884943,729.6954588026791,-660.3191163765064,39.12176470984697,726.740246228689,-363.6682171946545,95.733942437204,0.07892698411705826,2.3662612456964028E-14
729.6954588026791,-169.18249890242487,132.8491511884943,729.6954588026791,-660.3189266950881,39.12077077433044,726.7401410039429,-363.66838885593404,95.7335017534148,0.07892731435752447,4.6370328305699674E-14
729.6954588026791,-169.18249890242487,132.8491511884943,729.6954588026791,-660.3185031594552,39.118551476136616,726.740187262272,-363.6684464852981,95.7325799239922,0.0789276177628815,3.866760298094254E-14
729.6954588026791,-169.18249890242487,132.8491511884943,729.6954588026791,-660.3182806220675,39.11738541703579,726.7403302583833,-363.66844186711603,95.73210223722543,0.07892773181950954,6.503491838763574E-15
729.6954588026791,-169.18249890242487,132.8491511884943,729.6954588026791,-660.3179871524213,39.11584770762066,726.74046047859,-363.6685456887601,95.73145132287257,0.07892802917217207,3.686577477115513E-14
729.6954588026791,-169.18249890242487,132.8491511884943,729.6954588026791,-660.3175750956266,39.1136886745775,726.7406000226974,-363.668558856766,95.73056270641621,0.07892826793226393,2.3678239025743038E-14
729.6954588026791,-169.18249890242487,132.8491511884943,729.6954588026791,-660.3172133845765,39.11179347805182,726.7407054385067,-363.66866222027005,95.7297651563369,0.07892860066420238,4.6305192442281166E-14
729.6954588026791,-169.18249890242487,132.8491511884943,729.6954588026791,-660.3169702916946,39.11051980749703,726.7409910933253,-363.66838595970887,95.72929514560747,0.07892836247855375,9.494066515755901E-14
729.6954588026791,-169.18249890242487,132.8491511884943,729.6954588026791,-660.3167436110253,39.10933214390411,726.7410093836301,-363.668585508321,95.72876961961376,0.07892875148387399,6.373562496892685E-14
729.6954588026791,-169.18249890242487,132.8491511884943,729.6954588026791,-660.3165369254873,39.10824925576782,726.7411303343396,-363.66881016656174,95.72828230134729,0.07892916491866951,7.153542403268145E-14
729.6954588026791,-169.18249890242487,132.8491511884943,729.6954588026791,-660.3162925235357,39.10696877664634,726.7414500399299,-363.66848246086636,95.72781931502936,0.07892885873645557,1.227185708010018E-13
729.6954588026791,-169.18249890242487,132.8491511884943,729.6954588026791,-660.316253964674,39.106766759386616,726.7420114991346,-363.66857895168005,95.72771798589002,0.07892901616492835,9.510791084931392E-15
729.6954588026791,-169.18249890242487,132.8491511884943,729.6954588026791,-660.316146948549,39.106206083778304,726.7425154372025,-363.6688359845102,95.72743881298422,0.07892942501149054,6.826237329630402E-14
729.6954588026791,-169.18249890242487,132.8491511884943,729.6954588026791,-660.3159884420493,39.10537564775943,726.7433588393703,-363.6686172504305,95.7271397343491,0.07892922631035458,5.392804836364446E-14
729.6954588026791,-169.18249890242487,132.8491511884943,729.6954588026791,-660.3157142033815,39.103938893977016,726.7432382281767,-363.66879559881306,95.72651601708753,0.07892961034684108,6.269721126456525E-14
729.6954588026791,-169.18249890242487,132.8491511884943,729.6954588026791,-660.3152644520715,39.10158266772726,726.743153151647,-363.66885443428254,95.72553773710459,0.07892992763984245,4.274757097145849E-14
729.6954588026791,-169.18249890242487,132.8491511884943,729.6954588026791,-660.3149779686305,39.10008182627023,726.7431087145749,-363.6687535316082,95.72494101632881,0.07892994392228685,3.270836398414499E-14
729.6954588026791,-169.18249890242487,132.8491511884943,729.6954588026791,-660.314841696685,39.099367927830556,726.7432830235574,-363.6688388090251,95.72463173683695,0.07893013328234406,1.476322744437414E-14
729.6954588026791,-169.18249890242487,132.8491511884943,729.6954588026791,-660.3147752830878,39.09902000379594,726.7432808106347,-363.6690589063528,95.72444692675086,0.07893046436197022,4.62296130231274E-14
729.6954588026791,-169.18249890242487,132.8491511884943,729.6954588026791,-660.3145296638787,39.097733278521346,726.7434218896412,-363.66889717181914,95.72394969493604,0.0789303795469939,4.669240346365051E-14
729.6954588026791,-169.18249890242487,132.8491511884943,729.6954588026791,-660.3141882949562,39.09594497965011,726.7430759773719,-363.6691086177932,95.72317536710759,0.07893084088296747,9.149070029205125E-14
729.6954588026791,-169.18249890242487,132.8491511884943,729.6954588026791,-660.3141246305495,39.09561147052227,726.7434313098234,-363.66887532820465,95.7230830192812,0.07893056585005946,4.462993798089283E-14
729.6954588026791,-169.18249890242487,132.8491511884943,729.6954588026791,-660.3138896857326,39.09438071117967,726.7436108047049,-363.6688872049641,95.72257561533672,0.07893070915030809,8.3814951857177E-15
729.6954588026791,-169.18249890242487,132.8491511884943,729.6954588026791,-660.3136754173273,39.09325827990034,726.7435681907506,-363.6689370377153,95.72210542573586,0.07893088958811205,1.38125805997839E-14
729.6954588026791,-169.18249890242487,132.8491511884943,729.6954588026791,-660.3134974348102,39.09232594050438,726.7434782512257,-363.6689321161779,95.72172370699656,0.07893097652676313,4.28967852711995E-15
729.6954588026791,-169.18249890242487,132.8491511884943,729.6954588026791,-660.3132903377092,39.0912411000584,726.7434504718735,-363.66900286848403,95.72126495074704,0.07893118145262921,1.7769922026469942E-14
729.6954588026791,-169.18249890242487,132.8491511884943,729.6954588026791,-660.312961081549,39.08951637841234,726.7433700897673,-363.66908585120666,95.72054123245698,0.07893146714295014,3.466663591365552E-14
729.6954588026791,-169.18249890242487,132.8491511884943,729.6954588026791,-660.3127662528113,39.08849583488704,726.7436422465252,-363.6688887989372,95.72015998941455,0.07893130952939335,5.161249783578053E-14
729.6954588026791,-169.18249890242487,132.8491511884943,729.6954588026791,-660.3126374723238,39.08782126878815,726.7439617481583,-363.6688444636778,95.71989159113949,0.07893132260317313,6.475104499329969E-15
729.6954588026791,-169.18249890242487,132.8491511884943,729.6954588026791,-660.3124450899485,39.086813558504176,726.7438932960855,-363.6691305843111,95.71942337239844,0.07893180859315681,9.995397983155022E-14
729.6954588026791,-169.18249890242487,132.8491511884943,729.6954588026791,-660.3123307250249,39.086214513576664,726.7439250722967,-363.66923161205864,95.71915821801662,0.07893200562726096,1.6301913917635143E-14
729.6954588026791,-169.18249890242487,132.8491511884943,729.6954588026791,-660.3122600511496,39.08584432489964,726.7443118472181,-363.66934498171526,95.71898463696448,0.07893220057627089,1.5215439852044487E-14
729.6954588026791,-169.18249890242487,132.8491511884943,729.6954588026791,-660.3121040650208,39.08502727730604,726.7447765603251,-363.66931694661224,95.71865464644478,0.07893225190479324,5.874562960772347E-15
729.6954588026791,-169.18249890242487,132.8491511884943,729.6954588026791,-660.311926953533,39.08409958507784,726.7447018581876,-363.66939584590244,95.71825882788457,0.07893245122083474,1.6913520299061664E-14
729.6954588026791,-169.18249890242487,132.8491511884943,729.6954588026791,-660.311729073167,39.083063118797554,726.7450451540445,-363.66935722470083,95.71784080099144,0.07893250905149841,9.942239332614682E-15
729.6954588026791,-169.18249890242487,132.8491511884943,729.6954588026791,-660.3113589818156,39.08112467029186,726.7451250362542,-363.6692531761545,95.71706506097522,0.07893256720493672,4.50705404577932E-14
729.6954588026791,-169.18249890242487,132.8491511884943,729.6954588026791,-660.3112323155937,39.08046123296292,726.7453352462372,-363.6693749740392,95.71676950917373,0.07893280100030099,2.2516418421971E-14
729.6954588026791,-169.18249890242487,132.8491511884943,729.6954588026791,-660.311024649921,39.07937355683413,726.7455018053794,-363.66930357394506,95.71633672086804,0.07893281770919379,1.6817944497559317E-14
729.6954588026791,-169.18249890242487,132.8491511884943,729.6954588026791,-660.3109609745395,39.07904005131199,726.7454945989748,-363.669456101703,95.71617071661339,0.07893305647669227,2.405706520725623E-14
729.6954588026791,-169.18249890242487,132.8491511884943,729.6954588026791,-660.3106783982198,39.07756004732701,726.745609458931,-363.66929754893755,95.7155935421824,0.07893299526355355,5.1199184533863796E-14
729.6954588026791,-169.18249890242487,132.8491511884943,729.6954588026791,-660.3106139490991,39.07722249605047,726.745845359602,-363.66950274506615,95.71541582047118,0.0789333083566448,4.053405441852892E-14
729.6954588026791,-169.18249890242487,132.8491511884943,729.6954588026791,-660.3105819215491,39.077054752719775,726.7465448999209,-363.66942913668976,95.71536102664138,0.0789332354992681,5.009978537198881E-15
729.6954588026791,-169.18249890242487,132.8491511884943,729.6954588026791,-660.310486824067,39.07655668434619,726.7468401145252,-363.6694641493027,95.71514991600407,0.07893333696406793,4.0214458652921285E-15
729.6954588026791,-169.18249890242487,132.8491511884943,729.6954588026791,-660.3103235715707,39.075701663841286,726.7468735940203,-363.66955443664796,95.71478174481044,0.07893354560719315,1.827932207218551E-14
729.6954588026791,-169.18249890242487,132.8491511884943,729.6954588026791,-660.3101492729786,39.074788799304486,726.7468149439508,-363.66968388376955,95.71438235449853,0.07893381156750844,2.999483781059957E-14
729.6954588026791,-169.18249890242487,132.8491511884943,729.6954588026791,-660.3099128881681,39.07355078158443,726.7471033434612,-363.6695087844495,95.71390765765588,0.07893370577177042,5.005651177739539E-14
729.6954588026791,-169.18249890242487,132.8491511884943,729.6954588026791,-660.3098033522831,39.072977115245294,726.7468891334848,-363.66971554756833,95.71363272334509,0.0789340391657208,4.764564665238294E-14
729.6954588026791,-169.18249890242487,132.8491511884943,729.6954588026791,-660.3096749174159,39.07230447492657,726.746918113267,-363.669756514508,95.7133488229706,0.07893416294348027,6.42101767908137E-15
729.6954588026791,-169.18249890242487,132.8491511884943,729.6954588026791,-660.3095574831923,39.07168945165958,726.7470583953535,-363.66967864059825,95.71311126247977,0.07893412259441755,1.0765112470450442E-14
729.6954588026791,-169.18249890242487,132.8491511884943,729.6954588026791,-660.3094281870659,39.07101231039964,726.7470313860962,-363.66968007314836,95.7128330631513,0.07893419297986838,2.1095718950201007E-15
729.6954588026791,-169.18249890242487,132.8491511884943,729.6954588026791,-660.3090838707972,39.069209104356815,726.7470483074428,-363.66949370323465,95.71212854144608,0.0789341259772705,7.299362650934193E-14
729.6954588026791,-169.18249890242487,132.8491511884943,729.6954588026791,-660.3088082977044,39.06776593655765,726.7468275543187,-363.6695243501546,95.71153035430476,0.07893431097173258,1.4877093819501848E-14
729.6954588026791,-169.18249890242487,132.8491511884943,729.6954588026791,-660.3085190572988,39.06625121822009,726.7464722287328,-363.6696164657937,95.71089106087851,0.07893458411219328,3.2520438152553014E-14
729.6954588026791,-169.18249890242487,132.8491511884943,729.6954588026791,-660.308325577038,39.06523799876966,726.7464471353425,-363.6695649585999,95.71048502826201,0.07893461753563502,1.1803561252226615E-14
729.6954588026791,-169.18249890242487,132.8491511884943,729.6954588026791,-660.3081145157694,39.06413272385156,726.7465431375036,-363.66953955394285,95.7100362273305,0.0789346969551495,8.750563429385231E-15
729.6954588026791,-169.18249890242487,132.8491511884943,729.6954588026791,-660.3078860324941,39.06293622947379,726.746599088024,-363.6694970717282,95.70955324665508,0.07893476217990322,1.2863810200933272E-14
729.6954588026791,-169.18249890242487,132.8491511884943,729.6954588026791,-660.3077041058415,39.0619835486623,726.7467673633145,-363.66951501316316,95.70915879858299,0.07893488527851927,6.1659949453302934E-15
729.6954588026791,-169.18249890242487,132.8491511884943,729.6954588026791,-660.3075614014494,39.061236266959156,726.7467908278502,-363.6695821116883,95.70883926762963,0.0789350516992269,1.1635090994101566E-14
729.6954588026791,-169.18249890242487,132.8491511884943,729.6954588026791,-660.3074385620608,39.06059301470171,726.7466910723892,-363.6697940326235,95.70853477829218,0.0789354005866829,5.1700862136160484E-14
729.6954588026791,-169.18249890242487,132.8491511884943,729.6954588026791,-660.3070902151582,39.05876891024214,726.7466770538922,-363.669534958365,95.70783555798556,0.07893523762283611,1.0925989217955574E-13
729.6954588026791,-169.18249890242487,132.8491511884943,729.6954588026791,-660.3069286345823,39.05792281257854,726.7464487426473,-363.6698156590598,95.70743467463905,0.07893569790536155,9.047206215320244E-14
729.6954588026791,-169.18249890242487,132.8491511884943,729.6954588026791,-660.3063559498901,39.05492408031387,726.7465083924013,-363.6696263147903,95.7062400137068,0.07893574899179169,1.235542252592239E-13
729.6954588026791,-169.18249890242487,132.8491511884943,729.6954588026791,-660.3058590417204,39.052322214974026,726.7464094986735,-363.66960253752256,95.70517662364651,0.07893598021407379,3.648298065213591E-14
729.6954588026791,-169.18249890242487,132.8491511884943,729.6954588026791,-660.3057939722788,39.051981509824586,726.7464828230193,-363.66974082740427,95.7050103702928,0.0789362016385865,2.0495518007459665E-14
729.6954588026791,-169.18249890242487,132.8491511884943,729.6954588026791,-660.3056835196314,39.05140318006275,726.7469900293596,-363.6698266909739,95.70475659640803,0.07893638235218259,1.2790784150617728E-14
729.6954588026791,-169.18249890242487,132.8491511884943,729.6954588026791,-660.305530122573,39.05059999961189,726.7475337542385,-363.66982297559167,95.7044276406215,0.07893646600367782,3.138577887247761E-15
729.6954588026791,-169.18249890242487,132.8491511884943,729.6954588026791,-660.3001192553568,39.022273488799655,726.7371719709096,-363.66875219741485,95.6930053978642,0.07893777289594926,7.49965352624365E-12
729.6954588026791,-169.18249890242487,132.8491511884943,729.6954588026791,-660.2286419720433,38.64891033714717,726.6239627373355,-363.6587774977367,95.54163428380542,0.0789609233022356,1.0767604916481537E-9
729.6954588026791,-169.18249890242487,132.8491511884943,729.6954588026791,-659.3014656785143,33.93808807451012,725.5493274414449,-363.76862879190236,93.57966300442064,0.07958877733762808,1.7748836344821715E-7
729.6954588026791,-169.18249890242487,132.8491511884943,729.6954588026791,-652.634804448057,5.280078672415101,723.6378656383594,-363.19208044654846,81.65563717911616,0.0824374179190469,8.947470812449742E-6
