717.7286544587787,-189.1222037895453,132.96031752598418,717.7286544587787,-309.3272444375226,167.2495024509445,707.7956343161076,-326.3959099503856,172.11843827125531,1.0,1.0
717.7286544587787,-189.1222037895453,132.96031752598418,717.7286544587787,-309.3250980268978,167.25702607015558,707.7918040950894,-326.40297481201384,172.12974537004067,1.0,1.151305422564823E-9
717.7286544587787,-189.1222037895453,132.96031752598418,717.7286544587787,-309.3341406007056,167.22531786320278,707.7873721873005,-326.40186128978144,172.0902711339036,1.0,1.6609842818990715E-9
717.7286544587787,-189.1222037895453,132.96031752598418,717.7286544587787,-309.3392910100072,167.2072435227488,707.7832099196768,-326.4006070932332,172.06759776039664,1.0,6.466148696726094E-10
717.7286544587787,-189.1222037895453,132.96031752598418,717.7286544587787,-309.3829239022773,167.05370688473147,707.7467901506216,-326.394859887378,171.87651649989456,1.0,3.891179563350331E-8
717.7286544587787,-189.1222037895453,132.96031752598418,717.7286544587787,-309.4260564545694,166.90119308852928,707.7816129503418,-326.3368810122554,171.67218071076792,1.0,1.454782478373666E-7
717.7286544587787,-189.1222037895453,132.96031752598418,717.7286544587787,-309.43074009772903,166.884587472181,707.7947493773319,-326.32436169331595,171.64820439383917,1.0,4.048011087891419E-9
717.7286544587787,-189.1222037895453,132.96031752598418,717.7286544587787,-309.4369518073445,166.86255062962323,707.7943548920172,-326.3200952667145,171.6198748522286,1.0,1.6335566560379566E-9
717.7286544587787,-189.1222037895453,132.96031752598418,717.7286544587787,-309.44004606858925,166.85156756659364,707.7975421751461,-326.3154211610456,171.6050400853335,1.0,8.535158380758616E-10
717.7286544587787,-189.1222037895453,132.96031752598418,717.7286544587787,-309.441713601492,166.84564707451972,707.8017577436293,-326.3111693115749,171.59655627398377,1.0,4.80363636926896E-10
717.7286544587787,-189.1222037895453,132.96031752598418,717.7286544587787,-309.4439965036899,166.8375399335904,707.8030112061692,-326.30849268650024,171.58582596797999,1.0,3.535800683140698E-10
717.7286544587787,-189.1222037895453,132.96031752598418,717.7286544587787,-309.4405792679983,166.84967459020118,707.7565245469424,-326.4170807395313,171.63134420452386,1.0,1.6081007559859623E-7
717.7286544587787,-189.1222037895453,132.96031752598418,717.7286544587787,-309.44589564581696,166.83079402214494,707.8275519466904,-326.37396361698313,171.59595472738397,1.0,3.0685478659966455E-8
717.7286544587787,-189.1222037895453,132.96031752598418,717.7286544587787,-309.4906568249671,166.67137674783962,707.7831402180841,-326.38465542479577,171.4028040689598,1.0,4.5588480486075685E-8
717.7286544587787,-189.1222037895453,132.96031752598418,717.7286544587787,-309.7878190002481,165.59173345944654,706.9312853397392,-326.4020371427162,170.08469080831082,1.0,1.460696586229389E-6
717.7286544587787,-189.1222037895453,132.96031752598418,717.7286544587787,-309.95351701082336,164.97271739262015,705.487097347997,-326.9513403949866,169.47602952694913,1.0,5.457342850038988E-6
717.7286544587787,-189.1222037895453,132.96031752598418,717.7286544587787,-310.03162529434474,164.67643001435115,706.236680819744,-326.34320776821255,168.955170067573,1.0,6.1240238685007844E-6
717.7286544587787,-189.1222037895453,132.96031752598418,717.7286544587787,-310.03727555672407,164.65488203692206,707.3526809604379,-326.0852880386135,168.86142766804863,1.0,8.496108741128978E-7
717.7286544587787,-189.1222037895453,132.96031752598418,717.7286544587787,-310.0203453017124,164.71940093379087,708.246224017888,-325.706935234447,168.84015673554686,1.0,1.6023461876826199E-6
717.7286544587787,-189.1222037895453,132.96031752598418,717.7286544587787,-310.02955433531105,164.6843239564986,708.9264810740566,-325.6399365181182,168.78021938812256,1.0,7.189764574218312E-8
717.7286544587787,-189.1222037895453,132.96031752598418,717.7286544587787,-310.04986801519067,164.60680271675332,709.7598763939305,-325.5268406808654,168.65709004677473,1.0,2.2361165181470544E-7
717.7286544587787,-189.1222037895453,132.96031752598418,717.7286544587787,-310.0082423410587,164.76543792069455,711.3458614072923,-325.2541974740156,168.77664917673565,1.0,9.524257367928414E-7
717.7286544587787,-189.1222037895453,132.96031752598418,717.7286544587787,-309.9917242055403,164.82815451576676,712.7746359740485,-325.204641261167,168.83911409597567,1.0,3.645677880651358E-8
717.7286544587787,-189.1222037895453,132.96031752598418,717.7286544587787,-309.9928093175224,164.8240385783054,713.278002196647,-325.274817542874,168.85265782022003,1.0,5.815396155156874E-8
717.7286544587787,-189.1222037895453,132.96031752598418,717.7286544587787,-309.9897209906602,164.8357514153947,713.6280266882984,-325.34231080992254,168.88456844371882,1.0,6.255838669166943E-8
717.7286544587787,-189.1222037895453,132.96031752598418,717.7286544587787,-310.0105476085389,164.75667468684134,713.5278141396855,-325.5085745677342,168.83300483510615,1.0,3.563591022076939E-7
717.7286544587787,-189.1222037895453,132.96031752598418,717.7286544587787,-310.02932790752163,164.6851869113775,713.2630923561678,-325.45828209214886,168.73359646400985,1.0,6.369509541253897E-8
717.7286544587787,-189.1222037895453,132.96031752598418,717.7286544587787,-310.1193007377165,164.34028773175177,712.6948755926343,-325.07314065121955,168.21848863725404,1.0,2.9645105865835835E-6
717.7286544587787,-189.1222037895453,132.96031752598418,717.7286544587787,-310.32905254658056,163.52009197523654,712.1219267011621,-323.36533342582874,166.80691782222732,1.0,4.836817165443132E-5
717.7286544587787,-189.1222037895453,132.96031752598418,717.7286544587787,-310.6750237479108,162.11356709046962,711.5431101870071,-320.0786007721156,164.3689226460166,1.0,1.7595048513072012E-4
717.7286544587787,-189.1222037895453,132.96031752598418,717.7286544587787,-311.1798448681161,159.92199874831852,711.2664238946426,-315.2376526589654,160.8183401748086,1.0,3.8435097861509634E-4
717.7286544587787,-189.1222037895453,132.96031752598418,717.7286544587787,-311.7363012248,157.2663478505325,711.3381830451707,-309.07054547949417,156.7379099193439,1.0,6.097039206674073E-4
717.7286544587787,-189.1222037895453,132.96031752598418,717.7286544587787,-312.2746078881938,154.37258888432385,711.4396613958481,-302.28654503863385,152.63598362968654,1.0,7.170927405804048E-4
717.7286544587787,-189.1222037895453,132.96031752598418,717.7286544587787,-312.7226794630425,151.61299597400398,711.9722990191564,-295.0141456840942,148.94058242086226,1.0,7.943302557222901E-4
717.7286544587787,-189.1222037895453,132.96031752598418,717.7286544587787,-313.101627884247,148.900907262443,712.8470562760975,-287.22151578266215,145.5733853582454,1.0,8.892061809677882E-4
717.7286544587787,-189.1222037895453,132.96031752598418,717.7286544587787,-313.40946717579936,146.2898396462968,713.5801093668148,-279.30721916125464,142.63245226099747,1.0,8.963277689190703E-4
717.7286544587787,-189.1222037895453,132.96031752598418,717.7286544587787,-313.6485740410909,143.83152316174392,715.0361139897608,-270.95059138608235,140.10397092732921,0.6705562560703965,9.831936357938686E-4
717.7286544587787,-189.1222037895453,132.96031752598418,717.7286544587787,-313.4667774153975,145.74417491743813,717.5106627292213,-266.6829417693532,140.934331868526,0.5048050440700134,2.3358563187430556E-4
717.7286544587787,-189.1222037895453,132.96031752598418,717.7286544587787,-313.473700786914,145.67665326051932,718.8564986150203,-265.6557684520231,140.78673318408772,0.47008923730378405,1.2667833351707332E-5
717.7286544587787,-189.1222037895453,132.96031752598418,717.7286544587787,-313.5544693672804,144.8603714414923,715.9259846830863,-266.0240197911816,140.3148067524803,0.47970541490426866,1.6745008546624218E-6
717.7286544587787,-189.1222037895453,132.96031752598418,717.7286544587787,-313.6748861734051,143.52579484531668,714.0914256844547,-265.9515048295616,139.47754559415824,0.47161255453677053,1.893877811108568E-7
717.7286544587787,-189.1222037895453,132.96031752598418,717.7286544587787,-313.76731272709986,142.37290579622925,712.436182324049,-265.7122010597734,138.74401907728225,0.45753265807787785,9.312798582098993E-7
717.7286544587787,-189.1222037895453,132.96031752598418,717.7286544587787,-314.11858218168607,133.91183675793434,707.5947745785153,-266.70053305743704,133.55087281430926,0.45727062700210586,8.107834500085006E-6
717.7286544587787,-189.1222037895453,132.96031752598418,717.7286544587787,-314.1011569706885,135.25406157134148,711.3153946764797,-265.82769038253633,134.36809658510222,0.45068372602218115,8.1938209591392E-6
717.7286544587787,-189.1222037895453,132.96031752598418,717.7286544587787,-314.10353887800215,135.12038222567705,711.0773475212995,-265.7540763157474,134.28475371157987,0.4474733387978301,6.583060782658044E-8
717.7286544587787,-189.1222037895453,132.96031752598418,717.7286544587787,-314.1179885189801,133.98686507617117,708.2765234892288,-266.3407992352569,133.59448739143411,0.45071045096177326,3.7057925133200933E-6
717.7286544587787,-189.1222037895453,132.96031752598418,717.7286544587787,-314.1212580755353,133.4465557475598,706.8735710898382,-266.7658626492698,133.26234632785176,0.4543912324411929,2.0678436065684247E-6
717.7286544587787,-189.1222037895453,132.96031752598418,717.7286544587787,-314.0160284918492,127.80934177083051,702.4014223708151,-266.15743333106917,129.78316604866404,0.40531120735377996,4.607337591436825E-6
717.7286544587787,-189.1222037895453,132.96031752598418,717.7286544587787,-313.4984286049561,120.48816050859577,692.112813715571,-267.75419390494267,125.0752854085963,0.34733021913337014,2.879709476404553E-5
717.7286544587787,-189.1222037895453,132.96031752598418,717.7286544587787,-313.65307115768445,122.1407485632699,697.5243176859798,-267.6024324080631,126.14174905622917,0.4011532841177632,1.7467744011281145E-7
717.7286544587787,-189.1222037895453,132.96031752598418,717.7286544587787,-314.0255725895201,128.0462090190953,717.5762442432762,-265.2310206894127,129.96594685231696,0.4468551426382002,8.274248714458907E-6
717.7286544587787,-189.1222037895453,132.96031752598418,717.7286544587787,-314.12016325538093,132.24608410664155,736.8473711692957,-262.57995307032786,132.5405828385522,0.2980472458069258,1.5304766174660565E-5
717.7286544587787,-189.1222037895453,132.96031752598418,717.7286544587787,-313.92069964171,125.86557066388706,724.9683272465876,-266.22005362436715,128.5773341858805,0.4624524790220244,1.2844367619321912E-4
717.7286544587787,-189.1222037895453,132.96031752598418,717.7286544587787,-313.5662968034219,121.18459190275264,701.0206796538171,-269.56352895711996,125.34842570371117,0.4972661151811638,1.900617932435429E-5
717.7286544587787,-189.1222037895453,132.96031752598418,717.7286544587787,-313.27821796276237,118.45914017309605,679.7744600592787,-270.5489461094337,123.44983477159062,0.2552580715858885,4.522230674901702E-6
717.7286544587787,-189.1222037895453,132.96031752598418,717.7286544587787,-313.5166977567673,120.67171017450741,686.8051863304781,-268.80024786881506,125.08913153537429,0.30641779616013937,3.458865659853831E-5
717.7286544587787,-189.1222037895453,132.96031752598418,717.7286544587787,-313.93691873074886,126.15686736109717,708.7911439214204,-264.7284534226775,128.83914197568683,0.41091994684064986,6.080608479509176E-5
717.7286544587787,-189.1222037895453,132.96031752598418,717.7286544587787,-314.0971878129263,130.459643945592,724.2967250380605,-264.1713488204673,131.45862968280161,0.40331740129302535,1.690747828716347E-6
717.7286544587787,-189.1222037895453,132.96031752598418,717.7286544587787,-314.11608439314097,131.72346197497183,729.2185523506186,-264.8266189300938,132.21119744386044,0.3967413321688639,3.7607648345740586E-6
717.7286544587787,-189.1222037895453,132.96031752598418,717.7286544587787,-314.1026436848012,130.74906367616754,729.4165706362817,-266.23740269767336,131.5959337823529,0.4336700834353559,2.4246656314535208E-5
717.7286544587787,-189.1222037895453,132.96031752598418,717.7286544587787,-314.0861848338859,129.95974398919336,729.2916399013926,-266.5809274117799,131.10041682218056,0.44466809656424355,1.484050544028382E-6
717.7286544587787,-189.1222037895453,132.96031752598418,717.7286544587787,-314.09370915192824,130.291451201138,729.1497853357017,-266.2904165913366,131.31232869926674,0.4371585699655404,1.0258705250698755E-6
717.7286544587787,-189.1222037895453,132.96031752598418,717.7286544587787,-314.04857819083225,128.67068130020974,734.4155240601594,-266.44253296207205,130.3053450544237,0.40047360505016455,6.023685671880691E-8
717.7286544587787,-189.1222037895453,132.96031752598418,717.7286544587787,-313.8187328843345,124.25539755436033,737.5069279799734,-265.65500600295695,127.61765142847446,0.35783500636107435,9.800616934564196E-6
717.7286544587787,-189.1222037895453,132.96031752598418,717.7286544587787,-313.7003058767182,122.69891019765292,738.7946902580624,-266.65409673638516,126.57407210134775,0.3693864616315916,1.371746623294286E-5
717.7286544587787,-189.1222037895453,132.96031752598418,717.7286544587787,-313.6130624981987,121.68973200516503,739.6675624723011,-266.7709545076854,125.9305091157002,0.36440262312225496,3.39705113099108E-7
717.7286544587787,-189.1222037895453,132.96031752598418,717.7286544587787,-313.43260136541693,119.84829805800257,744.3239463397675,-267.2663542873102,124.71782419786007,0.32803936313242715,3.297376320200073E-6
717.7286544587787,-189.1222037895453,132.96031752598418,717.7286544587787,-312.8210497615997,114.97155700220263,750.9304270859067,-265.5511979565329,121.84572011531762,0.24239227322900728,4.4028193585742244E-5
717.7286544587787,-189.1222037895453,132.96031752598418,717.7286544587787,-312.5531460730756,113.21690123092999,749.9621539454457,-267.8175075290814,120.37259751468915,0.2861445409551034,7.413281982463708E-5
717.7286544587787,-189.1222037895453,132.96031752598418,717.7286544587787,-312.34088702667043,111.93280932103958,749.0990692521435,-267.79704908033756,119.53430199479047,0.29733823440259016,2.849110998811682E-7
717.7286544587787,-189.1222037895453,132.96031752598418,717.7286544587787,-312.27081139236094,111.5262221289832,748.4671785305993,-267.7675095774927,119.27205080824797,0.304586440525723,6.137560732575238E-8
717.7286544587787,-189.1222037895453,132.96031752598418,717.7286544587787,-311.8779789502224,109.38024830001952,751.6705978807252,-268.2406533740097,117.76251102107045,0.28037903058140395,5.830303811460992E-6
717.7286544587787,-189.1222037895453,132.96031752598418,717.7286544587787,-310.7088780071426,103.94858450805052,754.6414985626604,-267.16231601351257,114.33920698816803,0.24471438740490553,3.785428199415539E-5
717.7286544587787,-189.1222037895453,132.96031752598418,717.7286544587787,-310.40715099392315,102.71198564418826,755.9170817255266,-268.1465405659136,113.25173521096366,0.24627060823619154,1.751532256925691E-5
717.7286544587787,-189.1222037895453,132.96031752598418,717.7286544587787,-310.203831348506,101.9081120057135,756.7401057871103,-268.27616400498016,112.66074698084813,0.24087233951986584,8.510192181243267E-7
717.7286544587787,-189.1222037895453,132.96031752598418,717.7286544587787,-309.3128014735562,98.62054134208594,761.0329531231482,-268.47122861933195,110.28942807563624,0.20665416523028038,6.600426752725055E-6
717.7286544587787,-189.1222037895453,132.96031752598418,717.7286544587787,-308.0590971698336,94.5023483512353,764.7325152710364,-268.527245415876,107.28488111265017,0.18094615376976367,9.445011711052152E-6
717.7286544587787,-189.1222037895453,132.96031752598418,717.7286544587787,-307.70259738631955,93.41679397997106,766.7841812751468,-269.19513737995106,106.25804543201897,0.17039529016219734,1.0524860986116193E-5
717.7286544587787,-189.1222037895453,132.96031752598418,717.7286544587787,-307.5384094148494,92.92780267485722,768.7886572203838,-269.4999709713511,105.78731243420071,0.1569346658848547,2.116838989199747E-6
717.7286544587787,-189.1222037895453,132.96031752598418,717.7286544587787,-307.5736189146726,93.03210375608504,770.6666801545845,-269.65360991188913,105.8143759140008,0.1434170828908189,2.3127397779332672E-7
717.7286544587787,-189.1222037895453,132.96031752598418,717.7286544587787,-307.59122055087465,93.08435900955644,773.6336596854798,-269.6068351212126,105.86967469016756,0.1226614289565391,8.409856563108659E-9
717.7286544587787,-189.1222037895453,132.96031752598418,717.7286544587787,-307.60550058548614,93.12680926516198,773.6174483884624,-269.59770538733113,105.90484519885837,0.12267408057571702,4.636389056334567E-9
717.7286544587787,-189.1222037895453,132.96031752598418,717.7286544587787,-307.4301974106962,92.6091261515314,781.1462976289237,-271.0704827789397,105.01029836754134,0.08640202438731887,2.5387914952897222E-5
717.7286544587787,-189.1222037895453,132.96031752598418,717.7286544587787,-302.97018199249806,81.34987421167033,789.3773249938176,-267.3838138797073,97.48216099653882,0.05192095842233686,4.769455437281569E-4
717.7286544587787,-189.1222037895453,132.96031752598418,717.7286544587787,-300.99559348835027,77.19881936372786,794.3310363481011,-268.5034710700677,93.39399704979581,0.041367882432779016,8.847828204127987E-5
717.7286544587787,-189.1222037895453,132.96031752598418,717.7286544587787,-299.1135712996293,73.57261616230423,796.7158568189321,-269.397169059961,89.61741005624881,0.0380441515727475,7.79499383951887E-5
717.7286544587787,-189.1222037895453,132.96031752598418,717.7286544587787,-297.7083166049573,71.0405621676285,797.0500738677492,-269.2454750194588,87.27111082695535,0.038276033584655325,1.9598330705192554E-5
717.7286544587787,-189.1222037895453,132.96031752598418,717.7286544587787,-298.0020013856205,71.5584472333156,796.7861294951505,-269.11130324665584,87.85111987745813,0.038529592587713955,1.8997911441027303E-6
717.7286544587787,-189.1222037895453,132.96031752598418,717.7286544587787,-298.5276394419295,72.49999458844096,796.7176165594378,-269.434853697147,88.57743361871982,0.03863114019597591,4.766502753873649E-6
717.7286544587787,-189.1222037895453,132.96031752598418,717.7286544587787,-296.2225302671788,68.50475090537087,799.2614268704729,-269.5692924319739,84.54531402448396,0.034342716332529735,5.4741172381171535E-5
717.7286544587787,-189.1222037895453,132.96031752598418,717.7286544587787,-286.14558031487695,54.14747334672791,802.916057301773,-266.50564933471065,70.10114219917256,1.0,0.0017264295151289042
717.7286544587787,-189.1222037895453,132.96031752598418,717.7286544587787,-274.17134927880863,41.35440695496196,805.6137785639877,-265.1029066816436,51.121970600609814,1.0,0.0030124519870583766
717.7286544587787,-189.1222037895453,132.96031752598418,717.7286544587787,-269.84513771877135,37.520242411503006,805.20292264174,-266.1872806553093,41.844988006118456,1.0,7.847053164667896E-4
717.7286544587787,-189.1222037895453,132.96031752598418,717.7286544587787,-267.6838686135767,35.73344459428618,806.2344177244919,-268.2366778584816,35.04929521519364,1.0,5.596668907026402E-4
717.7286544587787,-189.1222037895453,132.96031752598418,717.7286544587787,-266.44791502393286,34.74761782733974,808.1411475924107,-269.71037857694614,30.603907435350777,1.0,2.420533244488066E-4
717.7286544587787,-189.1222037895453,132.96031752598418,717.7286544587787,-265.28497000234233,33.84304838071961,809.289433157775,-270.0387878399397,27.65648944245558,1.0,7.789238069377656E-5
717.7286544587787,-189.1222037895453,132.96031752598418,717.7286544587787,-265.4856944587144,33.997610950124454,809.0459105848229,-270.0247499098164,28.115255274622058,1.0,1.6298585501998615E-6
717.7286544587787,-189.1222037895453,132.96031752598418,717.7286544587787,-265.8119849970335,34.25024986139594,809.0532136430421,-270.0391050130349,28.809377606500362,1.0,3.6698010663421097E-6
717.7286544587787,-189.1222037895453,132.96031752598418,717.7286544587787,-265.9624724918649,34.367350709099526,809.1337876426393,-270.0445678374794,29.1296557120572,1.0,7.72341767125338E-7
717.7286544587787,-189.1222037895453,132.96031752598418,717.7286544587787,-264.133684684465,32.968929227035645,809.9369287739,-269.6366958778252,25.63333576208899,1.0,1.1304927505124122E-4
717.7286544587787,-189.1222037895453,132.96031752598418,717.7286544587787,-264.02566265444307,32.88798443599087,810.6075085262013,-270.1178500392386,24.748715376099483,1.0,1.181652283821438E-5
717.7286544587787,-189.1222037895453,132.96031752598418,717.7286544587787,-263.7268863024112,32.66504671447241,810.8389491868961,-270.25448638551876,23.889626780587975,1.0,7.055901868814933E-6
717.7286544587787,-189.1222037895453,132.96031752598418,717.7286544587787,-263.72842692138437,32.666192722971715,810.7817157342678,-270.4298927576797,23.657324256854565,1.0,1.0005445667928058E-6
717.7286544587787,-189.1222037895453,132.96031752598418,717.7286544587787,-263.7300606985612,32.667408068516536,810.8614137258666,-270.4420556647791,23.644692079679146,1.0,3.547494406492899E-9
717.7286544587787,-189.1222037895453,132.96031752598418,717.7286544587787,-263.8257862368663,32.73868927371363,811.068188111441,-270.52275565334173,23.754097674667804,1.0,2.1717787268553182E-7
717.7286544587787,-189.1222037895453,132.96031752598418,717.7286544587787,-263.8898743301096,32.78649139391696,811.3258309923433,-270.5177056077417,23.906514082359763,1.0,1.836570362762056E-7
717.7286544587787,-189.1222037895453,132.96031752598418,717.7286544587787,-263.6286251261788,32.59202980716316,811.7955611483118,-270.13299382397724,23.829934712831488,1.0,9.907001372663847E-7
717.7286544587787,-189.1222037895453,132.96031752598418,717.7286544587787,-263.74889748837376,32.68142349747367,811.8482053630536,-270.23294117407147,23.9685528421237,1.0,3.441187937736861E-7
717.7286544587787,-189.1222037895453,132.96031752598418,717.7286544587787,-263.7988949453438,32.718650550511924,811.8811373191716,-270.2961589307024,23.997099520442333,1.0,4.328337439154102E-8
717.7286544587787,-189.1222037895453,132.96031752598418,717.7286544587787,-263.8459572683886,32.75372759282132,811.9268447951546,-270.3165723221501,24.076456455856658,1.0,6.763578135870908E-8
717.7286544587787,-189.1222037895453,132.96031752598418,717.7286544587787,-263.94334466860073,32.8264227772202,811.9140798249086,-270.40359896292216,24.180598669786434,1.0,2.1634615009933768E-7
717.7286544587787,-189.1222037895453,132.96031752598418,717.7286544587787,-264.02308429325865,32.88605460205129,811.8960597304508,-270.47471935148906,24.266094212205132,1.0,1.4525349881078567E-7
717.7286544587787,-189.1222037895453,132.96031752598418,717.7286544587787,-264.0762621382134,32.92587777114544,811.9244096261887,-270.4894133108489,24.366821747342044,1.0,9.410253382162036E-8
717.7286544587787,-189.1222037895453,132.96031752598418,717.7286544587787,-264.1771729241517,33.00156799297291,811.9089721076291,-270.53892512508617,24.528940501729494,1.0,2.992757734801743E-7
717.7286544587787,-189.1222037895453,132.96031752598418,717.7286544587787,-264.2270598671742,33.03904554869874,811.7495036991423,-270.5321776317621,24.650568159793124,1.0,1.2048785423913242E-7
717.7286544587787,-189.1222037895453,132.96031752598418,717.7286544587787,-264.2423214586296,33.05051860023852,811.2920226899063,-270.56125124423136,24.646338416623138,1.0,4.7100597244643585E-9
717.7286544587787,-189.1222037895453,132.96031752598418,717.7286544587787,-264.0238007124625,32.88659081214168,810.3906502558984,-270.48194469617084,24.258062681167615,1.0,1.4898629331503278E-6
717.7286544587787,-189.1222037895453,132.96031752598418,717.7286544587787,-263.1430056384594,32.23335542723029,808.582467699823,-269.9684058291127,22.945401107091357,1.0,2.18320390141671E-5
717.7286544587787,-189.1222037895453,132.96031752598418,717.7286544587787,-264.1728154773408,32.99829631148626,810.3266721107431,-270.82885756534495,24.132926590404338,1.0,2.5438758589746594E-5
717.7286544587787,-189.1222037895453,132.96031752598418,717.7286544587787,-265.0298268390068,33.64751491231877,815.6922517661109,-269.48191811009934,27.82267619571269,1.0,1.6384830704002648E-4
717.7286544587787,-189.1222037895453,132.96031752598418,717.7286544587787,-264.6246249904492,33.33911299200305,809.3156320368504,-270.86930720966717,25.099605507136005,1.0,9.930616017244092E-5
717.7286544587787,-189.1222037895453,132.96031752598418,717.7286544587787,-264.3323102543,33.118242800143975,806.7521821880597,-271.291379858172,23.880016980882402,1.0,1.728336838829971E-5
717.7286544587787,-189.1222037895453,132.96031752598418,717.7286544587787,-265.3159053158364,33.86682708527729,816.9127091260049,-269.4625227992696,28.47395612974205,1.0,2.354269520375779E-4
717.7286544587787,-189.1222037895453,132.96031752598418,717.7286544587787,-265.4714164726434,33.98659514134789,807.9087895832099,-271.6210099308941,26.014696881681573,1.0,1.0603394203487898E-4
717.7286544587787,-189.1222037895453,132.96031752598418,717.7286544587787,-265.43313639862487,33.95707735510635,804.4954254273548,-272.2403153053562,25.125672140317107,1.0,1.2808384923147406E-5
717.7286544587787,-189.1222037895453,132.96031752598418,717.7286544587787,-265.98716876342354,34.386603182025,807.8434534037457,-270.4244464336419,28.696118034759564,1.0,1.8884062052095107E-4
717.7286544587787,-189.1222037895453,132.96031752598418,717.7286544587787,-266.6545859446956,34.91068867738666,807.6170403809132,-270.35090503768055,30.236219699406462,1.0,1.874644514814585E-5
717.7286544587787,-189.1222037895453,132.96031752598418,717.7286544587787,-267.1827545313825,35.33065800654791,806.3331145325337,-270.18348593985957,31.577669039204125,1.0,1.565877380882849E-5
717.7286544587787,-189.1222037895453,132.96031752598418,717.7286544587787,-267.43123136881906,35.52984898770535,804.9356744877747,-270.1747642894374,32.11640220935732,1.0,2.058773723299673E-6
717.7286544587787,-189.1222037895453,132.96031752598418,717.7286544587787,-267.58293070911515,35.65197085802005,804.4185936455713,-270.24387120857835,32.351826559713686,1.0,6.001291055880428E-7
717.7286544587787,-189.1222037895453,132.96031752598418,717.7286544587787,-267.60655434439843,35.671023572420495,804.1299479218976,-270.1228127822642,32.55186663101773,1.0,6.315878686094464E-7
717.7286544587787,-189.1222037895453,132.96031752598418,717.7286544587787,-267.67827961419033,35.72892881311731,804.000111174644,-270.0173866164464,32.83374063333815,1.0,9.619252112546773E-7
717.7286544587787,-189.1222037895453,132.96031752598418,717.7286544587787,-267.62897621390607,35.68911580877695,803.6338912193397,-269.8962397686277,32.87993841214046,1.0,1.4635742456373785E-7
717.7286544587787,-189.1222037895453,132.96031752598418,717.7286544587787,-267.73825750062144,35.77741728681049,803.7309487876813,-269.8164431867126,33.20842402555979,1.0,1.102129091156503E-6
717.7286544587787,-189.1222037895453,132.96031752598418,717.7286544587787,-268.18961704883407,36.144284966883475,804.6443150198169,-269.8585733705926,34.100690483057264,1.0,6.048798114227153E-6
717.7286544587787,-189.1222037895453,132.96031752598418,717.7286544587787,-269.04923846088934,36.852726105504985,805.6558551503994,-270.301028511147,35.347521675125705,1.0,1.833591312922954E-5
717.7286544587787,-189.1222037895453,132.96031752598418,717.7286544587787,-269.99988056985126,37.65133894253508,804.3677611581579,-270.82212551714395,36.68237780033087,1.0,2.180763114349057E-5
717.7286544587787,-189.1222037895453,132.96031752598418,717.7286544587787,-272.1617213114502,39.52885318056548,798.3633476251185,-271.31774106380107,40.478452994842684,1.0,1.1104688775211448E-4
717.7286544587787,-189.1222037895453,132.96031752598418,717.7286544587787,-272.7349843918689,40.041520073866366,796.7470335265344,-269.7158826763214,43.39664471836963,1.0,1.290367028385354E-4
717.7286544587787,-189.1222037895453,132.96031752598418,717.7286544587787,-272.3561766531801,39.70204303339182,797.8564504992945,-268.6587915546447,43.84472351061655,1.0,1.2734986379349681E-5
717.7286544587787,-189.1222037895453,132.96031752598418,717.7286544587787,-272.27978496386606,39.633918831744154,798.4618080835924,-268.6020624457858,43.76136690277022,1.0,1.1424699902203654E-7
717.7286544587787,-189.1222037895453,132.96031752598418,717.7286544587787,-272.4484818008209,39.78450847241277,798.8973759822328,-268.96605005173427,43.67857890780513,1.0,1.087351327860523E-6
717.7286544587787,-189.1222037895453,132.96031752598418,717.7286544587787,-272.59266946246646,39.91365525190962,798.8040578385331,-269.2610935784013,43.62744807223203,1.0,6.511068291255862E-7
717.7286544587787,-189.1222037895453,132.96031752598418,717.7286544587787,-272.78125197203224,40.08317471247854,798.6492221726511,-269.3397999296854,43.903828183525206,1.0,7.849190325494376E-7
717.7286544587787,-189.1222037895453,132.96031752598418,717.7286544587787,-272.9165879604053,40.20525738678573,798.6105269035056,-269.2651484935931,44.247168914510695,1.0,1.0966161424969283E-6
717.7286544587787,-189.1222037895453,132.96031752598418,717.7286544587787,-273.06653575974053,40.340939801462326,798.7220627753202,-269.2503181055139,44.55153623007297,1.0,6.531918722624145E-7
717.7286544587787,-189.1222037895453,132.96031752598418,717.7286544587787,-273.2419939768164,40.50026724020135,798.896359895655,-269.26521201379666,44.8713368714715,1.0,7.158354007533005E-7
717.7286544587787,-189.1222037895453,132.96031752598418,717.7286544587787,-273.3975558662418,40.642036387583204,799.0669092335403,-269.31047655921395,45.119171483474105,1.0,5.369866382552249E-7
717.7286544587787,-189.1222037895453,132.96031752598418,717.7286544587787,-273.3715116381116,40.61826791131783,798.3352251184671,-269.0095178671529,45.39926202869074,1.0,1.9658097172556446E-6
717.7286544587787,-189.1222037895453,132.96031752598418,717.7286544587787,-274.17930614777293,41.36179494825923,796.0987233330601,-268.5884745243938,47.38259629798702,1.0,3.5550649918444525E-5
717.7286544587787,-189.1222037895453,132.96031752598418,717.7286544587787,-275.7632220335418,42.858519776752445,791.774028892177,-267.6510532650359,51.294720141216686,1.0,1.4149283098957683E-4
717.7286544587787,-189.1222037895453,132.96031752598418,717.7286544587787,-277.6516500673315,44.71329411018529,785.742685347325,-265.70198089608147,56.62484195673446,1.0,3.146027974102007E-4
717.7286544587787,-189.1222037895453,132.96031752598418,717.7286544587787,-279.5373220858583,46.64631875716502,778.5221187159945,-262.22634323845597,63.17209271042071,0.15318056846239522,6.062145710837782E-4
717.7286544587787,-189.1222037895453,132.96031752598418,717.7286544587787,-279.8322551364871,46.95632584748604,773.7146907250533,-258.8801710509698,66.8214106818667,0.17797492208804588,2.9830707983460517E-4
717.7286544587787,-189.1222037895453,132.96031752598418,717.7286544587787,-279.89373169472475,47.02121279618592,773.1371568543168,-258.74594617964016,67.04314914700569,0.1825531335103817,7.29166961638187E-7
717.7286544587787,-189.1222037895453,132.96031752598418,717.7286544587787,-281.2992084854243,48.530466138599266,773.3183319409196,-259.4020014291821,68.58728989477385,0.17762016899460664,2.8005001233799897E-5
717.7286544587787,-189.1222037895453,132.96031752598418,717.7286544587787,-288.7491944384352,57.46553138650302,772.0795406303906,-264.6894983443062,75.69735390143333,0.18757673245736886,9.717382253175273E-4
717.7286544587787,-189.1222037895453,132.96031752598418,717.7286544587787,-292.82391331386435,63.168087000418126,769.8872581645397,-265.338367056624,81.66611937910878,0.1921977335170719,1.7706007108994943E-4
717.7286544587787,-189.1222037895453,132.96031752598418,717.7286544587787,-294.9018708123437,66.35955143019592,767.375832012654,-264.72670306591425,85.35837554776455,0.20056446012475634,7.202134657826544E-5
717.7286544587787,-189.1222037895453,132.96031752598418,717.7286544587787,-295.90849000208937,67.98579115654752,762.576286740222,-263.1745470144829,87.90288460795392,0.23002867441179772,7.94559042041433E-5
717.7286544587787,-189.1222037895453,132.96031752598418,717.7286544587787,-295.14143246438056,66.74156526355488,759.2601754050218,-261.75468089550515,87.59466010889963,0.2576848504982258,2.098922014491199E-5
717.7286544587787,-189.1222037895453,132.96031752598418,717.7286544587787,-294.05804506181374,65.03779389441344,760.1037396352546,-261.20399238327224,86.30345624957707,0.2501587172005075,1.6074767049272242E-5
717.7286544587787,-189.1222037895453,132.96031752598418,717.7286544587787,-294.31818207651213,65.44138571980103,762.711945426585,-261.19332268167517,86.70222818725966,0.2187254713702673,4.5617476288052654E-7
717.7286544587787,-189.1222037895453,132.96031752598418,717.7286544587787,-293.204565111239,63.73704064818533,763.0066327636073,-261.4711086594288,84.84238274802271,0.2271687191122793,1.8832652675682216E-5
717.7286544587787,-189.1222037895453,132.96031752598418,717.7286544587787,-295.0318865375665,66.56649928803748,763.6260064755094,-264.12873247499334,85.93940590594613,0.23544636507341646,9.869361874014478E-5
717.7286544587787,-189.1222037895453,132.96031752598418,717.7286544587787,-297.78333336436833,71.17230153968217,762.8180160412999,-266.9499125469555,88.70512036673867,0.25526788749717805,1.817941387946419E-4
717.7286544587787,-189.1222037895453,132.96031752598418,717.7286544587787,-299.8331869858447,74.92517128072416,764.2693430777919,-268.086209505973,91.56706558693347,0.2336519964175824,6.511902754625034E-5
717.7286544587787,-189.1222037895453,132.96031752598418,717.7286544587787,-302.6120703670215,80.5670910150443,770.1966248337261,-269.69873394926753,95.76171536495423,0.16929585769921293,1.1395095861695568E-4
717.7286544587787,-189.1222037895453,132.96031752598418,717.7286544587787,-303.1062273442343,81.65103596519732,771.0287560809935,-270.2301414915186,96.45002527113499,0.16317313972401137,6.9396067650978004E-6
717.7286544587787,-189.1222037895453,132.96031752598418,717.7286544587787,-302.01889388458716,79.30086015280455,768.386688751327,-269.2886426135786,94.85745017693736,0.18620948761567155,2.714637798680548E-5
717.7286544587787,-189.1222037895453,132.96031752598418,717.7286544587787,-302.20115318252556,79.68601598969173,769.3440800530361,-269.33058065833717,95.17215909346635,0.1764997746915573,3.331024529558435E-7
717.7286544587787,-189.1222037895453,132.96031752598418,717.7286544587787,-303.0029839970258,81.42229370535722,767.5609434914043,-271.6486393087019,95.61205391320695,0.20794221001901683,6.334387711805503E-5
717.7286544587787,-189.1222037895453,132.96031752598418,717.7286544587787,-303.4290314902147,82.37426074143654,763.4420032226975,-273.6703763960998,95.5438416554019,0.2768087125457958,3.9437567775429633E-5
717.7286544587787,-189.1222037895453,132.96031752598418,717.7286544587787,-302.52236657339176,80.37321758125317,762.9090530088756,-272.65918574865475,94.22168160587202,0.280651169353387,2.6010005022483372E-5
717.7286544587787,-189.1222037895453,132.96031752598418,717.7286544587787,-302.0712944405467,79.41124730892184,761.8871558866407,-272.426758446451,93.46569724163572,0.2972925751869288,3.3089565144172467E-6
717.7286544587787,-189.1222037895453,132.96031752598418,717.7286544587787,-301.25112012013426,77.714447793236,759.4488773122267,-273.46999100306795,91.40219837940134,0.3629630547161594,3.9910633920758025E-5
717.7286544587787,-189.1222037895453,132.96031752598418,717.7286544587787,-300.5858540678612,76.3842212782464,759.2320540319643,-273.9660171604512,89.89576922425599,0.383522161438667,1.4983484631348741E-5
717.7286544587787,-189.1222037895453,132.96031752598418,717.7286544587787,-300.3586774672547,75.93885732240597,760.0643643384603,-274.4594644025049,89.21517666487682,0.37723058468659076,6.624464358862713E-6
717.7286544587787,-189.1222037895453,132.96031752598418,717.7286544587787,-299.8338335390715,74.92640469733013,759.7129896165092,-274.48539067379465,88.21380121487522,0.3915640882036458,2.7786444586183917E-6
717.7286544587787,-189.1222037895453,132.96031752598418,717.7286544587787,-298.816293881787,73.02529772257405,759.2846678915204,-275.0731826319799,85.99813738745593,0.42480064443552373,2.957318467669086E-5
717.7286544587787,-189.1222037895453,132.96031752598418,717.7286544587787,-298.43398235298525,72.33082744650659,759.3449307077567,-275.54462176847244,85.0263510096778,0.4370469643387618,9.276128978806916E-6
717.7286544587787,-189.1222037895453,132.96031752598418,717.7286544587787,-297.7132889520484,71.0492827807144,758.2103974389499,-275.4293167300716,83.75404373261821,0.4750768777519175,6.177211952161394E-6
717.7286544587787,-189.1222037895453,132.96031752598418,717.7286544587787,-294.5083403020278,65.73857825235035,748.7014942015147,-273.28779436252825,79.27434352087073,0.8348820344814175,1.8177254100917867E-4
717.7286544587787,-189.1222037895453,132.96031752598418,717.7286544587787,-293.82478828705683,64.67877683202023,742.9306926114004,-274.18647689773326,77.48585475398599,1.0,3.0512376020430777E-5
717.7286544587787,-189.1222037895453,132.96031752598418,717.7286544587787,-297.1754497152694,70.11530145537611,755.1956928565978,-275.22800733280405,82.88018748372275,0.5701490888903704,1.0538518176960765E-4
717.7286544587787,-189.1222037895453,132.96031752598418,717.7286544587787,-303.3817653502962,82.26759031640324,786.2034405195399,-277.4600668741524,93.76808595729977,0.08658082771532813,5.540532409120888E-5
717.7286544587787,-189.1222037895453,132.96031752598418,717.7286544587787,-302.27783444622094,79.84908283227733,786.1552807138552,-277.69111449354284,91.38921606450808,0.0894636993607619,1.7339693435747104E-5
717.7286544587787,-189.1222037895453,132.96031752598418,717.7286544587787,-300.3556806375744,75.93301153754581,775.753982004055,-279.5274245627723,86.61126565708639,0.1828734856785901,1.3677123442454932E-4
717.7286544587787,-189.1222037895453,132.96031752598418,717.7286544587787,-299.4497699083295,74.19954698725398,763.1055328962221,-280.3716741295562,84.36059420155982,0.406112243750151,1.570753373902022E-5
717.7286544587787,-189.1222037895453,132.96031752598418,717.7286544587787,-301.46059774036917,78.14165971179196,755.020469775604,-283.02371059028707,87.13845388246219,0.6890506972716806,1.371931855088269E-4
717.7286544587787,-189.1222037895453,132.96031752598418,717.7286544587787,-306.10586911166155,88.91690657947484,748.6128054294674,-285.07067073552133,96.83648991506843,0.9485256922376987,3.0191496066369857E-4
717.7286544587787,-189.1222037895453,132.96031752598418,717.7286544587787,-309.78366183577657,100.31353296521064,740.0909898197374,-284.92132807603826,107.04041383566417,1.0,5.467534666306003E-5
717.7286544587787,-189.1222037895453,132.96031752598418,717.7286544587787,-310.42479138068785,102.78280530755922,734.9196565602515,-281.72491490703635,109.92272614642965,1.0,1.6810189853486452E-4
717.7286544587787,-189.1222037895453,132.96031752598418,717.7286544587787,-310.4991812733393,103.0834144585883,734.901839121951,-280.0728328518486,110.5728501104611,1.0,3.74323952270753E-5
717.7286544587787,-189.1222037895453,132.96031752598418,717.7286544587787,-310.5911679299332,103.45962684489734,735.0266065337618,-280.49996660665875,110.76775883352826,1.0,2.516444641323118E-6
717.7286544587787,-189.1222037895453,132.96031752598418,717.7286544587787,-310.42821632034054,102.7965756513667,735.1088876587397,-280.4311975014329,110.25558212420637,1.0,4.228671271665928E-7
717.7286544587787,-189.1222037895453,132.96031752598418,717.7286544587787,-311.1662066922567,105.93696918639145,732.3433414514355,-281.67715909731686,112.46652235088524,1.0,3.2824589890688714E-5
717.7286544587787,-189.1222037895453,132.96031752598418,717.7286544587787,-311.77643571069547,108.85763319762138,730.4533671058816,-282.1331040268027,114.68282043190399,1.0,8.46378180825901E-6
717.7286544587787,-189.1222037895453,132.96031752598418,717.7286544587787,-311.98556804338887,109.94741409709576,729.2496486989612,-281.51208507241034,115.65524510930953,1.0,7.255880260442473E-6
717.7286544587787,-189.1222037895453,132.96031752598418,717.7286544587787,-311.7741248461268,108.84587660088526,728.9203625505602,-279.1372892171917,115.26256406877297,1.0,7.07141886214312E-5
717.7286544587787,-189.1222037895453,132.96031752598418,717.7286544587787,-311.5327309097776,107.64899890867642,728.2023046884157,-275.3596768735638,115.12864724947968,0.9345479705450246,1.7306185137551554E-4
717.7286544587787,-189.1222037895453,132.96031752598418,717.7286544587787,-311.51023545214747,107.54044919914409,728.031066299186,-273.7806399626374,115.3768473856291,0.8362497850860116,3.0736807100563905E-5
717.7286544587787,-189.1222037895453,132.96031752598418,717.7286544587787,-311.3962913262535,106.99789242613232,728.4694050309339,-273.37614453018597,115.0707002741724,0.8098860218744172,2.4872693202542606E-6
717.7286544587787,-189.1222037895453,132.96031752598418,717.7286544587787,-311.38047566839117,106.92351746917595,728.6542615127017,-273.29377907036786,115.03467174043664,0.8028081357481214,9.100505045813019E-8
717.7286544587787,-189.1222037895453,132.96031752598418,717.7286544587787,-312.2678389057281,111.5091508483427,727.3498260320592,-275.30199659957213,117.94835954575726,0.9108882525889153,7.313263166010826E-5
717.7286544587787,-189.1222037895453,132.96031752598418,717.7286544587787,-312.5697684629923,113.32110226174481,725.295256733141,-275.1733305782456,119.27048405535965,0.9191807709585775,1.1443841267417605E-6
717.7286544587787,-189.1222037895453,132.96031752598418,717.7286544587787,-312.6159177156539,113.61341542935767,724.5183740105439,-275.32094813766366,119.45615917867732,0.9372805135015926,3.489485479405688E-7
717.7286544587787,-189.1222037895453,132.96031752598418,717.7286544587787,-312.52068373492165,113.0150136383381,724.4239146680161,-275.249526393348,119.0392739027354,0.9381039860443483,2.1901723754165525E-7
717.7286544587787,-189.1222037895453,132.96031752598418,717.7286544587787,-312.47728346608926,112.74833301200127,722.7760139510021,-275.5231832234725,118.80333864120172,0.9785280489482886,1.0430759964721162E-6
717.7286544587787,-189.1222037895453,132.96031752598418,717.7286544587787,-312.6721489389106,113.97582244213127,722.8580637985408,-275.70184667344665,119.656622387115,0.9808494250740365,1.087962593819154E-6
717.7286544587787,-189.1222037895453,132.96031752598418,717.7286544587787,-312.5999269573793,113.51161882175833,723.8983363101363,-275.53752538029767,119.34923440969669,0.9610714855462029,4.980611536891121E-7
717.7286544587787,-189.1222037895453,132.96031752598418,717.7286544587787,-312.339897196166,111.92700985571939,724.0106875105085,-275.55912095453766,118.20550251089651,0.9746457150984746,5.133636677191609E-7
717.7286544587787,-189.1222037895453,132.96031752598418,717.7286544587787,-312.0588407652938,110.34211049949712,723.7949339842291,-275.72662605224014,117.0266072803285,1.0,1.6431062759437099E-6
717.7286544587787,-189.1222037895453,132.96031752598418,717.7286544587787,-311.4138962801284,107.08094450829579,719.1478957850239,-275.40701791346146,114.70072159597706,1.0,5.620825924545128E-6
717.7286544587787,-189.1222037895453,132.96031752598418,717.7286544587787,-311.4851522329854,107.41997985734669,719.4944053604066,-275.241427933807,114.98499008916448,1.0,5.681432701556507E-7
717.7286544587787,-189.1222037895453,132.96031752598418,717.7286544587787,-312.5227314725959,113.02768680285435,731.9277939968729,-276.34876077562797,118.8707930944575,0.8735651890097552,1.276388189912412E-5
717.7286544587787,-189.1222037895453,132.96031752598418,717.7286544587787,-312.11749250570045,110.66325597900821,733.4175268272041,-276.1307358422337,117.18707438357424,0.8419321773002821,2.9084144582919745E-6
717.7286544587787,-189.1222037895453,132.96031752598418,717.7286544587787,-311.30477255838827,106.57054888268298,723.0655097200104,-276.51109454935363,114.0855088492317,1.0,3.72129226475212E-6
717.7286544587787,-189.1222037895453,132.96031752598418,717.7286544587787,-311.0515988491028,105.42447505820502,715.5204754693693,-275.6753235453763,113.4136522650991,1.0,6.392043670883485E-6
717.7286544587787,-189.1222037895453,132.96031752598418,717.7286544587787,-311.26134040752663,106.37025723620519,716.1182903929583,-274.9969896346259,114.26511632987234,1.0,8.418886630358851E-6
717.7286544587787,-189.1222037895453,132.96031752598418,717.7286544587787,-311.3287902869077,106.68199534471306,716.9347316868798,-275.44087243341755,114.3990447673263,1.0,2.4996321602211035E-6
717.7286544587787,-189.1222037895453,132.96031752598418,717.7286544587787,-311.0929085132428,105.60803811083122,715.5392101000431,-275.51197296572815,113.58716468186171,1.0,6.617144474986338E-7
717.7286544587787,-189.1222037895453,132.96031752598418,717.7286544587787,-311.01076925544294,105.24430033978679,715.1217802943934,-275.4395554489944,113.33277335958999,1.0,1.87320162742734E-7
717.7286544587787,-189.1222037895453,132.96031752598418,717.7286544587787,-311.41830088438394,107.10176699874488,717.447550118146,-275.94043316995266,114.60328386384074,1.0,6.2663871826043065E-6
717.7286544587787,-189.1222037895453,132.96031752598418,717.7286544587787,-311.2818972563351,106.46485957372475,716.5387882341058,-275.6998893899028,114.18231175887058,1.0,1.2135201960156266E-6
717.7286544587787,-189.1222037895453,132.96031752598418,717.7286544587787,-311.0063180083131,105.22473206062274,714.6219219118584,-275.6011608787806,113.2814240075171,1.0,9.157496030078348E-7
717.7286544587787,-189.1222037895453,132.96031752598418,717.7286544587787,-311.01270979604607,105.25283576601184,715.1238001596075,-275.40045708207197,113.34801786699794,1.0,5.174770063357412E-7
717.7286544587787,-189.1222037895453,132.96031752598418,717.7286544587787,-311.06799103339887,105.49716087062507,715.508128076813,-275.44916689273356,113.51880203891466,1.0,8.375618796424362E-8
717.7286544587787,-189.1222037895453,132.96031752598418,717.7286544587787,-311.029335865403,105.32607881674204,715.5177957179316,-275.48234882292303,113.3839660674648,1.0,4.538861685187419E-8
717.7286544587787,-189.1222037895453,132.96031752598418,717.7286544587787,-310.99696709465627,105.18367141233023,715.4987823017199,-275.4449207477172,113.28638753841551,1.0,3.977765662016962E-8
717.7286544587787,-189.1222037895453,132.96031752598418,717.7286544587787,-310.99227911420496,105.16311010578141,715.4746893672527,-275.4460845798095,113.27080134860068,1.0,2.484855524991614E-10
717.7286544587787,-189.1222037895453,132.96031752598418,717.7286544587787,-310.9897099863966,105.15184879143474,715.479019315216,-275.4410367577803,113.26356124771402,1.0,5.015764459628528E-10
717.7286544587787,-189.1222037895453,132.96031752598418,717.7286544587787,-310.98842969605226,105.14623865746486,715.473297286282,-275.4422816845147,113.2590964809562,1.0,5.725861002721062E-11
717.7286544587787,-189.1222037895453,132.96031752598418,717.7286544587787,-310.98835486200636,105.14591077724884,715.4723308899985,-275.4416350184312,113.25899973272638,1.0,4.996853719513854E-12
717.7286544587787,-189.1222037895453,132.96031752598418,717.7286544587787,-310.98796226759316,105.14419071849872,715.4727107235987,-275.44090039338056,113.25788559945039,1.0,1.092704150231005E-11
717.7286544587787,-189.1222037895453,132.96031752598418,717.7286544587787,-310.9875798373476,105.14251529921333,715.4714769091706,-275.4411634406535,113.25657700617273,1.0,3.5257088023056998E-12
717.7286544587787,-189.1222037895453,132.96031752598418,717.7286544587787,-310.9881045870108,105.14481424413981,715.4717262348446,-275.44231205676715,113.25802804973057,1.0,2.4467557519104938E-11
717.7286544587787,-189.1222037895453,132.96031752598418,717.7286544587787,-310.9874746229403,105.14205437561327,715.4726205913944,-275.44004471581337,113.25648888770431,1.0,7.662113797317548E-11
717.7286544587787,-189.1222037895453,132.96031752598418,717.7286544587787,-310.9876246281234,105.14271152122059,715.4715103538406,-275.44154167042404,113.25663689829443,1.0,2.618049053269474E-11
717.7286544587787,-189.1222037895453,132.96031752598418,717.7286544587787,-310.98790053020673,105.14392024105284,715.4720222575099,-275.4419408636948,113.25744654420927,1.0,3.810590941632085E-12
717.7286544587787,-189.1222037895453,132.96031752598418,717.7286544587787,-310.9876126957513,105.14265924705614,715.4724239072304,-275.44113807637467,113.25669006890695,1.0,1.063151279153261E-11
717.7286544587787,-189.1222037895453,132.96031752598418,717.7286544587787,-310.987726193154,105.14315646854429,715.4720673212062,-275.4418540488062,113.25689717932312,1.0,6.508840803641003E-12
717.7286544587787,-189.1222037895453,132.96031752598418,717.7286544587787,-310.9878187593067,105.14356199911057,715.4724154867902,-275.44162061982223,113.25725267224422,1.0,1.1056337284482114E-12
717.7286544587787,-189.1222037895453,132.96031752598418,717.7286544587787,-310.98746622681836,105.14201759420241,715.4726313467457,-275.4406588455685,113.25632128971094,1.0,1.5409595420103614E-11
717.7286544587787,-189.1222037895453,132.96031752598418,717.7286544587787,-310.9876989323493,105.14303704065978,715.4721852590604,-275.44166663358334,113.25685095850821,1.0,1.4233936975391136E-11
717.7286544587787,-189.1222037895453,132.96031752598418,717.7286544587787,-310.98768221843653,105.1429638183173,715.4725025155411,-275.4413095160064,113.25687790814729,1.0,1.4744373302366446E-12
717.7286544587787,-189.1222037895453,132.96031752598418,717.7286544587787,-310.9875063643058,105.14219342743861,715.4728136150545,-275.4407990316653,113.25642032370754,1.0,4.2250375150138695E-12
717.7286544587787,-189.1222037895453,132.96031752598418,717.7286544587787,-310.98768855322896,105.14299157052285,715.4724913396243,-275.4416887709091,113.2568120199715,1.0,1.071201986899363E-11
717.7286544587787,-189.1222037895453,132.96031752598418,717.7286544587787,-310.9876390585337,105.14277473910259,715.4730452608686,-275.44107558420893,113.2567904006481,1.0,4.268916684086357E-12
717.7286544587787,-189.1222037895453,132.96031752598418,717.7286544587787,-310.9876548019843,105.14284370942745,715.4727590913923,-275.4414699473964,113.25675177981284,1.0,1.816206444186164E-12
717.7286544587787,-189.1222037895453,132.96031752598418,717.7286544587787,-310.9877154278543,105.1431093063735,715.4727375302584,-275.4416024326006,113.25691946721273,1.0,3.257993119496357E-13
717.7286544587787,-189.1222037895453,132.96031752598418,717.7286544587787,-310.98769230371323,105.14300800110017,715.4728151290674,-275.4414686965041,113.2568744991409,1.0,2.316847084556966E-13
717.7286544587787,-189.1222037895453,132.96031752598418,717.7286544587787,-310.9875861520316,105.1425429628562,715.4730544980205,-275.4410975402085,113.25661266456405,1.0,2.074776554159584E-12
717.7286544587787,-189.1222037895453,132.96031752598418,717.7286544587787,-310.9877096060807,105.14308380154701,715.4727167508657,-275.44172217220836,113.25687312846719,1.0,5.228694606194589E-12
717.7286544587787,-189.1222037895453,132.96031752598418,717.7286544587787,-310.9876718460984,105.14291837801869,715.4731866381632,-275.4412588494865,113.25685561039623,1.0,2.440060308089799E-12
717.7286544587787,-189.1222037895453,132.96031752598418,717.7286544587787,-310.98766321557116,105.14288056849932,715.4729326570894,-275.44152624649354,113.25676639699083,1.0,9.251947617117142E-13
717.7286544587787,-189.1222037895453,132.96031752598418,717.7286544587787,-310.9876213446266,105.14269713663947,715.4728672659888,-275.44139320645485,113.25666006770462,1.0,2.7649548159836814E-13
717.7286544587787,-189.1222037895453,132.96031752598418,717.7286544587787,-310.98765472148716,105.14284335677787,715.4729913245383,-275.44146836483895,113.25675187825107,1.0,1.0321754226553981E-13
717.7286544587787,-189.1222037895453,132.96031752598418,717.7286544587787,-310.98757723151084,105.1425038834586,715.4730628620166,-275.44120380521196,113.25655928502269,1.0,1.0635107113744788E-12
717.7286544587787,-189.1222037895453,132.96031752598418,717.7286544587787,-310.9875879158185,105.14255068973574,715.4729101928982,-275.4413328717043,113.256564704531,1.0,1.8970555649922864E-13
717.7286544587787,-189.1222037895453,132.96031752598418,717.7286544587787,-310.98758392602264,105.14253321105593,715.4732296204149,-275.44116602269463,113.25658976506412,1.0,3.3273168701202635E-13
717.7286544587787,-189.1222037895453,132.96031752598418,717.7286544587787,-310.9875754532032,105.1424960929796,715.473221148664,-275.4411637749239,113.2565626169758,1.0,7.96788941361662E-16
717.7286544587787,-189.1222037895453,132.96031752598418,717.7286544587787,-310.987631920571,105.1427434685324,715.4731611687838,-275.4413703834609,113.25669980495107,1.0,6.32476355406787E-13
717.7286544587787,-189.1222037895453,132.96031752598418,717.7286544587787,-310.98764339179365,105.14279372261961,715.4732329736302,-275.44134391926207,113.25674329623138,1.0,1.479693884532365E-14
717.7286544587787,-189.1222037895453,132.96031752598418,717.7286544587787,-310.9876200511012,105.14269146987162,715.4731248937577,-275.4413706147948,113.25666100159026,1.0,2.3110925092098532E-14
717.7286544587787,-189.1222037895453,132.96031752598418,717.7286544587787,-310.9876485067976,105.1428161308854,715.4731388078794,-275.4414171049866,113.25674328968398,1.0,4.7603941619420024E-14
717.7286544587787,-189.1222037895453,132.96031752598418,717.7286544587787,-310.98760324055627,105.14261782515456,715.4730195125832,-275.4413613017277,113.2566082457486,1.0,8.384842454170473E-14
717.7286544587787,-189.1222037895453,132.96031752598418,717.7286544587787,-310.98761118928803,105.1426526474448,715.4730695814062,-275.44143570622913,113.2566172121222,1.0,6.530349850210646E-14
717.7286544587787,-189.1222037895453,132.96031752598418,717.7286544587787,-310.9876062970842,105.14263121537361,715.4729139147071,-275.44144172400723,113.25659986679642,1.0,1.1121643605290489E-15
717.7286544587787,-189.1222037895453,132.96031752598418,717.7286544587787,-310.98755413894327,105.14240271882264,715.4728641264693,-275.4413309221436,113.25645487824488,1.0,2.3135415035400477E-13
717.7286544587787,-189.1222037895453,132.96031752598418,717.7286544587787,-310.9875064076622,105.14219361737383,715.4725877072876,-275.4413222166644,113.25630103810624,1.0,2.14561966941314E-14
717.7286544587787,-189.1222037895453,132.96031752598418,717.7286544587787,-310.9874806057288,105.14208058481631,715.4725448743033,-275.4412112103234,113.25624214297278,1.0,1.7304513419064952E-13
717.7286544587787,-189.1222037895453,132.96031752598418,717.7286544587787,-310.98748315206603,105.14209173973441,715.4725523409595,-275.4412477963301,113.25624210438002,1.0,1.4962554075067538E-14
717.7286544587787,-189.1222037895453,132.96031752598418,717.7286544587787,-310.987456619481,105.1419755068082,715.4726507044129,-275.44111050052425,113.25618682551021,1.0,2.5110395942022793E-13
717.7286544587787,-189.1222037895453,132.96031752598418,717.7286544587787,-310.9875354179435,105.14232070557065,715.4725748939325,-275.4413249640347,113.2563951201038,1.0,7.670182963197905E-13
717.7286544587787,-189.1222037895453,132.96031752598418,717.7286544587787,-310.98750074225836,105.14216879845274,715.4726539567562,-275.4412599552127,113.25629675485015,1.0,8.546957678074504E-14
717.7286544587787,-189.1222037895453,132.96031752598418,717.7286544587787,-310.98756437674405,105.14244756884997,715.4725714578872,-275.4416640821986,113.2564122519922,1.0,2.0706101832164592E-12
717.7286544587787,-189.1222037895453,132.96031752598418,717.7286544587787,-310.98757533258015,105.14249556454956,715.4727202082853,-275.4415645891624,113.25647073058312,1.0,1.4226783785232676E-13
717.7286544587787,-189.1222037895453,132.96031752598418,717.7286544587787,-310.987519354936,105.1422503366964,715.4724012946871,-275.44150966310707,113.25630051849558,1.0,9.826179519629566E-14
717.7286544587787,-189.1222037895453,132.96031752598418,717.7286544587787,-310.98754783728134,105.14237511237404,715.4725072892613,-275.4416328977958,113.25636537393981,1.0,2.128980496105187E-13
717.7286544587787,-189.1222037895453,132.96031752598418,717.7286544587787,-310.9875552263772,105.14240748267844,715.4724984579381,-275.4416061145404,113.25639561087536,1.0,1.2677966982053417E-14
717.7286544587787,-189.1222037895453,132.96031752598418,717.7286544587787,-310.9875449340672,105.1423623939243,715.472550319418,-275.44146059694356,113.2563952265889,1.0,2.3687659913677766E-13
717.7286544587787,-189.1222037895453,132.96031752598418,717.7286544587787,-310.98755522326553,105.14240746904669,715.4726336901277,-275.44153141094046,113.25641265312734,1.0,6.249946525330368E-14
717.7286544587787,-189.1222037895453,132.96031752598418,717.7286544587787,-310.98755320738474,105.14239863783035,715.4727145245108,-275.4414775229518,113.25641837277055,1.0,3.403644704881085E-14
717.7286544587787,-189.1222037895453,132.96031752598418,717.7286544587787,-310.9875533891294,105.14239943402144,715.4727693964886,-275.44147573597473,113.25641937402068,1.0,4.538790404501892E-17
717.7286544587787,-189.1222037895453,132.96031752598418,717.7286544587787,-310.9875510031255,105.14238898136493,715.4725827296616,-275.4416348408753,113.25637526592797,1.0,3.197651840203364E-13
717.7286544587787,-189.1222037895453,132.96031752598418,717.7286544587787,-310.98757099773076,105.14247657428345,715.4727383741019,-275.4414948429391,113.25647249932604,1.0,2.93922118414767E-13
717.7286544587787,-189.1222037895453,132.96031752598418,717.7286544587787,-310.98754448802805,105.14236043990903,715.4726503458273,-275.44150605680665,113.25638339337709,1.0,1.1124270054655242E-14
717.7286544587787,-189.1222037895453,132.96031752598418,717.7286544587787,-310.9875497007903,105.14238327606883,715.472792615907,-275.44144542858436,113.25641425092053,1.0,5.116633440982009E-14
717.7286544587787,-189.1222037895453,132.96031752598418,717.7286544587787,-310.9875628274336,105.14244078158507,715.472815472819,-275.4415309873673,113.25643757514496,1.0,9.228524274045659E-14
717.7286544587787,-189.1222037895453,132.96031752598418,717.7286544587787,-310.98755200470936,105.1423933691243,715.4728812378751,-275.441386531446,113.25643521682477,1.0,2.348925574389893E-13
717.7286544587787,-189.1222037895453,132.96031752598418,717.7286544587787,-310.98757915951654,105.14251232974337,715.4729884409409,-275.44153119178344,113.25649084792946,1.0,2.766631818839783E-13
717.7286544587787,-189.1222037895453,132.96031752598418,717.7286544587787,-310.987511912054,105.14221773095827,715.4729100187983,-275.4412964658047,113.2563248862547,1.0,8.303314466154142E-13
717.7286544587787,-189.1222037895453,132.96031752598418,717.7286544587787,-310.98754446794055,105.14236035190928,715.4728753950368,-275.4414568879069,113.25639455148374,1.0,3.4737054408950385E-13
717.7286544587787,-189.1222037895453,132.96031752598418,717.7286544587787,-310.9875738784341,105.14248919417217,715.4729143551396,-275.4415791642683,113.25646265620588,1.0,2.122303847866959E-13
717.7286544587787,-189.1222037895453,132.96031752598418,717.7286544587787,-310.98756653974397,105.14245704458698,715.4729616317784,-275.4414894999873,113.25645916494202,1.0,9.143076676207198E-14
717.7286544587787,-189.1222037895453,132.96031752598418,717.7286544587787,-310.9875846004668,105.14253616569087,715.4730301353985,-275.4415915921517,113.25649482367922,1.0,1.357631571959179E-13
717.7286544587787,-189.1222037895453,132.96031752598418,717.7286544587787,-310.9875888864559,105.14255494195031,715.4730143532428,-275.44158106670307,113.25651121881899,1.0,2.274508816145234E-15
717.7286544587787,-189.1222037895453,132.96031752598418,717.7286544587787,-310.98759585358175,105.14258546388615,715.4731393600456,-275.4415122164398,113.25654968069475,1.0,6.733237310107974E-14
717.7286544587787,-189.1222037895453,132.96031752598418,717.7286544587787,-310.9876315782283,105.14274196877041,715.4730625472592,-275.4415655258125,113.25665414318459,1.0,6.65103898784248E-14
717.7286544587787,-189.1222037895453,132.96031752598418,717.7286544587787,-310.98761179610403,105.1426553058231,715.4730665988989,-275.44161973695384,113.25657718535064,1.0,5.756383673867479E-14
717.7286544587787,-189.1222037895453,132.96031752598418,717.7286544587787,-310.98761046956497,105.14264949443596,715.4731573015066,-275.44158876081696,113.25657992534533,1.0,1.1157945256203694E-14
717.7286544587787,-189.1222037895453,132.96031752598418,717.7286544587787,-310.9875963358289,105.14258757654001,715.4731723520547,-275.4415567181895,113.25654109685706,1.0,1.8695549447936318E-14
717.7286544587787,-189.1222037895453,132.96031752598418,717.7286544587787,-310.98759160551464,105.14256685373545,715.4731807010281,-275.4415609769162,113.25652468159453,1.0,7.161005046904818E-16
717.7286544587787,-189.1222037895453,132.96031752598418,717.7286544587787,-310.9875676873963,105.14246207225887,715.4731101824831,-275.4414503095493,113.25647185757359,1.0,1.6828143606774827E-13
717.7286544587787,-189.1222037895453,132.96031752598418,717.7286544587787,-310.98759705767,105.14259073881985,715.473319682543,-275.4415561836047,113.25654357549246,1.0,1.6696581882414755E-13
717.7286544587787,-189.1222037895453,132.96031752598418,717.7286544587787,-310.9876365891877,105.1427639211855,715.4732679552426,-275.44170606589347,113.25663842233189,1.0,3.287464676462209E-13
717.7286544587787,-189.1222037895453,132.96031752598418,717.7286544587787,-310.98764459752647,105.14279900479964,715.4733641615302,-275.44165125254057,113.25667707943825,1.0,4.524723609569846E-14
717.7286544587787,-189.1222037895453,132.96031752598418,717.7286544587787,-310.98765420072937,105.1428410753922,715.4732831603677,-275.4417993203836,113.25667463292552,1.0,2.4680826255846203E-13
717.7286544587787,-189.1222037895453,132.96031752598418,717.7286544587787,-310.98764179415315,105.14278672353726,715.4732835805502,-275.4416848151963,113.25666026598657,1.0,1.550049783267521E-13
717.7286544587787,-189.1222037895453,132.96031752598418,717.7286544587787,-310.98762114174485,105.14269624784092,715.4732152025277,-275.44173070580734,113.25658236602962,1.0,4.529710206034763E-14
717.7286544587787,-189.1222037895453,132.96031752598418,717.7286544587787,-310.9876566993351,105.14285202152459,715.4732824059737,-275.4417458029315,113.25669500635519,1.0,1.8606929735687256E-14
717.7286544587787,-189.1222037895453,132.96031752598418,717.7286544587787,-310.98763693000524,105.14276541426722,715.4731965695414,-275.4417745570569,113.25662390091239,1.0,2.2610064378574205E-14
717.7286544587787,-189.1222037895453,132.96031752598418,717.7286544587787,-310.98763007350436,105.14273537675801,715.4730412153093,-275.4417811159068,113.25660001903933,1.0,1.611623326945865E-15
717.7286544587787,-189.1222037895453,132.96031752598418,717.7286544587787,-310.987662126177,105.14287579597085,715.4731604092593,-275.44183887656874,113.25669147834381,1.0,6.909180037982025E-14
717.7286544587787,-189.1222037895453,132.96031752598418,717.7286544587787,-310.98759064411183,105.14256264197442,715.4729851803856,-275.44170501543965,113.25648866375354,1.0,3.6263419960113056E-13
717.7286544587787,-189.1222037895453,132.96031752598418,717.7286544587787,-310.98764825387434,105.14281502285618,715.4730866658905,-275.44171775148794,113.25667383716163,1.0,3.3803477892583294E-14
717.7286544587787,-189.1222037895453,132.96031752598418,717.7286544587787,-310.98762821675984,105.14272724258859,715.4730176220096,-275.44184213468986,113.25658002880539,1.0,2.374988248188024E-13
717.7286544587787,-189.1222037895453,132.96031752598418,717.7286544587787,-310.9876014970823,105.14261018724355,715.4729427975751,-275.4416391131627,113.2565391389447,1.0,5.038423768446704E-13
717.7286544587787,-189.1222037895453,132.96031752598418,717.7286544587787,-310.98759448656097,105.14257947516974,715.4730898129167,-275.44170432984737,113.25650136478049,1.0,6.091736191061636E-14
717.7286544587787,-189.1222037895453,132.96031752598418,717.7286544587787,-310.98758107304434,105.14252071260528,715.4730383049216,-275.4416178050844,113.25647732411801,1.0,9.459337057992407E-14
717.7286544587787,-189.1222037895453,132.96031752598418,717.7286544587787,-310.98756204671315,105.1424373613825,715.4730897788853,-275.4416010741613,113.25641902779995,1.0,1.008115900029449E-14
717.7286544587787,-189.1222037895453,132.96031752598418,717.7286544587787,-310.9875320735283,105.1423060543305,715.4725963450143,-275.44094573536535,113.25647076760202,1.0,4.972972095058391E-12
717.7286544587787,-189.1222037895453,132.96031752598418,717.7286544587787,-310.93049051532824,104.89358838043796,715.6028774897161,-275.1435085216845,113.13952597262588,1.0,1.1799516446104112E-6
717.7286544587787,-189.1222037895453,132.96031752598418,717.7286544587787,-310.26190794821156,102.13545619051635,712.9576274058908,-272.81260046060726,111.66469945912075,0.8973949229859877,8.22944293592676E-5
