717.7286544587787,-189.1222037895453,132.96031752598418,717.7286544587787,-309.32825335313197,167.2459653733933,707.8031822291842,-326.37907223273777,172.10926779235248,1.0,0.10100047640850089
717.7286544587787,-189.1222037895453,132.96031752598418,717.7286544587787,-309.32629957138084,167.25281462478566,707.8003164335805,-326.3855922341388,172.11958509828924,1.0,9.73581537437656E-10
717.7286544587787,-189.1222037895453,132.96031752598418,717.7286544587787,-309.3342642021674,167.22488422909737,707.7917134302562,-326.37866447198354,172.08312380967737,1.0,3.2605674260920307E-9
717.7286544587787,-189.1222037895453,132.96031752598418,717.7286544587787,-309.39111336721834,167.02480620550944,707.8095046486296,-326.193421343831,171.78382523934854,1.0,7.953071521367035E-7
717.7286544587787,-189.1222037895453,132.96031752598418,717.7286544587787,-309.5389793859234,166.4983579423757,707.8411224721426,-325.5551459760574,170.95912214865237,1.0,8.298062428313001E-6
717.7286544587787,-189.1222037895453,132.96031752598418,717.7286544587787,-309.82212867104124,165.46459622281466,707.6989199172923,-323.51775063605254,169.1528032678002,1.0,7.22476416577529E-5
717.7286544587787,-189.1222037895453,132.96031752598418,717.7286544587787,-310.22563595541976,163.927376114837,707.6736595551919,-319.86286162685076,166.3916872137366,1.0,2.2334685096030745E-4
717.7286544587787,-189.1222037895453,132.96031752598418,717.7286544587787,-310.77534281239616,161.6920728828523,707.7899260263736,-314.5963155599384,162.59450133714006,1.0,4.62422286155367E-4
717.7286544587787,-189.1222037895453,132.96031752598418,717.7286544587787,-311.3592761512797,159.09646376891973,708.0887553175445,-308.04868518231325,158.38860904004179,1.0,6.962982531910549E-4
717.7286544587787,-189.1222037895453,132.96031752598418,717.7286544587787,-311.90308010639893,156.40933479463524,708.4756155583416,-300.9518990790464,154.31784920888475,1.0,7.922262890166149E-4
717.7286544587787,-189.1222037895453,132.96031752598418,717.7286544587787,-312.3594798377726,153.87858208624382,709.0161785528034,-293.4318694516529,150.665814210756,1.0,8.588280644590128E-4
717.7286544587787,-189.1222037895453,132.96031752598418,717.7286544587787,-312.7654305035557,151.32747538308942,709.6079680246609,-285.561945663179,147.28640727442325,1.0,9.193151968406035E-4
717.7286544587787,-189.1222037895453,132.96031752598418,717.7286544587787,-313.0987882083149,148.92297757547794,710.3053721878133,-277.2345690745729,144.30526415276648,1.0,0.001008240488959117
717.7286544587787,-189.1222037895453,132.96031752598418,717.7286544587787,-313.3835539105668,146.52928455007714,711.1864302088712,-268.72149763752,141.65232185647258,0.5645723285951988,0.001036696011379966
717.7286544587787,-189.1222037895453,132.96031752598418,717.7286544587787,-313.19669511804057,148.143222438258,711.2319017000619,-264.9842221799842,142.24349732662282,0.44171838440187877,1.7872955025324434E-4
717.7286544587787,-189.1222037895453,132.96031752598418,717.7286544587787,-313.2292665353591,147.87463871759866,711.3451831573559,-264.065542335562,141.96648524535433,0.4152759805164594,1.0658296997809743E-5
717.7286544587787,-189.1222037895453,132.96031752598418,717.7286544587787,-313.1812704457441,148.2687459362691,711.2860061787711,-263.8877311040236,142.1861061224979,0.4109712009901702,4.86957301966294E-7
717.7286544587787,-189.1222037895453,132.96031752598418,717.7286544587787,-313.2067562292659,148.06077599035638,711.0789956983076,-263.8281582939982,142.0516519496127,0.4081921297364117,6.645603129697134E-8
717.7286544587787,-189.1222037895453,132.96031752598418,717.7286544587787,-313.2872932266015,147.38358224267836,710.7645982431868,-263.53872642798586,141.60468938748235,0.3980177147488169,1.3502368983556632E-6
717.7286544587787,-189.1222037895453,132.96031752598418,717.7286544587787,-313.42475346848823,146.14652787293107,711.0293941215281,-262.70036777739347,140.76560510690558,0.3754274381264667,1.0090328584571275E-5
717.7286544587787,-189.1222037895453,132.96031752598418,717.7286544587787,-313.53077985287285,145.10553065277773,711.0930339442729,-262.5248457862128,140.12614772297525,0.36978972103265056,6.531168243673275E-7
717.7286544587787,-189.1222037895453,132.96031752598418,717.7286544587787,-313.6051089181856,144.31841290918723,711.0689958968877,-262.41337986964857,139.64756641212395,0.3659622734295974,2.780828738739433E-7
717.7286544587787,-189.1222037895453,132.96031752598418,717.7286544587787,-313.71121285479626,143.08843779278652,711.0843087576692,-262.27411034962563,138.90700024659523,0.36120085974721755,4.562429093781828E-7
717.7286544587787,-189.1222037895453,132.96031752598418,717.7286544587787,-313.7839784439929,142.14954709128077,711.1630179324909,-261.5707932691585,138.3007414230087,0.34423256941185215,6.597985565051874E-6
717.7286544587787,-189.1222037895453,132.96031752598418,717.7286544587787,-313.8302443073875,141.4987383518882,711.1934050903557,-261.1524539612374,137.89203312032117,0.3344705469393186,2.3412864404163547E-6
717.7286544587787,-189.1222037895453,132.96031752598418,717.7286544587787,-313.83157058758275,141.47934521889388,711.1802160790077,-261.1416089246301,137.88003865460053,0.3341823546655729,1.5919152868435527E-9
717.7286544587787,-189.1222037895453,132.96031752598418,717.7286544587787,-313.85715425695844,141.0961722378131,711.0816599935054,-261.0314734829049,137.65060976938983,0.3312131914502029,1.8286094969486227E-7
717.7286544587787,-189.1222037895453,132.96031752598418,717.7286544587787,-313.9641284682289,139.24473018922325,710.9707426672027,-260.1085694564426,136.5336973538149,0.31045388710520094,1.1309641612031857E-5
717.7286544587787,-189.1222037895453,132.96031752598418,717.7286544587787,-314.01042395729417,138.24543468001968,710.991238854671,-259.7083584330339,135.947437498089,0.30206495859282756,2.1210584340490895E-6
717.7286544587787,-189.1222037895453,132.96031752598418,717.7286544587787,-314.0294773592648,137.7741527308145,710.9167464867523,-259.6934525656184,135.68008197282785,0.3013843530158046,7.282009114238723E-9
717.7286544587787,-189.1222037895453,132.96031752598418,717.7286544587787,-314.0729423632969,136.4692959918613,710.8934258098511,-259.5087778524131,134.93697629161193,0.29728957892352936,4.873376875761843E-7
717.7286544587787,-189.1222037895453,132.96031752598418,717.7286544587787,-314.1020867932514,135.20282602762714,710.883105104923,-258.8913262416259,134.21218179798322,0.28538048364012636,4.687570129501504E-6
717.7286544587787,-189.1222037895453,132.96031752598418,717.7286544587787,-314.11327332401675,134.45448506308549,710.8480791969326,-258.41868414951574,133.7887011199072,0.27665767143424563,2.694754126471212E-6
717.7286544587787,-189.1222037895453,132.96031752598418,717.7286544587787,-314.1171174190867,134.08795520870345,710.7848781595159,-258.40831090319324,133.58537996253926,0.2762966273826585,1.7003534146556615E-9
717.7286544587787,-189.1222037895453,132.96031752598418,717.7286544587787,-314.1220290853296,132.7513294320611,710.7267673448101,-258.18819004306556,132.84484561402041,0.27224835173267664,5.665431761150598E-7
717.7286544587787,-189.1222037895453,132.96031752598418,717.7286544587787,-314.1091944554014,131.1569417212212,710.7094586223059,-257.48581694304454,131.97393258119587,0.26035168314768736,6.025663002254814E-6
717.7286544587787,-189.1222037895453,132.96031752598418,717.7286544587787,-314.0921152363394,130.2178308841855,710.687491006848,-256.8780220225459,131.47340420215377,0.2505301702050496,4.529481487053351E-6
717.7286544587787,-189.1222037895453,132.96031752598418,717.7286544587787,-314.08334980156667,129.84391136467087,710.621499531801,-256.87497879838685,131.27063099363343,0.25042696955878957,7.367027777974127E-10
717.7286544587787,-189.1222037895453,132.96031752598418,717.7286544587787,-314.0383174157628,128.38161066466046,710.4650962063041,-256.78330982451104,130.48025021157784,0.24904032554434494,1.6394367201078774E-7
717.7286544587787,-189.1222037895453,132.96031752598418,717.7286544587787,-313.97045110283796,126.80279019767266,710.5855702063151,-256.13883288247087,129.65505106072504,0.23978410360742494,5.523822020266245E-6
717.7286544587787,-189.1222037895453,132.96031752598418,717.7286544587787,-313.85031892356903,124.7203360263864,710.5702508452275,-254.31707585340368,128.6533131340907,0.21430868218732194,4.285752067552931E-5
717.7286544587787,-189.1222037895453,132.96031752598418,717.7286544587787,-313.77768574880304,123.68611580803702,710.7082473563515,-253.48066145132142,128.17213405238167,0.2038758562147744,9.00233965876278E-6
717.7286544587787,-189.1222037895453,132.96031752598418,717.7286544587787,-313.78462985157205,123.77992928094183,710.3904208209133,-254.19303863914445,128.16837222041855,0.21279001782027468,5.99897041135233E-6
717.7286544587787,-189.1222037895453,132.96031752598418,717.7286544587787,-313.814575948625,124.19605341873819,709.2291361799596,-255.11070293797675,128.32217788228732,0.22316612805349698,1.0113611846155293E-5
717.7286544587787,-189.1222037895453,132.96031752598418,717.7286544587787,-313.4352013639008,119.87297119151701,699.4952844370298,-255.02248516606647,126.02250874699865,0.19580702837800754,6.02791987208397E-8
717.7286544587787,-189.1222037895453,132.96031752598418,717.7286544587787,-312.70525084691894,114.19251317877907,684.0379914671664,-256.3050109532406,122.75767395660463,0.1444166570090274,6.79203139829131E-6
717.7286544587787,-189.1222037895453,132.96031752598418,717.7286544587787,-312.5176520254426,112.99626596669424,675.3673204260747,-255.26069141093757,122.25982414633603,0.10068036473607546,7.754455852453742E-6
717.7286544587787,-189.1222037895453,132.96031752598418,717.7286544587787,-312.6248607776965,113.67058666038952,671.5553259870284,-253.8872894419656,122.84473700173496,0.0801512485299571,2.3154080703308798E-5
717.7286544587787,-189.1222037895453,132.96031752598418,717.7286544587787,-312.71450976250793,114.2535833298295,671.2265859495097,-252.9982537398037,123.29214054269215,0.07520760027786426,1.066173913088824E-5
717.7286544587787,-189.1222037895453,132.96031752598418,717.7286544587787,-312.5098972717317,112.94839365180322,667.3034594904952,-251.91032787526055,122.77687763870429,0.060390227841074576,1.4313451362033642E-5
717.7286544587787,-189.1222037895453,132.96031752598418,717.7286544587787,-309.95700646341515,100.96109155461203,638.6294848097964,-252.62812611116667,116.14280871294241,0.01283860281636885,1.3234616514331874E-5
717.7286544587787,-189.1222037895453,132.96031752598418,717.7286544587787,-306.8878505716325,91.05265190265607,619.5099877550572,-252.05940325270552,110.56370881672848,0.0016542462100002575,8.027364780652891E-6
717.7286544587787,-189.1222037895453,132.96031752598418,717.7286544587787,-301.5154953138045,78.25430304546394,602.6261051902816,-249.8889094841065,103.38289135955989,1.0,1.7920885805587953E-4
717.7286544587787,-189.1222037895453,132.96031752598418,717.7286544587787,-297.9244901252523,71.42120404420882,601.956134886046,-252.70658567314965,96.99667536197282,1.0,3.923182469732581E-4
717.7286544587787,-189.1222037895453,132.96031752598418,717.7286544587787,-299.5015951800112,74.29695624937176,619.5331015230895,-255.52614441163396,97.66859948122621,0.00336290734753965,2.8776037701316306E-5
717.7286544587787,-189.1222037895453,132.96031752598418,717.7286544587787,-304.0595971276656,83.82381772554851,646.1840508893652,-257.5248637626179,103.71772562007035,0.03339057198174237,1.7789168906793488E-5
717.7286544587787,-189.1222037895453,132.96031752598418,717.7286544587787,-304.059648223498,83.82393724627656,646.1840677225193,-257.52490180863185,103.71779348539417,0.0333906192436345,4.469319378624519E-14
717.7286544587787,-189.1222037895453,132.96031752598418,717.7286544587787,-304.0606784579093,83.82634719068726,646.1658182023746,-257.5321900581076,103.71637422800714,0.033363330139534915,6.193360397862159E-10
717.7286544587787,-189.1222037895453,132.96031752598418,717.7286544587787,-303.98036597501994,83.63889642546022,645.9909175841187,-257.4641712294394,103.6134875680207,0.0329689216868092,1.2480755665472411E-7
717.7286544587787,-189.1222037895453,132.96031752598418,717.7286544587787,-303.48903036468687,82.51005509721685,644.8369429807948,-257.0258858174088,103.00618938608616,0.03043460811949536,4.8673015349883E-6
717.7286544587787,-189.1222037895453,132.96031752598418,717.7286544587787,-303.0060750567754,81.42912439804502,643.7280729283915,-256.60325562329564,102.42588735753878,0.02814532481014936,4.546488145756128E-6
717.7286544587787,-189.1222037895453,132.96031752598418,717.7286544587787,-302.71640204738355,80.79367950742935,643.0766524633822,-256.35288478023733,102.08551359434622,0.026863049815169217,1.5987543403943548E-6
717.7286544587787,-189.1222037895453,132.96031752598418,717.7286544587787,-302.5852239074913,80.50897754582184,642.783977703956,-256.24018375232157,101.93322180660547,0.02630163216038451,3.241051693881292E-7
717.7286544587787,-189.1222037895453,132.96031752598418,717.7286544587787,-302.4901674641088,80.3038382258749,642.5725466332532,-256.15932364084244,101.82331374313517,0.02590237186450162,1.680134748398564E-7
717.7286544587787,-189.1222037895453,132.96031752598418,717.7286544587787,-302.4064277421959,80.12392283969149,642.3874213384493,-256.08816621442855,101.72701868017617,0.02555635954327299,1.2991920876044887E-7
717.7286544587787,-189.1222037895453,132.96031752598418,717.7286544587787,-302.3679321385308,80.04146445160455,642.3026344488115,-256.05536443762236,101.68296918111685,0.025398854046187736,2.7483464979081173E-8
717.7286544587787,-189.1222037895453,132.96031752598418,717.7286544587787,-302.349960103516,80.00302152152352,642.262979181535,-256.0402169145799,101.66236422850648,0.025325653089123133,5.923313065344826E-9
717.7286544587787,-189.1222037895453,132.96031752598418,717.7286544587787,-302.338221474535,79.97793045676931,642.2371750021939,-256.03029599384854,101.64893145431964,0.025278054275084363,2.532585503358149E-9
717.7286544587787,-189.1222037895453,132.96031752598418,717.7286544587787,-302.3295486826448,79.95940185224492,642.2179912878314,-256.0229748165898,101.63900946897792,0.025242738252407877,1.380477875377784E-9
717.7286544587787,-189.1222037895453,132.96031752598418,717.7286544587787,-302.3229206536208,79.9452470133516,642.2035366189697,-256.01735073594114,101.6314440827669,0.025216085217839898,8.100960960080171E-10
717.7286544587787,-189.1222037895453,132.96031752598418,717.7286544587787,-302.31832942528575,79.93544467316477,642.1937826159428,-256.0134281697843,101.6262179902339,0.025198038783684297,3.9121297097581037E-10
717.7286544587787,-189.1222037895453,132.96031752598418,717.7286544587787,-302.315108225505,79.92856868294034,642.1860176982282,-256.01094574659356,101.62242597201103,0.025184164775087562,1.7483568672546657E-10
717.7286544587787,-189.1222037895453,132.96031752598418,717.7286544587787,-302.3126104584592,79.92323768436869,642.1805781461511,-256.00885775275754,101.61956250102978,0.02517418788231143,1.1337760852102163E-10
717.7286544587787,-189.1222037895453,132.96031752598418,717.7286544587787,-302.3103188826517,79.91834733567453,642.1756244748676,-256.00693037298555,101.61694131808832,0.025165084567353856,9.59820605402232E-11
717.7286544587787,-189.1222037895453,132.96031752598418,717.7286544587787,-302.3093938664106,79.91637345596263,642.1734866517747,-256.0061601468148,101.61587971648058,0.02516118669820104,1.54899592630479E-11
717.7286544587787,-189.1222037895453,132.96031752598418,717.7286544587787,-302.3085535570803,79.9145804088395,642.1716465904344,-256.0054892189865,101.6149019020348,0.025157854956238235,1.2289154174898999E-11
717.7286544587787,-189.1222037895453,132.96031752598418,717.7286544587787,-302.30778718146075,79.91294518548327,642.1699091967092,-256.0048613799654,101.6140176351567,0.025154696352443565,1.0469997618885536E-11
717.7286544587787,-189.1222037895453,132.96031752598418,717.7286544587787,-302.3070833008749,79.91144336256957,642.1683881958844,-256.00428711498023,101.61320440065847,0.025151924884312643,8.797699671283239E-12
717.7286544587787,-189.1222037895453,132.96031752598418,717.7286544587787,-302.3064487597329,79.91008952903246,642.1671476673141,-256.0036313894269,101.61253600506762,0.025149473064846006,9.049651538733024E-12
717.7286544587787,-189.1222037895453,132.96031752598418,717.7286544587787,-302.30584070976374,79.9087922556192,642.1660825793324,-256.00306674580935,101.61186568458339,0.025147413258591666,7.443721172495287E-12
717.7286544587787,-189.1222037895453,132.96031752598418,717.7286544587787,-302.30563284677515,79.90834878921616,642.1653735271562,-256.002977635466,101.61158783366719,0.025146257356452914,4.636860098427117E-13
717.7286544587787,-189.1222037895453,132.96031752598418,717.7286544587787,-302.305553940114,79.90818044656248,642.1651047319042,-256.00297482363726,101.61146782187217,0.025145858376683254,3.362184874680822E-14
717.7286544587787,-189.1222037895453,132.96031752598418,717.7286544587787,-302.30526516290695,79.90756436317605,642.1644052367711,-256.0027549986654,101.61112682875245,0.025144613954134937,1.3891720385633901E-12
717.7286544587787,-189.1222037895453,132.96031752598418,717.7286544587787,-302.30473858326945,79.90644096953048,642.1636026502867,-256.00219887204884,101.61057783628675,0.025142948036221035,6.377411036755347E-12
717.7286544587787,-189.1222037895453,132.96031752598418,717.7286544587787,-302.30446438463014,79.90585601155259,642.1628510161294,-256.00204992749866,101.61022605086089,0.025141694250044613,9.492646989221603E-13
717.7286544587787,-189.1222037895453,132.96031752598418,717.7286544587787,-302.3041230906433,79.90512792760708,642.1618442252945,-256.0019026504365,101.60977032500097,0.0251400614837225,1.2552558706337708E-12
717.7286544587787,-189.1222037895453,132.96031752598418,717.7286544587787,-302.3037046440374,79.9042352702748,642.1612323039544,-256.0014313839208,101.60934785641504,0.025138744465760733,4.317277685915802E-12
717.7286544587787,-189.1222037895453,132.96031752598418,717.7286544587787,-302.3033735826284,79.90352904166969,642.1602674198673,-256.00121246173757,101.60894146538797,0.02513708453390043,1.6154942689064838E-12
717.7286544587787,-189.1222037895453,132.96031752598418,717.7286544587787,-302.30305863899474,79.90285720655444,642.1596386430758,-256.00096799726515,101.60857183645376,0.02513594833167884,1.6817629825553863E-12
717.7286544587787,-189.1222037895453,132.96031752598418,717.7286544587787,-302.30288278800344,79.90248208721057,642.1590842088681,-256.0008537997083,101.60835500016381,0.025134998495760126,4.489959870512898E-13
717.7286544587787,-189.1222037895453,132.96031752598418,717.7286544587787,-302.30259189656925,79.90186157461451,642.1585038455592,-256.0005417450045,101.60805404765873,0.025133840865474846,1.978851217196552E-12
717.7286544587787,-189.1222037895453,132.96031752598418,717.7286544587787,-302.3022638074117,79.9011617246321,642.157939845565,-256.00030036544456,101.6076627795708,0.025132827920326877,1.7391187534084727E-12
717.7286544587787,-189.1222037895453,132.96031752598418,717.7286544587787,-302.30199890079473,79.90059665812065,642.1572934078458,-256.0000310114902,101.60738177311765,0.025131593257531656,1.550355402598821E-12
717.7286544587787,-189.1222037895453,132.96031752598418,717.7286544587787,-302.2802364223485,79.85420064032365,642.1734562070249,-255.9595812086075,101.59291483292276,0.025124044181894557,2.1510879215965867E-8
717.7286544587787,-189.1222037895453,132.96031752598418,717.7286544587787,-301.70356201258426,78.64238512188973,642.5453337832852,-254.94601584522064,101.2018325489544,0.02489072923114172,1.4009137625358969E-5
717.7286544587787,-189.1222037895453,132.96031752598418,717.7286544587787,-299.3938332890836,74.09464223455014,644.1762846610243,-251.3447986247822,99.74438447062971,0.024572966664072673,1.856466408567161E-4
717.7286544587787,-189.1222037895453,132.96031752598418,717.7286544587787,-299.8974550663917,75.0479379810929,652.4212569536952,-255.20169101872895,98.414511486832,0.0486905345825547,1.7587561140835649E-4
717.7286544587787,-189.1222037895453,132.96031752598418,717.7286544587787,-301.72656030462105,78.69007804037184,670.9460237802581,-259.3376694811383,99.11961849258245,0.14348301131140961,8.393852055168425E-5
717.7286544587787,-189.1222037895453,132.96031752598418,717.7286544587787,-304.2755635453793,84.33209797248352,693.6461996047758,-263.825968821018,101.41359500632677,0.41109352188075166,1.0346082993108223E-4
717.7286544587787,-189.1222037895453,132.96031752598418,717.7286544587787,-305.74733262825106,87.97610559162568,714.2619009487335,-268.4389917310201,102.3665404023038,0.8210675148321126,1.0299569309430692E-4
717.7286544587787,-189.1222037895453,132.96031752598418,717.7286544587787,-307.3198615591866,92.28706221280882,736.9072487034338,-275.09547149048575,103.37586777213747,0.8861792861837077,2.526256691805456E-4
717.7286544587787,-189.1222037895453,132.96031752598418,717.7286544587787,-308.13202363873256,94.72861890476156,760.684331449764,-278.8823128738843,104.12503785688423,0.3431883134279315,2.793481906473746E-5
717.7286544587787,-189.1222037895453,132.96031752598418,717.7286544587787,-307.3638170384906,92.41502314689697,778.2109216827955,-278.3501431823188,102.36387207743883,0.1306045987158855,3.289226501917474E-7
717.7286544587787,-189.1222037895453,132.96031752598418,717.7286544587787,-305.7616571665895,88.0132607157287,787.6813871741693,-280.22411450238184,97.8541622948197,0.08100424331767779,1.0737026218393061E-4
717.7286544587787,-189.1222037895453,132.96031752598418,717.7286544587787,-305.1381781413191,86.42760112979079,799.3295964566905,-285.54941378414486,94.28443654816533,1.0,4.1836428573994067E-4
717.7286544587787,-189.1222037895453,132.96031752598418,717.7286544587787,-305.37980786027134,87.03462215036359,813.0633275974142,-290.9710236633117,92.72658044463614,1.0,2.9623791207085507E-4
717.7286544587787,-189.1222037895453,132.96031752598418,717.7286544587787,-305.54219720850523,87.44784525376716,819.510367071308,-293.7488079931551,92.0582758498891,1.0,8.681974523247272E-5
717.7286544587787,-189.1222037895453,132.96031752598418,717.7286544587787,-306.38259018782753,89.6590267631726,827.5477940415608,-298.2822685476923,92.65027038248348,1.0,2.204912241601597E-4
717.7286544587787,-189.1222037895453,132.96031752598418,717.7286544587787,-307.1152639364619,91.69728616416921,833.7770713583043,-300.9685755735821,93.84682779291424,1.0,9.444393172221828E-5
717.7286544587787,-189.1222037895453,132.96031752598418,717.7286544587787,-308.0096880292847,94.34987734271616,841.2906632724544,-304.19510058099456,95.58872011441659,1.0,1.4123370128864014E-4
717.7286544587787,-189.1222037895453,132.96031752598418,717.7286544587787,-308.84043725703947,97.00834156606565,849.8528928173395,-307.8279266339035,97.31240349988988,1.0,1.68152247770941E-4
717.7286544587787,-189.1222037895453,132.96031752598418,717.7286544587787,-309.5601170292222,99.49826357718939,856.5936403916246,-310.8565939836508,99.13805489683702,1.0,1.281225266361167E-4
717.7286544587787,-189.1222037895453,132.96031752598418,717.7286544587787,-309.50151907806196,99.28806707152393,852.737124651666,-308.7531625560719,99.49739579363273,1.0,5.1660041837285864E-5
717.7286544587787,-189.1222037895453,132.96031752598418,717.7286544587787,-308.68538294145037,96.49600358633273,834.726910224696,-303.2880676442878,98.1420738967999,1.0,2.2992056721483786E-4
717.7286544587787,-189.1222037895453,132.96031752598418,717.7286544587787,-306.7685475776524,90.7188948073952,805.2877308736084,-294.98375495526915,94.95027498279273,1.0,3.488516117741062E-4
717.7286544587787,-189.1222037895453,132.96031752598418,717.7286544587787,-303.6724431591312,82.92790143031112,769.9718744954681,-288.77091593711185,89.43648154796233,0.3030739542208346,8.709410501481957E-5
717.7286544587787,-189.1222037895453,132.96031752598418,717.7286544587787,-295.27624666551714,66.95789953174449,710.8247950440183,-279.9160086054449,76.50829276656864,1.0,4.588528737323191E-6
717.7286544587787,-189.1222037895453,132.96031752598418,717.7286544587787,-282.49598863496965,49.85594758287952,655.4501914750527,-271.3367955767378,59.787832744363044,1.0,1.9129709554160785E-4
717.7286544587787,-189.1222037895453,132.96031752598418,717.7286544587787,-273.24870318258047,40.5063716941612,627.8088647876181,-267.1895236260224,47.1653324562167,1.0,0.0010190305412223852
717.7286544587787,-189.1222037895453,132.96031752598418,717.7286544587787,-266.38320297452196,34.69670266809774,613.9777554797308,-265.10812239600784,36.31840091432289,1.0,0.0010729076654499379
717.7286544587787,-189.1222037895453,132.96031752598418,717.7286544587787,-264.94850744506124,33.585412877267714,618.0669332991124,-267.230408990624,30.594844465305215,1.0,4.2767946956609524E-4
717.7286544587787,-189.1222037895453,132.96031752598418,717.7286544587787,-268.03787612770174,36.02055963781562,637.2891770692277,-270.9060820631191,32.49726469886687,1.0,6.283548066624315E-5
717.7286544587787,-189.1222037895453,132.96031752598418,717.7286544587787,-273.75507716958833,40.96968352752974,665.7915988144172,-273.69766895342724,41.03208266382828,1.0,2.7872738054886606E-4
717.7286544587787,-189.1222037895453,132.96031752598418,717.7286544587787,-281.77956637714084,49.05791494828175,698.0359201002246,-276.619371795562,53.73053578565563,1.0,4.6611827141899417E-4
717.7286544587787,-189.1222037895453,132.96031752598418,717.7286544587787,-295.1359650512037,66.7328124910208,746.1695926563146,-285.15476745747736,72.96813332132271,1.0,5.642947621607763E-4
717.7286544587787,-189.1222037895453,132.96031752598418,717.7286544587787,-300.2330495510964,75.69444676378595,773.3923199651297,-278.4842268323691,86.90366097239189,0.20474050984820488,0.001027094577602019
717.7286544587787,-189.1222037895453,132.96031752598418,717.7286544587787,-298.1231973443956,71.77385330344976,750.1729588852114,-271.25654823761806,86.85514027836174,0.5909843259901523,2.0339056566846602E-4
717.7286544587787,-189.1222037895453,132.96031752598418,717.7286544587787,-291.8279650815037,61.71056947422434,706.3530211994988,-270.3793472425663,76.59005235677247,1.0,2.6655030014067835E-5
717.7286544587787,-189.1222037895453,132.96031752598418,717.7286544587787,-285.71366013748593,53.61871078283913,679.7750940673899,-269.73844673627593,66.74098005219204,0.6576648247078095,1.599413172532502E-4
717.7286544587787,-189.1222037895453,132.96031752598418,717.7286544587787,-286.36390987750985,54.417013565035916,677.7244305848199,-275.81265790627947,62.93938759655731,0.7050341032673625,6.647190171443451E-4
717.7286544587787,-189.1222037895453,132.96031752598418,717.7286544587787,-292.85759950269176,63.21816616658809,707.3046508391304,-285.23885901082497,68.34030744632099,1.0,6.588636878653111E-4
717.7286544587787,-189.1222037895453,132.96031752598418,717.7286544587787,-306.17639005217166,89.10467389378593,783.1540528925215,-294.06232551495333,93.64334196063939,1.0,7.378331452796623E-4
717.7286544587787,-189.1222037895453,132.96031752598418,717.7286544587787,-308.64735396735637,96.37154226673678,798.6444687353903,-282.6101558247977,104.34199191521108,1.0,0.0023882666926142116
717.7286544587787,-189.1222037895453,132.96031752598418,717.7286544587787,-306.3297594187113,89.5162281301186,769.5527380528254,-273.6973839710995,101.61172682502286,0.18455456983264645,4.197983887650099E-4
717.7286544587787,-189.1222037895453,132.96031752598418,717.7286544587787,-294.58507708456233,65.85903321369118,697.527154201829,-262.4152530010549,86.32724581458828,0.6608666768270358,2.117595130638817E-4
717.7286544587787,-189.1222037895453,132.96031752598418,717.7286544587787,-277.893415362019,44.95649944997625,644.4525286980364,-257.3837365392978,65.28887986858246,0.06330132812132924,3.687209249000617E-4
717.7286544587787,-189.1222037895453,132.96031752598418,717.7286544587787,-273.26877370101016,40.52463841810423,630.2941792362857,-263.2585271336911,51.520974221940634,1.0,0.0025289089429111995
717.7286544587787,-189.1222037895453,132.96031752598418,717.7286544587787,-279.41769876096,46.52118525438381,649.7622025710266,-272.1656811091839,53.46348191310753,1.0,4.795697051530894E-4
717.7286544587787,-189.1222037895453,132.96031752598418,717.7286544587787,-292.31886385254205,62.42345232882438,706.4891104984379,-279.8679372245162,70.93389571531245,1.0,4.3839326953346644E-5
717.7286544587787,-189.1222037895453,132.96031752598418,717.7286544587787,-301.0864377434766,77.3814518024977,745.7780965077351,-276.4184729804742,89.62658985076698,0.8728153194313375,1.845286504454646E-4
717.7286544587787,-189.1222037895453,132.96031752598418,717.7286544587787,-297.88102868621434,71.34442666091857,715.9922426229325,-266.464279083556,89.14317555960935,1.0,3.2627030540663746E-4
717.7286544587787,-189.1222037895453,132.96031752598418,717.7286544587787,-296.6542576604785,69.22761485068,686.2760208721403,-269.35250074855173,85.40897373990697,0.5934769137448134,7.047906031991619E-6
717.7286544587787,-189.1222037895453,132.96031752598418,717.7286544587787,-295.99182346458593,68.12294874445377,672.6173394031864,-269.9730447817419,83.90843721006468,0.30901732528102915,3.6308507200866474E-6
717.7286544587787,-189.1222037895453,132.96031752598418,717.7286544587787,-295.86733090932836,67.91819397377111,664.3989365363941,-269.82681424472685,83.78524615650795,0.19666412962061508,7.762014005468197E-8
717.7286544587787,-189.1222037895453,132.96031752598418,717.7286544587787,-295.876501140053,67.9332462617839,659.9345778703612,-269.1469700485765,84.21496199859618,0.14939659939957245,6.232751133478995E-6
717.7286544587787,-189.1222037895453,132.96031752598418,717.7286544587787,-295.81176160658663,67.82708290030176,657.211657029743,-267.97413022270246,84.82176366802142,0.12298402700460001,1.988478768557172E-5
717.7286544587787,-189.1222037895453,132.96031752598418,717.7286544587787,-295.8346963057545,67.86466528270454,655.2883717188623,-267.03504195678147,85.43273290086685,0.10645003006590793,1.4608787245408514E-5
717.7286544587787,-189.1222037895453,132.96031752598418,717.7286544587787,-295.90294667770786,67.97668152235539,654.0933597302691,-266.1781042833668,86.06635093439718,0.09613944286932617,1.3323588573598907E-5
717.7286544587787,-189.1222037895453,132.96031752598418,717.7286544587787,-295.91258209842624,67.99251703492487,653.8853262253025,-265.9098490863094,86.24520611970195,0.09403072828701396,1.2248217075550827E-6
717.7286544587787,-189.1222037895453,132.96031752598418,717.7286544587787,-295.1733713830763,66.7927283901482,653.1273507577691,-265.7771525192333,85.13365735931234,0.09133365196185116,5.751547179479171E-6
717.7286544587787,-189.1222037895453,132.96031752598418,717.7286544587787,-294.5408147775031,65.78951689528141,652.687533624212,-265.78708167514657,84.11086694444359,0.09055893316067011,3.6434182813007046E-6
717.7286544587787,-189.1222037895453,132.96031752598418,717.7286544587787,-294.2379000909442,65.31646790850552,652.5302391063523,-265.91993455091324,83.53959033325137,0.09088417727285186,2.0885738382935515E-6
717.7286544587787,-189.1222037895453,132.96031752598418,717.7286544587787,-294.10615860120026,65.11218393260971,652.4941042291723,-266.0440203227797,83.24794296593822,0.09141259379961104,8.12706759296121E-7
717.7286544587787,-189.1222037895453,132.96031752598418,717.7286544587787,-294.04513630056704,65.01785485875689,652.4304639308183,-266.1270977687589,83.09607899236403,0.09148845219034897,2.7309357683798104E-7
717.7286544587787,-189.1222037895453,132.96031752598418,717.7286544587787,-293.96184135688236,64.88939572563395,652.4042443468029,-266.14338219059334,82.95153522223842,0.09159997677005244,1.0033353502496524E-7
717.7286544587787,-189.1222037895453,132.96031752598418,717.7286544587787,-293.9111040936192,64.81131626358224,652.4067637796288,-266.1597807214268,82.8592675832063,0.09178871686385327,4.8246321119930535E-8
717.7286544587787,-189.1222037895453,132.96031752598418,717.7286544587787,-293.88733070729774,64.77477520279643,652.4004255668425,-266.1636004241511,82.81854262993076,0.0918240033989866,7.594133163911037E-9
717.7286544587787,-189.1222037895453,132.96031752598418,717.7286544587787,-293.86931064787507,64.74709589843135,652.3929208206634,-266.1638521230977,82.78939452916748,0.09182752576009667,3.0533634078022634E-9
717.7286544587787,-189.1222037895453,132.96031752598418,717.7286544587787,-293.8550510285646,64.72520406371872,652.391737532075,-266.16622961226767,82.76491100174925,0.0918631122489704,2.7724751182027385E-9
717.7286544587787,-189.1222037895453,132.96031752598418,717.7286544587787,-293.8473505693537,64.71338622539322,652.4007462687149,-266.1728313948328,82.7482237687727,0.0919518719943124,2.5204165188139596E-9
717.7286544587787,-189.1222037895453,132.96031752598418,717.7286544587787,-293.847417731221,64.71348928561652,652.426838114653,-266.1856606765375,82.73997127102592,0.09213493751805564,2.7349383476987165E-9
717.7286544587787,-189.1222037895453,132.96031752598418,717.7286544587787,-293.8468681688084,64.71264598584514,652.4515354800994,-266.1988114260686,82.73051700492161,0.09231330443370082,3.077079640952732E-9
717.7286544587787,-189.1222037895453,132.96031752598418,717.7286544587787,-293.8328274422357,64.69110561999672,652.4405238437223,-266.199442684292,82.70751440366527,0.09228943554576363,2.0145850650861203E-9
717.7286544587787,-189.1222037895453,132.96031752598418,717.7286544587787,-293.82598615631184,64.68061367416021,652.4347973426582,-266.2006197463175,82.6957397243844,0.0922786887381972,6.467897531602403E-10
717.7286544587787,-189.1222037895453,132.96031752598418,717.7286544587787,-293.8205372872556,64.6722588128956,652.4296686028168,-266.20177044908445,82.68622243982747,0.09226774243379685,4.4650800521612466E-10
717.7286544587787,-189.1222037895453,132.96031752598418,717.7286544587787,-293.81509710297394,64.66391872148614,652.4248431093148,-266.2029243098362,82.67671696647417,0.09225842962441573,4.46042869080106E-10
717.7286544587787,-189.1222037895453,132.96031752598418,717.7286544587787,-293.81050056902745,64.65687312227152,652.4204259263638,-266.2044355621409,82.66833557231982,0.09225046806947054,4.016771833527267E-10
717.7286544587787,-189.1222037895453,132.96031752598418,717.7286544587787,-293.8070636020175,64.65160559227067,652.4169495559147,-266.2057469411574,82.66195008865094,0.09224416484334702,2.4741597858713585E-10
717.7286544587787,-189.1222037895453,132.96031752598418,717.7286544587787,-293.80392829795096,64.64680089899255,652.4133168634032,-266.20740002312,82.65582684887104,0.09223740262434424,2.6308858182950075E-10
717.7286544587787,-189.1222037895453,132.96031752598418,717.7286544587787,-293.80086612255775,64.6421087367371,652.4099612789477,-266.20907833751795,82.64980463917576,0.09223204938287248,2.5933281225565787E-10
717.7286544587787,-189.1222037895453,132.96031752598418,717.7286544587787,-293.799133265234,64.63945368819522,652.4071771303113,-266.21117180598463,82.64565016205432,0.09222795310868583,1.903339597977199E-10
717.7286544587787,-189.1222037895453,132.96031752598418,717.7286544587787,-293.79710025497945,64.63633893902949,652.404859151901,-266.21268538893713,82.64139109844106,0.09222521294302498,1.519650209962321E-10
717.7286544587787,-189.1222037895453,132.96031752598418,717.7286544587787,-293.79448092573443,64.63232619647987,652.4024441055809,-266.2137693525476,82.63646896278559,0.09222195204532485,1.522001658553122E-10
717.7286544587787,-189.1222037895453,132.96031752598418,717.7286544587787,-293.79204564416625,64.62859571152497,652.400786924639,-266.2143044426105,82.63220120730094,0.09222056729969189,9.091708406883172E-11
717.7286544587787,-189.1222037895453,132.96031752598418,717.7286544587787,-293.78939516176376,64.62453590133757,652.3984997446407,-266.2150045265149,82.6274794424711,0.09221681943667429,1.1794248794032577E-10
717.7286544587787,-189.1222037895453,132.96031752598418,717.7286544587787,-293.78739672797815,64.62147507777888,652.3964253170245,-266.21619899775754,82.62348400640326,0.0922142718339883,1.1921189999550565E-10
717.7286544587787,-189.1222037895453,132.96031752598418,717.7286544587787,-293.7859094788744,64.61919731730231,652.3949068108627,-266.21733856909924,82.62034686687917,0.09221333154870988,8.376145719973934E-11
717.7286544587787,-189.1222037895453,132.96031752598418,717.7286544587787,-293.784348551487,64.61680683308555,652.3932540699874,-266.21836919656437,82.61716225374423,0.092211483442493,7.97182581942926E-11
717.7286544587787,-189.1222037895453,132.96031752598418,717.7286544587787,-293.78286238119915,64.61453094655214,652.3921989130471,-266.21892712111793,82.61440656289975,0.09221115462614132,4.579986319935562E-11
717.7286544587787,-189.1222037895453,132.96031752598418,717.7286544587787,-293.7816396536143,64.61265857108782,652.391422991322,-266.2194489027903,82.61209835340998,0.09221158936119918,3.393111307616775E-11
717.7286544587787,-189.1222037895453,132.96031752598418,717.7286544587787,-293.78023950702016,64.61051460191015,652.3904846685548,-266.21988897715784,82.60955800379159,0.09221130235628215,3.631025213837897E-11
717.7286544587787,-189.1222037895453,132.96031752598418,717.7286544587787,-293.77919271382416,64.60891176645809,652.3898482364209,-266.2205312021366,82.60745419096506,0.09221246401374149,3.349863128365702E-11
717.7286544587787,-189.1222037895453,132.96031752598418,717.7286544587787,-293.7777808734586,64.60675006068594,652.3891345088132,-266.22102386605064,82.60486064126599,0.09221359576878313,3.9397537085513545E-11
717.7286544587787,-189.1222037895453,132.96031752598418,717.7286544587787,-293.7761392178719,64.60423660143408,652.3881181786412,-266.2211690894572,82.60212421323294,0.09221250279877323,3.077376681772135E-11
717.7286544587787,-189.1222037895453,132.96031752598418,717.7286544587787,-293.77504672754503,64.60256401554207,652.3871630581557,-266.22189467937187,82.59989235625989,0.09221231606931021,3.928120364343063E-11
717.7286544587787,-189.1222037895453,132.96031752598418,717.7286544587787,-293.7739309517299,64.60085584018921,652.3866839436218,-266.22230209086126,82.59783084067783,0.09221373018537851,2.534946148452605E-11
717.7286544587787,-189.1222037895453,132.96031752598418,717.7286544587787,-293.7730812697524,64.59955507688126,652.386283398465,-266.22271371432356,82.59619473428259,0.09221494429229382,1.8056700152430515E-11
717.7286544587787,-189.1222037895453,132.96031752598418,717.7286544587787,-293.77277640899695,64.59908837947985,652.3862223414927,-266.2235081154135,82.59518525211303,0.09221794066219177,1.7415014353287325E-11
717.7286544587787,-189.1222037895453,132.96031752598418,717.7286544587787,-293.7727719639618,64.59908157481225,652.3865281407142,-266.224285117324,82.59467053599244,0.09222214919856624,1.0210964190688393E-11
717.7286544587787,-189.1222037895453,132.96031752598418,717.7286544587787,-293.77246003925814,64.59860406830786,652.3866913438858,-266.22472913184,82.59387855868695,0.09222523596975668,7.614981616197154E-12
717.7286544587787,-189.1222037895453,132.96031752598418,717.7286544587787,-293.7723596849336,64.59845044300484,652.3867982993391,-266.225290662724,82.5933502585811,0.0922278921083473,6.772667178597849E-12
717.7286544587787,-189.1222037895453,132.96031752598418,717.7286544587787,-293.77200942939976,64.59791426556129,652.3866611020164,-266.22575125201865,82.59248576355827,0.0922294942094692,8.66177832766382E-12
717.7286544587787,-189.1222037895453,132.96031752598418,717.7286544587787,-293.77183889597734,64.59765321211597,652.3864537558982,-266.22651311898653,82.59171365574215,0.09223126686958308,1.3210728937465276E-11
717.7286544587787,-189.1222037895453,132.96031752598418,717.7286544587787,-293.77158312259564,64.59726167556643,652.3860071927508,-266.2277117436158,82.59051905959026,0.0922333719774166,3.226888747845959E-11
717.7286544587787,-189.1222037895453,132.96031752598418,717.7286544587787,-293.77154866707485,64.59720893148065,652.3851826086201,-266.22932477342005,82.5894098877271,0.09223424490311914,4.5023003504419667E-11
717.7286544587787,-189.1222037895453,132.96031752598418,717.7286544587787,-293.7717290148,64.59748500619473,652.3851176304743,-266.2306185426059,82.58885494855218,0.09223768311556914,2.2602737839055024E-11
717.7286544587787,-189.1222037895453,132.96031752598418,717.7286544587787,-293.7721671665048,64.59815573160385,652.3852533531909,-266.2319929132261,82.58866224870957,0.09224185414805,1.8544712515371986E-11
717.7286544587787,-189.1222037895453,132.96031752598418,717.7286544587787,-293.77204460175847,64.59796810776677,652.3854546304213,-266.2327257954283,82.58798625176297,0.09224563560580823,1.1365238152845223E-11
717.7286544587787,-189.1222037895453,132.96031752598418,717.7286544587787,-293.7713723564147,64.59693903820792,652.3852195174355,-266.23292173033826,82.58677640528106,0.09224661620598519,8.014610805501172E-12
717.7286544587787,-189.1222037895453,132.96031752598418,717.7286544587787,-293.77073104129937,64.59595733707518,652.3853481560667,-266.23320114471045,82.58556179690956,0.09224977063334734,9.483863285599814E-12
717.7286544587787,-189.1222037895453,132.96031752598418,717.7286544587787,-293.76978283282483,64.59450589194768,652.3851385159302,-266.233313471525,82.58396245302558,0.09225128061807605,1.1032165146819373E-11
717.7286544587787,-189.1222037895453,132.96031752598418,717.7286544587787,-293.7686202465402,64.59272635363716,652.384861311268,-266.2334950086368,82.58197289336923,0.09225316552849161,1.8079048910557863E-11
717.7286544587787,-189.1222037895453,132.96031752598418,717.7286544587787,-293.76782559618283,64.59151004258439,652.3851371906469,-266.23390293408744,82.58042754575524,0.09225790859806583,1.6555204075581738E-11
717.7286544587787,-189.1222037895453,132.96031752598418,717.7286544587787,-293.7673382461252,64.5907641080751,652.3856039632124,-266.2342242977581,82.57943328633806,0.09226266656176854,7.766937573553607E-12
717.7286544587787,-189.1222037895453,132.96031752598418,717.7286544587787,-293.7667520336081,64.58986687077775,652.3857986842245,-266.2345102457523,82.57830305947914,0.09226606910822041,8.645200450012672E-12
717.7286544587787,-189.1222037895453,132.96031752598418,717.7286544587787,-293.765876347248,64.58852660577871,652.3857315686026,-266.23470791135685,82.57676465284976,0.0922684576694077,1.1918997007887486E-11
717.7286544587787,-189.1222037895453,132.96031752598418,717.7286544587787,-293.7655008945288,64.58795197528714,652.3858349727352,-266.2350328967769,82.57594808970256,0.09227098451145102,6.0719650712983E-12
717.7286544587787,-189.1222037895453,132.96031752598418,717.7286544587787,-293.76532858053355,64.58768825097633,652.3861485992705,-266.23541231234145,82.57542287507852,0.0922743423672088,4.301389703781031E-12
717.7286544587787,-189.1222037895453,132.96031752598418,717.7286544587787,-293.76521607835986,64.58751606865756,652.3862950005447,-266.23564909338455,82.57508711138345,0.09227618192940444,1.714253120297501E-12
717.7286544587787,-189.1222037895453,132.96031752598418,717.7286544587787,-293.764956940072,64.58711946506317,652.3863154214469,-266.23578054913423,82.57458417868767,0.09227734598190712,1.7437105723413858E-12
717.7286544587787,-189.1222037895453,132.96031752598418,717.7286544587787,-293.76452665617944,64.58646093536113,652.3862002075036,-266.2360069051549,82.57374380567333,0.09227849502688697,4.953850135168453E-12
717.7286544587787,-189.1222037895453,132.96031752598418,717.7286544587787,-293.76406213401225,64.58575001571388,652.386194167966,-266.2363618084018,82.57276433382748,0.09228073952735785,8.154260294717412E-12
717.7286544587787,-189.1222037895453,132.96031752598418,717.7286544587787,-293.7633426050178,64.58464884624831,652.3861468372465,-266.2369649892316,82.57121222959711,0.09228418446117027,2.1549557564367004E-11
717.7286544587787,-189.1222037895453,132.96031752598418,717.7286544587787,-293.7640162499997,64.58567979391948,652.3858263305349,-266.23846331110036,82.57131733515823,0.09228571533223795,2.022842364508757E-11
717.7286544587787,-189.1222037895453,132.96031752598418,717.7286544587787,-293.76365046814215,64.58511999785725,652.3857155960592,-266.23894099069463,82.57041652386297,0.09228755428886608,9.36635370199596E-12
717.7286544587787,-189.1222037895453,132.96031752598418,717.7286544587787,-293.7638579560909,64.5854375386008,652.3858559256417,-266.23965721784543,82.57028245734494,0.09229015674819661,5.322882402839805E-12
717.7286544587787,-189.1222037895453,132.96031752598418,717.7286544587787,-293.7641668877434,64.58591033326803,652.3859527619122,-266.2404961157286,82.57023150887491,0.09229267937834659,6.2667565280338205E-12
717.7286544587787,-189.1222037895453,132.96031752598418,717.7286544587787,-293.7640140470046,64.58567642241506,652.386126605793,-266.24067242410274,82.56987031973625,0.09229456787149515,1.4004807639815212E-12
717.7286544587787,-189.1222037895453,132.96031752598418,717.7286544587787,-293.763873184447,64.58546084424705,652.3861723394402,-266.24097488180445,82.56944597933989,0.09229614341004036,2.7686625430177647E-12
717.7286544587787,-189.1222037895453,132.96031752598418,717.7286544587787,-293.7635182673526,64.58491767811022,652.3861475884147,-266.24098405347627,82.56886876943273,0.0922968932248188,1.2295398695693646E-12
717.7286544587787,-189.1222037895453,132.96031752598418,717.7286544587787,-293.7633954318163,64.58472969168828,652.3864401569296,-266.2413829665799,82.56841041205547,0.09230008189124149,4.018323067884237E-12
717.7286544587787,-189.1222037895453,132.96031752598418,717.7286544587787,-293.762081075941,64.58271825920639,652.3857906955474,-266.2415426326968,82.56619069895052,0.09230023784987185,2.135672758310275E-11
717.7286544587787,-189.1222037895453,132.96031752598418,717.7286544587787,-293.7620374127578,64.58265144043837,652.3857808438551,-266.2421457179273,82.56572633517973,0.09230225928866312,6.769667464675041E-12
717.7286544587787,-189.1222037895453,132.96031752598418,717.7286544587787,-293.7615852899148,64.58195955198681,652.3856394101821,-266.2423949081223,82.56483582762829,0.09230339294623031,5.6900196024318175E-12
717.7286544587787,-189.1222037895453,132.96031752598418,717.7286544587787,-293.722944593816,64.52286416017152,652.3233428825583,-266.227640817894,82.51230243255026,0.09201001397140927,1.9857950941890895E-8
717.7286544587787,-189.1222037895453,132.96031752598418,717.7286544587787,-293.4591787498234,64.12140660971316,651.9105672222887,-266.1556757079372,82.13557094903868,0.09018465511648138,8.387825109847933E-7
717.7286544587787,-189.1222037895453,132.96031752598418,717.7286544587787,-291.8936038680978,61.80528027707186,649.8956628013701,-266.50242983403786,79.38517052675422,0.08421344825311569,3.996073685923388E-5
717.7286544587787,-189.1222037895453,132.96031752598418,717.7286544587787,-284.57992954980386,52.25825687893956,644.2847050945519,-266.0263573291498,67.94385486113993,0.06966439590025332,7.093785717218648E-4
717.7286544587787,-189.1222037895453,132.96031752598418,717.7286544587787,-277.3078896030499,44.369771655660855,641.2461702803939,-264.9977739822869,56.73640295766725,1.0,9.551561921952855E-4
717.7286544587787,-189.1222037895453,132.96031752598418,717.7286544587787,-275.3830338823905,42.49447208311395,643.3817866512322,-263.8317061753588,54.60890021787117,1.0,6.593115168471369E-5
717.7286544587787,-189.1222037895453,132.96031752598418,717.7286544587787,-276.61813294617156,43.68847212656031,645.9458210660249,-264.10836443701965,56.452153032588114,1.0,2.6318925806216877E-5
717.7286544587787,-189.1222037895453,132.96031752598418,717.7286544587787,-278.3500993730488,45.419569015708134,648.0007807513064,-264.8818478001734,58.633158959795026,1.0,5.147698191614411E-5
717.7286544587787,-189.1222037895453,132.96031752598418,717.7286544587787,-278.9876623603418,46.074188852527556,649.3689045887626,-264.5154400459264,60.0666103034296,1.0,1.8734230974830754E-5
717.7286544587787,-189.1222037895453,132.96031752598418,717.7286544587787,-279.56834776182075,46.6788302848244,650.677756644201,-264.4205361019715,61.12915023280809,0.11161363416306036,7.490716968378231E-6
717.7286544587787,-189.1222037895453,132.96031752598418,717.7286544587787,-280.29646003809387,47.44859319812376,651.7241255780345,-264.7622057220087,62.018066285951676,0.11823065808278123,8.654925797142994E-6
717.7286544587787,-189.1222037895453,132.96031752598418,717.7286544587787,-282.3229940200953,49.66198200599307,653.1664227109549,-266.6393775396588,63.67923598552031,0.12987059813683152,7.638144850956124E-5
717.7286544587787,-189.1222037895453,132.96031752598418,717.7286544587787,-285.6005026211071,53.48115135919642,653.5212978094777,-269.0045392118181,67.15296511917643,0.13147389617711838,2.0363210031714617E-4
717.7286544587787,-189.1222037895453,132.96031752598418,717.7286544587787,-287.62370422738593,56.0028330849366,653.1199271506299,-269.92487786920555,69.8306138601543,0.1257562115195386,6.82145111839011E-5
717.7286544587787,-189.1222037895453,132.96031752598418,717.7286544587787,-288.4074140593909,57.01660796638639,652.7872070465568,-269.5020534692053,71.47740439193998,0.11969113396876548,2.1289578218619244E-5
717.7286544587787,-189.1222037895453,132.96031752598418,717.7286544587787,-288.97409848777266,57.7632489316958,652.7568809665884,-268.98571942355375,72.81621829320147,0.11619309398332531,1.771094247823853E-5
717.7286544587787,-189.1222037895453,132.96031752598418,717.7286544587787,-289.29343360116343,58.1891685577626,652.5020859895548,-268.52061801443284,73.69469136751334,0.1120097193481961,9.599831026443783E-6
717.7286544587787,-189.1222037895453,132.96031752598418,717.7286544587787,-288.89274339564105,57.65534141743956,651.5016063172188,-267.89957175739977,73.50060290346391,0.10446864239421778,4.39392492889897E-6
717.7286544587787,-189.1222037895453,132.96031752598418,717.7286544587787,-287.0838541175925,55.31680482205378,651.8246180874745,-265.6343195277704,72.31751077015915,0.10377069982933905,7.70475710409892E-5
717.7286544587787,-189.1222037895453,132.96031752598418,717.7286544587787,-281.50991902940024,48.761089068952145,658.2565410696272,-258.24870618574295,69.96061943211717,0.13513038144168682,6.129831610106716E-4
717.7286544587787,-189.1222037895453,132.96031752598418,717.7286544587787,-280.18219442169095,47.326923887325066,664.8579211591453,-255.90937158772334,70.15324067072277,0.1837416548401263,3.289200317313127E-5
717.7286544587787,-189.1222037895453,132.96031752598418,717.7286544587787,-280.0280722607792,47.16332994780218,668.8819560735544,-255.4990481690742,70.31383068766246,0.22459168081102213,1.3951186458164406E-6
717.7286544587787,-189.1222037895453,132.96031752598418,717.7286544587787,-280.6028089914165,47.77640547740913,672.8611953622924,-257.8428544556097,68.96977166830177,0.305519164117858,8.061522315756975E-5
717.7286544587787,-189.1222037895453,132.96031752598418,717.7286544587787,-282.0984568755763,49.4114314646948,675.0010447978597,-262.87657959823815,66.68429825835241,0.4150668029467363,3.5177476974295206E-4
717.7286544587787,-189.1222037895453,132.96031752598418,717.7286544587787,-282.8919190932213,50.30294948255113,672.5065481955505,-267.85259000673176,63.5600160674546,0.4282455440695952,4.299843357264083E-4
717.7286544587787,-189.1222037895453,132.96031752598418,717.7286544587787,-281.99305815465016,49.29428852080497,667.7416609271743,-272.6795687438165,57.68467838545362,0.3732566532410575,7.307742462394639E-4
717.7286544587787,-189.1222037895453,132.96031752598418,717.7286544587787,-278.1220511569701,45.18772972902397,659.0525281255457,-275.2685041650148,48.001927857366184,1.0,9.071849347117932E-4
717.7286544587787,-189.1222037895453,132.96031752598418,717.7286544587787,-273.94206809428016,41.14206977900109,652.1709115429389,-273.6628127805395,41.444366107719304,1.0,4.1359540364131845E-4
717.7286544587787,-189.1222037895453,132.96031752598418,717.7286544587787,-272.1868636250065,39.55120508817582,650.7725389551534,-269.4261435541467,42.65573127318726,1.0,1.698986512538664E-4
717.7286544587787,-189.1222037895453,132.96031752598418,717.7286544587787,-273.01607469256413,40.29523011487984,653.7421435324532,-266.26429017575043,47.75292274125465,1.0,4.441683658187184E-4
717.7286544587787,-189.1222037895453,132.96031752598418,717.7286544587787,-274.05441728137595,41.24598325168385,658.3918865954853,-262.7185461215455,53.48706156695809,0.19409630422862598,5.558760729624649E-4
717.7286544587787,-189.1222037895453,132.96031752598418,717.7286544587787,-275.63988901967616,42.74008618943752,661.4593319579706,-261.4713811285811,57.51493894038822,0.21726485724685848,1.725064124618954E-4
717.7286544587787,-189.1222037895453,132.96031752598418,717.7286544587787,-276.9289498937775,43.994170376706606,662.2810559146149,-264.4162711740804,56.6720666158721,0.24136592932794196,8.660016441130471E-5
717.7286544587787,-189.1222037895453,132.96031752598418,717.7286544587787,-277.4565173748581,44.51796882689304,659.6444535857044,-269.9782211936377,52.005411154678825,1.0,6.863737676931636E-4
717.7286544587787,-189.1222037895453,132.96031752598418,717.7286544587787,-277.47026788977337,44.531704680695285,657.3146117179847,-270.3056944245861,51.7028102346996,1.0,2.124996636471441E-6
717.7286544587787,-189.1222037895453,132.96031752598418,717.7286544587787,-281.183853543122,48.40469887973589,659.0190805108701,-270.88740614049067,57.86164954614759,1.0,2.57482004447628E-4
717.7286544587787,-189.1222037895453,132.96031752598418,717.7286544587787,-285.564657058668,53.43765907298044,659.9782588483796,-272.3410810319893,64.34130040780298,0.21227043095767914,3.4198993108755884E-4
717.7286544587787,-189.1222037895453,132.96031752598418,717.7286544587787,-288.52684214018836,57.17299751545825,659.486660114255,-272.51852956581337,69.3779320942966,0.1942820241300157,1.2127239100184405E-4
717.7286544587787,-189.1222037895453,132.96031752598418,717.7286544587787,-290.1690116407598,59.37674175611728,658.6833605731623,-271.86847880710815,72.70342344978107,0.17521617427917896,7.394665008954528E-5
717.7286544587787,-189.1222037895453,132.96031752598418,717.7286544587787,-291.15500450056004,60.75015495127212,657.950028254431,-271.2667252884244,74.82539218118131,0.16104684924211965,3.5209961324495486E-5
717.7286544587787,-189.1222037895453,132.96031752598418,717.7286544587787,-291.80460319330393,61.67690534133216,657.360805991799,-270.80504016427153,76.25506591985581,0.15100686841604968,1.696208524746847E-5
717.7286544587787,-189.1222037895453,132.96031752598418,717.7286544587787,-292.14125140057354,62.16430189433515,656.9987357402518,-270.5083609525235,77.03070267975605,0.14528047333878338,5.534003162106369E-6
717.7286544587787,-189.1222037895453,132.96031752598418,717.7286544587787,-292.33437933480445,62.44615710969187,656.744983921445,-270.3020260283859,77.4985759468083,0.14153956348037816,2.227051701747978E-6
717.7286544587787,-189.1222037895453,132.96031752598418,717.7286544587787,-292.48796492463754,62.67148893307723,656.6214509910528,-270.2488769691922,77.79409262889803,0.13975253627769374,5.195362974498365E-7
717.7286544587787,-189.1222037895453,132.96031752598418,717.7286544587787,-292.54633844148384,62.75740895733803,656.4927549655354,-270.1638810034476,77.9503193776392,0.13813035478932492,2.9409583321059975E-7
717.7286544587787,-189.1222037895453,132.96031752598418,717.7286544587787,-292.5777590837213,62.80372069593763,656.380675166121,-270.10932580433195,78.04030040886539,0.13688130247087368,1.0759057940786824E-7
717.7286544587787,-189.1222037895453,132.96031752598418,717.7286544587787,-292.6127953544637,62.855414291308506,656.3613206707377,-270.0961310329416,78.10828462047061,0.13655083004674545,2.8293942338780723E-8
717.7286544587787,-189.1222037895453,132.96031752598418,717.7286544587787,-292.635152170786,62.88842931521455,656.3452574973286,-270.0880581359676,78.15142276089088,0.13631203601082567,1.120214765292403E-8
717.7286544587787,-189.1222037895453,132.96031752598418,717.7286544587787,-292.6466309164639,62.90538916228289,656.3325987556874,-270.0745409477587,78.17991122110135,0.13611402269600192,8.674632263621128E-9
717.7286544587787,-189.1222037895453,132.96031752598418,717.7286544587787,-292.65830502236656,62.92264379600525,656.3228644559684,-270.05912587132497,78.21000653324771,0.13593084383095475,1.0324532455570594E-8
717.7286544587787,-189.1222037895453,132.96031752598418,717.7286544587787,-292.6675566430141,62.936322335402295,656.3172011812187,-270.0481687026269,78.23300025191892,0.13580759150061641,5.669041860242107E-9
717.7286544587787,-189.1222037895453,132.96031752598418,717.7286544587787,-292.6753626750812,62.94786659883151,656.3112008705712,-270.0381858107618,78.25289689823856,0.13569074672618306,4.43171583411827E-9
717.7286544587787,-189.1222037895453,132.96031752598418,717.7286544587787,-292.6817327194171,62.95728924989423,656.297899436412,-270.0321456345907,78.26770734009776,0.13553746757935642,2.078965898928688E-9
717.7286544587787,-189.1222037895453,132.96031752598418,717.7286544587787,-292.6876197009787,62.96599899160731,656.2874319137592,-270.0280738243251,78.28037259766865,0.13541695628447792,1.2875531186216098E-9
717.7286544587787,-189.1222037895453,132.96031752598418,717.7286544587787,-292.69055122442904,62.97033674582386,656.2847373615085,-270.02028359682026,78.29057342851328,0.1353523773897672,1.7402638883139268E-9
717.7286544587787,-189.1222037895453,132.96031752598418,717.7286544587787,-292.6933193588687,62.97443309400846,656.2818149351097,-270.0128962406934,78.30022602856934,0.13528827372037946,1.5617225428557805E-9
717.7286544587787,-189.1222037895453,132.96031752598418,717.7286544587787,-292.69590458113817,62.97825908002534,656.2807582094581,-270.006445209337,78.3089372321908,0.13524364135080716,1.228537128331537E-9
717.7286544587787,-189.1222037895453,132.96031752598418,717.7286544587787,-292.70010042023637,62.98446933847109,656.2811306022616,-270.0004650626679,78.32004082006506,0.13520701071113206,1.4671997700278395E-9
717.7286544587787,-189.1222037895453,132.96031752598418,717.7286544587787,-292.7024016066471,62.987875663704855,656.280222283106,-269.9951972539712,78.32747309552377,0.13516957476282376,8.54529474641433E-10
717.7286544587787,-189.1222037895453,132.96031752598418,717.7286544587787,-292.70348927083694,62.989485759860614,656.2777604830426,-269.9902883195743,78.33261994907667,0.13512538757015094,5.676667957004323E-10
717.7286544587787,-189.1222037895453,132.96031752598418,717.7286544587787,-292.70451759323583,62.99100806052081,656.2769013900617,-269.9852285077852,78.33776862688481,0.1350934929182738,5.884490363191207E-10
717.7286544587787,-189.1222037895453,132.96031752598418,717.7286544587787,-292.7073209287271,62.99515828753189,656.2773549732935,-269.98146782501846,78.3450268318154,0.13507165487221837,6.058903215018567E-10
717.7286544587787,-189.1222037895453,132.96031752598418,717.7286544587787,-292.7098428302575,62.998892169069734,656.2766189617597,-269.9775900844327,78.35189005954663,0.13504081033451018,5.851075578185264E-10
717.7286544587787,-189.1222037895453,132.96031752598418,717.7286544587787,-292.71149683904775,63.001341221979445,656.2733669742806,-269.9739467670524,78.3571340830978,0.13499389998623162,4.167787439876937E-10
717.7286544587787,-189.1222037895453,132.96031752598418,717.7286544587787,-292.71294871492506,63.00349108420721,656.2706557145177,-269.97007196810785,78.36219405047981,0.13495097833233466,4.2930327782208275E-10
717.7286544587787,-189.1222037895453,132.96031752598418,717.7286544587787,-292.71500334986877,63.006533645091494,656.2685627708329,-269.96724791109244,78.36755848941894,0.1349154519972082,3.3554236348751524E-10
717.7286544587787,-189.1222037895453,132.96031752598418,717.7286544587787,-292.71658105838856,63.008870090776895,656.265844306666,-269.9644829509638,78.37208030316037,0.13487681670796117,2.7333396689925116E-10
717.7286544587787,-189.1222037895453,132.96031752598418,717.7286544587787,-292.73242115411995,63.03233415976952,656.2046427190647,-269.9930577208214,78.37944826075477,0.13446134105571358,9.083323156484728E-9
717.7286544587787,-189.1222037895453,132.96031752598418,717.7286544587787,-292.7481448562238,63.05563715302725,656.1575512282534,-270.01261750403916,78.39272124901086,0.13412032952631675,6.565752520362237E-9
717.7286544587787,-189.1222037895453,132.96031752598418,717.7286544587787,-292.74892308234695,63.0567908008547,656.1643366548817,-270.00496475255653,78.39919389719759,0.13413884092956688,1.1671857108460927E-9
717.7286544587787,-189.1222037895453,132.96031752598418,717.7286544587787,-292.7492181057348,63.057228152822375,656.167454417686,-270.00033417417177,78.40281421550313,0.1341428214701844,4.0416590683581396E-10
717.7286544587787,-189.1222037895453,132.96031752598418,717.7286544587787,-292.7505231458067,63.059162833113106,656.1706129774192,-269.99693909218564,78.40730134032427,0.13414901631432366,3.3320163337177576E-10
717.7286544587787,-189.1222037895453,132.96031752598418,717.7286544587787,-292.7520554261194,63.06143448926008,656.1729634260486,-269.99390220216293,78.41192920879269,0.13414959879499572,3.064376936782746E-10
717.7286544587787,-189.1222037895453,132.96031752598418,717.7286544587787,-292.7535319123548,63.06362353046963,656.17408012525,-269.9915713957102,78.41598673751523,0.13414362622798173,2.0749219103293846E-10
717.7286544587787,-189.1222037895453,132.96031752598418,717.7286544587787,-292.7541025055822,63.06446951976088,656.1747357708117,-269.98901630872933,78.41867053680318,0.13413606348142149,1.5396697779172061E-10
717.7286544587787,-189.1222037895453,132.96031752598418,717.7286544587787,-292.75518311669185,63.066071727211764,656.175260467947,-269.986983180121,78.42186071537435,0.13412799307345716,1.4149963026626653E-10
717.7286544587787,-189.1222037895453,132.96031752598418,717.7286544587787,-292.7562794716283,63.067697332430996,656.1759320602865,-269.9846506585692,78.42527922182953,0.1341197574316148,1.7382061302544153E-10
717.7286544587787,-189.1222037895453,132.96031752598418,717.7286544587787,-292.7570597630711,63.06885433235401,656.1762705482897,-269.9824328582119,78.42808828040185,0.13411042761696657,1.3664564198872074E-10
717.7286544587787,-189.1222037895453,132.96031752598418,717.7286544587787,-292.7578504334464,63.07002675036594,656.1766760899795,-269.9804571223756,78.43075149299526,0.1341026193002116,1.1495669723089851E-10
717.7286544587787,-189.1222037895453,132.96031752598418,717.7286544587787,-292.7588631830431,63.071528512608666,656.1768661125419,-269.97871914021056,78.4336280825965,0.13409338478154637,1.0930498093110426E-10
717.7286544587787,-189.1222037895453,132.96031752598418,717.7286544587787,-292.74514457810625,63.051189779098394,656.1420311679688,-269.9694746869815,78.41677585321321,0.13382513896195347,3.4315497339504298E-9
717.7286544587787,-189.1222037895453,132.96031752598418,717.7286544587787,-292.46545784383983,62.638401728207924,654.5368903330578,-271.7730917266432,76.7189224265959,0.12932358040465963,7.25061969426808E-5
