717.7286544587787,-189.1222037895453,132.96031752598418,717.7286544587787,-309.59746192834166,166.2876663012824,707.4927218966858,-326.5796794279882,170.9854963315501,1.0,1.0
717.7286544587787,-189.1222037895453,132.96031752598418,717.7286544587787,-309.5833969345041,166.33846825506032,707.6238704958542,-326.57657961523375,171.047046993788,1.0,4.3983419085702336E-9
717.7286544587787,-189.1222037895453,132.96031752598418,717.7286544587787,-309.5944111238281,166.2986927114306,707.7627264937008,-326.2912536499628,170.91922397640553,1.0,1.1279284486532181E-6
717.7286544587787,-189.1222037895453,132.96031752598418,717.7286544587787,-309.69554023948945,165.93107028245873,707.9290056160528,-324.7454446580788,170.04646338846175,1.0,3.577010658175966E-5
717.7286544587787,-189.1222037895453,132.96031752598418,717.7286544587787,-309.87838638127533,165.25496670928933,708.2803642750232,-321.10391882978007,168.25708738368945,1.0,1.9835739466145713E-4
717.7286544587787,-189.1222037895453,132.96031752598418,717.7286544587787,-310.2493464347872,163.83450277190158,709.2598073465144,-315.412902212281,165.15064524930554,1.0,5.11722782519837E-4
717.7286544587787,-189.1222037895453,132.96031752598418,717.7286544587787,-310.68770265973683,162.06065230827602,711.9155960988634,-307.84654511947105,161.3805363513691,1.0,9.030294146289169E-4
717.7286544587787,-189.1222037895453,132.96031752598418,717.7286544587787,-310.79819569484914,161.5951388779751,712.507484579995,-305.12775671068124,160.2606767153376,1.0,1.0366326677485783E-4
717.7286544587787,-189.1222037895453,132.96031752598418,717.7286544587787,-311.07584802050815,160.38856316415323,708.5789470226592,-305.1828482251165,159.06318541957702,1.0,7.33369191556356E-7
717.7286544587787,-189.1222037895453,132.96031752598418,717.7286544587787,-311.2647480804939,159.53472013702427,703.1609115812187,-304.85822276774536,158.14086033176872,1.0,1.8238508936656123E-6
717.7286544587787,-189.1222037895453,132.96031752598418,717.7286544587787,-311.1628095627581,159.99900356113113,702.4719806829447,-304.1634296891116,158.44825712190135,1.0,6.564322303625502E-6
717.7286544587787,-189.1222037895453,132.96031752598418,717.7286544587787,-311.0796741261569,160.37154568333796,703.0582163783547,-304.0960952326802,158.80191264752955,1.0,2.356820428548184E-7
717.7286544587787,-189.1222037895453,132.96031752598418,717.7286544587787,-310.97266524694084,160.84337766327474,704.3431107461635,-303.9654919040495,159.2399250921856,1.0,5.594077423859028E-7
717.7286544587787,-189.1222037895453,132.96031752598418,717.7286544587787,-310.9087096458413,161.12140754953214,705.9906872234232,-304.0724340382904,159.54063329661784,1.0,3.0464349101518515E-7
717.7286544587787,-189.1222037895453,132.96031752598418,717.7286544587787,-310.85256576868426,161.36311619843553,710.3478012826125,-304.10053341987606,159.78769481370375,1.0,6.294960037276513E-10
717.7286544587787,-189.1222037895453,132.96031752598418,717.7286544587787,-310.74574312411727,161.81711360129066,715.6289121610125,-304.28682830993193,160.2846504886361,1.0,3.9670174799445007E-7
717.7286544587787,-189.1222037895453,132.96031752598418,717.7286544587787,-310.5200364600241,162.75236718542243,722.1023095420833,-305.41690829937903,161.50001659368584,1.0,1.767913270670114E-5
717.7286544587787,-189.1222037895453,132.96031752598418,717.7286544587787,-310.59747723566585,162.43501754464842,724.7991124326616,-306.81223785652656,161.516568941621,1.0,2.124596232542735E-5
717.7286544587787,-189.1222037895453,132.96031752598418,717.7286544587787,-310.6986226645431,162.01499655589393,724.852643698751,-307.56216280218683,161.26543644025463,1.0,7.387010932207394E-6
717.7286544587787,-189.1222037895453,132.96031752598418,717.7286544587787,-310.80537742712806,161.5646048529897,724.3556646270879,-307.8328978346216,160.86585861062957,1.0,1.477862322086455E-6
717.7286544587787,-189.1222037895453,132.96031752598418,717.7286544587787,-310.8612690814328,161.32578917476084,723.8821284041904,-307.8679472239593,160.62833855707908,1.0,8.896864183566476E-8
717.7286544587787,-189.1222037895453,132.96031752598418,717.7286544587787,-310.926026254318,161.04641431728183,723.0694167169889,-307.7595758529694,160.31627932925352,1.0,3.518044292263346E-7
717.7286544587787,-189.1222037895453,132.96031752598418,717.7286544587787,-311.0113184756884,160.67391925921712,721.622266480912,-307.6087342024379,159.90028278105058,1.0,6.261520886381073E-7
717.7286544587787,-189.1222037895453,132.96031752598418,717.7286544587787,-311.10860880383575,160.24249104074465,719.342984196854,-307.37673348693386,159.40785975605976,1.0,1.152291200511344E-6
717.7286544587787,-189.1222037895453,132.96031752598418,717.7286544587787,-311.25947342573704,159.55895218673678,715.8746331896776,-306.92804697876875,158.61566902700997,1.0,3.6769025057490964E-6
717.7286544587787,-189.1222037895453,132.96031752598418,717.7286544587787,-311.34505709172896,159.1628771466184,712.1280599835757,-306.4964223051703,158.1234099877281,1.0,2.59668664523039E-6
717.7286544587787,-189.1222037895453,132.96031752598418,717.7286544587787,-311.5240134602689,158.3137588965742,705.6417256547516,-305.18565276605625,157.00087588709357,1.0,2.1507725396694436E-5
717.7286544587787,-189.1222037895453,132.96031752598418,717.7286544587787,-311.61269663741143,157.88177739267056,701.5022335658219,-304.4770729606488,156.42998995227646,1.0,6.48746698994513E-6
717.7286544587787,-189.1222037895453,132.96031752598418,717.7286544587787,-311.54862130007535,158.19466506138482,699.5005715255264,-303.6438761575511,156.56535097900493,1.0,8.151640536929082E-6
717.7286544587787,-189.1222037895453,132.96031752598418,717.7286544587787,-311.49666288753707,158.4454457476341,698.8218638416702,-302.9848914514706,156.67282433594042,1.0,5.257318852270966E-6
717.7286544587787,-189.1222037895453,132.96031752598418,717.7286544587787,-311.4316010316991,158.75588587136141,698.823477965573,-302.7274724188136,156.92014839261225,1.0,1.082854194630717E-6
717.7286544587787,-189.1222037895453,132.96031752598418,717.7286544587787,-311.4080956263771,158.8670860946552,698.9176441493377,-302.6935313275653,157.020869846199,1.0,3.432033285992491E-8
717.7286544587787,-189.1222037895453,132.96031752598418,717.7286544587787,-311.40307657497414,158.89076586059198,699.1556190009193,-302.66208726559233,157.0371826589247,1.0,1.3530055191109905E-8
717.7286544587787,-189.1222037895453,132.96031752598418,717.7286544587787,-311.37451861797615,159.0250737897636,699.5781749121087,-302.73417843317685,157.18291348982171,1.0,1.1800848314150919E-7
717.7286544587787,-189.1222037895453,132.96031752598418,717.7286544587787,-311.37030008597145,159.04485225251742,700.1755647032566,-302.83198540534977,157.2230000311732,1.0,1.2391931446029558E-7
717.7286544587787,-189.1222037895453,132.96031752598418,717.7286544587787,-311.35924564756516,159.09660643242037,700.6066624750036,-302.94854167063625,157.29825966530166,1.0,1.9590590419782108E-7
717.7286544587787,-189.1222037895453,132.96031752598418,717.7286544587787,-311.35076497176306,159.13623835648912,700.8243145113793,-303.02873902576164,157.35403057947707,1.0,9.514752475575003E-8
717.7286544587787,-189.1222037895453,132.96031752598418,717.7286544587787,-311.35328064111525,159.1244886709985,700.9712064050933,-303.0976989158554,157.35734026058523,1.0,5.447602333452647E-8
717.7286544587787,-189.1222037895453,132.96031752598418,717.7286544587787,-311.34957373710427,159.14180021323028,701.1669386331173,-303.14417893520596,157.38417913343375,1.0,3.049934506678895E-8
717.7286544587787,-189.1222037895453,132.96031752598418,717.7286544587787,-311.35113300242824,159.13451977690383,701.2646697998678,-303.17250895391203,157.38314257546193,1.0,9.141724905638531E-9
717.7286544587787,-189.1222037895453,132.96031752598418,717.7286544587787,-311.35675751742025,159.10824048264075,701.2555550525924,-303.1583886018493,157.35447845515515,1.0,4.610475009648578E-9
717.7286544587787,-189.1222037895453,132.96031752598418,717.7286544587787,-311.3583981085676,159.10056998081365,701.1942471644951,-303.1373553816877,157.3424971487872,1.0,6.252412249200063E-9
717.7286544587787,-189.1222037895453,132.96031752598418,717.7286544587787,-311.3610918225429,159.0879705483335,701.1722928885948,-303.12546606379334,157.32766680449998,1.0,2.54907784549947E-9
717.7286544587787,-189.1222037895453,132.96031752598418,717.7286544587787,-311.36517749910354,159.06884828978355,701.0977576171592,-303.11145444009173,157.30602646156063,1.0,3.894468243636847E-9
717.7286544587787,-189.1222037895453,132.96031752598418,717.7286544587787,-311.3847083158681,158.9772348481975,700.2322817984676,-302.7842540880893,157.14709643049946,1.0,1.4487484941691547E-6
717.7286544587787,-189.1222037895453,132.96031752598418,717.7286544587787,-311.53241395546183,158.27316894845634,695.7626971152513,-302.4629600823008,156.39772295368905,1.0,1.747803953206209E-6
717.7286544587787,-189.1222037895453,132.96031752598418,717.7286544587787,-311.4157577232276,158.83089282437166,696.5202617584093,-302.8600611308649,157.0209790079582,1.0,3.1322316994534033E-6
717.7286544587787,-189.1222037895453,132.96031752598418,717.7286544587787,-311.01923062777064,160.6390972678905,707.7145522252114,-303.4951367547471,158.93062461297305,1.0,3.277659412734693E-6
717.7286544587787,-189.1222037895453,132.96031752598418,717.7286544587787,-310.869793118906,161.28918076631453,714.7858058158237,-302.55788061716595,159.35512167057027,1.0,7.763753801031965E-6
717.7286544587787,-189.1222037895453,132.96031752598418,717.7286544587787,-311.7146678180235,157.37522615629223,702.5828717941031,-304.13405324786584,155.86550846231566,1.0,3.0222734054669022E-5
717.7286544587787,-189.1222037895453,132.96031752598418,717.7286544587787,-311.86556590475476,156.60491641567916,695.5202155492017,-303.5271902085943,154.99865807852981,1.0,3.6812707080338037E-6
717.7286544587787,-189.1222037895453,132.96031752598418,717.7286544587787,-311.4703749568994,158.5713505391961,699.6892177376641,-303.4397383942759,156.8903045851775,1.0,1.7983703631209554E-6
717.7286544587787,-189.1222037895453,132.96031752598418,717.7286544587787,-311.11118330495196,160.230977158448,708.6455251534832,-303.6168212911006,158.5556111011691,1.0,4.918425050598615E-7
717.7286544587787,-189.1222037895453,132.96031752598418,717.7286544587787,-311.0157433574426,160.65445068825255,713.1578855291328,-303.6165132455808,158.9733504039998,1.0,1.3482525912433661E-9
717.7286544587787,-189.1222037895453,132.96031752598418,717.7286544587787,-311.5151319939914,158.35659925267203,706.007446035187,-303.9625737448787,156.78945889688862,1.0,3.7159997287815695E-6
717.7286544587787,-189.1222037895453,132.96031752598418,717.7286544587787,-311.6245738013117,157.82332903907866,700.7576329564808,-303.47482788155054,156.16926123114683,1.0,2.8398406387925574E-6
717.7286544587787,-189.1222037895453,132.96031752598418,717.7286544587787,-311.46400402655246,158.60176668098003,699.9729101948507,-302.5554613200247,156.73463750344612,1.0,1.225508143733881E-5
717.7286544587787,-189.1222037895453,132.96031752598418,717.7286544587787,-311.43959895720576,158.71793464011932,700.6722311012861,-302.30718755889825,156.79482995166566,1.0,7.578140525463545E-7
717.7286544587787,-189.1222037895453,132.96031752598418,717.7286544587787,-311.39925613324215,158.90877547894988,700.9961247610764,-302.2588445312699,156.96908539335712,1.0,8.097186854554474E-8
717.7286544587787,-189.1222037895453,132.96031752598418,717.7286544587787,-311.4327194867918,158.7505821596324,700.7038176566399,-302.19612154199325,156.80296298761766,1.0,1.0673653768611307E-7
717.7286544587787,-189.1222037895453,132.96031752598418,717.7286544587787,-311.4649429207456,158.5972865721695,700.025495739573,-302.17995455262655,156.65161361210616,1.0,2.3757036274775007E-8
717.7286544587787,-189.1222037895453,132.96031752598418,717.7286544587787,-311.4679070883582,158.5831371272469,699.5306155582516,-302.1672413663354,156.63530182497234,1.0,2.5776762790477184E-9
717.7286544587787,-189.1222037895453,132.96031752598418,717.7286544587787,-311.3451578234052,159.16240727540992,701.018327421634,-302.5114016422333,157.26863147762083,1.0,2.4968602896560766E-6
717.7286544587787,-189.1222037895453,132.96031752598418,717.7286544587787,-311.25716741875743,159.5695388466284,702.7279193102818,-303.0070390344271,157.7721052078152,1.0,3.979041187482235E-6
717.7286544587787,-189.1222037895453,132.96031752598418,717.7286544587787,-311.1109985460785,160.23180362132587,705.9220465360736,-303.98890953557117,158.63960860204165,1.0,1.4602107043129174E-5
717.7286544587787,-189.1222037895453,132.96031752598418,717.7286544587787,-310.95212059523374,160.93300726292284,708.5731606526705,-304.84469048760576,159.530714197557,1.0,1.202502251178453E-5
717.7286544587787,-189.1222037895453,132.96031752598418,717.7286544587787,-310.8426475978952,161.40559057966271,708.9311858149943,-305.06344586309126,160.05502886434704,1.0,1.2944708640046314E-6
717.7286544587787,-189.1222037895453,132.96031752598418,717.7286544587787,-310.82573273618436,161.47787425748893,709.134014120075,-305.1225140800679,160.1414967260758,1.0,6.987742740138696E-8
717.7286544587787,-189.1222037895453,132.96031752598418,717.7286544587787,-310.8857467999148,161.22052972550426,709.0001477793194,-305.10676402309036,159.87928032085676,1.0,6.496933642795583E-8
717.7286544587787,-189.1222037895453,132.96031752598418,717.7286544587787,-311.1183428083234,160.19893100962096,708.6949160324509,-305.2392303245496,158.8862757579028,1.0,1.3804332202435486E-6
717.7286544587787,-189.1222037895453,132.96031752598418,717.7286544587787,-311.4741960785798,158.55308960921198,707.902483616736,-305.1483978928516,157.22990141927724,1.0,2.0400868205031513E-6
717.7286544587787,-189.1222037895453,132.96031752598418,717.7286544587787,-312.3121278082634,154.15566183228083,707.3038430834624,-305.7455823780246,153.0258600858677,1.0,1.825648802349601E-5
717.7286544587787,-189.1222037895453,132.96031752598418,717.7286544587787,-311.989399948858,155.9527534114872,706.6409744925799,-305.12937391271066,154.66902013084422,1.0,9.597186620310334E-6
717.7286544587787,-189.1222037895453,132.96031752598418,717.7286544587787,-311.91814797686646,156.33030022055004,707.5708636824052,-303.72517406464897,154.7710495481217,1.0,2.339197826812501E-5
717.7286544587787,-189.1222037895453,132.96031752598418,717.7286544587787,-312.35223559567845,153.92121590986585,709.6363168767958,-305.5114129519928,152.7576214013289,1.0,5.206284399081262E-5
717.7286544587787,-189.1222037895453,132.96031752598418,717.7286544587787,-312.2623125990497,154.44318517402897,707.8259675203303,-306.58245909493235,153.45228511499135,1.0,1.612248528265046E-5
717.7286544587787,-189.1222037895453,132.96031752598418,717.7286544587787,-311.8999985293967,156.42546442130353,707.1669211929603,-305.32130191569394,155.16815170651367,1.0,2.8977302916063195E-5
717.7286544587787,-189.1222037895453,132.96031752598418,717.7286544587787,-311.73296078046513,157.28319297510816,707.6663886402413,-304.21647413294727,155.79211198817552,1.0,1.735824408084656E-5
717.7286544587787,-189.1222037895453,132.96031752598418,717.7286544587787,-311.8115261117831,156.88374094551256,710.7416005892962,-303.26939525942885,155.2180946658049,1.0,1.1962413783757868E-5
717.7286544587787,-189.1222037895453,132.96031752598418,717.7286544587787,-311.96313245071457,156.09268112466384,713.6224272817122,-305.20895431382024,154.820791485146,1.0,4.5927582289626946E-5
717.7286544587787,-189.1222037895453,132.96031752598418,717.7286544587787,-311.9358890939625,156.23688733228465,714.4455902724338,-307.6978351890092,155.43365960308662,1.0,8.007753313579823E-5
717.7286544587787,-189.1222037895453,132.96031752598418,717.7286544587787,-311.6311766690094,157.79077390557438,712.1735269818515,-307.6935209830906,156.99267899506322,1.0,9.51558904569568E-7
717.7286544587787,-189.1222037895453,132.96031752598418,717.7286544587787,-311.3371520944968,159.1997232131951,707.6811058542611,-308.3595120269212,158.56042739212538,1.0,9.468554482920404E-6
717.7286544587787,-189.1222037895453,132.96031752598418,717.7286544587787,-310.75749506390804,161.76753739533183,701.7135126208457,-307.5826292209187,161.0156252040881,1.0,1.606440547499524E-5
717.7286544587787,-189.1222037895453,132.96031752598418,717.7286544587787,-310.2026476254908,164.0171383628061,700.0464822379765,-303.77749101426167,162.36910230180658,1.0,2.017670528290907E-4
717.7286544587787,-189.1222037895453,132.96031752598418,717.7286544587787,-310.9342263535558,161.01082837454103,703.9076535182638,-301.4284973821091,158.82187733321922,1.0,1.1021438420072451E-4
717.7286544587787,-189.1222037895453,132.96031752598418,717.7286544587787,-311.53998489357366,158.23652906106588,707.1670059426724,-303.3821298759261,156.55213593419356,1.0,6.541623784384354E-5
717.7286544587787,-189.1222037895453,132.96031752598418,717.7286544587787,-311.4729254658465,158.55916330637564,708.566001794496,-305.0467078215833,157.2146370774095,1.0,3.7315478874120273E-5
717.7286544587787,-189.1222037895453,132.96031752598418,717.7286544587787,-311.3195978791897,159.28135241635528,704.3944633688789,-306.625242512031,158.2701991726442,1.0,3.4618078879692254E-5
717.7286544587787,-189.1222037895453,132.96031752598418,717.7286544587787,-310.5693154810642,162.55084070128026,703.9385080202616,-304.3549699500888,161.03671876875788,1.0,9.933356000918053E-5
717.7286544587787,-189.1222037895453,132.96031752598418,717.7286544587787,-311.20021413980135,159.82961950654877,706.3742079717664,-303.1236720354091,158.05197709462684,1.0,3.8833105997572765E-5
717.7286544587787,-189.1222037895453,132.96031752598418,717.7286544587787,-311.256721714164,159.57158452552767,708.1082687595489,-304.3119969872977,158.05843388568124,1.0,1.5838188971783656E-5
717.7286544587787,-189.1222037895453,132.96031752598418,717.7286544587787,-311.42313393154035,158.7959999517077,708.1083679265726,-306.36813416701074,157.7281473325423,1.0,5.259111249622895E-5
717.7286544587787,-189.1222037895453,132.96031752598418,717.7286544587787,-310.8762335240497,161.26148788004227,704.422496088444,-305.6958411179742,160.05732923079748,1.0,1.4724182066668547E-5
717.7286544587787,-189.1222037895453,132.96031752598418,717.7286544587787,-310.92210451456793,161.06341670338145,705.3025281833416,-303.7801996713613,159.41555279766862,1.0,4.8936999333868356E-5
717.7286544587787,-189.1222037895453,132.96031752598418,717.7286544587787,-311.36082175885906,159.0892340161902,707.5712733124558,-304.2015176235269,157.5589086330364,1.0,7.0079494506297934E-6
717.7286544587787,-189.1222037895453,132.96031752598418,717.7286544587787,-311.3490177043783,159.14439589870506,708.8909229557707,-305.0442598005083,157.7937571166863,1.0,8.943687427896564E-6
717.7286544587787,-189.1222037895453,132.96031752598418,717.7286544587787,-311.0851998886477,160.34694898241437,709.081308212829,-305.13349353007163,159.01050109418136,1.0,1.4318108567868267E-6
717.7286544587787,-189.1222037895453,132.96031752598418,717.7286544587787,-311.1570894976556,160.02480847276638,708.683342595761,-305.2105761494957,158.706010526242,1.0,2.3168290844429976E-7
717.7286544587787,-189.1222037895453,132.96031752598418,717.7286544587787,-311.33417370065894,159.21359180644407,708.2622804845576,-305.54665462216263,157.97033121681716,1.0,2.7372112136880556E-6
717.7286544587787,-189.1222037895453,132.96031752598418,717.7286544587787,-311.2166011354454,159.7550583670795,705.748088953325,-305.88851457016887,158.58576066137852,1.0,2.285005944884707E-6
717.7286544587787,-189.1222037895453,132.96031752598418,717.7286544587787,-310.99743881337776,160.73489381232199,701.2909774005084,-306.2757486857773,159.6588512297264,1.0,3.3612544340354098E-6
717.7286544587787,-189.1222037895453,132.96031752598418,717.7286544587787,-310.38653027348755,163.29121138679662,701.2944071990506,-304.0624245913151,161.70941248705233,1.0,8.524547072940726E-5
717.7286544587787,-189.1222037895453,132.96031752598418,717.7286544587787,-310.8684888093554,161.29478565007562,703.6871848766114,-303.0723254208195,159.4803553946741,1.0,2.4635701968094316E-5
717.7286544587787,-189.1222037895453,132.96031752598418,717.7286544587787,-310.9252627765727,161.04972516307618,705.6390049188163,-303.6602229047785,159.37431020916858,1.0,4.010444590204218E-6
717.7286544587787,-189.1222037895453,132.96031752598418,717.7286544587787,-311.0749621117316,160.39250186501215,707.6073049745808,-304.5157166730382,158.91705815652463,1.0,1.0077812079466937E-5
717.7286544587787,-189.1222037895453,132.96031752598418,717.7286544587787,-310.87115592537936,161.28332326030525,708.775767033166,-305.0039892524883,159.91841791693022,1.0,5.724513681418525E-6
717.7286544587787,-189.1222037895453,132.96031752598418,717.7286544587787,-310.8548779509282,161.3532046901768,708.9912880347825,-305.1009739043466,160.0111660840783,1.0,1.565948918382706E-7
717.7286544587787,-189.1222037895453,132.96031752598418,717.7286544587787,-310.91589970172083,161.09029505979177,708.9525057559264,-305.30292396030444,159.79389888492156,1.0,7.11546533399416E-7
717.7286544587787,-189.1222037895453,132.96031752598418,717.7286544587787,-310.973309090406,160.84056388354986,708.3089943502952,-305.8247573135254,159.66254509110894,1.0,3.410443458266743E-6
717.7286544587787,-189.1222037895453,132.96031752598418,717.7286544587787,-311.0182797524134,160.6432845789337,711.0839715432137,-304.6628299876249,159.19994273994857,1.0,1.7381248558182515E-5
717.7286544587787,-189.1222037895453,132.96031752598418,717.7286544587787,-311.2895171180875,159.42061899981084,714.6269432399641,-304.15615200719793,157.87559859939154,1.0,6.153520664121829E-6
717.7286544587787,-189.1222037895453,132.96031752598418,717.7286544587787,-311.3402603255732,159.1852418644124,715.183487357168,-304.06310319222814,157.62374677416304,1.0,2.3881067950595807E-7
717.7286544587787,-189.1222037895453,132.96031752598418,717.7286544587787,-311.3229767817747,159.26566071138322,715.3965041944338,-304.0133586425482,157.69216809756156,1.0,4.6458649269019904E-8
717.7286544587787,-189.1222037895453,132.96031752598418,717.7286544587787,-311.348154485013,159.14842506717724,715.7394739487704,-303.57532957248117,157.48302116931418,1.0,2.6342751790442267E-6
717.7286544587787,-189.1222037895453,132.96031752598418,717.7286544587787,-311.4370145415736,158.73020442320413,716.4874385811364,-301.19424701842354,156.57220770176687,1.0,7.742383883007439E-5
717.7286544587787,-189.1222037895453,132.96031752598418,717.7286544587787,-311.60582363581085,157.91553480324905,717.5693183243495,-296.4920108303967,154.83619666056174,1.0,3.118592906124165E-4
717.7286544587787,-189.1222037895453,132.96031752598418,717.7286544587787,-311.8912418339572,156.4712362160257,717.818716649013,-290.01211227305447,152.28126743962147,1.0,6.150068002729874E-4
717.7286544587787,-189.1222037895453,132.96031752598418,717.7286544587787,-312.2417364499795,154.56079616596531,718.7299089381005,-280.7155883157851,149.0297494290377,1.0,0.0013010958410618178
717.7286544587787,-189.1222037895453,132.96031752598418,717.7286544587787,-312.58739157153104,152.4884358674681,718.9988328464101,-271.01667217201083,145.91331989706256,0.7118432028686483,0.0014057268592418488
717.7286544587787,-189.1222037895453,132.96031752598418,717.7286544587787,-312.52339614874234,152.8888328828402,719.2459967549604,-266.58631393761,145.4702834280749,0.5214171713566246,2.4955740524232697E-4
717.7286544587787,-189.1222037895453,132.96031752598418,717.7286544587787,-312.62329896763754,152.26004523939517,718.8862387082874,-265.84269755058136,144.9495605160261,0.4935371229885778,7.890033027934702E-6
717.7286544587787,-189.1222037895453,132.96031752598418,717.7286544587787,-312.74176540104406,151.4860830157244,717.8929842135232,-265.442498073132,144.39776201757,0.47819977847761563,2.646023303522288E-6
717.7286544587787,-189.1222037895453,132.96031752598418,717.7286544587787,-312.77938362549685,151.23329963124388,717.1839361708894,-264.76116901772633,144.1375856790225,0.455655020568252,5.992296028043837E-6
717.7286544587787,-189.1222037895453,132.96031752598418,717.7286544587787,-312.72127496583784,151.62230038841787,716.869429442254,-263.9734081052099,144.2619549806788,0.4328276290495347,7.565025207706454E-6
717.7286544587787,-189.1222037895453,132.96031752598418,717.7286544587787,-312.7081842007848,151.70879601872406,716.3289356920399,-263.6294755577086,144.26336320843032,0.4227512453165781,1.3588384733729744E-6
717.7286544587787,-189.1222037895453,132.96031752598418,717.7286544587787,-312.7561839165197,151.3896137133834,716.5665291758257,-262.1266197242011,143.8426008825993,0.3815551331750029,2.8882879966787722E-5
717.7286544587787,-189.1222037895453,132.96031752598418,717.7286544587787,-313.3732199142897,146.62358916818278,721.12508887196,-253.1354710995361,139.99954092422965,0.20615944640671993,0.0011682561225188918
717.7286544587787,-189.1222037895453,132.96031752598418,717.7286544587787,-313.5767065319001,144.62551135863006,722.5232223636232,-251.25484359533652,138.78404644456722,0.18043002317434706,4.726595806162408E-5
717.7286544587787,-189.1222037895453,132.96031752598418,717.7286544587787,-313.6477739930601,143.8406835809245,723.502670673949,-249.7630272027021,138.2587823756518,0.16276688640893505,2.8105391657524872E-5
717.7286544587787,-189.1222037895453,132.96031752598418,717.7286544587787,-313.67344067488006,143.54282149873214,723.132821077833,-249.90472015823502,138.12470799717198,0.16445742167189834,2.719932948586503E-7
717.7286544587787,-189.1222037895453,132.96031752598418,717.7286544587787,-313.9010794024169,140.39215449859907,723.8144845672605,-243.43425284234223,136.19514627585482,0.10726625437570769,5.637697398284418E-4
717.7286544587787,-189.1222037895453,132.96031752598418,717.7286544587787,-313.4147155806137,119.67982383534454,729.1619077536504,-229.32186652910144,128.66503569697153,0.03966608374619521,0.0031826773634905784
717.7286544587787,-189.1222037895453,132.96031752598418,717.7286544587787,-312.07624688806845,110.43692333846197,731.6441544185726,-223.68602427101473,126.62872782212156,0.025781171890997642,4.476282915809603E-4
717.7286544587787,-189.1222037895453,132.96031752598418,717.7286544587787,-311.0964445245783,105.62381085244942,732.8540344935394,-221.30428951940638,125.7477634980095,0.021285072084826256,7.714325251476404E-5
717.7286544587787,-189.1222037895453,132.96031752598418,717.7286544587787,-310.47043259553664,102.96686214570548,733.282839253543,-219.72380156448048,125.39656759358766,0.018700636058659705,3.157976863265157E-5
717.7286544587787,-189.1222037895453,132.96031752598418,717.7286544587787,-293.15730395082176,63.666032520414035,735.7000673830142,-204.95814024083091,122.41253228730633,0.004876631852911471,0.0028153366572123296
717.7286544587787,-189.1222037895453,132.96031752598418,717.7286544587787,-106.78014665165207,38.91359708183511,748.9567051180435,-171.56432229770024,112.90663864485319,0.00820960381663529,0.01318756212847676
717.7286544587787,-189.1222037895453,132.96031752598418,717.7286544587787,-85.1857822279023,63.518109374454085,758.6038928906488,-153.19839316520157,108.95882990990052,0.024740090889036052,0.00443463541675996
717.7286544587787,-189.1222037895453,132.96031752598418,717.7286544587787,-75.44732427543748,80.96972445903529,769.5204662780238,-133.43517963473627,107.49117760415373,0.04997815639343701,0.005066203046317388
717.7286544587787,-189.1222037895453,132.96031752598418,717.7286544587787,-71.66420032296496,90.19798104111933,777.5620064448617,-118.97998420853946,107.42399724984682,0.06577578009046113,0.0025645291977105453
717.7286544587787,-189.1222037895453,132.96031752598418,717.7286544587787,-69.54776006325417,96.53295957144627,785.0051769391852,-107.16868827343703,107.9938618829072,0.06701566787927218,0.0017735505005022588
717.7286544587787,-189.1222037895453,132.96031752598418,717.7286544587787,-68.69651451071503,99.45429774268814,789.7042621500085,-101.82102988014685,108.67052622289648,0.05906526574942778,3.5142869706238707E-4
717.7286544587787,-189.1222037895453,132.96031752598418,717.7286544587787,-68.21190300136502,101.2475572659284,793.9342466099147,-97.82938134967759,109.01572907796353,0.050054666898483764,1.877688878343498E-4
717.7286544587787,-189.1222037895453,132.96031752598418,717.7286544587787,-67.8328783636824,102.72954615410009,798.4764382534044,-93.4570978186975,109.11625757497478,1.0,2.1958386695977112E-4
717.7286544587787,-189.1222037895453,132.96031752598418,717.7286544587787,-67.15794818932304,105.5792957064162,806.531555545,-86.37808296757999,109.89422328211103,1.0,6.079071792001831E-4
717.7286544587787,-189.1222037895453,132.96031752598418,717.7286544587787,-66.93305784423738,106.60101910671204,811.0080736473484,-83.3494944583739,110.14246092910417,1.0,1.0582501249229016E-4
717.7286544587787,-189.1222037895453,132.96031752598418,717.7286544587787,-66.83497483885243,107.05986124504534,813.731477574645,-80.63032963189441,109.98171978058622,1.0,8.69952769473571E-5
717.7286544587787,-189.1222037895453,132.96031752598418,717.7286544587787,-66.86391905540093,106.92357783252635,813.119369862845,-81.21591259905728,109.98005061709836,1.0,3.875020797551613E-6
717.7286544587787,-189.1222037895453,132.96031752598418,717.7286544587787,-66.86896020977801,106.89991779332297,812.7307975609245,-82.06215398860954,110.13861062059172,1.0,8.816873005807256E-6
717.7286544587787,-189.1222037895453,132.96031752598418,717.7286544587787,-66.71959995217216,107.61071055011405,816.5902839629366,-75.9659452897084,109.52563076358541,1.0,4.717742667738126E-4
717.7286544587787,-189.1222037895453,132.96031752598418,717.7286544587787,-66.93858987850965,106.57538827387175,817.8656320147961,-75.79438330529416,108.48775176974252,1.0,1.6755523523116015E-6
717.7286544587787,-189.1222037895453,132.96031752598418,717.7286544587787,-66.91715369394055,106.67485136822435,815.8163214686439,-79.90659848640965,109.4687916451067,1.0,2.2303113810211357E-4
717.7286544587787,-189.1222037895453,132.96031752598418,717.7286544587787,-67.19943349041569,105.395156859199,810.0109473539898,-89.12908427127948,110.35316712797746,1.0,0.001116035255811954
717.7286544587787,-189.1222037895453,132.96031752598418,717.7286544587787,-67.30961410467484,104.91226956778596,801.7511706075287,-101.52481705354697,112.79051643612789,0.025509257527460222,0.0021967623854582743
717.7286544587787,-189.1222037895453,132.96031752598418,717.7286544587787,-67.11570928153898,105.76812567119208,798.010606895174,-105.76259776184561,114.38154916462989,0.02886281881874226,2.471119765406086E-4
717.7286544587787,-189.1222037895453,132.96031752598418,717.7286544587787,-67.31192014538738,104.90225632194175,798.5826124910274,-105.5133342362126,113.70165800277636,0.0280961703438382,1.8244694636306325E-6
717.7286544587787,-189.1222037895453,132.96031752598418,717.7286544587787,-67.3267798820025,104.83782270098772,797.7745057403442,-106.34482335039465,113.84706697566847,0.02888887216270575,8.412019338331021E-6
717.7286544587787,-189.1222037895453,132.96031752598418,717.7286544587787,-67.36209543699523,104.68531064755406,797.9772545444077,-105.36294959558766,113.50982983744618,0.029519165966401754,1.274111707013732E-5
717.7286544587787,-189.1222037895453,132.96031752598418,717.7286544587787,-68.07419117633846,101.77733110080479,800.6171874939777,-92.63509808456182,108.10442735108774,1.0,0.002748155518811695
717.7286544587787,-189.1222037895453,132.96031752598418,717.7286544587787,-71.39200593058945,90.95316918083809,798.4858898838207,-80.5093355469486,94.20631089529294,1.0,0.00378852603693269
717.7286544587787,-189.1222037895453,132.96031752598418,717.7286544587787,-74.1580134922638,83.88654704428545,795.1449077626992,-79.82662619060699,86.30625876311547,1.0,1.5078183765057694E-4
717.7286544587787,-189.1222037895453,132.96031752598418,717.7286544587787,-80.13008888889603,71.75803905954413,777.1906797913781,-89.54449120957327,77.04450288264181,1.0,0.0018962842940853037
717.7286544587787,-189.1222037895453,132.96031752598418,717.7286544587787,-87.72743967988994,59.856953642046875,752.046642119248,-104.53029809247758,71.971439864405,0.8242253340394662,0.0021433543098097864
717.7286544587787,-189.1222037895453,132.96031752598418,717.7286544587787,-105.94655568468245,39.6500203325017,717.4708458539722,-131.73539122270773,68.58113133861232,0.9094510288049519,0.0027297342083861453
717.7286544587787,-189.1222037895453,132.96031752598418,717.7286544587787,-119.17471936381199,29.363264370444114,710.6290877277117,-146.12316790393206,69.27577700460932,0.4514974842436598,8.261710118029913E-4
717.7286544587787,-189.1222037895453,132.96031752598418,717.7286544587787,-103.18023554495142,42.19150077570801,740.8666330496989,-135.22026740206476,76.03103039916729,0.361284019566788,9.450418252818722E-4
717.7286544587787,-189.1222037895453,132.96031752598418,717.7286544587787,-73.84236110732303,84.63270770341913,798.3617474073898,-92.12221403053621,92.29598672195615,1.0,0.014350582196619553
717.7286544587787,-189.1222037895453,132.96031752598418,717.7286544587787,-65.25600399791804,116.16256323617861,857.8031790583791,-42.27726965207411,113.04636903564989,1.0,0.018290663561057525
717.7286544587787,-189.1222037895453,132.96031752598418,717.7286544587787,-65.78465601111827,112.64162396551556,859.0311292514799,-34.260307334062254,107.44828591072329,1.0,0.0010373087669490163
717.7286544587787,-189.1222037895453,132.96031752598418,717.7286544587787,-68.88035558458319,98.8004296418759,840.552312646363,-54.74950130824422,94.78595044854552,1.0,0.007746872875822886
717.7286544587787,-189.1222037895453,132.96031752598418,717.7286544587787,-73.23374188024084,86.11093763365591,833.8288156249763,-83.17610149015375,90.13026254932771,1.0,0.014830816092149953
717.7286544587787,-189.1222037895453,132.96031752598418,717.7286544587787,-77.75565904989287,76.19331379361344,820.4808152765797,-101.6389338080709,88.36736436246437,1.0,0.004079325038725057
717.7286544587787,-189.1222037895453,132.96031752598418,717.7286544587787,-105.88341178515626,39.70634438998283,774.685163065982,-129.4581557090775,66.11757025752715,0.1370911102362577,0.01032269649798089
717.7286544587787,-189.1222037895453,132.96031752598418,717.7286544587787,-166.9962867977492,9.9341260167281,696.2164289832126,-167.82272728733122,14.529362723980455,1.0,0.004963924936900627
717.7286544587787,-189.1222037895453,132.96031752598418,717.7286544587787,-188.20010615452296,7.963718628448234,644.1107864150252,-187.85072338436504,-39.397489474074604,1.0,0.02740117410753599
717.7286544587787,-189.1222037895453,132.96031752598418,717.7286544587787,-188.9737679271031,7.960405658836294,643.6425041607662,-188.8885232680999,-63.82531166870987,1.0,0.01083034119826769
717.7286544587787,-189.1222037895453,132.96031752598418,717.7286544587787,-180.56554336919774,8.253527163747464,683.1778338312203,-175.3928620826857,-67.13435188235394,1.0,8.625021036847084E-5
717.7286544587787,-189.1222037895453,132.96031752598418,717.7286544587787,-163.89085517622343,10.533281920473343,742.8290108279756,-152.04676396935463,-46.93637608792352,1.0,5.753382907244687E-4
717.7286544587787,-189.1222037895453,132.96031752598418,717.7286544587787,-133.67856028374547,20.92906119632508,810.4290612392657,-120.41143446500735,-5.878931196913101,1.0,0.01051549961496109
717.7286544587787,-189.1222037895453,132.96031752598418,717.7286544587787,-94.05674037358048,51.79654687979097,873.5737353017425,-92.32349400495332,50.316758051317436,1.0,0.017719158661325812
717.7286544587787,-189.1222037895453,132.96031752598418,717.7286544587787,-66.64205770648343,107.98805660567854,913.6782488051367,-76.7485186627246,110.04864510145794,1.0,4.110488939028894E-4
717.7286544587787,-189.1222037895453,132.96031752598418,717.7286544587787,-66.96403821511598,159.462818983211,926.3268900976578,-75.47413772501633,157.61653287043484,1.0,3.2635602408632E-5
717.7286544587787,-189.1222037895453,132.96031752598418,717.7286544587787,-80.94789188392927,195.59671464256886,919.21728836151,-90.84817207986126,189.8641347814747,1.0,0.014063864438854518
717.7286544587787,-189.1222037895453,132.96031752598418,717.7286544587787,-104.45789230326177,224.92201803523727,914.11092313981,-111.16645835205685,217.63522704862675,1.0,0.025572893827740945
717.7286544587787,-189.1222037895453,132.96031752598418,717.7286544587787,-126.97630785491896,241.41716432913717,909.8609909839375,-124.96623326110334,244.92514098641635,1.0,0.01901710774984817
717.7286544587787,-189.1222037895453,132.96031752598418,717.7286544587787,-142.76705446571557,249.0473544042052,902.3833542963677,-133.8010240690313,271.50095268818427,1.0,0.014824723413952162
717.7286544587787,-189.1222037895453,132.96031752598418,717.7286544587787,-157.3167095243213,253.84625771153594,876.4216870697569,-148.00774999436436,289.2276391654479,1.0,0.00466212878340306
717.7286544587787,-189.1222037895453,132.96031752598418,717.7286544587787,-174.10450766704048,257.05491371442463,830.4594715524382,-170.09123527731768,290.2174848927396,1.0,4.613076845940891E-4
717.7286544587787,-189.1222037895453,132.96031752598418,717.7286544587787,-195.8548585549704,257.7788712742535,769.7574024357793,-196.4101338684961,268.073274296717,1.0,2.1407504692003777E-4
717.7286544587787,-189.1222037895453,132.96031752598418,717.7286544587787,-221.94878373206384,253.57298539000845,696.6140210657237,-212.99781578529678,220.6849987061872,0.8236622198085531,0.006852964420857833
717.7286544587787,-189.1222037895453,132.96031752598418,717.7286544587787,-107.7612897231444,38.063522731429956,651.0505073319302,-180.23633814797586,122.59612511202232,2.497532904580648E-4,0.14037549071648406
717.7286544587787,-189.1222037895453,132.96031752598418,717.7286544587787,-90.80813723598504,55.76352797031598,728.0856141605923,-132.32586704184453,88.36349624551661,0.3218285574269446,0.009751584328977332
717.7286544587787,-189.1222037895453,132.96031752598418,717.7286544587787,-78.59350081528974,74.57876377114835,759.878050026012,-117.28071551288487,95.01345307550582,0.20541616498798126,0.002012700719957587
717.7286544587787,-189.1222037895453,132.96031752598418,717.7286544587787,-73.76781819393592,84.81090710530023,775.9420529836567,-111.3739254016601,100.50785595487974,0.10583757911603009,5.42074611150418E-4
717.7286544587787,-189.1222037895453,132.96031752598418,717.7286544587787,-71.8959647567643,89.56666727356486,784.6186915785883,-108.08942166542032,102.96440333913154,0.07029492407480685,1.630837155283181E-4
717.7286544587787,-189.1222037895453,132.96031752598418,717.7286544587787,-71.18702997595075,91.53212932571111,789.3035487859507,-106.87287906269512,104.06783028960601,0.05437201371529389,2.435484843662156E-5
717.7286544587787,-189.1222037895453,132.96031752598418,717.7286544587787,-70.9096165942496,92.33047346284987,792.2653328911236,-106.5918105655874,104.5944972126292,0.04523130780247691,1.903592007395346E-6
717.7286544587787,-189.1222037895453,132.96031752598418,717.7286544587787,-70.93520982624146,92.25608607619529,793.0993718847118,-106.61337600223663,104.54383691096692,0.042847210948632114,1.3673829387010549E-8
717.7286544587787,-189.1222037895453,132.96031752598418,717.7286544587787,-71.38718196010252,90.9666914046234,792.3587248760828,-106.23980229322508,103.39789398883931,0.046028734351847296,6.355098337911318E-6
717.7286544587787,-189.1222037895453,132.96031752598418,717.7286544587787,-72.02688463955944,89.21461792976156,792.3570695139342,-106.06121521291223,101.929520728851,0.047023276381883805,5.401985370501474E-6
717.7286544587787,-189.1222037895453,132.96031752598418,717.7286544587787,-72.40355321173962,88.2193228198301,791.9928689468381,-105.78215822398921,101.01412453111581,0.04902311440260613,4.066279773727307E-6
717.7286544587787,-189.1222037895453,132.96031752598418,717.7286544587787,-72.59438354999826,87.72463348981853,791.859156814053,-105.64875177921282,100.55622129570088,0.04988746905772154,9.892750073527296E-7
717.7286544587787,-189.1222037895453,132.96031752598418,717.7286544587787,-72.77883235093817,87.252332202867,791.7575216273149,-105.64812639639351,100.16573836630869,0.05043285604530879,2.4024975825977105E-7
717.7286544587787,-189.1222037895453,132.96031752598418,717.7286544587787,-72.91020345565413,86.9193468759677,791.7014678878081,-105.63766234590123,99.88533980170908,0.050788183004131064,1.496550507289842E-7
717.7286544587787,-189.1222037895453,132.96031752598418,717.7286544587787,-73.01226894546511,86.66255267169068,791.6871557051014,-105.62767276761241,99.66764391399784,0.05097350568901403,9.482676960899966E-8
717.7286544587787,-189.1222037895453,132.96031752598418,717.7286544587787,-73.07735074837049,86.499666619522,791.6836151047338,-105.61229559583765,99.52561887164671,0.051088747769465856,5.282592323663124E-8
717.7286544587787,-189.1222037895453,132.96031752598418,717.7286544587787,-73.15065198437057,86.31699890584659,791.6544238693951,-105.76112451070733,99.43280736682553,0.05102356611422598,3.5158845048388184E-7
717.7286544587787,-189.1222037895453,132.96031752598418,717.7286544587787,-73.44818685928925,85.58393303730844,790.9011424199812,-107.66617384650347,99.59852811194995,0.050562255888397224,4.0191189882865875E-5
717.7286544587787,-189.1222037895453,132.96031752598418,717.7286544587787,-73.48233259377056,85.50064843922559,794.7259943500549,-109.48152043815047,100.27504696474693,0.037013911563349294,4.2679235659941765E-5
717.7286544587787,-189.1222037895453,132.96031752598418,717.7286544587787,-70.74688453371179,92.80706372159747,807.6208761456267,-109.4658251255999,105.94064138285847,0.012974277290104143,1.307097531026902E-5
717.7286544587787,-189.1222037895453,132.96031752598418,717.7286544587787,-67.08652829990463,105.89938798195121,801.3394428806583,-107.316637160159,114.82025589248721,0.021358178647645148,1.5968450181097507E-4
717.7286544587787,-189.1222037895453,132.96031752598418,717.7286544587787,-68.86423064709015,98.85724001575736,746.0672200294127,-102.78959558836597,108.47788569872219,0.5709571078250895,4.129992293549271E-4
717.7286544587787,-189.1222037895453,132.96031752598418,717.7286544587787,-76.63194085401098,78.45398078708422,731.2156897999873,-108.48363726032132,93.88748805004167,0.9718063427731275,0.0013963525588064393
717.7286544587787,-189.1222037895453,132.96031752598418,717.7286544587787,-77.7228569794716,76.25771149866901,760.5629527188594,-112.46579132595659,93.94197065182473,0.24638278418708828,4.989601725271979E-8
717.7286544587787,-189.1222037895453,132.96031752598418,717.7286544587787,-69.10626506394296,98.01501094824104,816.7407349893252,-115.64488528803446,111.56576402908249,1.0,3.603247237834872E-4
717.7286544587787,-189.1222037895453,132.96031752598418,717.7286544587787,-65.96986607358976,111.54766437194385,835.7875187284575,-113.82686990097876,119.86862232493849,1.0,2.644592846918092E-5
717.7286544587787,-189.1222037895453,132.96031752598418,717.7286544587787,-65.46241684026064,114.70498702616773,812.3857571597384,-108.00084265569879,120.98474086822495,1.0,1.6602802150853113E-4
717.7286544587787,-189.1222037895453,132.96031752598418,717.7286544587787,-66.38531688113521,109.28212941894874,780.4169709202329,-104.55214655137158,116.64520823856571,0.08863027766185287,8.17630327762738E-11
717.7286544587787,-189.1222037895453,132.96031752598418,717.7286544587787,-72.34293477513543,88.37778363141855,754.5070586909505,-106.11885271739425,101.27233263133576,0.3723271314535389,1.3937878381807707E-4
717.7286544587787,-189.1222037895453,132.96031752598418,717.7286544587787,-75.8628021532808,80.0707349884435,773.6379673646596,-110.89129560707268,96.42825029335248,0.1292756838514578,2.9515317231790456E-4
717.7286544587787,-189.1222037895453,132.96031752598418,717.7286544587787,-73.03262629077882,86.61153117555321,803.3475748330592,-109.72702438452532,101.26177673719968,0.01947400512656057,6.598571405272542E-6
717.7286544587787,-189.1222037895453,132.96031752598418,717.7286544587787,-69.52004925903171,96.62404595529128,839.9193259115766,-112.79566028875858,109.77158799528564,1.0,8.355502646088309E-7
717.7286544587787,-189.1222037895453,132.96031752598418,717.7286544587787,-68.19169410347112,101.32470741544066,864.4615536413739,-119.2277828657802,114.67582790474285,1.0,3.042510564469848E-4
717.7286544587787,-189.1222037895453,132.96031752598418,717.7286544587787,-69.34716439037973,97.1980477863782,863.245787209384,-122.21923901341898,112.98452052599708,1.0,1.385889732030603E-4
717.7286544587787,-189.1222037895453,132.96031752598418,717.7286544587787,-71.48711389718699,90.68756476469855,847.113938958166,-119.89952992889326,108.08480648362348,1.0,9.026231462612805E-5
717.7286544587787,-189.1222037895453,132.96031752598418,717.7286544587787,-76.12879234955,79.50483164144714,828.5402103689717,-118.1952873271616,99.40585861134105,1.0,1.6256722655243208E-4
717.7286544587787,-189.1222037895453,132.96031752598418,717.7286544587787,-78.01466962143719,75.68802185798526,818.1969197047456,-115.29372588970628,94.90415466847395,1.0,2.1859769037004619E-4
717.7286544587787,-189.1222037895453,132.96031752598418,717.7286544587787,-78.13527144473866,75.45465825066319,813.2296219447728,-113.61148880034276,93.8359507553574,1.0,4.3043478065458295E-5
717.7286544587787,-189.1222037895453,132.96031752598418,717.7286544587787,-77.96508243766996,75.78432280123576,809.9106781982932,-112.66835414498324,93.6346778296622,1.0,9.362309215786598E-6
717.7286544587787,-189.1222037895453,132.96031752598418,717.7286544587787,-77.61307354649088,76.47391321098527,807.0807496260849,-111.84229829455398,93.8131734517716,0.0149657482962904,7.338222699765745E-6
717.7286544587787,-189.1222037895453,132.96031752598418,717.7286544587787,-77.11940149439339,77.45921593301478,803.0628832120592,-110.6635998372564,94.08147825084379,0.021410086353366786,1.473820742734558E-5
717.7286544587787,-189.1222037895453,132.96031752598418,717.7286544587787,-76.8832490492703,77.93834883337468,800.8994304353271,-109.93279834748733,94.13995433655595,0.025741209993971257,5.219583286921093E-6
717.7286544587787,-189.1222037895453,132.96031752598418,717.7286544587787,-76.55451879318578,78.6140545950303,799.8112439527902,-109.29733066410776,94.42187247005751,0.028277530895554126,5.66005367794988E-6
717.7286544587787,-189.1222037895453,132.96031752598418,717.7286544587787,-77.1257066871591,77.44649369087803,799.1685236456492,-109.39953886717255,93.44381396855727,0.02993395684243347,3.223901073245111E-6
717.7286544587787,-189.1222037895453,132.96031752598418,717.7286544587787,-78.43996080134282,74.87037788837995,797.8726299310191,-109.48131054850522,91.16197159302348,0.0337978588181999,1.4749000007585182E-5
717.7286544587787,-189.1222037895453,132.96031752598418,717.7286544587787,-79.66528199310261,72.59325472806907,797.0222227885828,-109.82775324726501,89.22829037914022,0.0365170872475095,1.7987382916849368E-5
717.7286544587787,-189.1222037895453,132.96031752598418,717.7286544587787,-80.51525852689042,71.07710945857156,796.5753631246032,-110.06807105142862,87.91602194257902,0.03813915855855639,8.680396298141613E-6
717.7286544587787,-189.1222037895453,132.96031752598418,717.7286544587787,-81.30015216692543,69.71946693169585,796.3503494753131,-110.33474386667021,86.74912133093113,0.03913186051298386,7.952514417607828E-6
717.7286544587787,-189.1222037895453,132.96031752598418,717.7286544587787,-83.81379085471633,65.61688306391096,797.1187841446882,-112.32873673122124,83.85184013246317,0.03692422944912275,1.2928834872986335E-4
717.7286544587787,-189.1222037895453,132.96031752598418,717.7286544587787,-89.58100297541199,57.35245192669359,799.3706234763599,-113.27205000021956,75.3473071696273,1.0,4.2124344462961304E-4
717.7286544587787,-189.1222037895453,132.96031752598418,717.7286544587787,-93.43692462152764,52.52818868098515,794.3119965093584,-108.37869535416887,65.0880979919038,1.0,0.0014312342700453311
717.7286544587787,-189.1222037895453,132.96031752598418,717.7286544587787,-95.83779669902407,49.75563380102844,787.469369004037,-105.62217842689721,58.48277708792236,1.0,5.030221407711268E-4
717.7286544587787,-189.1222037895453,132.96031752598418,717.7286544587787,-97.90697989395659,47.49229467721564,780.5214787264069,-103.45069312686294,52.686714961700346,1.0,3.6211229022632056E-4
717.7286544587787,-189.1222037895453,132.96031752598418,717.7286544587787,-99.08085675337574,46.25647779606173,773.1298083753871,-100.54584341944168,47.66716270118684,1.0,3.6506418230994916E-4
717.7286544587787,-189.1222037895453,132.96031752598418,717.7286544587787,-98.73815142511359,46.613788480609884,766.9113277103162,-97.10892625893979,45.05734202293988,1.0,2.1410733026957037E-4
717.7286544587787,-189.1222037895453,132.96031752598418,717.7286544587787,-97.58927226318738,47.83263433073286,761.4738083603431,-93.56525704985536,44.09020975696339,1.0,1.2038157683825475E-4
717.7286544587787,-189.1222037895453,132.96031752598418,717.7286544587787,-96.13962126357208,49.41847563342965,757.8003524663462,-90.41478224441313,44.27489300530348,1.0,7.015288569170055E-5
717.7286544587787,-189.1222037895453,132.96031752598418,717.7286544587787,-95.55604507037047,50.072598637489065,757.2791912735836,-89.72978957006438,44.91127712239569,1.0,1.0401258853069268E-5
717.7286544587787,-189.1222037895453,132.96031752598418,717.7286544587787,-95.80290599394634,49.79476781376066,757.4313627348643,-89.96815779997922,44.59487826844344,1.0,1.7838813619367367E-6
717.7286544587787,-189.1222037895453,132.96031752598418,717.7286544587787,-95.93495536824902,49.646832833122986,757.3047187381584,-89.99235907536298,44.333891270078965,1.0,4.337682800311491E-7
717.7286544587787,-189.1222037895453,132.96031752598418,717.7286544587787,-96.65835251180975,48.84470537883993,757.297045497437,-90.31628330100115,43.07523951109951,1.0,1.4069664538225861E-5
717.7286544587787,-189.1222037895453,132.96031752598418,717.7286544587787,-98.26906286678482,47.10749704541391,761.6887262930637,-91.82550304305754,41.01857398580742,1.0,7.218884395067135E-5
717.7286544587787,-189.1222037895453,132.96031752598418,717.7286544587787,-99.47824841438624,45.84567315033118,763.8489174495066,-93.17811351213155,39.72329703214572,1.0,4.1621717274915685E-5
717.7286544587787,-189.1222037895453,132.96031752598418,717.7286544587787,-99.53559195515935,45.78670351328502,763.7791478391164,-92.91999976223902,39.34930099875319,1.0,2.3524928468149414E-6
717.7286544587787,-189.1222037895453,132.96031752598418,717.7286544587787,-99.43638390385856,45.88877388839752,762.8414247388312,-92.57043071373987,39.222958226913505,1.0,1.3278840846930088E-6
717.7286544587787,-189.1222037895453,132.96031752598418,717.7286544587787,-99.09162382008984,46.24529765996853,761.9501536793014,-92.09788048906759,39.509113220268574,1.0,3.4014002088369508E-6
717.7286544587787,-189.1222037895453,132.96031752598418,717.7286544587787,-98.75014106121311,46.60123995896525,761.1008949647187,-91.76443324713323,39.925733560597706,1.0,3.2797594554390586E-6
717.7286544587787,-189.1222037895453,132.96031752598418,717.7286544587787,-98.5001952690944,46.86356049228792,760.6154089146062,-91.62248453649879,40.329291394084265,1.0,1.7057464357758288E-6
717.7286544587787,-189.1222037895453,132.96031752598418,717.7286544587787,-97.98919624195968,47.40463428207744,759.6425807323844,-91.01268395950692,40.85508334496953,1.0,7.632865801050758E-6
717.7286544587787,-189.1222037895453,132.96031752598418,717.7286544587787,-97.356743771748,48.08334569191106,758.5514497586189,-90.45588401450682,41.700507539814936,1.0,1.1416397002191554E-5
717.7286544587787,-189.1222037895453,132.96031752598418,717.7286544587787,-97.18633093040376,48.26796083644716,758.2070372290677,-90.29285950900922,41.91761768645199,1.0,8.385570651076416E-7
717.7286544587787,-189.1222037895453,132.96031752598418,717.7286544587787,-97.16121760704196,48.295230150245715,758.1807566788178,-90.10678419992877,41.800473562770094,1.0,5.515127064222358E-7
717.7286544587787,-189.1222037895453,132.96031752598418,717.7286544587787,-97.19992002921813,48.2532118719371,757.8767736676358,-90.10187710526748,41.712309630390024,1.0,4.665636870858897E-8
717.7286544587787,-189.1222037895453,132.96031752598418,717.7286544587787,-97.29649258822052,48.14853318930783,757.7010484775974,-90.10594386430841,41.507220427811916,1.0,2.3732839643157104E-7
717.7286544587787,-189.1222037895453,132.96031752598418,717.7286544587787,-97.47541277168555,47.95522534834613,759.1415261966798,-90.21505677882311,41.221031782360086,1.0,8.367251103893958E-7
717.7286544587787,-189.1222037895453,132.96031752598418,717.7286544587787,-98.46391241013556,46.901766503055356,761.979455886232,-91.46010249346074,40.25330971109392,1.0,2.8447518731371355E-5
717.7286544587787,-189.1222037895453,132.96031752598418,717.7286544587787,-99.23790307807411,46.09368132076543,763.799765205054,-92.29660019454487,39.385417167837346,1.0,1.7003698261467753E-5
717.7286544587787,-189.1222037895453,132.96031752598418,717.7286544587787,-99.73753990400691,45.57964539496122,765.0040073976443,-92.99446050264412,38.98774489759563,1.0,7.0749308806366545E-6
717.7286544587787,-189.1222037895453,132.96031752598418,717.7286544587787,-100.01420033767839,45.29753339941156,765.4409521167217,-93.21388637834636,38.60751194772621,1.0,2.110185383699339E-6
717.7286544587787,-189.1222037895453,132.96031752598418,717.7286544587787,-100.20744325589976,45.1015367511267,765.5893826427792,-93.47308876080156,38.44716157546486,1.0,1.0416672677533253E-6
717.7286544587787,-189.1222037895453,132.96031752598418,717.7286544587787,-100.21292218282055,45.09599231844551,765.3004101375567,-93.45503549157539,38.41753149607899,1.0,1.3068598275133788E-8
717.7286544587787,-189.1222037895453,132.96031752598418,717.7286544587787,-100.30286320615792,45.005074712765605,765.1780645988144,-94.05660442352122,38.81958398189019,1.0,5.997245797713611E-6
717.7286544587787,-189.1222037895453,132.96031752598418,717.7286544587787,-100.55485805913375,44.75133119086209,764.7172072979989,-95.74358602254223,39.95952642545711,1.0,4.847604178296962E-5
717.7286544587787,-189.1222037895453,132.96031752598418,717.7286544587787,-101.10757572932958,44.1998237946969,764.1283930618392,-99.10840848233617,42.183714929552906,1.0,1.9499750506647113E-4
717.7286544587787,-189.1222037895453,132.96031752598418,717.7286544587787,-102.04584572314684,43.27917198305323,763.5989696344628,-104.02776309039604,45.320376091874635,1.0,4.1445397014121336E-4
717.7286544587787,-189.1222037895453,132.96031752598418,717.7286544587787,-103.38317393710328,41.99978344684601,762.7398004978814,-110.3222011921363,49.36139724389696,0.5367642551738192,6.944720608040005E-4
717.7286544587787,-189.1222037895453,132.96031752598418,717.7286544587787,-104.25488553566274,41.185929528056306,763.6012627785915,-112.48411649066159,50.08491031509294,0.4907147097645927,4.812412588268059E-5
717.7286544587787,-189.1222037895453,132.96031752598418,717.7286544587787,-105.03373967792113,40.47177659605009,765.0610981238867,-113.78525632458718,50.09753221099038,0.4392631024988027,9.072228241512845E-6
717.7286544587787,-189.1222037895453,132.96031752598418,717.7286544587787,-105.26604878526105,40.26109817707349,764.9333447390729,-113.78209720250871,49.67520785305436,0.44537802431317597,1.1717814354864835E-6
717.7286544587787,-189.1222037895453,132.96031752598418,717.7286544587787,-104.79204234439587,40.692100513650885,764.5959691553447,-112.08406210446859,48.67052306319425,0.46954906366051674,4.307406679263875E-5
717.7286544587787,-189.1222037895453,132.96031752598418,717.7286544587787,-108.89025828507738,37.107122897072145,769.757492267571,-114.29973518778176,43.569830975946445,1.0,3.477006408763512E-4
717.7286544587787,-189.1222037895453,132.96031752598418,717.7286544587787,-111.2088778570121,35.213125023432724,774.3653190771499,-116.15047957235683,41.412676747857944,1.0,9.318534885850195E-5
717.7286544587787,-189.1222037895453,132.96031752598418,717.7286544587787,-112.3280984284015,34.33138981315976,776.4963953952627,-117.31187607622614,40.73220199858042,1.0,1.8171466468321753E-5
717.7286544587787,-189.1222037895453,132.96031752598418,717.7286544587787,-113.02434013146923,33.79321034483834,777.9044610898549,-118.00854594571118,40.28838968935554,1.0,7.017817422082254E-6
717.7286544587787,-189.1222037895453,132.96031752598418,717.7286544587787,-112.9701427735896,33.83482331272863,778.1174684430974,-117.48096839649119,39.70646766764963,1.0,7.291997786711617E-6
717.7286544587787,-189.1222037895453,132.96031752598418,717.7286544587787,-114.75366750632905,32.4898203086819,780.2351426569944,-119.28166018225974,38.607053459735994,1.0,4.537105332566378E-5
717.7286544587787,-189.1222037895453,132.96031752598418,717.7286544587787,-116.16878152904788,31.45761716544422,781.6447982281157,-121.66435094936394,39.10379905652914,1.0,3.8107473027097126E-5
717.7286544587787,-189.1222037895453,132.96031752598418,717.7286544587787,-117.44390002599425,30.55318511041409,779.5914264715481,-127.00444260392386,44.21237761826745,0.16611010161070616,6.903293951885594E-4
717.7286544587787,-189.1222037895453,132.96031752598418,717.7286544587787,-118.3289555163757,29.939368205307815,780.0711119570691,-128.8330202435194,45.22527111712975,0.15607323665049103,4.217745433281673E-5
717.7286544587787,-189.1222037895453,132.96031752598418,717.7286544587787,-117.02533149981237,30.84743388225418,777.6937306023409,-126.66261385188969,44.49699537092343,0.1866420760693065,3.993555485012653E-5
717.7286544587787,-189.1222037895453,132.96031752598418,717.7286544587787,-120.87523334585647,28.235196254828494,783.4257755199991,-128.12356648021796,39.35777886288827,1.0,3.1304996638459065E-4
717.7286544587787,-189.1222037895453,132.96031752598418,717.7286544587787,-125.17840504518928,25.553657573533883,790.5006234772152,-130.12359396938288,33.86011160991325,1.0,3.938762652369926E-4
717.7286544587787,-189.1222037895453,132.96031752598418,717.7286544587787,-127.08877006068295,24.43910715765645,794.0843830279575,-131.78541168361897,32.65540606213162,1.0,3.989820610983774E-5
717.7286544587787,-189.1222037895453,132.96031752598418,717.7286544587787,-128.63816562400777,23.567990888373075,796.7864143734996,-133.0362949756906,31.52251272960632,1.0,2.9560684333482464E-5
717.7286544587787,-189.1222037895453,132.96031752598418,717.7286544587787,-129.80307655883274,22.93195234415238,798.6526462277598,-133.81775148597993,30.378591220892076,1.0,2.2341704086873794E-5
717.7286544587787,-189.1222037895453,132.96031752598418,717.7286544587787,-129.59058440657392,23.04677744269405,798.8708595294258,-133.29656025378927,29.889140023328366,1.0,5.466003469873218E-6
717.7286544587787,-189.1222037895453,132.96031752598418,717.7286544587787,-131.20101326220356,22.18967300364072,799.2700603139084,-135.22576770444687,29.88676347350949,1.0,9.309781772237405E-6
717.7286544587787,-189.1222037895453,132.96031752598418,717.7286544587787,-132.57373696679468,21.482647564703257,796.7181792322839,-139.6199062867523,35.37321935338912,1.0,6.16341261343955E-4
717.7286544587787,-189.1222037895453,132.96031752598418,717.7286544587787,-134.02088070654446,20.760298833905708,790.4830459785571,-146.03849201973009,45.23114887034603,0.0680905651593586,0.0018847460929673626
717.7286544587787,-189.1222037895453,132.96031752598418,717.7286544587787,-133.75323149524584,20.89213780009989,787.1017766889927,-148.33323083807718,50.402419805531366,0.0724158685434717,4.047287091259209E-4
717.7286544587787,-189.1222037895453,132.96031752598418,717.7286544587787,-134.32661009775572,20.61067172340806,786.915900513891,-148.3210175954057,49.3039775103928,0.07534523338290403,1.1744000630862253E-5
717.7286544587787,-189.1222037895453,132.96031752598418,717.7286544587787,-130.4591546980522,22.58076021898519,783.3963520799689,-143.65063984626275,47.401670714285075,0.10330222006780154,1.7835039869776545E-4
717.7286544587787,-189.1222037895453,132.96031752598418,717.7286544587787,-135.67540149358425,19.96279841898587,786.815464899259,-144.61406439737542,38.860967979608745,0.09835457745920104,8.701195665593085E-4
717.7286544587787,-189.1222037895453,132.96031752598418,717.7286544587787,-139.2680334694623,18.332390293149004,790.4068933480547,-145.82118543712392,33.399820401242266,1.0,3.7889358694774696E-4
717.7286544587787,-189.1222037895453,132.96031752598418,717.7286544587787,-143.10960277884539,16.73708168981352,795.7182351680575,-147.80350688734455,28.593414785775792,1.0,3.2972694184657216E-4
717.7286544587787,-189.1222037895453,132.96031752598418,717.7286544587787,-145.49143408079385,15.822125911882935,798.0567180144324,-149.16902792704346,25.695586671719553,1.0,1.2430961752151113E-4
717.7286544587787,-189.1222037895453,132.96031752598418,717.7286544587787,-145.09452752422905,15.970729430818594,797.8833492660417,-148.9574280447475,26.235162602915466,1.0,3.983176135424965E-6
717.7286544587787,-189.1222037895453,132.96031752598418,717.7286544587787,-144.85318879045371,16.06183887459109,797.8338447280757,-148.89147629247122,26.72549753861304,1.0,2.750480094152368E-6
717.7286544587787,-189.1222037895453,132.96031752598418,717.7286544587787,-144.79670867532664,16.08324328608299,797.3250799990464,-148.72265743767628,26.435150326868552,1.0,1.2892096576072282E-6
717.7286544587787,-189.1222037895453,132.96031752598418,717.7286544587787,-144.77039153654425,16.09322741985315,797.5158874172221,-148.6305559478043,26.26476628509269,1.0,4.3389813866837566E-7
717.7286544587787,-189.1222037895453,132.96031752598418,717.7286544587787,-144.82367967131907,16.07301812631917,797.4623960004317,-148.64733381981677,26.162216720462254,1.0,1.2208355705646457E-7
717.7286544587787,-189.1222037895453,132.96031752598418,717.7286544587787,-144.98948868414817,16.010313432671495,797.2842787921504,-148.73740469458838,25.94214725969951,1.0,6.659826403268868E-7
717.7286544587787,-189.1222037895453,132.96031752598418,717.7286544587787,-145.180933128309,15.938248100272972,796.9357148531881,-148.6879552156615,25.277963952998874,1.0,4.842391059320069E-6
717.7286544587787,-189.1222037895453,132.96031752598418,717.7286544587787,-144.5822732260637,16.164792845454414,796.3947826617627,-147.91492008374186,24.903877828145824,1.0,4.599537083938567E-6
717.7286544587787,-189.1222037895453,132.96031752598418,717.7286544587787,-143.9973314391518,16.38954119091514,794.798343014364,-147.24014949342168,24.766691051070325,1.0,1.531885957709769E-6
717.7286544587787,-189.1222037895453,132.96031752598418,717.7286544587787,-143.49481501316,16.585314224379132,793.7899903653554,-146.7467391728839,24.879514155020445,1.0,9.281638673006811E-7
717.7286544587787,-189.1222037895453,132.96031752598418,717.7286544587787,-143.16902328640356,16.713574768839905,793.3234127230123,-146.46873378895037,25.060779331457354,1.0,8.590865170147504E-7
717.7286544587787,-189.1222037895453,132.96031752598418,717.7286544587787,-142.9643418190559,16.794695338035453,792.8979761502591,-146.3050629667856,25.20229772938049,1.0,4.310049305925035E-7
717.7286544587787,-189.1222037895453,132.96031752598418,717.7286544587787,-142.79809448807492,16.860890751234663,792.5618749128034,-146.1687745728468,25.308630634074802,1.0,2.6084717551861575E-7
717.7286544587787,-189.1222037895453,132.96031752598418,717.7286544587787,-142.7751967927187,16.8700296357558,792.3187364365373,-146.17053193816238,25.374687434809744,1.0,4.4883744523236575E-8
717.7286544587787,-189.1222037895453,132.96031752598418,717.7286544587787,-142.70335634492312,16.898736449760264,792.2526374431869,-146.12715393009017,25.45929714643657,1.0,1.054695156414538E-7
717.7286544587787,-189.1222037895453,132.96031752598418,717.7286544587787,-142.63010663648103,16.92805950128644,792.1510065498438,-146.08970367508914,25.562319533129255,1.0,1.4124314417515962E-7
717.7286544587787,-189.1222037895453,132.96031752598418,717.7286544587787,-142.60064679679982,16.939867884678563,792.2099225668231,-146.0841030151269,25.62728470564042,1.0,4.57693744222572E-8
717.7286544587787,-189.1222037895453,132.96031752598418,717.7286544587787,-142.79000924119106,16.86411712160637,792.0834909653512,-146.41903603250768,25.95749648221158,1.0,2.1949799389925397E-6
717.7286544587787,-189.1222037895453,132.96031752598418,717.7286544587787,-143.0748447307359,16.750848360562543,790.9603627546006,-147.6850505067269,28.385599558498598,1.0,9.076068336146201E-5
717.7286544587787,-189.1222037895453,132.96031752598418,717.7286544587787,-143.79203327426015,16.469220694272735,787.6750269992573,-150.85852980035827,34.628956731556656,1.0,6.31100435342662E-4
717.7286544587787,-189.1222037895453,132.96031752598418,717.7286544587787,-144.74339915316216,16.103474769362776,782.6387000831423,-155.20587911523043,43.65294091179638,0.10428014593239854,0.0013487583666919611
717.7286544587787,-189.1222037895453,132.96031752598418,717.7286544587787,-144.15418262831162,16.32894493334578,779.4041971421293,-156.50031804682666,48.350516772432115,0.10918709280659293,2.934398878198031E-4
717.7286544587787,-189.1222037895453,132.96031752598418,717.7286544587787,-145.94803507049613,15.65306644823076,778.9277998374306,-157.10197480450682,45.95910470453694,0.11945152058882756,7.346101066253823E-5
717.7286544587787,-189.1222037895453,132.96031752598418,717.7286544587787,-148.7869998682116,14.646872285705498,776.2458014296623,-157.2397656332612,39.4409911259761,0.1656564338314631,4.947182850275732E-4
717.7286544587787,-189.1222037895453,132.96031752598418,717.7286544587787,-146.26530171424884,15.536785197457931,771.0756250206732,-154.23448257289937,37.371526414719625,0.24210948101375795,9.974724779406434E-5
717.7286544587787,-189.1222037895453,132.96031752598418,717.7286544587787,-143.47110136095523,16.594614472832063,765.8678860856692,-151.79307075420132,37.80750458313568,0.33324748135354537,1.6393635100346158E-5
717.7286544587787,-189.1222037895453,132.96031752598418,717.7286544587787,-141.91133460909128,17.21864900843576,763.691648923536,-150.79271559145997,38.9921488715766,0.37094183257484314,2.5462216092436284E-5
717.7286544587787,-189.1222037895453,132.96031752598418,717.7286544587787,-141.82987538074357,17.251909561506324,762.7609916693104,-150.5547730883945,38.59879725708706,0.39725766857038874,2.404468094939243E-6
717.7286544587787,-189.1222037895453,132.96031752598418,717.7286544587787,-141.58183771742608,17.35359802521772,759.603285273654,-149.2170998721677,35.9207165219282,0.5256712556669418,1.0689671400506053E-4
717.7286544587787,-189.1222037895453,132.96031752598418,717.7286544587787,-142.44810972261314,17.001148233378572,757.8327073287169,-148.56561986045202,32.1997591095878,0.6529101316986853,1.6896132215248218E-4
717.7286544587787,-189.1222037895453,132.96031752598418,717.7286544587787,-138.57835267131406,18.634821182700918,760.3075010171409,-147.61496079119453,39.07478936297343,0.4698669948390742,5.76412403108166E-4
717.7286544587787,-189.1222037895453,132.96031752598418,717.7286544587787,-138.9677211053076,18.46347099003586,765.7807680269872,-149.84079667266886,43.28543700347822,0.29431942616280804,2.7113378156014414E-4
717.7286544587787,-189.1222037895453,132.96031752598418,717.7286544587787,-140.58971929555244,17.766576598621512,770.7085712314805,-151.63083132563733,43.97308574407876,0.2137791036848602,1.7926917736759482E-5
717.7286544587787,-189.1222037895453,132.96031752598418,717.7286544587787,-140.52471106340397,17.79398693959864,773.262433551891,-151.09459732378403,42.84250172992287,0.1917009269700483,1.7954044918825974E-5
717.7286544587787,-189.1222037895453,132.96031752598418,717.7286544587787,-129.19905606133977,23.259741564216057,741.8732967025148,-133.62796829689643,31.367697196459943,1.0,0.00268476735183139
717.7286544587787,-189.1222037895453,132.96031752598418,717.7286544587787,-130.65097111036965,22.479029748470936,722.6466080714428,-127.44722770595499,16.42556241402042,1.0,0.0031150667927408214
717.7286544587787,-189.1222037895453,132.96031752598418,717.7286544587787,-139.06785692267195,18.41965941834657,740.0062346456698,-138.29594578883663,16.65327518192325,1.0,1.0436939562899016E-4
717.7286544587787,-189.1222037895453,132.96031752598418,717.7286544587787,-145.0165816256687,16.000093118122535,762.7490394692586,-149.11529894198893,26.869158638160258,0.5236402290627743,0.0016750940393918323
717.7286544587787,-189.1222037895453,132.96031752598418,717.7286544587787,-156.7850409278586,12.21551267684481,804.0186495132207,-166.18942611831363,47.330858429486995,0.020609361343579304,0.0036738736270621286
717.7286544587787,-189.1222037895453,132.96031752598418,717.7286544587787,-180.0097648503954,8.292906160462252,844.3871665908276,-184.54926651853899,70.39789535556395,1.0,0.0035639472610492356
717.7286544587787,-189.1222037895453,132.96031752598418,717.7286544587787,-191.41584090402168,7.981362382379714,857.2236141135074,-190.08311822621218,80.60064758558502,1.0,0.0012320822221952694
717.7286544587787,-189.1222037895453,132.96031752598418,717.7286544587787,-183.2748538292337,8.097158433953979,848.400726472621,-186.42377767143304,75.33865780476839,1.0,3.260804951367551E-4
717.7286544587787,-189.1222037895453,132.96031752598418,717.7286544587787,-171.04180288759542,9.27483291592668,833.7038388755541,-179.24625710494468,65.40035255108225,1.0,0.0013263348362499863
717.7286544587787,-189.1222037895453,132.96031752598418,717.7286544587787,-160.14955209107663,11.36432477310099,810.5497350038333,-169.53532147047255,50.755677601795696,1.0,0.0028698318488026833
717.7286544587787,-189.1222037895453,132.96031752598418,717.7286544587787,-153.3774015115331,13.1800641028685,794.5554467948014,-162.03280489298373,42.18418062996386,0.048485899001173505,0.0011462237088500004
717.7286544587787,-189.1222037895453,132.96031752598418,717.7286544587787,-143.30347507186931,16.66051486623752,767.4972455383298,-148.38442966775145,29.55729383331223,0.3701145970860945,0.0025296738356790686
717.7286544587787,-189.1222037895453,132.96031752598418,717.7286544587787,-137.06391269241428,19.316424913814444,741.5090889559698,-136.12920648673298,17.275949719110486,1.0,0.0024935046641098883
717.7286544587787,-189.1222037895453,132.96031752598418,717.7286544587787,-129.21101509337905,23.25320987560282,713.3576782459116,-121.02164255957028,8.25713996432222,1.0,0.0017982282976738038
717.7286544587787,-189.1222037895453,132.96031752598418,717.7286544587787,-128.3176531077173,23.745819329174196,703.3513011174992,-117.02138977953607,3.4559608062158986,1.0,4.215508228031593E-4
717.7286544587787,-189.1222037895453,132.96031752598418,717.7286544587787,-130.39935987673027,22.61255994663341,707.4142229231197,-120.00094149962186,3.072597747435111,1.0,3.2739708970171144E-5
717.7286544587787,-189.1222037895453,132.96031752598418,717.7286544587787,-134.4877539196085,20.532221004654758,724.7406438625751,-129.25366020140987,9.76137595812807,1.0,0.001011736043572175
717.7286544587787,-189.1222037895453,132.96031752598418,717.7286544587787,-138.52736829681572,18.657375212745237,747.9445751538929,-140.10479714889652,22.221074102695013,1.0,0.0025783230416566816
717.7286544587787,-189.1222037895453,132.96031752598418,717.7286544587787,-148.9082303356621,14.605611920121675,792.2609109863264,-159.10088036199147,44.603843619190684,0.05424849511670204,0.0046644853997432284
717.7286544587787,-189.1222037895453,132.96031752598418,717.7286544587787,-172.66825826364567,9.047978848067487,840.2004608778577,-180.76777874460046,70.04432306137551,1.0,0.00360206738781488
717.7286544587787,-189.1222037895453,132.96031752598418,717.7286544587787,-216.17737427902125,10.923365131287824,877.7812420602289,-199.27107419761236,87.18210979556181,1.0,0.002579776587832282
717.7286544587787,-189.1222037895453,132.96031752598418,717.7286544587787,-234.50879179747616,16.491190161697872,890.50253022883,-206.14685310377976,89.27238819837311,1.0,1.65547603767381E-4
717.7286544587787,-189.1222037895453,132.96031752598418,717.7286544587787,-233.88220834270234,16.248955643769136,893.1504627431401,-207.320117557701,85.50939966974909,1.0,1.9093804316791334E-4
717.7286544587787,-189.1222037895453,132.96031752598418,717.7286544587787,-215.54991083594163,10.78594910007476,881.405953474609,-201.1777941378051,77.22774359460433,1.0,0.0010329900631545089
717.7286544587787,-189.1222037895453,132.96031752598418,717.7286544587787,-193.12448669583281,8.024407029689968,860.1114720659417,-191.26674849986887,66.01586300894544,1.0,0.0011454167240700934
717.7286544587787,-189.1222037895453,132.96031752598418,717.7286544587787,-175.58726020318244,8.695256860831904,836.5395827097796,-180.40158700415026,52.895855715702965,1.0,0.0018324173464487556
717.7286544587787,-189.1222037895453,132.96031752598418,717.7286544587787,-157.94648540325102,11.910432837486951,798.8537476675391,-163.64270506903864,34.027861701839186,1.0,0.0034883736375061597
717.7286544587787,-189.1222037895453,132.96031752598418,717.7286544587787,-146.36449664047188,15.500628784041425,763.6931702832853,-146.89783895262008,16.965773342879004,1.0,0.003674441975001572
717.7286544587787,-189.1222037895453,132.96031752598418,717.7286544587787,-137.98928290350904,18.897070151282634,728.3162556523828,-130.7868815051315,2.830526754983481,1.0,0.0026300323173889142
717.7286544587787,-189.1222037895453,132.96031752598418,717.7286544587787,-133.74728783338242,20.895074551867097,705.0897295213884,-120.73286578457399,-5.442922425356414,1.0,0.001211049562251008
717.7286544587787,-189.1222037895453,132.96031752598418,717.7286544587787,-131.51261495037542,22.02729595989777,688.2598692247378,-113.96857941477862,-11.755498044410018,1.0,7.414141577082682E-4
717.7286544587787,-189.1222037895453,132.96031752598418,717.7286544587787,-134.18331717620146,20.680672275003133,690.5649506429012,-117.74201027303025,-12.920738680824286,1.0,8.613617902984786E-5
717.7286544587787,-189.1222037895453,132.96031752598418,717.7286544587787,-139.26350532922243,18.334359785851873,713.846973206174,-129.25311070494743,-4.679700079295287,1.0,0.0012547751689317723
717.7286544587787,-189.1222037895453,132.96031752598418,717.7286544587787,-141.55516440129838,17.36457035578347,742.1966817484736,-139.0888946121325,11.371128201963728,1.0,0.003330187918642283
717.7286544587787,-189.1222037895453,132.96031752598418,717.7286544587787,-142.28467938496502,17.06706359094987,762.5403339256459,-146.9704585471952,28.661403839187443,0.5226000829568878,0.004579709160430219
717.7286544587787,-189.1222037895453,132.96031752598418,717.7286544587787,-143.13170938927263,16.728332148384766,769.3932619186038,-151.16654250938527,37.03480238547897,0.2772211220247476,0.0011387974908369047
717.7286544587787,-189.1222037895453,132.96031752598418,717.7286544587787,-143.99292721200968,16.391246175182488,773.5802284465587,-153.7099235794345,41.49028007890033,0.18966775464640862,3.185747711521859E-4
717.7286544587787,-189.1222037895453,132.96031752598418,717.7286544587787,-145.00181803335948,16.005661523218066,776.0136874501965,-155.22472143335818,43.10461204245115,0.15565630147713969,4.945936888171659E-5
717.7286544587787,-189.1222037895453,132.96031752598418,717.7286544587787,-145.6206723044579,15.774069363275458,777.388599280521,-155.93498200905705,43.55918899945516,0.14108270817379648,5.249423543504075E-6
717.7286544587787,-189.1222037895453,132.96031752598418,717.7286544587787,-145.73844068272976,15.730419041460578,777.5009908052749,-156.04416890203356,43.57815253529105,0.13994947951502795,3.636239067182554E-8
717.7286544587787,-189.1222037895453,132.96031752598418,717.7286544587787,-145.71635950526138,15.738593080519308,776.9200048500759,-155.90156784975534,43.244743592380445,0.14621283997310724,1.5393217839640854E-6
717.7286544587787,-189.1222037895453,132.96031752598418,717.7286544587787,-145.47082144513513,15.829805619725889,776.1937615151357,-155.51538275058903,42.782551315126966,0.15492958519710776,3.7957553890635016E-6
717.7286544587787,-189.1222037895453,132.96031752598418,717.7286544587787,-145.34877001099173,15.875363346403176,776.0382284156499,-155.36373054548454,42.66332796493191,0.157051854810363,3.194927033218493E-7
717.7286544587787,-189.1222037895453,132.96031752598418,717.7286544587787,-145.30798161045948,15.89062061494873,775.9567389509401,-155.30710805788203,42.607851786831674,0.1581100600392237,6.062356646150429E-8
717.7286544587787,-189.1222037895453,132.96031752598418,717.7286544587787,-145.29466018521117,15.895607123531164,775.875067822677,-155.2775391775955,42.56018245945381,0.15910152516763112,3.556906402468381E-8
717.7286544587787,-189.1222037895453,132.96031752598418,717.7286544587787,-145.27615459432567,15.902537049971485,775.852127548759,-155.25472993926184,42.5427909298636,0.15942078024098127,6.934960159161232E-9
717.7286544587787,-189.1222037895453,132.96031752598418,717.7286544587787,-145.26736388715412,15.905830140255816,775.8354981377436,-155.24258701607928,42.531047163358664,0.15964203228828025,2.736678469748085E-9
717.7286544587787,-189.1222037895453,132.96031752598418,717.7286544587787,-145.25965901548636,15.908717084368362,775.8283603992232,-155.23348477564528,42.52487156801945,0.15974801107702138,9.473377397520466E-10
717.7286544587787,-189.1222037895453,132.96031752598418,717.7286544587787,-145.25223049217502,15.911501030950717,775.8270716055059,-155.22598680761266,42.52233037471558,0.15978240441225505,2.951812910704167E-10
717.7286544587787,-189.1222037895453,132.96031752598418,717.7286544587787,-145.24627522848664,15.913733240474713,775.8273709692404,-155.22005988182846,42.520518882591006,0.15979664027040877,1.6766347657402052E-10
717.7286544587787,-189.1222037895453,132.96031752598418,717.7286544587787,-145.2424221132805,15.915177686504563,775.826491546135,-155.21602099470488,42.51880311909497,0.1598183357612496,1.0752441486778073E-10
717.7286544587787,-189.1222037895453,132.96031752598418,717.7286544587787,-145.23939045453878,15.916314288718866,775.8264757205903,-155.21307950313005,42.51808396968778,0.1598261564517897,3.4213380878044113E-11
717.7286544587787,-189.1222037895453,132.96031752598418,717.7286544587787,-145.23743671051182,15.91704681630614,775.8257261439212,-155.21095386792663,42.51700726455539,0.1598409461922888,3.6183101820066386E-11
717.7286544587787,-189.1222037895453,132.96031752598418,717.7286544587787,-145.23596114806168,15.917600081399769,775.82461874336,-155.20924458615772,42.51591712065422,0.15985842877288106,3.0883197883166185E-11
717.7286544587787,-189.1222037895453,132.96031752598418,717.7286544587787,-145.234462096544,15.918162175493492,775.8243295818272,-155.20773686160567,42.51541984645772,0.15986556665321536,1.1637442987398716E-11
717.7286544587787,-189.1222037895453,132.96031752598418,717.7286544587787,-145.23327568051388,15.918607057278734,775.8240722138839,-155.20647607287907,42.51484631538412,0.15987234338037454,1.1282628427604278E-11
717.7286544587787,-189.1222037895453,132.96031752598418,717.7286544587787,-145.2321892320539,15.91901446529883,775.8238029157159,-155.2053331492154,42.514352184937195,0.1598787093865924,8.774635472554838E-12
717.7286544587787,-189.1222037895453,132.96031752598418,717.7286544587787,-145.23096354055252,15.919474101967452,775.8239350243153,-155.20415794056382,42.51409930706836,0.1598804157340761,4.957769630632201E-12
717.7286544587787,-189.1222037895453,132.96031752598418,717.7286544587787,-145.2301350814716,15.919784784007433,775.8237117199818,-155.203284888406,42.51371851455485,0.15988545474973614,5.168850157256537E-12
717.7286544587787,-189.1222037895453,132.96031752598418,717.7286544587787,-145.22948585988328,15.9200282545238,775.8235468438583,-155.2025995714887,42.51341706252583,0.15988932520068047,3.2141388324380085E-12
717.7286544587787,-189.1222037895453,132.96031752598418,717.7286544587787,-145.22872576742324,15.920313308958072,775.823269024408,-155.20181181801277,42.51310308126719,0.15989444996242858,3.827352277749484E-12
717.7286544587787,-189.1222037895453,132.96031752598418,717.7286544587787,-145.2280348303318,15.920572433216577,775.8228801926122,-155.20103302782988,42.51265048190692,0.15990116662275128,5.714892025938801E-12
717.7286544587787,-189.1222037895453,132.96031752598418,717.7286544587787,-145.2270653102668,15.920936043147535,775.8223898326108,-155.19997338853088,42.51210384675798,0.1599096581880012,9.184631029264983E-12
717.7286544587787,-189.1222037895453,132.96031752598418,717.7286544587787,-145.22617274583865,15.921270799646123,775.822369202856,-155.19908738571266,42.51183934949546,0.15991236272297926,3.670466239264724E-12
717.7286544587787,-189.1222037895453,132.96031752598418,717.7286544587787,-145.22566893132395,15.921459758826515,775.8221656256329,-155.19852682708932,42.51152889673142,0.15991643078859294,2.7940630318053684E-12
717.7286544587787,-189.1222037895453,132.96031752598418,717.7286544587787,-145.22510216910877,15.921672329941913,775.8220346481891,-155.19791500287056,42.5112297214437,0.1599198640861463,2.880061807750461E-12
717.7286544587787,-189.1222037895453,132.96031752598418,717.7286544587787,-145.22392949182043,15.922112166872012,775.8223286998257,-155.19683156007147,42.511097245740444,0.15991942749508364,2.9922180634222555E-12
717.7286544587787,-189.1222037895453,132.96031752598418,717.7286544587787,-145.2232679126099,15.922360311784999,775.8224606119182,-155.19619491506683,42.510954784461944,0.15991981951941567,1.4979332728718989E-12
717.7286544587787,-189.1222037895453,132.96031752598418,717.7286544587787,-145.22287854438844,15.922506357883762,775.8222447916472,-155.1957579090685,42.51070481805124,0.1599235503074377,1.7652744296137024E-12
717.7286544587787,-189.1222037895453,132.96031752598418,717.7286544587787,-145.22196967916008,15.922847265159731,775.8225025732118,-155.19491416854305,42.51059144789275,0.15992298825398693,1.9041207060524686E-12
717.7286544587787,-189.1222037895453,132.96031752598418,717.7286544587787,-145.221126376678,15.923163587632487,775.8227369679398,-155.1940929733555,42.51038412029487,0.15992300174688173,2.737010493309314E-12
717.7286544587787,-189.1222037895453,132.96031752598418,717.7286544587787,-145.22046216634504,15.923412737580918,775.8229369085327,-155.1934962660571,42.51035437642187,0.1599222294079725,6.626148989089593E-13
717.7286544587787,-189.1222037895453,132.96031752598418,717.7286544587787,-145.21970790745303,15.923695670588543,775.8231637994097,-155.1927696906895,42.51019006489125,0.1599219811742214,1.9667041929161356E-12
717.7286544587787,-189.1222037895453,132.96031752598418,717.7286544587787,-145.2189904365655,15.923964809049522,775.8234200653618,-155.1921243988532,42.51015600009413,0.15992078527268755,7.857242524030021E-13
717.7286544587787,-189.1222037895453,132.96031752598418,717.7286544587787,-145.2181632432737,15.924275112925201,775.8237199719167,-155.19136515683,42.510076046641274,0.15991956103266725,1.3711355563131798E-12
717.7286544587787,-189.1222037895453,132.96031752598418,717.7286544587787,-145.2171747660774,15.924645927755464,775.824156692307,-155.19048923435315,42.51006410914607,0.15991697511454797,1.1949625832130715E-12
717.7286544587787,-189.1222037895453,132.96031752598418,717.7286544587787,-145.21638520360088,15.924942129063552,775.8243822998278,-155.18972851816068,42.50989183218883,0.15991682616875444,2.1583655257988853E-12
717.7286544587787,-189.1222037895453,132.96031752598418,717.7286544587787,-145.21568660206273,15.925204211794167,775.8246898677406,-155.18909804188004,42.50985297826088,0.1599151547516285,7.814549214585183E-13
717.7286544587787,-189.1222037895453,132.96031752598418,717.7286544587787,-145.2150922641884,15.925427183403556,775.8250296467085,-155.1885834814477,42.509878093378234,0.15991273413703894,4.904319459602766E-13
717.7286544587787,-189.1222037895453,132.96031752598418,717.7286544587787,-145.21404710751102,15.925819292403787,775.8254536280245,-155.18765552070178,42.50986071934892,0.15991037071851524,1.37672938725224E-12
717.7286544587787,-189.1222037895453,132.96031752598418,717.7286544587787,-145.21330355377913,15.92609825621021,775.8259994864534,-155.1870053939151,42.509875162993666,0.15990631224694238,6.878105719886901E-13
717.7286544587787,-189.1222037895453,132.96031752598418,717.7286544587787,-145.2125827704217,15.926368682253624,775.8264979478686,-155.1863740459848,42.509886162714764,0.15990267500905073,6.33114504956092E-13
717.7286544587787,-189.1222037895453,132.96031752598418,717.7286544587787,-145.21200466358135,15.926585582077522,775.8267907038367,-155.185878251379,42.5099231927355,0.1599006075894344,5.126533956495476E-13
717.7286544587787,-189.1222037895453,132.96031752598418,717.7286544587787,-145.21114707870183,15.926907345228145,775.8274313984882,-155.18513078276737,42.50994618350387,0.15989579417361605,9.487852244090478E-13
717.7286544587787,-189.1222037895453,132.96031752598418,717.7286544587787,-145.21009210904043,15.927303176362017,775.8280346769978,-155.18420707135334,42.50996328622372,0.15989162860598444,1.3629385775978383E-12
717.7286544587787,-189.1222037895453,132.96031752598418,717.7286544587787,-145.20936579844135,15.927575698890962,775.8285179332822,-155.18357366629238,42.5099818409046,0.1598881030534292,6.764570074975888E-13
717.7286544587787,-189.1222037895453,132.96031752598418,717.7286544587787,-145.2080732265602,15.928060703785377,775.8293095711718,-155.18247640155647,42.51009475658407,0.15988207464303947,2.8362080261272486E-12
717.7286544587787,-189.1222037895453,132.96031752598418,717.7286544587787,-145.20605301623172,15.928818769215326,775.8305401935371,-155.18069481659754,42.5100937421596,0.15987356701970007,4.619186612416055E-12
717.7286544587787,-189.1222037895453,132.96031752598418,717.7286544587787,-145.11594065878202,15.962673082747528,775.887149972633,-155.10255775164597,42.51368179597887,0.15946136036175185,1.1180800818484885E-8
717.7286544587787,-189.1222037895453,132.96031752598418,717.7286544587787,-145.10976576212167,15.964995829421468,775.888646279688,-155.0967522838747,42.512734451937604,0.15946074534448407,1.0096712243070854E-10
717.7286544587787,-189.1222037895453,132.96031752598418,717.7286544587787,-145.111144630545,15.964477122562243,775.8866752035219,-155.09769774012673,42.51201304002009,0.15948038265598424,1.194613515741501E-11
717.7286544587787,-189.1222037895453,132.96031752598418,717.7286544587787,-145.11231585704812,15.96403654163393,775.8851585353207,-155.0985852449437,42.511624690090116,0.15949454281614367,5.370979599919493E-12
717.7286544587787,-189.1222037895453,132.96031752598418,717.7286544587787,-145.11303063371108,15.963767670273484,775.8840042537856,-155.09905992045398,42.51120970400592,0.1595061379693822,3.6278222496494255E-12
717.7286544587787,-189.1222037895453,132.96031752598418,717.7286544587787,-145.11359223477965,15.963556421149548,775.8833808486299,-155.0994824816632,42.51101552877995,0.15951201284122843,1.284110083720223E-12
717.7286544587787,-189.1222037895453,132.96031752598418,717.7286544587787,-145.11379367074377,15.963480650727718,775.8823403847899,-155.09947807841718,42.510531238979524,0.15952361000696094,2.431786648612115E-12
717.7286544587787,-189.1222037895453,132.96031752598418,717.7286544587787,-145.11407488204776,15.963374873361516,775.8819514028754,-155.09967040451045,42.51038279431896,0.15952750307431657,5.01999949237111E-13
717.7286544587787,-189.1222037895453,132.96031752598418,717.7286544587787,-145.11413235998648,15.963353253184138,775.881369014236,-155.09960075732275,42.510062785782196,0.15953430622382242,1.2343083053078934E-12
717.7286544587787,-189.1222037895453,132.96031752598418,717.7286544587787,-145.11415451555936,15.963344919431535,775.8809704797736,-155.09951990570121,42.50979585942869,0.1595392153134676,9.104533368882532E-13
717.7286544587787,-189.1222037895453,132.96031752598418,717.7286544587787,-145.11427272775228,15.963300454349096,775.8807084983426,-155.09961485173534,42.509770937257684,0.15954157729627197,3.7862458614064464E-14
717.7286544587787,-189.1222037895453,132.96031752598418,717.7286544587787,-145.1142921487433,15.963293149227638,775.880207276877,-155.09950861826397,42.50944294672368,0.1595477263969151,1.3942253287979222E-12
717.7286544587787,-189.1222037895453,132.96031752598418,717.7286544587787,-145.11447576974075,15.963224081168576,775.8799968349153,-155.09965657046564,42.50940548549042,0.15954958386204082,8.928346046156697E-14
717.7286544587787,-189.1222037895453,132.96031752598418,717.7286544587787,-145.1143435150752,15.963273828022665,775.8797892349111,-155.09951360721612,42.50933569778161,0.15955200987201892,1.572278897176254E-13
717.7286544587787,-189.1222037895453,132.96031752598418,717.7286544587787,-145.11462216518632,15.963169015538071,775.8793480237234,-155.09964439671637,42.50902965551012,0.1595571418144588,1.2995572129009158E-12
717.7286544587787,-189.1222037895453,132.96031752598418,717.7286544587787,-145.11428643011692,15.963295300263752,775.8791482390776,-155.09931476488006,42.50894099545707,0.15955986984389803,4.656767733528919E-13
717.7286544587787,-189.1222037895453,132.96031752598418,717.7286544587787,-145.1144550351332,15.963231880364177,775.8788988469057,-155.09941795169732,42.50881975028378,0.15956250752214268,2.638227532841407E-13
717.7286544587787,-189.1222037895453,132.96031752598418,717.7286544587787,-145.1147435728901,15.963123349031761,775.878609359134,-155.09965983390322,42.50878585441396,0.15956492840667066,1.6059209642871039E-13
717.7286544587787,-189.1222037895453,132.96031752598418,717.7286544587787,-145.1150840136973,15.962995295797384,775.8784044698536,-155.09992227111974,42.508684833540826,0.15956682103158765,4.108274792181537E-13
717.7286544587787,-189.1222037895453,132.96031752598418,717.7286544587787,-145.11540950536656,15.962872866581577,775.877912787773,-155.10016017637113,42.50855366589343,0.15957151457806384,5.013856983642186E-13
717.7286544587787,-189.1222037895453,132.96031752598418,717.7286544587787,-145.11553540580064,15.96282551114173,775.8774747152313,-155.10019806305138,42.50835900451784,0.15957629760078484,4.4945213486234013E-13
717.7286544587787,-189.1222037895453,132.96031752598418,717.7286544587787,-145.11550225739836,15.96283797936944,775.8772484246322,-155.1001021365569,42.50818174456012,0.15957927247550668,4.687153087022878E-13
717.7286544587787,-189.1222037895453,132.96031752598418,717.7286544587787,-145.11544806971395,15.962858361201071,775.8770893591451,-155.10007089300916,42.50822581526705,0.15958059881859168,3.20904719570241E-14
717.7286544587787,-189.1222037895453,132.96031752598418,717.7286544587787,-145.1158309472325,15.9627143485543,775.8768963007434,-155.1003823884482,42.50815565565469,0.15958217598280014,3.613595687122764E-13
717.7286544587787,-189.1222037895453,132.96031752598418,717.7286544587787,-145.11582997763546,15.962714713249355,775.8768302491933,-155.10036896943583,42.50812225407185,0.15958294438407053,1.5223958749388872E-14
717.7286544587787,-189.1222037895453,132.96031752598418,717.7286544587787,-145.11603691244858,15.962636878951201,775.8766925398788,-155.10052730014104,42.5080576847472,0.1595842311216929,1.5865666947660534E-13
717.7286544587787,-189.1222037895453,132.96031752598418,717.7286544587787,-145.11612929662252,15.962602130668301,775.8761517305387,-155.10051778601792,42.5078156344635,0.15959023246374043,6.213221442994809E-13
717.7286544587787,-189.1222037895453,132.96031752598418,717.7286544587787,-145.11602028088654,15.962643134557695,775.8762317005362,-155.10042433344302,42.507822952380195,0.15958961421318504,1.8573161778186016E-14
717.7286544587787,-189.1222037895453,132.96031752598418,717.7286544587787,-145.11603030767236,15.96263936319626,775.8762344653413,-155.10040059983626,42.507736327418314,0.15958998973495545,9.402420820407577E-14
717.7286544587787,-189.1222037895453,132.96031752598418,717.7286544587787,-145.11616802603297,15.962587563473889,775.8759176530278,-155.10048517140507,42.50763805409031,0.15959318059163854,1.7426102559743255E-13
717.7286544587787,-189.1222037895453,132.96031752598418,717.7286544587787,-145.1292442403634,15.957670076859998,775.8050818274821,-155.09520611524218,42.46290945349884,0.16044249949214281,2.2468731127258486E-8
717.7286544587787,-189.1222037895453,132.96031752598418,717.7286544587787,-147.12550509024368,15.22639166618761,775.5856256804483,-155.68455037527787,39.220896811317374,0.17543218417760897,1.308965910734004E-4
