717.7286544587787,-189.1222037895453,132.96031752598418,717.7286544587787,-310.0989137226676,164.41879259641928,707.379024106607,-325.43025899059495,168.4055165135596,1.0,0.006945331116005222
717.7286544587787,-189.1222037895453,132.96031752598418,717.7286544587787,-310.09908888276533,164.41811899305813,707.3773561274401,-325.4326455225744,168.4053267988101,1.0,6.533248808259776E-11
717.7286544587787,-189.1222037895453,132.96031752598418,717.7286544587787,-310.1147388058314,164.35787269088166,707.3553593982101,-325.4290534420389,168.33193636793578,1.0,5.634456076834308E-9
717.7286544587787,-189.1222037895453,132.96031752598418,717.7286544587787,-310.196286953291,164.04192601168495,707.3374006685818,-325.32352175548726,167.92532349285557,1.0,4.849386051821067E-7
717.7286544587787,-189.1222037895453,132.96031752598418,717.7286544587787,-310.332147706682,163.50781325975214,707.4556732886242,-324.6032370973252,167.10443271347387,1.0,9.605171876808495E-6
717.7286544587787,-189.1222037895453,132.96031752598418,717.7286544587787,-310.57320635242024,162.53486699799714,707.4357150605977,-322.43641875917507,165.42367939819889,1.0,7.636348833458458E-5
717.7286544587787,-189.1222037895453,132.96031752598418,717.7286544587787,-310.93891690903587,160.99045139587025,707.4557765469723,-318.57099451813576,162.74659923150088,1.0,2.3930161716817668E-4
717.7286544587787,-189.1222037895453,132.96031752598418,717.7286544587787,-311.4163926630265,158.8278911999356,707.6693369078589,-313.0959110049169,159.18314164025333,1.0,4.785400758378217E-4
717.7286544587787,-189.1222037895453,132.96031752598418,717.7286544587787,-311.92576098558874,156.29026266089804,708.0540816840128,-306.21773817151507,155.20586525318626,1.0,7.419157073136211E-4
717.7286544587787,-189.1222037895453,132.96031752598418,717.7286544587787,-312.39576038479265,153.663704793732,708.4932324199305,-298.8683513011343,151.39182105221084,1.0,8.249649411547764E-4
717.7286544587787,-189.1222037895453,132.96031752598418,717.7286544587787,-312.793213494797,151.13946377886276,709.1590303877373,-291.1734611764502,147.96144622824235,1.0,8.790298103271436E-4
717.7286544587787,-189.1222037895453,132.96031752598418,717.7286544587787,-313.1279151397881,148.69510549787194,709.9094288119203,-283.18276257309657,144.8954367463907,1.0,9.273979989102969E-4
717.7286544587787,-189.1222037895453,132.96031752598418,717.7286544587787,-313.4085804854339,146.2981047415487,710.7189683764971,-274.90912349730036,142.16653715647894,0.8701923823918061,9.778566300363254E-4
717.7286544587787,-189.1222037895453,132.96031752598418,717.7286544587787,-313.26777988747574,147.55058604006442,710.8040931625967,-271.42093777539793,142.6325158029107,0.6823206002793409,1.5409534770378507E-4
717.7286544587787,-189.1222037895453,132.96031752598418,717.7286544587787,-313.2907674375241,147.35364242323575,710.8971570219973,-270.56789541101745,142.40130859931767,0.6425542948878782,9.103958614463912E-6
717.7286544587787,-189.1222037895453,132.96031752598418,717.7286544587787,-313.25743647584403,147.63832849199957,710.8614653554092,-270.382198421595,142.56867017894717,0.6349737523356338,4.906850826331184E-7
717.7286544587787,-189.1222037895453,132.96031752598418,717.7286544587787,-313.26857367690275,147.54383026439626,710.7682383661876,-270.350839345163,142.50227064490352,0.6326039746685314,1.774535008906728E-8
717.7286544587787,-189.1222037895453,132.96031752598418,717.7286544587787,-313.3351602340104,146.9653684478983,710.6371201710688,-270.156213230001,142.09692823960046,0.6212639384264441,6.69326601063033E-7
717.7286544587787,-189.1222037895453,132.96031752598418,717.7286544587787,-313.4311473000174,146.0861151516624,710.8179898726869,-270.1470421243159,141.51574081735743,0.6194144321005648,5.551778182535021E-8
717.7286544587787,-189.1222037895453,132.96031752598418,717.7286544587787,-313.5044562425014,145.3722180544726,710.8554884948375,-270.1076018532584,141.04171728522255,0.6159210432820336,8.591385122555901E-8
717.7286544587787,-189.1222037895453,132.96031752598418,717.7286544587787,-313.569004847377,144.7073897770793,710.8767676654265,-270.0044768824587,140.5951454024655,0.6098845365039915,2.438974279110395E-7
717.7286544587787,-189.1222037895453,132.96031752598418,717.7286544587787,-313.63144679008263,144.02595837652422,710.9005109996564,-269.16207957923854,140.07378555346835,0.5739387211212374,9.326850969601463E-6
717.7286544587787,-189.1222037895453,132.96031752598418,717.7286544587787,-313.6663135625011,143.62637213216055,711.0519709487434,-268.9664033986389,139.79823699539585,0.5662836751827124,5.612026422374543E-7
717.7286544587787,-189.1222037895453,132.96031752598418,717.7286544587787,-313.67938231050397,143.47265688970472,710.88338909196,-268.89488888513443,139.69294865682613,0.5622096178216236,7.525910803500084E-8
717.7286544587787,-189.1222037895453,132.96031752598418,717.7286544587787,-313.71555443791954,143.03488819729643,710.605660100744,-268.68541224769615,139.39376812568878,0.5517038359713206,6.366084605213001E-7
717.7286544587787,-189.1222037895453,132.96031752598418,717.7286544587787,-313.7779436865412,142.231051624884,710.8181603059395,-268.61493110685427,138.87224695951107,0.5487927347221271,1.3664725669832133E-7
717.7286544587787,-189.1222037895453,132.96031752598418,717.7286544587787,-313.82286515205044,141.60583982101136,710.8223925883093,-268.5496315652039,138.46703729930522,0.5453086154370712,1.0079292368387703E-7
717.7286544587787,-189.1222037895453,132.96031752598418,717.7286544587787,-313.874919984104,140.81905801539384,710.846900302006,-268.43579583194503,137.9566411023947,0.5400084482599818,2.466544321862882E-7
717.7286544587787,-189.1222037895453,132.96031752598418,717.7286544587787,-313.91674688848485,140.12425587907728,710.8899459814577,-267.72941820544486,137.4728324501136,0.5140132757909317,6.375698648684744E-6
717.7286544587787,-189.1222037895453,132.96031752598418,717.7286544587787,-313.9423387102207,139.66359421611048,710.9648081305927,-267.421648014227,137.16527083463674,0.5032510941785651,1.2362799264758232E-6
717.7286544587787,-189.1222037895453,132.96031752598418,717.7286544587787,-313.9439617587507,139.6333031753854,710.9519781702367,-267.408081220955,137.14548960775747,0.5026924465425461,2.5067629809828057E-9
717.7286544587787,-189.1222037895453,132.96031752598418,717.7286544587787,-313.9574255225874,139.37650134989383,710.7100403635015,-267.33344706388516,136.9801582967068,0.498679342032669,8.047135071833539E-8
717.7286544587787,-189.1222037895453,132.96031752598418,717.7286544587787,-313.98364615154867,138.84421175345912,710.5606591534818,-267.0756081144743,136.633746064393,0.48881501686602535,8.820220675289028E-7
717.7286544587787,-189.1222037895453,132.96031752598418,717.7286544587787,-314.0314744731106,137.72205012030324,710.7216799777634,-266.1716988434446,135.89756221539898,0.45992265854873293,1.0302348328020372E-5
717.7286544587787,-189.1222037895453,132.96031752598418,717.7286544587787,-314.0479423645304,137.2684309755665,709.9637197336749,-266.61601874696663,135.63272235052816,0.4697526303611971,2.4043570581087413E-6
717.7286544587787,-189.1222037895453,132.96031752598418,717.7286544587787,-314.0508539001479,137.18315798504022,709.0108078473787,-266.918373278142,135.58998503447947,0.47398777475089954,1.0629174904735754E-6
717.7286544587787,-189.1222037895453,132.96031752598418,717.7286544587787,-314.0308856276009,137.73747164526822,708.9915293106658,-267.719985723131,135.96630327657772,0.5003461347057705,7.909423928277499E-6
717.7286544587787,-189.1222037895453,132.96031752598418,717.7286544587787,-313.96397154966735,139.24784665337228,706.6007101023481,-268.00513600970163,136.93317647284735,0.4941769113478509,1.1124329561049548E-6
717.7286544587787,-189.1222037895453,132.96031752598418,717.7286544587787,-313.9162007800834,140.13376266242824,705.5067613792038,-268.5739369054299,137.5273853517339,0.504739418516225,4.214151526544616E-6
717.7286544587787,-189.1222037895453,132.96031752598418,717.7286544587787,-313.76912153327487,142.3489221607486,701.9301464313617,-268.8708509732323,138.9671128171788,0.48181100818141087,1.4058827145550352E-6
717.7286544587787,-189.1222037895453,132.96031752598418,717.7286544587787,-313.7627657389062,142.4329262979929,701.8252546703632,-268.84804957151965,139.01943451245103,0.48009803039557636,8.350180656764652E-9
717.7286544587787,-189.1222037895453,132.96031752598418,717.7286544587787,-313.69790033191737,143.2508875287988,699.499576386275,-268.34140373515373,139.50421609716315,0.4410862399730963,3.234036224630663E-6
717.7286544587787,-189.1222037895453,132.96031752598418,717.7286544587787,-313.44878426906513,145.9179942571533,696.8034677959216,-269.1001146745957,141.29584731282208,0.43437065037792416,9.646483326027369E-6
717.7286544587787,-189.1222037895453,132.96031752598418,717.7286544587787,-313.37825577981204,146.57771609517263,695.1031757037388,-268.1796864485366,141.6243401953067,0.3921841856936829,1.0519448005008627E-5
717.7286544587787,-189.1222037895453,132.96031752598418,717.7286544587787,-313.1683354147211,148.37320916997956,692.2525425839176,-268.83866457185303,142.86519046465108,0.37598423162642497,7.036268111814305E-6
717.7286544587787,-189.1222037895453,132.96031752598418,717.7286544587787,-313.1252751531646,148.71589724839188,691.5801832475721,-268.8715494268524,143.09310826399712,0.3690072302906345,4.143755014763435E-8
717.7286544587787,-189.1222037895453,132.96031752598418,717.7286544587787,-313.146804379051,148.5455171914869,691.6364798203085,-268.89848014199305,142.98517702654706,0.36997813853593187,1.8935101455983673E-8
717.7286544587787,-189.1222037895453,132.96031752598418,717.7286544587787,-313.18922806621356,148.2041191231125,689.5150213119612,-268.7438025461097,142.74322205978365,0.34060270569180856,3.201243069719002E-7
717.7286544587787,-189.1222037895453,132.96031752598418,717.7286544587787,-313.2101667876334,148.03272406857423,687.3199698146221,-270.04701037455175,142.7898896678726,0.33766627007637984,1.9654018759617607E-5
717.7286544587787,-189.1222037895453,132.96031752598418,717.7286544587787,-313.26533846855546,147.5713445969723,684.8891619821648,-269.8455239123467,142.46104923075328,0.30378507594353416,5.426992441428471E-7
717.7286544587787,-189.1222037895453,132.96031752598418,717.7286544587787,-313.3876596313754,146.49163248138214,682.5025121299134,-271.0903422878207,141.88586075772187,0.2929736904015594,1.953539280612737E-5
717.7286544587787,-189.1222037895453,132.96031752598418,717.7286544587787,-313.4469369507534,145.93570670682993,682.0910848613125,-271.29247253424444,141.5361751928143,0.2903683273251171,6.584773202653731E-7
717.7286544587787,-189.1222037895453,132.96031752598418,717.7286544587787,-313.53967763764484,145.01403899520133,679.942800532325,-272.05244629008297,140.99470380275864,0.27421035439749697,7.414725681893369E-6
717.7286544587787,-189.1222037895453,132.96031752598418,717.7286544587787,-313.6423518065053,143.90256308319846,678.3795361756462,-272.9934522520713,140.3305287767939,0.2667343063862223,1.1571057244729317E-5
717.7286544587787,-189.1222037895453,132.96031752598418,717.7286544587787,-313.6596022364671,143.70445025378663,677.9982369896874,-273.08989684488205,140.20440685404589,0.2632392812625067,1.33032755902015E-7
717.7286544587787,-189.1222037895453,132.96031752598418,717.7286544587787,-313.69766015258966,143.25379468092206,677.0084049144801,-274.5032710685603,140.0152229717207,0.2680475627708747,2.4256626378094825E-5
717.7286544587787,-189.1222037895453,132.96031752598418,717.7286544587787,-313.6953508853047,143.2817041895234,676.9179715987444,-274.7631898435209,140.05601793909466,0.27007513024111107,8.125771881252176E-7
717.7286544587787,-189.1222037895453,132.96031752598418,717.7286544587787,-313.6785101412481,143.48298581975575,677.5100401084932,-274.8118731861198,140.19948504526712,0.2783766010282329,4.1108010375749794E-8
717.7286544587787,-189.1222037895453,132.96031752598418,717.7286544587787,-313.6498448405402,143.81695670551682,678.1839494078009,-274.9048029959684,140.43906457046742,0.2886780856407237,1.460244421647033E-7
717.7286544587787,-189.1222037895453,132.96031752598418,717.7286544587787,-313.6482184784833,143.83559525532962,678.7395489832764,-274.94661893746775,140.45565376575556,0.2967512956923648,2.061655070712091E-8
717.7286544587787,-189.1222037895453,132.96031752598418,717.7286544587787,-313.66046378121666,143.69445923582157,679.4839176945607,-274.97619181139777,140.36020310205436,0.3073488874359178,1.4746882078562337E-8
717.7286544587787,-189.1222037895453,132.96031752598418,717.7286544587787,-313.7084219823783,143.1227107681198,680.5509308946113,-274.9714791852878,139.9629708593857,0.3220294618803467,1.1901050791856137E-8
717.7286544587787,-189.1222037895453,132.96031752598418,717.7286544587787,-313.8143410747206,141.72792262971663,681.4355420607875,-275.01786609247523,138.99998661492828,0.3346494432118357,1.3485241077284903E-7
717.7286544587787,-189.1222037895453,132.96031752598418,717.7286544587787,-313.87528834859063,140.8132082678497,685.7343534163278,-273.9249968954536,138.2984385930471,0.3804911431661957,1.3399184830595433E-5
717.7286544587787,-189.1222037895453,132.96031752598418,717.7286544587787,-313.9113812097763,140.21712114618074,688.740911842562,-273.863636359772,137.88824434920056,0.42750366759062275,2.7369893492083263E-8
717.7286544587787,-189.1222037895453,132.96031752598418,717.7286544587787,-313.93661112390475,139.76940863806334,691.0417905809511,-273.9383514338706,137.58735449567212,0.4684171238067897,5.676651915934606E-8
717.7286544587787,-189.1222037895453,132.96031752598418,717.7286544587787,-313.9374770578692,139.7535169896853,692.9341839763,-273.8470555818634,137.5715546181021,0.49941001278510083,7.102941483043057E-8
717.7286544587787,-189.1222037895453,132.96031752598418,717.7286544587787,-313.96256648492607,139.27568308039037,693.6937876850731,-273.725929644983,137.24021101961006,0.5088916000211334,2.1463254733776033E-7
717.7286544587787,-189.1222037895453,132.96031752598418,717.7286544587787,-313.96393096960406,139.2486523373453,697.7117039526997,-274.5380763002394,137.26275403246643,0.6111899595587241,6.64340780252099E-6
717.7286544587787,-189.1222037895453,132.96031752598418,717.7286544587787,-314.0458144258307,137.32970027343939,699.6064139163749,-274.1426995370298,135.93403150532737,0.6291497321458368,2.0900008962452522E-6
717.7286544587787,-189.1222037895453,132.96031752598418,717.7286544587787,-314.06524293310633,136.7335084263467,700.9671676629023,-274.4209856999953,135.53628005997305,0.6651684323814694,9.399455167091447E-7
717.7286544587787,-189.1222037895453,132.96031752598418,717.7286544587787,-314.0675301080272,136.65699592260862,702.385880564413,-274.62959041817214,135.4901705282177,0.7003926093021692,4.802859581264017E-7
717.7286544587787,-189.1222037895453,132.96031752598418,717.7286544587787,-314.0698504636631,136.57771860960906,703.2098419902575,-274.76173588196525,135.4396962452988,0.7214761236857269,2.016080855303031E-7
717.7286544587787,-189.1222037895453,132.96031752598418,717.7286544587787,-314.07055927637464,136.55315221977648,703.5512975936493,-275.0642958140667,135.43154436750382,0.7426075785660613,1.0787548557904873E-6
717.7286544587787,-189.1222037895453,132.96031752598418,717.7286544587787,-314.0743668169524,136.4182005159459,703.5573461387098,-275.24916596312283,135.34376532121576,0.751963133502213,4.1318115729647536E-7
717.7286544587787,-189.1222037895453,132.96031752598418,717.7286544587787,-314.0742375713998,136.42286771021173,707.0043687810386,-275.359118782391,135.3500316975598,0.8180681992527078,4.599886355701053E-8
717.7286544587787,-189.1222037895453,132.96031752598418,717.7286544587787,-314.1035916942152,135.1173241143894,708.5439302361902,-275.5780214619921,134.45242584268547,0.8535381361086231,5.796206411479211E-7
717.7286544587787,-189.1222037895453,132.96031752598418,717.7286544587787,-314.11004864135884,134.70348685194978,709.3731165485406,-275.9458608420392,134.17122196170354,0.8883658383423708,1.6071127304918058E-6
717.7286544587787,-189.1222037895453,132.96031752598418,717.7286544587787,-314.1105832436334,134.66472400358123,709.84975895669,-276.0819235306998,134.14614544266095,0.9038742675633841,2.162315759610454E-7
717.7286544587787,-189.1222037895453,132.96031752598418,717.7286544587787,-314.11185532423394,134.56873576671163,710.0370414394979,-276.1539267056322,134.08027753020357,0.911152207457429,6.218005798939662E-8
717.7286544587787,-189.1222037895453,132.96031752598418,717.7286544587787,-314.1123251669273,134.53180028672813,713.0894764918121,-276.0517240807223,134.05326984119048,0.9380092601597525,5.0080355146338514E-8
717.7286544587787,-189.1222037895453,132.96031752598418,717.7286544587787,-314.120818476222,133.54881256566483,714.6149547168027,-276.47301533521284,133.37156623810438,0.9791775174437422,2.021335364390587E-6
717.7286544587787,-189.1222037895453,132.96031752598418,717.7286544587787,-314.1220592562898,133.1504051189105,715.3095041703049,-276.5660373579197,133.09329358245398,0.9898603266509347,9.792465114133007E-8
717.7286544587787,-189.1222037895453,132.96031752598418,717.7286544587787,-314.1184736575299,131.99464724583024,713.8169907082384,-276.49347290272453,132.28532268004966,0.9753124988101581,5.3267236102037294E-8
717.7286544587787,-189.1222037895453,132.96031752598418,717.7286544587787,-314.1195806552765,132.15051712689487,715.8555038535112,-276.5228007248915,132.39408933741257,0.9890852768645284,2.098502163396578E-9
717.7286544587787,-189.1222037895453,132.96031752598418,717.7286544587787,-314.1221384490759,133.0881264187942,720.9345413380407,-275.8971983223017,133.04904250016145,0.9370300223562038,3.21620830877206E-6
717.7286544587787,-189.1222037895453,132.96031752598418,717.7286544587787,-314.1190832970629,132.07707725112667,719.655051704225,-277.17672294793584,132.33811561174178,1.0,1.9533376146819747E-5
717.7286544587787,-189.1222037895453,132.96031752598418,717.7286544587787,-314.1105141205444,131.25084959652133,717.7582205763192,-277.6331692691371,131.74975106186878,1.0,2.3831724654897145E-6
717.7286544587787,-189.1222037895453,132.96031752598418,717.7286544587787,-314.1107194091052,131.2659258301139,718.3329574473048,-278.1867937023849,131.75292418431312,1.0,3.6174783058052946E-6
717.7286544587787,-189.1222037895453,132.96031752598418,717.7286544587787,-314.09742029598834,130.4712897704763,720.8842712295842,-277.2942711829037,131.20426757354207,1.0,9.14650912119015E-6
717.7286544587787,-189.1222037895453,132.96031752598418,717.7286544587787,-314.0779012566169,129.63260502072214,722.1560917045097,-277.7661503909272,130.59962829291473,1.0,2.728229977074729E-6
717.7286544587787,-189.1222037895453,132.96031752598418,717.7286544587787,-314.0531249469374,128.80520756769286,722.3101481061193,-278.2628138523539,129.99556682112456,1.0,3.1434519573148474E-6
717.7286544587787,-189.1222037895453,132.96031752598418,717.7286544587787,-314.02710166382894,128.08522911501453,721.1628738676465,-278.53924734446036,129.47033434520864,1.0,9.957545257104173E-7
717.7286544587787,-189.1222037895453,132.96031752598418,717.7286544587787,-313.9858580813434,127.1235515637132,719.2567190155338,-278.4398131950706,128.7851555433685,1.0,1.5553413083070905E-7
717.7286544587787,-189.1222037895453,132.96031752598418,717.7286544587787,-313.806825162045,124.08646868816949,711.5630502048858,-277.59604171069066,126.6636030220516,1.0,6.457494879937481E-6
717.7286544587787,-189.1222037895453,132.96031752598418,717.7286544587787,-313.87981224710376,125.17962784250865,711.2099714318969,-277.2437840732059,127.46448701847737,1.0,1.8787013461592538E-6
717.7286544587787,-189.1222037895453,132.96031752598418,717.7286544587787,-313.9618478829404,126.63076283118562,714.1515835335148,-277.0178853425766,128.50387640211892,1.0,6.759116015292405E-7
717.7286544587787,-189.1222037895453,132.96031752598418,717.7286544587787,-313.98582155886237,127.12277030494299,715.2163976371306,-277.2379925031403,128.8407822544273,1.0,6.275713414858673E-7
717.7286544587787,-189.1222037895453,132.96031752598418,717.7286544587787,-313.99450689698864,127.31160823599656,716.2815561402884,-277.26738249522464,128.97299225503136,1.0,1.1103766109628203E-8
717.7286544587787,-189.1222037895453,132.96031752598418,717.7286544587787,-313.99200202037616,127.25650390774717,716.4203557685885,-277.4032199636436,128.92780951027652,1.0,2.2330087871046088E-7
717.7286544587787,-189.1222037895453,132.96031752598418,717.7286544587787,-313.9890784720834,127.19285647147137,716.4072527386273,-277.4276054013838,128.88158995316527,1.0,8.248062939467607E-9
717.7286544587787,-189.1222037895453,132.96031752598418,717.7286544587787,-313.98561058172993,127.11825930568043,716.3756925955537,-277.3984920293169,128.83008250662908,1.0,1.1651219710991707E-8
717.7286544587787,-189.1222037895453,132.96031752598418,717.7286544587787,-313.98096434068975,127.01978609925405,716.2932386324541,-277.35224169508894,128.76250785171004,1.0,2.8668965911364344E-8
717.7286544587787,-189.1222037895453,132.96031752598418,717.7286544587787,-313.97801199402744,126.95805481884011,716.1609601727488,-277.3736852379982,128.71775497670544,1.0,6.4887369035660665E-9
717.7286544587787,-189.1222037895453,132.96031752598418,717.7286544587787,-313.9747332148001,126.89023547415887,716.0788460904638,-277.35170799074507,128.67077423552348,1.0,6.885413142236045E-9
717.7286544587787,-189.1222037895453,132.96031752598418,717.7286544587787,-313.9709640801241,126.81319999777658,716.0012142193225,-277.32576671434845,128.61748171052648,1.0,9.549582228671046E-9
717.7286544587787,-189.1222037895453,132.96031752598418,717.7286544587787,-313.9567785321407,126.53155801614317,715.6446340343026,-277.23824083088334,128.42249767705962,1.0,1.1028299454074672E-7
717.7286544587787,-189.1222037895453,132.96031752598418,717.7286544587787,-313.927617985007,125.98833161813438,714.6513140180189,-277.20193354399686,128.03993295313617,1.0,3.312610157528953E-8
717.7286544587787,-189.1222037895453,132.96031752598418,717.7286544587787,-313.92501145192676,125.94182768937331,714.5104816719364,-277.19486909666773,128.00740726763917,1.0,9.096355190946804E-10
717.7286544587787,-189.1222037895453,132.96031752598418,717.7286544587787,-313.9205152871949,125.8623285618053,714.449034965309,-277.15777587370565,127.95323440434825,1.0,1.8898983548782307E-8
717.7286544587787,-189.1222037895453,132.96031752598418,717.7286544587787,-313.9199635812898,125.8526349949448,714.518689940462,-277.22476071828845,127.94255914740987,1.0,5.355966644998515E-8
717.7286544587787,-189.1222037895453,132.96031752598418,717.7286544587787,-313.9195809438271,125.84591977129384,714.7760601346454,-277.0750911921682,127.9463353500432,1.0,2.6292349487462277E-7
717.7286544587787,-189.1222037895453,132.96031752598418,717.7286544587787,-313.89098706158256,125.36092802317641,714.6480351160207,-276.4733244754043,127.639954754222,0.9914068116507012,4.547898272841623E-6
717.7286544587787,-189.1222037895453,132.96031752598418,717.7286544587787,-313.8092204084547,124.12018819006295,714.3942045116085,-274.6578135110321,126.89596637484635,0.8675391979280915,4.1987692946293665E-5
717.7286544587787,-189.1222037895453,132.96031752598418,717.7286544587787,-313.7911718680498,123.86920107964913,714.272717964868,-274.14440489641197,126.7603245148965,0.835403635108833,3.2277147098291046E-6
717.7286544587787,-189.1222037895453,132.96031752598418,717.7286544587787,-313.7859846341242,123.79834472888385,714.3604216386013,-274.0908154722718,126.71568012151567,0.8327939655530419,3.779917642618502E-8
717.7286544587787,-189.1222037895453,132.96031752598418,717.7286544587787,-313.47928985023765,120.29875575448237,712.1454701878844,-273.78792152744063,124.33997871759726,0.8122125440333747,2.9673263478210366E-6
717.7286544587787,-189.1222037895453,132.96031752598418,717.7286544587787,-313.2706617686697,118.39459126858182,711.8838284839051,-273.5889865705891,123.05024650408691,0.8066555872512498,1.3763796022687616E-6
717.7286544587787,-189.1222037895453,132.96031752598418,717.7286544587787,-312.99935724554564,116.24353399449883,709.9968734954664,-273.1971558669129,121.61470023428106,0.7765658020296711,3.698871588918807E-6
717.7286544587787,-189.1222037895453,132.96031752598418,717.7286544587787,-312.5375041041881,113.11935867197397,709.2331271057382,-273.08735399679153,119.46159341166867,0.779425307843696,2.188366648009418E-6
717.7286544587787,-189.1222037895453,132.96031752598418,717.7286544587787,-312.08842055098717,110.50348036270398,707.2109058709253,-272.60987839126807,117.71329144800771,0.7442774607147842,6.81118696927542E-6
717.7286544587787,-189.1222037895453,132.96031752598418,717.7286544587787,-311.6175239348592,108.06259589333179,706.3986500107869,-273.11027401792995,115.88936664778464,0.7768484008635288,8.397610114813642E-6
717.7286544587787,-189.1222037895453,132.96031752598418,717.7286544587787,-311.48424524510534,107.41563489284489,705.9507586270186,-273.12794072017783,115.42301703859934,0.7757398667476029,1.4501774320840968E-7
717.7286544587787,-189.1222037895453,132.96031752598418,717.7286544587787,-310.70532969717664,103.93371775044969,703.7405802920613,-272.93107737256736,112.9518943753827,0.755584038910795,6.2212903495060375E-6
717.7286544587787,-189.1222037895453,132.96031752598418,717.7286544587787,-310.29194667426077,102.25374804562794,703.5942448039876,-272.71018510813144,111.77763532351455,0.75625524423628,2.936053235679308E-6
717.7286544587787,-189.1222037895453,132.96031752598418,717.7286544587787,-309.6844500165445,99.94903483808459,701.539098663677,-272.2137058114184,110.20894097115715,0.7127802309346971,8.989688682143913E-6
717.7286544587787,-189.1222037895453,132.96031752598418,717.7286544587787,-308.9042926075441,97.22166620284321,700.5436795619719,-272.62040204830333,108.04746934369527,0.7392017625962598,1.1665329500064719E-5
717.7286544587787,-189.1222037895453,132.96031752598418,717.7286544587787,-308.72900674929514,96.6393499487352,700.3415710515874,-272.7237019813199,107.57307173316147,0.7461715409271367,6.56096857160347E-7
717.7286544587787,-189.1222037895453,132.96031752598418,717.7286544587787,-307.72302959368153,93.47811750398785,697.9620566005025,-272.30683059203307,105.2681657057698,0.7051934346008666,1.404662432866398E-5
717.7286544587787,-189.1222037895453,132.96031752598418,717.7286544587787,-307.0568960867621,91.53075860049242,697.23351949504,-272.52513804924325,103.66150212090412,0.7199780119966803,6.302448793082123E-6
717.7286544587787,-189.1222037895453,132.96031752598418,717.7286544587787,-306.8685121160257,90.9983481312406,696.8765375582387,-272.65842706100216,103.1900046041564,0.7236068946529394,9.436136235936415E-7
717.7286544587787,-189.1222037895453,132.96031752598418,717.7286544587787,-306.80548633259576,90.82191449629457,696.8656613189346,-272.66541148855055,103.04632056447065,0.725803316756875,3.551460670544777E-8
717.7286544587787,-189.1222037895453,132.96031752598418,717.7286544587787,-305.55840333505114,87.48932198597927,694.3433411781957,-272.29599544185555,100.47905204299829,0.6830609013314002,1.819043589660436E-5
717.7286544587787,-189.1222037895453,132.96031752598418,717.7286544587787,-304.8257921331672,85.6561988426214,693.9393208320835,-272.2743158493978,98.96450603939624,0.694211543824245,4.057448175920129E-6
717.7286544587787,-189.1222037895453,132.96031752598418,717.7286544587787,-304.5929194457358,85.09055853508058,693.9019405824927,-272.2204393937061,98.51095529301318,0.698220838624187,5.857055899893082E-7
717.7286544587787,-189.1222037895453,132.96031752598418,717.7286544587787,-303.23409236649013,81.93604011411949,691.7290668627298,-271.4003203490506,96.17027315276243,0.6448784052440537,3.375228550839058E-5
717.7286544587787,-189.1222037895453,132.96031752598418,717.7286544587787,-302.37045756217265,80.0468691649994,691.4323506368654,-271.6599872690099,94.39584877276792,0.672632726416227,1.1397680609109176E-5
717.7286544587787,-189.1222037895453,132.96031752598418,717.7286544587787,-302.1348739922295,79.54555951231029,691.188895361581,-271.677598106711,93.94100754714518,0.6733502016604254,5.171405375898442E-7
717.7286544587787,-189.1222037895453,132.96031752598418,717.7286544587787,-300.6488168520585,76.50843909129907,689.1242427307496,-271.23170730743453,91.39861683732363,0.6379729942131291,2.751562345681223E-5
717.7286544587787,-189.1222037895453,132.96031752598418,717.7286544587787,-299.858868371451,74.97418886339364,689.3686441383499,-271.1886851896498,89.98703882629212,0.6664798336817008,5.602929937762013E-6
717.7286544587787,-189.1222037895453,132.96031752598418,717.7286544587787,-299.7233284877627,74.71607990980999,689.5851111129251,-271.26273938362704,89.70385981711769,0.6803907126191334,4.580986699547943E-7
717.7286544587787,-189.1222037895453,132.96031752598418,717.7286544587787,-299.62671334309226,74.53298344055767,690.2300878075456,-271.0725350774613,89.63050769365088,0.6960783215984904,4.7533194552179106E-7
717.7286544587787,-189.1222037895453,132.96031752598418,717.7286544587787,-299.5478673931097,74.38410377234159,690.424653963834,-270.92124821923824,89.56933254119721,0.698346657482389,3.0992228945676877E-7
717.7286544587787,-189.1222037895453,132.96031752598418,717.7286544587787,-298.04375944986833,71.63255291210685,689.6149738378391,-269.8078457920273,87.53064999645309,0.672703090854635,4.668575716712501E-5
717.7286544587787,-189.1222037895453,132.96031752598418,717.7286544587787,-297.32710019187,70.37677021071781,689.7031689706449,-270.3342707917697,85.98888271302962,0.7211304060552874,1.7929922211156175E-5
717.7286544587787,-189.1222037895453,132.96031752598418,717.7286544587787,-297.1519424199813,70.07490131968333,689.5064087037787,-270.41456909229544,85.63904940789376,0.7237013353109261,7.081538446483681E-7
717.7286544587787,-189.1222037895453,132.96031752598418,717.7286544587787,-295.65064973041683,67.56390932627644,688.3107432172221,-269.9327095287062,83.35181368020139,0.709961783866378,3.0481276405928804E-5
717.7286544587787,-189.1222037895453,132.96031752598418,717.7286544587787,-294.83751078771604,66.2574400297134,687.9624563726844,-269.9584414549087,81.95531350754561,0.7250730067651914,6.891177991771327E-6
717.7286544587787,-189.1222037895453,132.96031752598418,717.7286544587787,-294.50558106243034,65.73425268086045,687.4071639788907,-269.88906083808223,81.43760009378417,0.7124546333950892,1.3266926863113882E-6
717.7286544587787,-189.1222037895453,132.96031752598418,717.7286544587787,-294.37955320562224,65.53709901854502,687.3267196514779,-269.83348312433264,81.26022957209594,0.7112176971176142,2.3887034746752927E-7
717.7286544587787,-189.1222037895453,132.96031752598418,717.7286544587787,-292.6433548349382,62.900548141286976,685.6845154419211,-268.93362264711726,78.94652862428308,0.669345107358215,4.970117755287908E-5
717.7286544587787,-189.1222037895453,132.96031752598418,717.7286544587787,-291.97577330990225,61.924106781596265,685.8432991619288,-269.2820249090872,77.59763081676695,0.709204000860409,1.317502760602593E-5
717.7286544587787,-189.1222037895453,132.96031752598418,717.7286544587787,-291.83635933925234,61.722671230569674,685.6778060293719,-269.3738934313171,77.30156775859419,0.710905048190716,7.023635556485349E-7
717.7286544587787,-189.1222037895453,132.96031752598418,717.7286544587787,-290.47522642935235,59.79909281114797,684.1875466804584,-268.83987475116624,75.4164743621408,0.6745983077160711,2.7881460976259764E-5
717.7286544587787,-189.1222037895453,132.96031752598418,717.7286544587787,-289.70822256277427,58.74810271365267,684.3878395478013,-269.0630405710113,73.98008723295811,0.7137379950195052,1.2628811670421552E-5
717.7286544587787,-189.1222037895453,132.96031752598418,717.7286544587787,-289.97393345910035,59.10959902806441,684.9737935743125,-269.4368532985859,74.14829128126448,0.7445007229534862,1.8887961599911687E-6
717.7286544587787,-189.1222037895453,132.96031752598418,717.7286544587787,-290.71822799278584,60.13691561358682,685.9669422520454,-269.83513850003897,75.10578502781297,0.7792417754698691,9.155975787207537E-6
717.7286544587787,-189.1222037895453,132.96031752598418,717.7286544587787,-291.29169983169925,60.94369389996099,685.8481839567019,-269.89157317582954,76.02808725244586,0.7569226503269987,3.927310976136885E-6
717.7286544587787,-189.1222037895453,132.96031752598418,717.7286544587787,-291.3850401856496,61.07629779820597,685.6755523868429,-269.9353566341591,76.15400862560367,0.7483928742574395,1.3757712652841234E-7
717.7286544587787,-189.1222037895453,132.96031752598418,717.7286544587787,-291.2800210920695,60.92712820339423,685.3062474533459,-269.8983843323176,76.00367867609114,0.7349617437774902,1.5917891559020672E-7
717.7286544587787,-189.1222037895453,132.96031752598418,717.7286544587787,-291.24095895605535,60.87176196241103,685.2151274319092,-269.8768654047329,75.95328780483499,0.7315963245096286,2.5550556290082334E-8
717.7286544587787,-189.1222037895453,132.96031752598418,717.7286544587787,-290.2987366728423,59.555214203973094,684.3638971753991,-269.03759775813785,74.98049172932264,0.6938966075018712,1.8658622538528293E-5
717.7286544587787,-189.1222037895453,132.96031752598418,717.7286544587787,-289.40397385785036,58.337488633160845,684.8746172189616,-268.9198512559983,73.5803705138502,0.73773664964591,1.0203849239269936E-5
717.7286544587787,-189.1222037895453,132.96031752598418,717.7286544587787,-291.0087387107224,60.543924342149396,690.0036363622959,-270.14336938079197,75.37409587061612,0.9822423878256058,4.503826040867676E-5
717.7286544587787,-189.1222037895453,132.96031752598418,717.7286544587787,-293.0802773955889,63.550527639251214,698.235074126129,-271.5277341716781,77.94053550305037,1.0,6.41037196692146E-5
717.7286544587787,-189.1222037895453,132.96031752598418,717.7286544587787,-293.93063412558155,64.84135591839481,702.3713663974837,-272.5818771054715,78.71672028708161,1.0,1.8369177435059724E-5
717.7286544587787,-189.1222037895453,132.96031752598418,717.7286544587787,-294.3391679615063,65.47409337292994,703.8915060219549,-273.2755686063796,78.98429867810279,1.0,6.147118754745479E-6
717.7286544587787,-189.1222037895453,132.96031752598418,717.7286544587787,-294.1688076211629,65.20922142087916,703.0655036428468,-272.89505426140926,78.92998968772676,1.0,1.4181307796199716E-6
717.7286544587787,-189.1222037895453,132.96031752598418,717.7286544587787,-293.99357522407917,64.9382956989315,702.6157392453889,-272.68143647214697,78.76184685054471,1.0,8.600546022945346E-7
717.7286544587787,-189.1222037895453,132.96031752598418,717.7286544587787,-295.4874317097203,67.2987740664429,710.0881899891024,-272.9550838649422,81.20847713562392,1.0,1.956645155238187E-5
717.7286544587787,-189.1222037895453,132.96031752598418,717.7286544587787,-295.7724163203759,67.76267825025066,713.120891226269,-273.584085295707,81.32689690437417,1.0,3.7365251363710926E-6
717.7286544587787,-189.1222037895453,132.96031752598418,717.7286544587787,-295.8087241142614,67.8221076871811,715.0813911928715,-273.79468964368124,81.26293219227173,1.0,4.607673636847188E-7
717.7286544587787,-189.1222037895453,132.96031752598418,717.7286544587787,-295.7450455858052,67.71792634287586,716.3399662481851,-272.4410077523486,81.97763961690026,1.0,2.787805319253806E-5
717.7286544587787,-189.1222037895453,132.96031752598418,717.7286544587787,-295.3768794034811,67.12002659271687,717.3463072306598,-269.71038609040187,83.02416800772542,1.0,1.0121156116528742E-4
717.7286544587787,-189.1222037895453,132.96031752598418,717.7286544587787,-294.97660415948883,66.47839575532764,718.3630263544352,-265.9046107398776,84.73707924401543,1.0,2.1425376450548723E-4
717.7286544587787,-189.1222037895453,132.96031752598418,717.7286544587787,-294.57688302296833,65.84615636922194,719.7061458288644,-261.276673701636,87.03929479790037,0.8591865154585385,3.3662728613570935E-4
717.7286544587787,-189.1222037895453,132.96031752598418,717.7286544587787,-294.9357242789946,66.41335003963738,720.5791196588191,-259.3098013287914,88.81877729762809,0.7080053949091841,8.342097010152295E-5
717.7286544587787,-189.1222037895453,132.96031752598418,717.7286544587787,-294.69424780050474,66.03092545233656,720.5369862557009,-258.88259119900596,88.73440181242034,0.6923680580719656,1.9491804907697895E-6
717.7286544587787,-189.1222037895453,132.96031752598418,717.7286544587787,-294.4915607720628,65.71227956880071,720.095030629226,-258.6892582606564,88.56175561372987,0.690227285786084,7.678782062249234E-7
717.7286544587787,-189.1222037895453,132.96031752598418,717.7286544587787,-294.78438922066397,66.1733235082872,721.127937931224,-258.9353088382464,88.8328237568532,0.6898449610181229,1.4356669128103074E-6
717.7286544587787,-189.1222037895453,132.96031752598418,717.7286544587787,-294.79683516986245,66.1930180251501,720.972453471789,-258.8366947426981,88.91333826314181,0.6842733252203047,1.8782238785337037E-7
717.7286544587787,-189.1222037895453,132.96031752598418,717.7286544587787,-294.6002974998919,65.88296108410177,720.3213863042548,-258.73512978557386,88.69092579028623,0.6880740448870287,4.873579631583695E-7
717.7286544587787,-189.1222037895453,132.96031752598418,717.7286544587787,-295.8947873344223,67.96327603060331,728.8243892352307,-259.20810253453743,90.29603126700582,0.6069801311870837,1.0584725383728916E-5
717.7286544587787,-189.1222037895453,132.96031752598418,717.7286544587787,-297.63960917329086,70.92022783568945,737.182563508622,-261.47268796841104,91.59708633076602,0.5425301356538872,6.607049300990265E-5
717.7286544587787,-189.1222037895453,132.96031752598418,717.7286544587787,-298.2886200447407,72.06948437355143,740.723384005984,-262.9364386724669,91.78822069701499,0.5214899531821205,2.0907039000724218E-5
717.7286544587787,-189.1222037895453,132.96031752598418,717.7286544587787,-298.2981722801515,72.0866129883255,741.6870928954368,-263.86124457779783,91.28775579584877,0.5366659668608813,1.3122506219809364E-5
717.7286544587787,-189.1222037895453,132.96031752598418,717.7286544587787,-297.2348763131207,70.21758854636343,738.5899322584751,-263.1858762554203,89.97778069388005,0.5988313282934169,1.726765184536348E-5
717.7286544587787,-189.1222037895453,132.96031752598418,717.7286544587787,-293.0610706541486,63.521769478791626,726.9112904699641,-260.9037983260156,85.00511220690211,0.8449058204424235,2.0705563644864006E-4
717.7286544587787,-189.1222037895453,132.96031752598418,717.7286544587787,-287.46793328052695,55.80386937751986,712.5227884536966,-256.68182527394515,79.9568931884894,0.8621783391260145,3.9801623432073323E-4
717.7286544587787,-189.1222037895453,132.96031752598418,717.7286544587787,-283.3656250648823,50.84346452783673,703.4032614627638,-253.10062983730313,77.21417699201945,0.6861411272896721,2.1733942895453822E-4
717.7286544587787,-189.1222037895453,132.96031752598418,717.7286544587787,-284.0259214177153,51.607478728849586,703.8417166721161,-252.73747745671733,78.42838523690722,0.6453000495058958,1.3518884246610944E-5
717.7286544587787,-189.1222037895453,132.96031752598418,717.7286544587787,-288.7463255877034,57.461745645810424,712.8191551634022,-255.0899408090682,82.96770684850736,0.6914394689724349,2.2890476453067766E-4
717.7286544587787,-189.1222037895453,132.96031752598418,717.7286544587787,-293.0387271796315,63.48833636438445,723.4943811298285,-258.06261078245046,86.87114421997032,0.6938116530548433,2.1743012664973972E-4
717.7286544587787,-189.1222037895453,132.96031752598418,717.7286544587787,-294.4550812959249,65.6551548991394,730.581687832571,-258.3997417732035,88.6936453267449,0.5937223900833442,1.331226496919474E-5
717.7286544587787,-189.1222037895453,132.96031752598418,717.7286544587787,-292.00686419242055,61.96914445647482,724.4607956084919,-258.2241297219643,85.27947993469172,0.7386098426655117,4.382138393917439E-5
717.7286544587787,-189.1222037895453,132.96031752598418,717.7286544587787,-286.2194086002279,54.238447515469616,709.8170457555029,-255.28333520957577,79.3199681714249,0.7934873604599156,3.333232951276376E-4
717.7286544587787,-189.1222037895453,132.96031752598418,717.7286544587787,-286.47096138512853,54.54973536645437,708.448831791465,-254.98028473819804,79.91423255645608,0.7442930985244784,4.2865389519705E-6
717.7286544587787,-189.1222037895453,132.96031752598418,717.7286544587787,-291.36665019581017,61.05014314796979,719.0167474559643,-257.3302737685899,84.9884776991868,0.7365593120769288,2.3819842721851652E-4
717.7286544587787,-189.1222037895453,132.96031752598418,717.7286544587787,-297.79285949204416,71.18905730580619,737.678382487429,-261.06884890470644,92.06395126549035,0.5157680408228007,3.468698928246312E-4
717.7286544587787,-189.1222037895453,132.96031752598418,717.7286544587787,-293.84223424568756,64.70553585272239,728.8259978014951,-259.7987543703821,86.89451227075557,0.7109419397193063,1.5324134574353567E-4
717.7286544587787,-189.1222037895453,132.96031752598418,717.7286544587787,-287.5412276808065,55.897383917852196,711.9569074525348,-256.1994365140799,80.438273233214,0.8159413828712535,4.013226743362079E-4
717.7286544587787,-189.1222037895453,132.96031752598418,717.7286544587787,-283.83843016659927,51.38926591519113,704.92313585042,-253.1740123111627,77.79792794890909,0.6947581932363258,1.8165062099146685E-4
717.7286544587787,-189.1222037895453,132.96031752598418,717.7286544587787,-287.59966635227386,55.97207577955646,710.5754552771684,-254.6670582495621,81.71830773935042,0.6965787003335139,1.4708791206800902E-4
717.7286544587787,-189.1222037895453,132.96031752598418,717.7286544587787,-288.5341492326193,57.18258264809758,712.5082267659454,-254.90755005516357,82.8147891797899,0.6870534420918513,8.382938710385143E-6
717.7286544587787,-189.1222037895453,132.96031752598418,717.7286544587787,-287.9057525269931,56.3652099874719,714.8218119433928,-255.0524006759408,81.83914821093231,0.7343113343286539,5.640805218431756E-6
717.7286544587787,-189.1222037895453,132.96031752598418,717.7286544587787,-287.83046301176466,56.2682086664728,713.938823816008,-255.57407514716945,81.33004674384111,0.7696520260945783,6.184261352300369E-6
717.7286544587787,-189.1222037895453,132.96031752598418,717.7286544587787,-287.5822506670129,55.949804160036024,711.9573338841808,-255.58447123372713,80.97686334673679,0.7692528481141544,5.189106857103462E-7
717.7286544587787,-189.1222037895453,132.96031752598418,717.7286544587787,-287.51255476481833,55.860779038632714,711.7061476000924,-255.62408959678288,80.84885889763632,0.7733304375173523,1.42127906855818E-7
717.7286544587787,-189.1222037895453,132.96031752598418,717.7286544587787,-287.16964545084426,55.42516947250992,711.7156264696437,-255.58833065905102,80.39942557359078,0.7874402009142437,1.1089064029513629E-6
717.7286544587787,-189.1222037895453,132.96031752598418,717.7286544587787,-286.71727416607933,54.85652608024597,711.5990831105934,-255.74423891497446,79.64375638153635,0.820848314567656,4.171223752242743E-6
717.7286544587787,-189.1222037895453,132.96031752598418,717.7286544587787,-284.61899733994585,52.30449057224091,710.2842868982493,-256.21381798782363,76.29527754254542,0.9686973518631655,7.597049249619632E-5
717.7286544587787,-189.1222037895453,132.96031752598418,717.7286544587787,-281.0498002915006,48.25897750486237,707.8298265723544,-254.8074325894971,72.4384817480678,1.0,1.622796198431642E-4
717.7286544587787,-189.1222037895453,132.96031752598418,717.7286544587787,-281.0312302080241,48.23882755556778,706.9376868716587,-254.26704836045587,72.9099774123925,0.9652241656178571,6.056505795697552E-6
717.7286544587787,-189.1222037895453,132.96031752598418,717.7286544587787,-281.0083607171905,48.2140245978085,707.0088153562172,-254.10732047659883,73.02476336988491,0.9531079705942286,4.493680145110959E-7
717.7286544587787,-189.1222037895453,132.96031752598418,717.7286544587787,-281.1397007669209,48.356651825149,707.013429355066,-254.07739524139518,73.23855282206898,0.9417633072030339,3.273482961386379E-7
717.7286544587787,-189.1222037895453,132.96031752598418,717.7286544587787,-281.2024415806048,48.42494144979973,706.8938747731355,-254.09712298598853,73.30930704255627,0.9371245592259163,4.569826053039823E-8
717.7286544587787,-189.1222037895453,132.96031752598418,717.7286544587787,-278.4972405683546,45.56979858493152,704.7105016320558,-254.1393006487285,69.38688539832467,1.0,9.097837320572694E-5
717.7286544587787,-189.1222037895453,132.96031752598418,717.7286544587787,-277.06744616842593,44.131074914556194,703.440899003757,-253.5982038418028,67.83622330173762,1.0,2.6156895618948035E-5
717.7286544587787,-189.1222037895453,132.96031752598418,717.7286544587787,-276.3486223804171,43.42511830349952,702.14109626663,-253.55198460122512,66.82515625228186,1.0,6.6536344007743655E-6
717.7286544587787,-189.1222037895453,132.96031752598418,717.7286544587787,-273.30670606515076,40.55918346038639,700.9171108413436,-253.0122590980929,62.834422540034325,1.0,1.3385883476482233E-4
717.7286544587787,-189.1222037895453,132.96031752598418,717.7286544587787,-273.31749356234565,40.56901284814029,699.8364362017494,-252.73492868793548,63.15519347053248,1.0,2.079664500891275E-6
717.7286544587787,-189.1222037895453,132.96031752598418,717.7286544587787,-272.4147473444407,39.754351042309665,699.3147285630813,-251.1502462816358,63.54973882567825,1.0,2.1750526719071354E-5
717.7286544587787,-189.1222037895453,132.96031752598418,717.7286544587787,-271.51750892135294,38.960244694968154,699.0060377104672,-248.98671010776292,64.6643394371435,0.8949463944512936,6.230938962849203E-5
717.7286544587787,-189.1222037895453,132.96031752598418,717.7286544587787,-271.2886022279888,38.76008946015118,698.3807270956731,-248.0057257518373,65.45290204247709,0.8077760726211493,1.8358150174158542E-5
717.7286544587787,-189.1222037895453,132.96031752598418,717.7286544587787,-271.28644470180706,38.758207595729374,698.4062039414071,-247.8702349623446,65.60512225757412,0.7979860176748971,4.89707975906819E-7
717.7286544587787,-189.1222037895453,132.96031752598418,717.7286544587787,-268.99168858517976,36.80489438989726,695.9215834650194,-248.16858479887622,61.873972532844135,0.8791239559932041,1.1231499034798702E-4
717.7286544587787,-189.1222037895453,132.96031752598418,717.7286544587787,-267.34183009888477,35.45806083401173,694.1716481998778,-247.4185408423957,60.29282104562719,0.8538452092003622,3.448341734968981E-5
717.7286544587787,-189.1222037895453,132.96031752598418,717.7286544587787,-266.6172187676311,34.881152289190595,693.4303501882957,-246.7618240381529,60.01051759178381,0.8172419606334653,4.652556675968602E-6
717.7286544587787,-189.1222037895453,132.96031752598418,717.7286544587787,-267.0293792792264,35.2082228823397,693.9508802155704,-246.74291113564473,60.662165237358465,0.8107977751121607,3.2012739416324405E-6
717.7286544587787,-189.1222037895453,132.96031752598418,717.7286544587787,-266.26576572846216,34.604479613959356,692.7662727491025,-247.26095821852437,58.83506632807496,0.8516272025288841,3.70108068989464E-5
717.7286544587787,-189.1222037895453,132.96031752598418,717.7286544587787,-264.7512011254647,33.43517114596878,693.4405993183857,-246.24154653553722,57.79323680065028,0.8890190899895029,2.509813116088009E-5
717.7286544587787,-189.1222037895453,132.96031752598418,717.7286544587787,-264.6927847195758,33.39080764520939,693.532953945661,-246.1001398312724,57.88791374301371,0.8844654896037848,3.0495313152778704E-7
717.7286544587787,-189.1222037895453,132.96031752598418,717.7286544587787,-264.7297271235424,33.41885674054518,693.4444857199848,-246.0973255681901,57.94943765334017,0.8782682121280044,3.019253866361666E-8
717.7286544587787,-189.1222037895453,132.96031752598418,717.7286544587787,-263.9208117158507,32.80958985869839,692.6123699641382,-246.124853596036,56.637281371245734,0.8980289406060789,1.3502420253945815E-5
717.7286544587787,-189.1222037895453,132.96031752598418,717.7286544587787,-262.2556805362434,31.587270916245913,693.8395821011135,-245.36977680839968,54.99345344437984,1.0,3.781859135552684E-5
717.7286544587787,-189.1222037895453,132.96031752598418,717.7286544587787,-262.30272953977766,31.62123004775799,695.9980034830531,-245.40647667033394,55.01885981383478,1.0,6.462220733727021E-9
717.7286544587787,-189.1222037895453,132.96031752598418,717.7286544587787,-262.674293647538,31.89058873678752,698.068876661917,-245.92224831841995,54.90998466893859,1.0,1.6524895105652256E-6
717.7286544587787,-189.1222037895453,132.96031752598418,717.7286544587787,-262.90463559147634,32.05861903981696,699.2733202136891,-246.46303500593962,54.54344888881627,1.0,4.403278224785369E-6
717.7286544587787,-189.1222037895453,132.96031752598418,717.7286544587787,-263.13499304845794,32.22746773945336,700.0795785767386,-246.83100417698236,54.41751459968364,1.0,1.1839462133365103E-6
717.7286544587787,-189.1222037895453,132.96031752598418,717.7286544587787,-263.32320301542046,32.36602487534881,700.5522193956172,-247.03855081917973,54.443127418884444,1.0,2.403460228647969E-7
717.7286544587787,-189.1222037895453,132.96031752598418,717.7286544587787,-263.2370023076877,32.302497955842725,700.6092004891376,-247.16808256906305,54.1262424181802,1.0,1.3021038179381343E-6
717.7286544587787,-189.1222037895453,132.96031752598418,717.7286544587787,-263.6273775643106,32.591103716210725,700.3745406660746,-247.50388924825626,54.311767720642024,1.0,1.4381620879252254E-6
717.7286544587787,-189.1222037895453,132.96031752598418,717.7286544587787,-263.54927885667723,32.53317728515333,700.2008499332132,-247.2325956457683,54.5498672008747,1.0,1.4704361842313513E-6
717.7286544587787,-189.1222037895453,132.96031752598418,717.7286544587787,-263.19747894302157,32.27340869004472,700.2854542771981,-246.27303281819306,55.27798289565811,1.0,1.5965223341139816E-5
717.7286544587787,-189.1222037895453,132.96031752598418,717.7286544587787,-262.4211315840331,31.70683766391494,700.6886715286128,-244.09198644940278,57.02630390469946,1.0,8.89939307963457E-5
717.7286544587787,-189.1222037895453,132.96031752598418,717.7286544587787,-261.232559746978,30.85695536933258,701.6331385048709,-240.8655804525388,59.69521355467165,0.9064881129937186,2.041221294866095E-4
717.7286544587787,-189.1222037895453,132.96031752598418,717.7286544587787,-261.02812124224187,30.712877287678054,701.8791923855928,-239.42545653928218,61.431032989635554,0.7844637520772048,6.159539014995695E-5
717.7286544587787,-189.1222037895453,132.96031752598418,717.7286544587787,-260.8488220848707,30.587019113181796,702.2475105209742,-239.1462629755501,61.56244515198,0.7784329602672575,8.428125587489156E-7
717.7286544587787,-189.1222037895453,132.96031752598418,717.7286544587787,-260.58495087672,30.402647024190372,702.4585034805914,-238.89100715796306,61.53607559332565,0.77639334799709,3.296461789166148E-7
717.7286544587787,-189.1222037895453,132.96031752598418,717.7286544587787,-258.99104988947556,29.310212148979076,702.5702927992131,-237.47580458859073,61.22797760712439,0.7506182018540167,1.2989029436902296E-5
717.7286544587787,-189.1222037895453,132.96031752598418,717.7286544587787,-258.14797365734785,28.74686784621798,705.2091373970113,-238.08891746574434,59.031549162352974,0.9325987885634025,5.569342504615714E-5
717.7286544587787,-189.1222037895453,132.96031752598418,717.7286544587787,-258.79862543517146,29.18076141467236,707.3362019642339,-238.952874558079,58.74001787585172,1.0,5.895223623803283E-6
717.7286544587787,-189.1222037895453,132.96031752598418,717.7286544587787,-259.27397280710863,29.501488498653515,709.2583432119669,-239.56163658923606,58.57296097974728,1.0,2.554180455748337E-6
717.7286544587787,-189.1222037895453,132.96031752598418,717.7286544587787,-258.813331388062,29.190636337077834,710.0369428014341,-239.32704143427188,58.20560805210613,1.0,2.222600515274207E-6
717.7286544587787,-189.1222037895453,132.96031752598418,717.7286544587787,-259.1127654602111,29.39236265081672,709.6866765560362,-239.50889827417168,58.40102301356751,1.0,8.179983007220062E-7
717.7286544587787,-189.1222037895453,132.96031752598418,717.7286544587787,-259.1791605668726,29.43726305452988,709.2903009288822,-239.54175437921182,58.455427187819765,1.0,4.646937636428665E-8
717.7286544587787,-189.1222037895453,132.96031752598418,717.7286544587787,-259.3191590661708,29.53214210994274,708.7236450081263,-239.72610897907248,58.40053694783791,1.0,2.56704510341611E-7
717.7286544587787,-189.1222037895453,132.96031752598418,717.7286544587787,-257.978272635202,28.634664960940626,709.124455824899,-238.8949436694408,57.54832182289516,1.0,1.6347816401919038E-5
717.7286544587787,-189.1222037895453,132.96031752598418,717.7286544587787,-257.8950137051136,28.579760829264515,709.7152171163008,-239.3367366505101,56.746754335414124,1.0,9.899227228727245E-6
717.7286544587787,-189.1222037895453,132.96031752598418,717.7286544587787,-257.63350187367735,28.40792857753783,709.7749320180966,-239.1732806455305,56.57934386074348,1.0,6.219209746672904E-7
717.7286544587787,-189.1222037895453,132.96031752598418,717.7286544587787,-257.2381437128758,28.149923345057488,709.6178707104367,-239.03652186058181,56.15686508612981,1.0,2.1743988002893322E-6
717.7286544587787,-189.1222037895453,132.96031752598418,717.7286544587787,-257.022045042748,28.009797957046956,708.1704211319168,-239.80215975527537,54.62600021145954,1.0,3.460694070959805E-5
717.7286544587787,-189.1222037895453,132.96031752598418,717.7286544587787,-256.69383732088806,27.798183932632668,706.7839616561487,-238.52169497447022,56.07959672732227,1.0,4.408108602061151E-5
717.7286544587787,-189.1222037895453,132.96031752598418,717.7286544587787,-256.0011179319311,27.35628898949612,708.5577943127353,-237.74597264473502,56.181770212807436,1.0,2.8129286545783797E-6
717.7286544587787,-189.1222037895453,132.96031752598418,717.7286544587787,-256.26443461766866,27.5235078273642,709.8112595365391,-238.63877879444107,55.20195842285153,1.0,2.026906974545413E-5
717.7286544587787,-189.1222037895453,132.96031752598418,717.7286544587787,-256.33475371233055,27.568320045733785,708.3961598076371,-240.2602134524635,52.77384949686055,1.0,1.0440794764534068E-4
717.7286544587787,-189.1222037895453,132.96031752598418,717.7286544587787,-255.410844005326,26.984772335866012,705.5447480144189,-239.23087434224678,52.85166447036775,1.0,3.941529380570979E-6
717.7286544587787,-189.1222037895453,132.96031752598418,717.7286544587787,-256.1414965276499,27.445321431190905,705.882258616044,-237.98564158995313,56.029851117812115,1.0,1.3913258133450376E-4
717.7286544587787,-189.1222037895453,132.96031752598418,717.7286544587787,-255.79103072503904,27.22353341068593,708.6222506238053,-237.98484344331405,55.4641530085982,1.0,2.3809919595836518E-6
717.7286544587787,-189.1222037895453,132.96031752598418,717.7286544587787,-256.43698559305216,27.633587059562416,710.0092045879591,-238.98354949327148,54.942794792874054,1.0,1.1189800348399578E-5
717.7286544587787,-189.1222037895453,132.96031752598418,717.7286544587787,-256.31155290210575,27.553527584204488,708.6654981270638,-240.13661031948524,52.92881098322022,1.0,6.514970684626839E-5
717.7286544587787,-189.1222037895453,132.96031752598418,717.7286544587787,-255.76418724435445,27.206612904307008,705.7732954853533,-239.97422066383862,52.26360213504279,1.0,4.498117863827569E-6
717.7286544587787,-189.1222037895453,132.96031752598418,717.7286544587787,-254.99897731243783,26.728256874721623,703.0497346207695,-238.84349012758702,52.7803933515539,1.0,1.2024641841824249E-5
717.7286544587787,-189.1222037895453,132.96031752598418,717.7286544587787,-254.62798397631457,26.49909095911306,702.1099323089068,-238.02625289182544,53.48053670861424,1.0,1.2446235903376087E-5
717.7286544587787,-189.1222037895453,132.96031752598418,717.7286544587787,-254.3601772452837,26.334772653339456,702.1230670759794,-237.54272811253585,53.82136645999449,1.0,3.494491453466235E-6
717.7286544587787,-189.1222037895453,132.96031752598418,717.7286544587787,-254.44304743898417,26.38552038836086,702.9514482276599,-237.28302766274376,54.383101625144775,1.0,4.444277560031837E-6
717.7286544587787,-189.1222037895453,132.96031752598418,717.7286544587787,-255.0378144342239,26.752350436226095,704.5731550069869,-237.36699316556465,55.22484709362101,1.0,6.662463919839158E-6
717.7286544587787,-189.1222037895453,132.96031752598418,717.7286544587787,-255.77751766141537,27.2150144026658,705.9847166977291,-238.119482346322,55.22859934423832,1.0,1.8440678298721804E-6
717.7286544587787,-189.1222037895453,132.96031752598418,717.7286544587787,-256.2430314999227,27.509881360580735,706.9879676105927,-238.57390880544074,55.26902495804694,1.0,8.835295413236944E-7
717.7286544587787,-189.1222037895453,132.96031752598418,717.7286544587787,-256.5725224823033,27.720332215051286,707.4118740161532,-238.99916144772664,55.139331754057764,1.0,1.347080962505704E-6
717.7286544587787,-189.1222037895453,132.96031752598418,717.7286544587787,-256.50297095728,27.675787722752773,707.80686750616,-238.86389638333472,55.23738654009668,1.0,2.826190920577814E-7
717.7286544587787,-189.1222037895453,132.96031752598418,717.7286544587787,-256.6281346126575,27.75599582908245,708.4031373954798,-238.90373354079583,55.37851091053699,1.0,2.2716114900909842E-7
717.7286544587787,-189.1222037895453,132.96031752598418,717.7286544587787,-257.2794030031903,28.17674917983787,709.299237074668,-239.36774052345848,55.71379488142148,1.0,3.3385849455784642E-6
717.7286544587787,-189.1222037895453,132.96031752598418,717.7286544587787,-257.8123584338822,28.52534898126214,709.7191947331755,-239.71314789676163,56.042982227474766,1.0,2.5506405397646408E-6
717.7286544587787,-189.1222037895453,132.96031752598418,717.7286544587787,-258.7053918687865,29.118226172193815,709.6459951321015,-239.82716295378148,57.29104816703071,1.0,1.4445713201675125E-5
717.7286544587787,-189.1222037895453,132.96031752598418,717.7286544587787,-258.8250267814928,29.198491853180798,709.6699143498047,-239.8211091303317,57.488324399100634,1.0,3.2905981291160017E-7
717.7286544587787,-189.1222037895453,132.96031752598418,717.7286544587787,-258.8585453475256,29.221016072250123,709.6347213582931,-239.80494596750228,57.565019295010586,1.0,6.213139173186512E-8
717.7286544587787,-189.1222037895453,132.96031752598418,717.7286544587787,-258.87152333817517,29.22974140446098,709.6239411290296,-239.79601483050908,57.59867030751133,1.0,1.2736467117812884E-8
717.7286544587787,-189.1222037895453,132.96031752598418,717.7286544587787,-258.8753540959415,29.232317341206226,709.6190584324811,-239.78308861849106,57.623902642712096,1.0,9.320137427336406E-9
717.7286544587787,-189.1222037895453,132.96031752598418,717.7286544587787,-258.8729140782039,29.230676563395235,709.6164159161847,-239.77685188153947,57.629350458782795,1.0,7.525899935800782E-10
717.7286544587787,-189.1222037895453,132.96031752598418,717.7286544587787,-258.87602055226137,29.232765510941306,709.6129111957555,-239.77577788780954,57.63581937129791,1.0,4.186204599502519E-10
717.7286544587787,-189.1222037895453,132.96031752598418,717.7286544587787,-258.87462645733365,29.231828035515832,709.6124690954223,-239.77375191948695,57.63664593258298,1.0,3.878597166352217E-11
717.7286544587787,-189.1222037895453,132.96031752598418,717.7286544587787,-258.8763296202095,29.23297335097955,709.6104009588861,-239.77358212408166,57.639569242229214,1.0,7.46847628344097E-11
717.7286544587787,-189.1222037895453,132.96031752598418,717.7286544587787,-258.87653148294623,29.233109099064478,709.6094524665016,-239.77304846831834,57.640679351166426,1.0,1.7467467418341645E-11
717.7286544587787,-189.1222037895453,132.96031752598418,717.7286544587787,-258.8773975913078,29.23369154365237,709.6085992225946,-239.77267148798174,57.64259804954358,1.0,3.819461832536635E-11
717.7286544587787,-189.1222037895453,132.96031752598418,717.7286544587787,-258.8767618664027,29.23326402737986,709.6088553304816,-239.77156016388574,57.64325376475426,1.0,1.5934931692443334E-11
717.7286544587787,-189.1222037895453,132.96031752598418,717.7286544587787,-258.8773598787684,29.233666182329372,709.6083848678045,-239.77149709171917,57.64428525394439,1.0,9.335181425305047E-12
717.7286544587787,-189.1222037895453,132.96031752598418,717.7286544587787,-258.8770383080775,29.233449929916347,709.6079199443848,-239.7712345314039,57.64417145679434,1.0,6.824585284902341E-13
717.7286544587787,-189.1222037895453,132.96031752598418,717.7286544587787,-258.87727645562774,29.233610081133918,709.6076057984307,-239.77129773297384,57.64445089409003,1.0,8.389516890859418E-13
717.7286544587787,-189.1222037895453,132.96031752598418,717.7286544587787,-258.8774705010002,29.233740574781407,709.6076425382267,-239.77104719762343,57.64512770685175,1.0,5.7837369262657136E-12
717.7286544587787,-189.1222037895453,132.96031752598418,717.7286544587787,-258.87734886603664,29.23365877637613,709.6071712804395,-239.77083427571338,57.645253600408495,1.0,5.860740590072429E-13
717.7286544587787,-189.1222037895453,132.96031752598418,717.7286544587787,-258.87699191875583,29.233418733776247,709.6070065237667,-239.77048829321936,57.64520838996262,1.0,6.250276243823911E-13
717.7286544587787,-189.1222037895453,132.96031752598418,717.7286544587787,-258.8771429176967,29.233520278465292,709.6068607160624,-239.7704219863972,57.64554375489308,1.0,1.1685716864295842E-12
717.7286544587787,-189.1222037895453,132.96031752598418,717.7286544587787,-258.8776462141178,29.2338587406186,709.6068839314021,-239.7705007119246,57.64621584927431,1.0,4.255094940747691E-12
717.7286544587787,-189.1222037895453,132.96031752598418,717.7286544587787,-258.8779540536492,29.234065761582883,709.6065971495226,-239.77051156679568,57.646682391198425,1.0,1.8174059635651874E-12
717.7286544587787,-189.1222037895453,132.96031752598418,717.7286544587787,-258.8777377025453,29.233920266114467,709.605924217723,-239.77033795021381,57.646601327166536,1.0,3.167513417706535E-13
717.7286544587787,-189.1222037895453,132.96031752598418,717.7286544587787,-258.87790006424734,29.23402945381069,709.6059044141002,-239.77032178878446,57.64687993640351,1.0,6.782906568152374E-13
717.7286544587787,-189.1222037895453,132.96031752598418,717.7286544587787,-258.87823418136765,29.234254147606833,709.6057395403801,-239.77044226560466,57.647224669903494,1.0,1.4672451244362607E-12
717.7286544587787,-189.1222037895453,132.96031752598418,717.7286544587787,-258.8779694895783,29.234076142223927,709.6054159178874,-239.77028721651186,57.647040201184126,1.0,6.748306588942057E-13
717.7286544587787,-189.1222037895453,132.96031752598418,717.7286544587787,-258.87830338407974,29.234300686632878,709.6052625492221,-239.77036153496266,57.64745322135627,1.0,1.7351825805218217E-12
717.7286544587787,-189.1222037895453,132.96031752598418,717.7286544587787,-258.87777529585554,29.23394554745579,709.605043433768,-239.7699387467398,57.647253886836296,1.0,1.893490916521362E-12
717.7286544587787,-189.1222037895453,132.96031752598418,717.7286544587787,-258.8780849478556,29.234153787862212,709.6048490611489,-239.77016699806745,57.647399997973395,1.0,7.266032477599102E-13
717.7286544587787,-189.1222037895453,132.96031752598418,717.7286544587787,-258.87781132196153,29.23396977487748,709.6048235850827,-239.76995025229664,57.647293265334355,1.0,5.16042971814254E-13
717.7286544587787,-189.1222037895453,132.96031752598418,717.7286544587787,-258.8778900549768,29.234022722599377,709.6049140187846,-239.7698707586119,57.64753492147119,1.0,7.049681880841757E-13
717.7286544587787,-189.1222037895453,132.96031752598418,717.7286544587787,-258.877755036894,29.2339319233878,709.6049222856282,-239.7697578574199,57.64749110383778,1.0,1.160612190795115E-13
717.7286544587787,-189.1222037895453,132.96031752598418,717.7286544587787,-258.8780789148238,29.23414973064645,709.6050938968381,-239.76975824464054,57.64799835003373,1.0,2.0848194955538114E-12
717.7286544587787,-189.1222037895453,132.96031752598418,717.7286544587787,-258.87787672361304,29.234013757290242,709.6050442128293,-239.76954712375223,57.64799526186101,1.0,1.7034049843894605E-13
717.7286544587787,-189.1222037895453,132.96031752598418,717.7286544587787,-258.8780779434425,29.234149077392317,709.6049362770581,-239.76964576027768,57.648164089900234,1.0,4.476259555508736E-13
717.7286544587787,-189.1222037895453,132.96031752598418,717.7286544587787,-258.87793182380994,29.234050812052445,709.6048777854567,-239.7694448733206,57.648233701127054,1.0,3.3919660541707034E-13
717.7286544587787,-189.1222037895453,132.96031752598418,717.7286544587787,-258.87847697577,29.234417427846722,709.6048081962731,-239.76974751716642,57.648638433232435,1.0,2.9947835553868363E-12
717.7286544587787,-189.1222037895453,132.96031752598418,717.7286544587787,-258.8785173861714,29.234444604088964,709.6046295314296,-239.7696599757278,57.64883196549556,1.0,5.156742710803077E-13
717.7286544587787,-189.1222037895453,132.96031752598418,717.7286544587787,-258.87830073633967,29.234298906018708,709.604597281533,-239.76943437757618,57.648827735625474,1.0,1.9684609931728818E-13
717.7286544587787,-189.1222037895453,132.96031752598418,717.7286544587787,-258.87804650535344,29.234127935276504,709.604543411041,-239.76913110088466,57.64888009004531,1.0,5.31750562901762E-13
717.7286544587787,-189.1222037895453,132.96031752598418,717.7286544587787,-258.87791416364064,29.23403893562248,709.604475747168,-239.7689691306593,57.64891343735232,1.0,1.6384109658764083E-13
717.7286544587787,-189.1222037895453,132.96031752598418,717.7286544587787,-258.8779787503928,29.234082370110485,709.6044815992412,-239.76879226054223,57.64927770836326,1.0,1.8900309306402715E-12
717.7286544587787,-189.1222037895453,132.96031752598418,717.7286544587787,-258.87779634689457,29.233959704198696,709.6044449484176,-239.76862281295038,57.64924368348528,1.0,1.7724660100599292E-13
717.7286544587787,-189.1222037895453,132.96031752598418,717.7286544587787,-258.8780812878748,29.234151326523957,709.604586523989,-239.76856447798107,57.64977718775532,1.0,2.6551710428138782E-12
717.7286544587787,-189.1222037895453,132.96031752598418,717.7286544587787,-258.87803973766654,29.23412338400867,709.6046254354071,-239.76850632245913,57.6497985178074,1.0,2.9568338637196726E-14
717.7286544587787,-189.1222037895453,132.96031752598418,717.7286544587787,-258.8781474741419,29.234195836838836,709.6045025376471,-239.76846128094274,57.65003441368623,1.0,5.735290086990317E-13
717.7286544587787,-189.1222037895453,132.96031752598418,717.7286544587787,-258.8782440876789,29.234260809626008,709.604456988455,-239.76854455745627,57.65006206257462,1.0,5.6642289786416904E-14
717.7286544587787,-189.1222037895453,132.96031752598418,717.7286544587787,-258.8784372188052,29.23439069106692,709.6042140889126,-239.7686714609905,57.65017616832648,1.0,3.219918200710081E-13
717.7286544587787,-189.1222037895453,132.96031752598418,717.7286544587787,-258.87841998202066,29.234379099240442,709.6038797619382,-239.76872872597266,57.650063991173226,1.0,1.8379641550656778E-13
717.7286544587787,-189.1222037895453,132.96031752598418,717.7286544587787,-258.8783023956671,29.23430002192198,709.6036035442772,-239.76867704289907,57.649956479855405,1.0,1.6383134714058974E-13
717.7286544587787,-189.1222037895453,132.96031752598418,717.7286544587787,-258.8783279296127,29.234317193591608,709.6034367069511,-239.76869136432893,57.64997521871953,1.0,6.514765672680112E-15
717.7286544587787,-189.1222037895453,132.96031752598418,717.7286544587787,-258.8785345937389,29.234456176290365,709.6034375977983,-239.76874454519245,57.65022016710688,1.0,6.37832465673508E-13
717.7286544587787,-189.1222037895453,132.96031752598418,717.7286544587787,-258.87860466825225,29.234503301900446,709.6032678315595,-239.76881513009818,57.6502250783513,1.0,2.220807947647463E-14
717.7286544587787,-189.1222037895453,132.96031752598418,717.7286544587787,-258.8787025614739,29.234569135905446,709.6031134589849,-239.76887701963764,57.65028653610955,1.0,8.600422640340684E-14
717.7286544587787,-189.1222037895453,132.96031752598418,717.7286544587787,-258.8784779831831,29.234418105337937,709.6029747374049,-239.7686871579832,57.65021674134158,1.0,3.156588507673563E-13
717.7286544587787,-189.1222037895453,132.96031752598418,717.7286544587787,-258.87859783134076,29.23449870402567,709.6029038611048,-239.76884409409237,57.65017129017488,1.0,1.8453882103669316E-13
717.7286544587787,-189.1222037895453,132.96031752598418,717.7286544587787,-258.8785491441843,29.234465961563032,709.6028291967995,-239.7688308706989,57.65011461683815,1.0,3.4796845923546776E-14
717.7286544587787,-189.1222037895453,132.96031752598418,717.7286544587787,-258.87871498365143,29.23457748993266,709.6028209731472,-239.7689274693983,57.65023099548074,1.0,2.661816043392309E-13
717.7286544587787,-189.1222037895453,132.96031752598418,717.7286544587787,-258.87857020374753,29.234480124266582,709.6027837979647,-239.7688451197959,57.65012644792492,1.0,2.0702916879788535E-13
717.7286544587787,-189.1222037895453,132.96031752598418,717.7286544587787,-258.8786436919502,29.234529545645472,709.6027334645017,-239.76890068021396,57.65015905264633,1.0,3.962764930802588E-14
717.7286544587787,-189.1222037895453,132.96031752598418,717.7286544587787,-258.87863439059635,29.23452329040964,709.6027763245919,-239.7688636160179,57.6501995825256,1.0,3.467984064641889E-14
717.7286544587787,-189.1222037895453,132.96031752598418,717.7286544587787,-258.8790583576926,29.23480841294898,709.6027575689814,-239.7691927111289,57.650374962542685,1.0,1.2738146819684519E-12
717.7286544587787,-189.1222037895453,132.96031752598418,717.7286544587787,-258.8792240856339,29.23491986749805,709.6028307307225,-239.7691713612859,57.650666550685685,1.0,7.576494208301255E-13
717.7286544587787,-189.1222037895453,132.96031752598418,717.7286544587787,-258.87927940950124,29.234957073721844,709.6027973265041,-239.76920289800967,57.65070639819197,1.0,3.017451129789657E-14
717.7286544587787,-189.1222037895453,132.96031752598418,717.7286544587787,-258.87916542953053,29.234880420336737,709.6027712234635,-239.76914502389175,57.65061374746773,1.0,1.401213708472864E-13
717.7286544587787,-189.1222037895453,132.96031752598418,717.7286544587787,-258.87912103039,29.23485056124146,709.6027124172817,-239.76914831557946,57.65053924030752,1.0,4.764357849696503E-14
717.7286544587787,-189.1222037895453,132.96031752598418,717.7286544587787,-258.87907066696215,29.23481669110585,709.6027734585931,-239.769033931654,57.65063036040465,1.0,2.2857513610075133E-13
717.7286544587787,-189.1222037895453,132.96031752598418,717.7286544587787,-258.87902852255525,29.234788348408372,709.6027897514131,-239.76901431595084,57.65059345074451,1.0,2.03179170560539E-14
717.7286544587787,-189.1222037895453,132.96031752598418,717.7286544587787,-258.87901816301553,29.23478138147817,709.6027740965469,-239.76899296191309,57.65060896080118,1.0,7.222299104504782E-15
717.7286544587787,-189.1222037895453,132.96031752598418,717.7286544587787,-258.8789995832326,29.23476888632736,709.6028863737895,-239.76890899377472,57.65070468715783,1.0,1.8749299826461184E-13
717.7286544587787,-189.1222037895453,132.96031752598418,717.7286544587787,-258.8791535012912,29.23487239841218,709.6029409951275,-239.7689182558694,57.6509322392601,1.0,4.4238099971763223E-13
717.7286544587787,-189.1222037895453,132.96031752598418,717.7286544587787,-258.8791854858317,29.23489390851246,709.6029810096707,-239.7689044515892,57.651002913287044,1.0,5.174839638567115E-14
717.7286544587787,-189.1222037895453,132.96031752598418,717.7286544587787,-258.8793688912501,29.235017251781557,709.603048927389,-239.7689345696261,57.65124568495838,1.0,5.599849819698009E-13
717.7286544587787,-189.1222037895453,132.96031752598418,717.7286544587787,-258.87948267930886,29.235093776426794,709.6031522622073,-239.76891737076718,57.651449662979275,1.0,3.760540403933553E-13
717.7286544587787,-189.1222037895453,132.96031752598418,717.7286544587787,-258.879382475619,29.235026387519852,709.6030658111791,-239.76881930391923,57.65143837753499,1.0,4.8286825019030656E-14
717.7286544587787,-189.1222037895453,132.96031752598418,717.7286544587787,-258.87939113208205,29.23503220915204,709.6030734029941,-239.76886290078053,57.65138712342744,1.0,5.2548933250541596E-14
717.7286544587787,-189.1222037895453,132.96031752598418,717.7286544587787,-258.8793395240263,29.23499750179147,709.6029755527098,-239.76878715715466,57.65141883591784,1.0,5.5293825206028124E-14
717.7286544587787,-189.1222037895453,132.96031752598418,717.7286544587787,-258.8792508192059,29.23493784626585,709.6029240196804,-239.76875220076298,57.651331737249734,1.0,9.90251535472893E-14
717.7286544587787,-189.1222037895453,132.96031752598418,717.7286544587787,-258.8792764390912,29.23495507607045,709.6028341432341,-239.76878581267385,57.65132192648932,1.0,8.505045043349745E-15
717.7286544587787,-189.1222037895453,132.96031752598418,717.7286544587787,-258.8791814258648,29.23489117812082,709.6029190954944,-239.76859759669392,57.65145282693362,1.0,5.366121745972384E-13
717.7286544587787,-189.1222037895453,132.96031752598418,717.7286544587787,-258.8792988847555,29.23497017116547,709.6029534473383,-239.76858582611516,57.65165448836905,1.0,3.555214855324682E-13
717.7286544587787,-189.1222037895453,132.96031752598418,717.7286544587787,-258.87944747999984,29.23507010419908,709.603055748834,-239.7685855368708,57.651887894347624,1.0,4.4169627077220057E-13
717.7286544587787,-189.1222037895453,132.96031752598418,717.7286544587787,-258.87936664733365,29.235015742706636,709.60283062166,-239.7685279958477,57.65184672102649,1.0,5.1635533914356285E-14
717.7286544587787,-189.1222037895453,132.96031752598418,717.7286544587787,-258.8791945166805,29.234899981901137,709.6027771413098,-239.76831767293655,57.65188958520682,1.0,2.7496253730698694E-13
717.7286544587787,-189.1222037895453,132.96031752598418,717.7286544587787,-258.87909664360257,29.234834160768813,709.6026101895751,-239.7683443724202,57.65169643341213,1.0,3.6073269457712554E-13
717.7286544587787,-189.1222037895453,132.96031752598418,717.7286544587787,-258.8792205423052,29.234917484551815,709.6024976229586,-239.76851594810722,57.651635563717605,1.0,2.514608892181734E-13
717.7286544587787,-189.1222037895453,132.96031752598418,717.7286544587787,-258.87911701045016,29.234847857772266,709.6025242971781,-239.7684470754625,57.65157565080659,1.0,9.134368560298606E-14
717.7286544587787,-189.1222037895453,132.96031752598418,717.7286544587787,-258.87927855987994,29.234956502337056,709.6025522844378,-239.76854775195227,57.651679236258616,1.0,2.374936228443861E-13
717.7286544587787,-189.1222037895453,132.96031752598418,717.7286544587787,-258.87923317041174,29.234925977159776,709.6024547165939,-239.76855093114628,57.65160334468379,1.0,4.9282819819221356E-14
717.7286544587787,-189.1222037895453,132.96031752598418,717.7286544587787,-258.8792742475685,29.234953602234157,709.6025217073196,-239.76856163213176,57.65165183601704,1.0,2.5101425619771496E-14
717.7286544587787,-189.1222037895453,132.96031752598418,717.7286544587787,-258.8793301285282,29.23499118315128,709.6025109933178,-239.76855458607403,57.65174992652169,1.0,8.558715480054605E-14
717.7286544587787,-189.1222037895453,132.96031752598418,717.7286544587787,-258.87924488672127,29.234933856571317,709.6026685831965,-239.7684594223042,57.651757783478814,1.0,4.1792972512795465E-14
717.7286544587787,-189.1222037895453,132.96031752598418,717.7286544587787,-258.8793394894544,29.23499747854126,709.6024237373234,-239.76863460130426,57.65164562451997,1.0,4.2807348405257587E-13
717.7286544587787,-189.1222037895453,132.96031752598418,717.7286544587787,-258.87946672984486,29.235083050096364,709.6025402750522,-239.76867095679938,57.651791060507264,1.0,2.33609141626529E-13
717.7286544587787,-189.1222037895453,132.96031752598418,717.7286544587787,-258.8792368395096,29.234928444688407,709.6026300918784,-239.76844856789597,57.6517613065958,1.0,2.6025893823321063E-13
717.7286544587787,-189.1222037895453,132.96031752598418,717.7286544587787,-258.87913733109156,29.23486152370718,709.6025814626231,-239.76839066983308,57.65169138338575,1.0,9.592206283868967E-14
717.7286544587787,-189.1222037895453,132.96031752598418,717.7286544587787,-258.8792097125197,29.234910201345926,709.6024419253868,-239.76854981283412,57.651568228875476,1.0,4.288599978512709E-13
717.7286544587787,-189.1222037895453,132.96031752598418,717.7286544587787,-258.8790978315997,29.234834959714135,709.6024958107851,-239.76842267154476,57.651581868612965,1.0,7.956299355098272E-14
717.7286544587787,-189.1222037895453,132.96031752598418,717.7286544587787,-258.8790480510841,29.23480148161147,709.6023442776134,-239.76834911612391,57.6516131935245,1.0,5.283393262397216E-14
717.7286544587787,-189.1222037895453,132.96031752598418,717.7286544587787,-258.87886422656317,29.23467785731502,709.6024297713371,-239.7682442064985,57.65148097872924,1.0,3.327952990521561E-13
717.7286544587787,-189.1222037895453,132.96031752598418,717.7286544587787,-258.87896295206974,29.23474425139794,709.6024364277508,-239.76830478934036,57.65154568228624,1.0,8.999973314339483E-14
717.7286544587787,-189.1222037895453,132.96031752598418,717.7286544587787,-258.87910229569974,29.23483796188637,709.6023529196001,-239.76841199615293,57.651604741541206,1.0,1.39239776079558E-13
717.7286544587787,-189.1222037895453,132.96031752598418,717.7286544587787,-258.879323272457,29.234986572321844,709.6022430522495,-239.7686586196384,57.65158448450566,1.0,2.803767356796743E-13
717.7286544587787,-189.1222037895453,132.96031752598418,717.7286544587787,-258.8792124959749,29.23491207326441,709.6022425754905,-239.76849614175657,57.651652399322984,1.0,2.5411222139822124E-13
717.7286544587787,-189.1222037895453,132.96031752598418,717.7286544587787,-258.87918139838985,29.23489115964351,709.6022807069908,-239.76853337748472,57.65154827487544,1.0,1.3504369992446975E-13
717.7286544587787,-189.1222037895453,132.96031752598418,717.7286544587787,-258.86966959150783,29.2284949535254,709.5835375763583,-239.76490466604238,57.64203030925947,1.0,1.157392104089532E-9
717.7286544587787,-189.1222037895453,132.96031752598418,717.7286544587787,-258.76965403617265,29.16131621025103,709.3933564434093,-239.74662863613688,57.51226131355946,1.0,1.6338792997410172E-7
717.7286544587787,-189.1222037895453,132.96031752598418,717.7286544587787,-258.6107487731642,29.054869564582376,708.8759552974722,-240.0112280617621,56.866525886371676,1.0,5.539182704102724E-6
717.7286544587787,-189.1222037895453,132.96031752598418,717.7286544587787,-257.88408162854284,28.572558875581237,707.6467919532614,-239.97631643269756,55.75842886605733,1.0,1.0480072037277756E-5
