717.7286544587787,-189.1222037895453,132.96031752598418,717.7286544587787,-310.01803078756734,164.7282103497823,707.9620280668722,-326.21659666200657,168.9847204161458,1.0,1.0
717.7286544587787,-189.1222037895453,132.96031752598418,717.7286544587787,-310.01771243747675,164.72942183753077,707.96182349758,-326.2173625689674,168.98639036013014,1.0,1.5959284800831804E-11
717.7286544587787,-189.1222037895453,132.96031752598418,717.7286544587787,-310.02114838855357,164.71634364459564,707.9564936954308,-326.21555618729786,168.9700618117647,1.0,4.0844354485982335E-10
717.7286544587787,-189.1222037895453,132.96031752598418,717.7286544587787,-310.080435980163,164.48976511582677,707.957862750041,-325.9051123143423,168.61468736434682,1.0,1.796948907282038E-6
717.7286544587787,-189.1222037895453,132.96031752598418,717.7286544587787,-310.26609930720235,163.7687024042441,708.1159245704017,-324.85779443137767,167.47955021453512,1.0,2.0028640636356313E-5
717.7286544587787,-189.1222037895453,132.96031752598418,717.7286544587787,-310.541057913641,162.66657718942156,708.2178200312746,-321.94771968236284,165.45732380648596,1.0,1.3509899423938464E-4
717.7286544587787,-189.1222037895453,132.96031752598418,717.7286544587787,-310.94640639469725,160.9578827704637,708.5041557777548,-317.053824529688,162.36148594662345,1.0,3.81304206030043E-4
717.7286544587787,-189.1222037895453,132.96031752598418,717.7286544587787,-311.5689392708885,158.09588933093752,708.8952139895435,-309.9630037578479,157.76622674545922,1.0,8.200081026116693E-4
717.7286544587787,-189.1222037895453,132.96031752598418,717.7286544587787,-312.36591649077616,153.840625943641,707.0166318511672,-302.95880083679333,152.2468450369273,1.0,7.991248902102156E-4
717.7286544587787,-189.1222037895453,132.96031752598418,717.7286544587787,-312.62638634865647,152.2402783767158,704.1177856510311,-299.9221491242439,150.2570484062826,1.0,1.3199818221201238E-4
717.7286544587787,-189.1222037895453,132.96031752598418,717.7286544587787,-312.43928013482605,153.4028878548886,708.3350699961488,-298.736507120988,151.13134599435926,1.0,1.8408031628093757E-5
717.7286544587787,-189.1222037895453,132.96031752598418,717.7286544587787,-312.1383943704293,155.14177047586145,717.3487813877284,-296.0178686799513,152.23502559584082,1.0,7.887041084218213E-5
717.7286544587787,-189.1222037895453,132.96031752598418,717.7286544587787,-312.14092928449014,155.1277074850977,718.591003763575,-296.386639407083,152.28885928669274,1.0,1.5863692890748439E-6
717.7286544587787,-189.1222037895453,132.96031752598418,717.7286544587787,-312.19652911047933,154.81690570430925,718.3277289758323,-296.77462247975024,152.07815201808373,1.0,2.072594364314394E-6
717.7286544587787,-189.1222037895453,132.96031752598418,717.7286544587787,-312.26579346659196,154.4232232344658,717.6910845495737,-297.2854192888666,151.8122683378487,1.0,3.5496981530842028E-6
717.7286544587787,-189.1222037895453,132.96031752598418,717.7286544587787,-312.302883083314,154.20932335509767,717.1891282718929,-297.40529334110346,151.6394481677964,1.0,2.5256666042740266E-7
717.7286544587787,-189.1222037895453,132.96031752598418,717.7286544587787,-312.3134800688979,154.147800827788,717.0644836535741,-297.4070576682488,151.58406754047954,1.0,1.436067010261576E-9
717.7286544587787,-189.1222037895453,132.96031752598418,717.7286544587787,-312.3239982100318,154.08655362170595,716.8327924271066,-297.39176396916804,151.52602349718163,1.0,7.149543911116653E-9
717.7286544587787,-189.1222037895453,132.96031752598418,717.7286544587787,-312.33506244630627,154.02192861414744,716.4603686504191,-297.3674575660189,151.4634142160026,1.0,1.3548237413550942E-8
717.7286544587787,-189.1222037895453,132.96031752598418,717.7286544587787,-312.34753013488444,153.9488607599645,716.0463830798657,-297.2449231300481,151.3764859936078,1.0,2.1370628020835838E-7
717.7286544587787,-189.1222037895453,132.96031752598418,717.7286544587787,-312.3641477951486,153.85106279080745,715.6574613798196,-297.0844673333535,151.26100374207363,1.0,3.6874808532075084E-7
717.7286544587787,-189.1222037895453,132.96031752598418,717.7286544587787,-312.39170364071276,153.68784527154554,715.354737996922,-296.6942894227056,151.04835546157506,1.0,2.0834725932153675E-6
717.7286544587787,-189.1222037895453,132.96031752598418,717.7286544587787,-312.42246270523185,153.5040793851145,715.1961800466426,-296.14213479565575,150.7915207700382,1.0,4.083857639845054E-6
717.7286544587787,-189.1222037895453,132.96031752598418,717.7286544587787,-312.4672018487744,153.23373494310414,715.1989077814482,-295.28748963947163,150.41001706069807,1.0,9.768155262526232E-6
717.7286544587787,-189.1222037895453,132.96031752598418,717.7286544587787,-312.51495826029327,152.94101181126118,715.4721377626751,-294.06123450060574,149.95284435808483,1.0,1.9753357662780722E-5
717.7286544587787,-189.1222037895453,132.96031752598418,717.7286544587787,-312.5826384300383,152.51846361349885,715.7833575381959,-292.4748084260261,149.33305544717774,1.0,3.338939034573497E-5
717.7286544587787,-189.1222037895453,132.96031752598418,717.7286544587787,-312.6537220954523,152.0643481226245,716.1994113941544,-290.5793672170514,148.65057035334485,1.0,4.739346533695621E-5
717.7286544587787,-189.1222037895453,132.96031752598418,717.7286544587787,-312.73169830637204,151.55313509876146,716.5830132382129,-288.45760982376424,147.90192933445715,1.0,5.9398416941644495E-5
717.7286544587787,-189.1222037895453,132.96031752598418,717.7286544587787,-312.8034723394346,151.06953644591994,716.9297516836018,-286.27834631147556,147.18576876023002,1.0,6.221041833235639E-5
717.7286544587787,-189.1222037895453,132.96031752598418,717.7286544587787,-312.87810667622784,150.55226172502043,717.3860758101805,-283.9920549947507,146.446099534306,1.0,6.837396476303623E-5
717.7286544587787,-189.1222037895453,132.96031752598418,717.7286544587787,-312.94348860387316,150.08601245871884,718.1451091178342,-281.7101837659892,145.76614086962343,1.0,6.746602988990187E-5
717.7286544587787,-189.1222037895453,132.96031752598418,717.7286544587787,-312.98063041461967,149.81529168677937,719.3810108727783,-279.2376606559859,145.22346132943227,1.0,7.754603427403902E-5
717.7286544587787,-189.1222037895453,132.96031752598418,717.7286544587787,-313.07684426807805,149.0924935676001,719.837672893643,-276.9390997084365,144.38931783547372,1.0,6.949175234028433E-5
717.7286544587787,-189.1222037895453,132.96031752598418,717.7286544587787,-313.174688870649,148.32198882837025,719.4896741193298,-274.8632161436688,143.57780131163145,0.9171902744122992,5.6691523831963154E-5
717.7286544587787,-189.1222037895453,132.96031752598418,717.7286544587787,-313.18462915320873,148.24150245665774,718.3010645973955,-274.41080041002493,143.46559995629926,0.8884139708671275,2.4736808432918988E-6
717.7286544587787,-189.1222037895453,132.96031752598418,717.7286544587787,-313.18809367020856,148.21334896629583,717.4674934438947,-274.28770264169407,143.43081858692176,0.880314376416201,1.8004975429235947E-7
717.7286544587787,-189.1222037895453,132.96031752598418,717.7286544587787,-313.3554797702259,146.7839617310427,719.7128114769769,-272.9234659722515,142.28502399616295,0.7862608321893766,2.5589859169481198E-5
717.7286544587787,-189.1222037895453,132.96031752598418,717.7286544587787,-313.5477128792327,144.93080990399952,720.8671406279849,-272.7900424012831,141.00967357615633,0.7672885377047066,6.984003831865991E-7
717.7286544587787,-189.1222037895453,132.96031752598418,717.7286544587787,-313.56468045798607,144.75311196261273,721.1026019191557,-272.8698979516898,140.89666987315883,0.7700688842116539,9.512976015714257E-8
717.7286544587787,-189.1222037895453,132.96031752598418,717.7286544587787,-313.6990668766786,143.2367557888085,722.8645958943233,-272.50205921316285,139.83838392925134,0.7353232457457354,2.25981725622915E-6
717.7286544587787,-189.1222037895453,132.96031752598418,717.7286544587787,-313.91931594116176,140.07936230859826,724.7591109695549,-272.20582345239734,137.69981829554473,0.6986279522681913,1.7544897230880569E-6
717.7286544587787,-189.1222037895453,132.96031752598418,717.7286544587787,-313.9541984458132,139.43898329429692,725.2432961128019,-272.62951515870196,137.29427022025064,0.7143752981015535,2.3192778233351672E-6
717.7286544587787,-189.1222037895453,132.96031752598418,717.7286544587787,-313.96720505610887,139.18331188173747,725.394171795279,-272.72085888486123,137.12735628227315,0.7171533261599695,1.1619774082971105E-7
717.7286544587787,-189.1222037895453,132.96031752598418,717.7286544587787,-314.07483990560263,136.4010627429629,727.4051900999466,-272.0020882663731,135.2425308106445,0.6591635363338653,6.5160710480768345E-6
717.7286544587787,-189.1222037895453,132.96031752598418,717.7286544587787,-314.11744879108704,134.05060510481795,729.1529107984072,-272.1914419618628,133.68489995759063,0.6467347562933915,3.862149402676819E-7
717.7286544587787,-189.1222037895453,132.96031752598418,717.7286544587787,-314.12034168104856,133.64261046654144,730.3632650560992,-272.50124861512256,133.41543577521983,0.6449553013853394,1.099676582520538E-6
717.7286544587787,-189.1222037895453,132.96031752598418,717.7286544587787,-314.12215732625714,132.85254081288576,732.3172209769517,-272.19179322349504,132.88869376090017,0.6054515321560687,1.0173088191698613E-6
717.7286544587787,-189.1222037895453,132.96031752598418,717.7286544587787,-314.05060433348183,128.73010032898776,735.682358780484,-271.55535306491555,130.1690376877011,0.5360032819503869,5.070223023719634E-6
717.7286544587787,-189.1222037895453,132.96031752598418,717.7286544587787,-314.02490201349804,128.02919428921635,736.9467916894674,-272.0396971005987,129.6867583169785,0.5341770829562469,2.9116270896165846E-6
717.7286544587787,-189.1222037895453,132.96031752598418,717.7286544587787,-314.016070005356,127.81034843217769,737.7839359445877,-271.65955275183893,129.55690942341138,0.5094344901589591,1.728669807324932E-6
717.7286544587787,-189.1222037895453,132.96031752598418,717.7286544587787,-313.808282947389,124.10697554434046,746.0269498007558,-270.743990577979,127.16475801788528,0.3711515574064422,7.375896767680326E-6
717.7286544587787,-189.1222037895453,132.96031752598418,717.7286544587787,-313.8728679469326,125.06906969748731,756.7794791359457,-268.7380380613411,127.92412566636696,0.21901962195464597,3.0062767885479413E-5
717.7286544587787,-189.1222037895453,132.96031752598418,717.7286544587787,-313.66829826652895,122.31746309071833,752.201895634444,-271.0478037486507,125.95951803445365,0.2987225096491916,6.863546014086269E-5
717.7286544587787,-189.1222037895453,132.96031752598418,717.7286544587787,-313.4399797456507,119.91843954282598,739.379710641902,-273.7121078465444,124.08619474801583,0.5632166137197647,5.699815445435176E-5
717.7286544587787,-189.1222037895453,132.96031752598418,717.7286544587787,-312.9371587545713,115.78891900959722,719.0398669632085,-275.1186528530041,121.03381560802168,0.9481162899000435,1.491804419027396E-7
717.7286544587787,-189.1222037895453,132.96031752598418,717.7286544587787,-313.099651368989,117.00436278531461,718.2177031830922,-274.2803501004306,122.00042478044989,0.8836996700653232,1.0753410904034495E-5
717.7286544587787,-189.1222037895453,132.96031752598418,717.7286544587787,-313.3206534769911,118.82719702005917,724.6869652508844,-271.57943878149564,123.57712440514115,0.6880319547828533,8.844939964872063E-5
717.7286544587787,-189.1222037895453,132.96031752598418,717.7286544587787,-313.4872477794042,120.37716079166422,728.5039885420165,-270.7708037530911,124.69917679448679,0.6109668067543019,8.701161932142981E-6
717.7286544587787,-189.1222037895453,132.96031752598418,717.7286544587787,-313.5942437314163,121.48376435400566,729.9827283515266,-270.8953427342204,125.42068229885669,0.5970234592131557,3.798170409723926E-7
717.7286544587787,-189.1222037895453,132.96031752598418,717.7286544587787,-313.7058755525632,122.76675435873963,732.0120420088409,-270.8657247605038,126.27197921696836,0.5687689394985073,7.456191137824817E-8
717.7286544587787,-189.1222037895453,132.96031752598418,717.7286544587787,-313.7108156293214,122.82731205684546,732.661848281383,-270.88145339626675,126.31069753918302,0.5610597231745376,3.446591929185648E-9
717.7286544587787,-189.1222037895453,132.96031752598418,717.7286544587787,-313.5176712822386,120.68156892222626,730.1654140649796,-270.06078108704554,124.97108397098984,0.5644478296477381,1.0028181731345548E-5
717.7286544587787,-189.1222037895453,132.96031752598418,717.7286544587787,-313.3449535685044,119.0423996732983,729.044197627876,-270.3310395475609,123.86167893519874,0.5911826229082743,1.729911838756247E-6
717.7286544587787,-189.1222037895453,132.96031752598418,717.7286544587787,-313.2860881167097,118.52668219767756,728.4616707683731,-270.3501960366725,123.51783572140155,0.5994845597792818,3.811030834462726E-8
717.7286544587787,-189.1222037895453,132.96031752598418,717.7286544587787,-312.9296745247864,115.73503987532118,726.13402857961,-269.7399056432699,121.74401297067675,0.6049130117438678,7.926880744505007E-6
717.7286544587787,-189.1222037895453,132.96031752598418,717.7286544587787,-312.7159469728257,114.26308120760469,725.8607889164199,-270.0342194052426,120.71996426862157,0.6256705635989311,2.2930730096253788E-6
717.7286544587787,-189.1222037895453,132.96031752598418,717.7286544587787,-312.49662407287195,112.86672601642391,725.1203021314082,-269.95539035058044,119.79527871612788,0.6343344764274232,5.76182124996535E-7
717.7286544587787,-189.1222037895453,132.96031752598418,717.7286544587787,-312.3718215275132,112.11489290942184,724.2090049414285,-269.6306269150423,119.34378632644066,0.6299370258253817,1.813649361319511E-6
717.7286544587787,-189.1222037895453,132.96031752598418,717.7286544587787,-311.35565071935576,106.80722111930217,721.9207525266502,-269.7334805749617,115.7127102123712,0.6789278313775907,7.412065270060822E-6
717.7286544587787,-189.1222037895453,132.96031752598418,717.7286544587787,-311.2509077015221,106.32238065428386,727.2120045086734,-268.81629843458205,115.57794799120347,0.6029285282779715,7.853182490250737E-6
717.7286544587787,-189.1222037895453,132.96031752598418,717.7286544587787,-311.7196707812523,108.57054329133192,739.0150305830816,-267.40803637129255,117.38598447251451,0.41482805947796975,1.614663577823498E-5
717.7286544587787,-189.1222037895453,132.96031752598418,717.7286544587787,-311.5727620892213,107.84337559234825,736.3049609803439,-269.53374214879426,116.46637933730923,0.5141457653337801,6.094907662002481E-5
717.7286544587787,-189.1222037895453,132.96031752598418,717.7286544587787,-311.20419232091666,106.1090963949796,727.4691139740851,-271.1920856346269,114.90952582339469,0.7116479411638602,3.213163804755536E-5
717.7286544587787,-189.1222037895453,132.96031752598418,717.7286544587787,-311.0210854665281,105.28970774049245,722.8437188041472,-271.1194192279793,114.34724314269207,0.7579346734213893,1.386692572000555E-7
717.7286544587787,-189.1222037895453,132.96031752598418,717.7286544587787,-311.41615814734865,107.09163515653387,725.2119079850331,-271.04126634759115,115.63208392322474,0.7203338245041755,1.1625516963086173E-6
717.7286544587787,-189.1222037895453,132.96031752598418,717.7286544587787,-311.57825117491797,107.87015095118107,725.972122006172,-271.9889474670026,115.98165092052204,0.7574570584722127,1.1852592152594483E-5
717.7286544587787,-189.1222037895453,132.96031752598418,717.7286544587787,-311.7518119905653,108.73266406007195,725.8482819399011,-272.27913002438515,116.53119227912256,0.7683569245495957,1.8009694517142144E-6
717.7286544587787,-189.1222037895453,132.96031752598418,717.7286544587787,-312.05323039242853,110.31163768893393,724.6957781050891,-272.5402308955379,117.59147012617166,0.7835340093974908,2.2875133179024103E-6
717.7286544587787,-189.1222037895453,132.96031752598418,717.7286544587787,-312.6855044728193,114.06294405095254,721.7787076516829,-272.5352696111653,120.20339173319559,0.7812065600544489,1.35750624733056E-6
717.7286544587787,-189.1222037895453,132.96031752598418,717.7286544587787,-313.31434781727137,118.77189401255104,718.155558653549,-272.2585675266459,123.4623420517427,0.7530271238657138,3.5971719953164204E-6
717.7286544587787,-189.1222037895453,132.96031752598418,717.7286544587787,-313.5428995899348,120.93989920768324,715.4654184409318,-270.4809631787998,125.10015957215145,0.6529082088424017,4.323462043204569E-5
717.7286544587787,-189.1222037895453,132.96031752598418,717.7286544587787,-313.6668136171864,122.30010350934086,715.0225258615211,-269.3889841249641,126.08999966970262,0.6001364956957874,1.6351931762226206E-5
717.7286544587787,-189.1222037895453,132.96031752598418,717.7286544587787,-313.73756255967885,123.16172790344666,715.1586953899125,-268.9949723217902,126.67986792019312,0.5823479501603122,2.268098109579524E-6
717.7286544587787,-189.1222037895453,132.96031752598418,717.7286544587787,-313.7924007822137,123.88606924806847,713.7336651922999,-268.9795957231806,127.14781527033085,0.5761394128072377,1.9115994200346498E-8
717.7286544587787,-189.1222037895453,132.96031752598418,717.7286544587787,-313.87902988116105,125.16709331861433,710.9194908220933,-268.4443303652937,128.00527709752524,0.5406275327142938,3.62870308599753E-6
717.7286544587787,-189.1222037895453,132.96031752598418,717.7286544587787,-314.1120272135727,131.36531268885847,705.6451927858756,-268.9658917880784,131.94142602679725,0.5149728068081828,1.8743859976442557E-6
717.7286544587787,-189.1222037895453,132.96031752598418,717.7286544587787,-314.11684208398543,131.80256209322692,700.5473150876577,-267.2475060665552,132.2366865416379,0.41544390824371796,3.148247079095689E-5
717.7286544587787,-189.1222037895453,132.96031752598418,717.7286544587787,-313.91572625413806,125.77862198250823,696.7110665791889,-265.1569177119618,128.5846243382146,0.33521914103857564,5.821096884277831E-5
717.7286544587787,-189.1222037895453,132.96031752598418,717.7286544587787,-313.69574857970053,122.64373192728979,700.535102954872,-265.25397845166754,126.65544780902027,0.3726647566989812,3.9337808234525293E-7
717.7286544587787,-189.1222037895453,132.96031752598418,717.7286544587787,-313.5319759735118,120.82736301632114,705.379591676047,-266.46242436580536,125.4177799781178,0.44547518090126514,1.7931926374726215E-5
717.7286544587787,-189.1222037895453,132.96031752598418,717.7286544587787,-313.7842650421688,123.7749768002871,717.0720290986352,-270.4063374092218,126.97114603798181,0.6447162384636255,1.5036522244197195E-4
717.7286544587787,-189.1222037895453,132.96031752598418,717.7286544587787,-314.0644149949487,129.15980978301604,736.9993135668939,-274.91554028408177,130.3506451302674,0.6379139921749277,1.0572861459542261E-4
717.7286544587787,-189.1222037895453,132.96031752598418,717.7286544587787,-313.8106014106417,124.13968837136267,735.2698671507403,-275.1514198086707,126.87449217699324,0.6901102349916203,2.0953277441947383E-6
717.7286544587787,-189.1222037895453,132.96031752598418,717.7286544587787,-312.77564891406416,114.66207966444159,715.2877323178158,-271.8202474081146,120.72266032773155,0.7450068282974555,7.19785298097806E-5
717.7286544587787,-189.1222037895453,132.96031752598418,717.7286544587787,-311.93436500232656,109.67570762489675,698.7310527438351,-269.2776895639813,117.76321327133104,0.492581764651707,4.40598461040189E-5
717.7286544587787,-189.1222037895453,132.96031752598418,717.7286544587787,-313.2500068268042,118.21960814198756,710.2479829617355,-269.59927010602144,123.40332048244741,0.5973220880874397,1.2609409693826212E-6
717.7286544587787,-189.1222037895453,132.96031752598418,717.7286544587787,-313.9649796021269,126.69283578213437,735.3156061941712,-270.8457742105556,128.857549205414,0.5192387761545446,1.4366304993604024E-5
717.7286544587787,-189.1222037895453,132.96031752598418,717.7286544587787,-312.9855265071502,116.14136139445037,722.2951140313858,-270.7875647956877,121.87127119578301,0.676078626245042,1.8221387797537802E-7
717.7286544587787,-189.1222037895453,132.96031752598418,717.7286544587787,-311.9630738630485,109.82764280850488,701.731809330406,-268.83955734532765,117.94841140678474,0.5161162071710799,9.132828993709892E-6
717.7286544587787,-189.1222037895453,132.96031752598418,717.7286544587787,-312.9790058983002,116.09340994359877,706.1617668485062,-268.86915286720307,122.10032116592177,0.5419128784490147,2.3222447165174583E-6
717.7286544587787,-189.1222037895453,132.96031752598418,717.7286544587787,-313.6521801024916,122.1304976061045,721.5778008282463,-269.65004937894884,125.95716782588701,0.6080014017646866,1.1678641648812366E-7
717.7286544587787,-189.1222037895453,132.96031752598418,717.7286544587787,-313.78131070607424,123.73496860177514,732.776338728015,-271.79830364004914,126.84190477877627,0.5924750448741628,3.4748165009565E-5
717.7286544587787,-189.1222037895453,132.96031752598418,717.7286544587787,-313.549230578143,121.00561114943193,721.3695365437779,-272.8920948733101,124.9118695565279,0.770616549558282,6.432403287599899E-6
717.7286544587787,-189.1222037895453,132.96031752598418,717.7286544587787,-313.52677504038485,120.77415111095482,716.9715109001942,-271.6560653883655,124.87563573169331,0.7133096877779387,1.59902166234752E-5
717.7286544587787,-189.1222037895453,132.96031752598418,717.7286544587787,-313.14827511850945,117.38682624423578,714.0317952360864,-271.2254752421054,122.65091589398341,0.696399859532118,5.034073182429766E-6
717.7286544587787,-189.1222037895453,132.96031752598418,717.7286544587787,-311.7849208646001,108.90085286516825,711.1089891674524,-269.55508134390124,117.18395106980444,0.6428922682211609,7.982011183542318E-5
717.7286544587787,-189.1222037895453,132.96031752598418,717.7286544587787,-310.6154123826696,103.55963274233356,710.94976626788,-269.6589075371085,113.4708804799503,0.6832728996779436,1.014984025319243E-5
717.7286544587787,-189.1222037895453,132.96031752598418,717.7286544587787,-310.44006990798925,102.84428590713841,710.9022580279894,-269.4707236915562,113.01454495911457,0.6793597976315693,1.0065844826981932E-6
717.7286544587787,-189.1222037895453,132.96031752598418,717.7286544587787,-308.0292590900469,94.41019171862187,708.4080415026693,-270.0507910612867,106.72295749000176,0.7710774653165504,6.62217031775105E-5
717.7286544587787,-189.1222037895453,132.96031752598418,717.7286544587787,-305.89532134273844,88.36167385929699,708.3627681451619,-269.8154815801456,102.14148851903713,0.8453663022508662,3.8458463412166974E-5
717.7286544587787,-189.1222037895453,132.96031752598418,717.7286544587787,-305.53178726074026,87.42122579082888,708.7241106687811,-270.025504478324,101.31118072914305,0.8815449087640302,2.9103982960157204E-6
717.7286544587787,-189.1222037895453,132.96031752598418,717.7286544587787,-305.37431429581477,87.02071801926117,708.6306708685961,-269.9854154461264,101.00542619409416,0.8848919913160603,2.6275022504200115E-7
717.7286544587787,-189.1222037895453,132.96031752598418,717.7286544587787,-303.08462956292885,81.60308325615571,706.5185787137549,-270.2870949624922,96.38331153329747,0.9863810705312488,5.299729865504451E-5
717.7286544587787,-189.1222037895453,132.96031752598418,717.7286544587787,-300.9649870111891,77.13745624822108,707.0062258394424,-270.3711020406782,92.40744638493089,1.0,3.9183750840674216E-5
717.7286544587787,-189.1222037895453,132.96031752598418,717.7286544587787,-300.4729690925483,76.16236803451451,706.8788076692915,-270.33208077165585,91.53667325657219,1.0,2.168721059934862E-6
717.7286544587787,-189.1222037895453,132.96031752598418,717.7286544587787,-299.96326472272654,75.1739937875181,706.4869251281913,-270.1283122951865,90.72826767469135,1.0,3.6167105096718317E-6
717.7286544587787,-189.1222037895453,132.96031752598418,717.7286544587787,-296.5467691474247,69.04660414872296,704.8686560773542,-270.23188028842225,84.70300693225448,1.0,1.1498960005904232E-4
717.7286544587787,-189.1222037895453,132.96031752598418,717.7286544587787,-295.63140002938604,67.53256258709688,705.2412453797498,-269.8973464714503,83.34078769078994,1.0,1.1791508346131483E-5
717.7286544587787,-189.1222037895453,132.96031752598418,717.7286544587787,-294.9740789376132,66.47437519500838,705.7125362376374,-268.0713521693209,83.37207434262078,1.0,2.9274150839903096E-5
717.7286544587787,-189.1222037895453,132.96031752598418,717.7286544587787,-294.1328572818891,65.15351364089523,706.3438046863153,-264.78689160439,84.10260188419244,1.0,1.2261044539095837E-4
717.7286544587787,-189.1222037895453,132.96031752598418,717.7286544587787,-293.454025696802,64.11359692498189,707.0459976607611,-259.5670312562112,86.47502410616298,0.7182364488707191,4.128479684418268E-4
717.7286544587787,-189.1222037895453,132.96031752598418,717.7286544587787,-295.1059178469606,66.68473865566403,706.8194435267831,-257.2326832444878,90.36828823961733,0.5424205198755666,2.033900933261835E-4
717.7286544587787,-189.1222037895453,132.96031752598418,717.7286544587787,-295.7626540414103,67.74671181306947,707.4638559788089,-256.753808624368,91.60170734557894,0.5106311042267504,1.312365913283407E-5
717.7286544587787,-189.1222037895453,132.96031752598418,717.7286544587787,-295.95891459844245,68.06873699710444,707.692616521288,-256.52268702539743,92.02191861357144,0.4983579822023894,2.040437392444157E-6
717.7286544587787,-189.1222037895453,132.96031752598418,717.7286544587787,-296.1120936836902,68.32160265293959,707.893163143163,-256.0185350762356,92.54441572095067,0.4770224685795502,5.848511682923444E-6
717.7286544587787,-189.1222037895453,132.96031752598418,717.7286544587787,-296.37118384719514,68.75240308707853,710.2754858488212,-255.30799351965308,93.33615026791017,0.45892746695707043,1.1778432455997603E-5
717.7286544587787,-189.1222037895453,132.96031752598418,717.7286544587787,-296.62798592229234,69.18330906661592,716.0655942997854,-255.8236532740157,93.39017698442359,0.48982925770024244,1.3369149559242142E-6
717.7286544587787,-189.1222037895453,132.96031752598418,717.7286544587787,-296.7782936781763,69.43735860646437,715.6033175527436,-258.95789603394076,91.75345394635642,0.6239966434211244,1.551255353215257E-4
717.7286544587787,-189.1222037895453,132.96031752598418,717.7286544587787,-297.64596825971194,70.93135215315371,711.5124260692572,-258.1777174587903,93.49023383412933,0.5460974258644488,2.5879126277416675E-5
717.7286544587787,-189.1222037895453,132.96031752598418,717.7286544587787,-297.8177956943189,71.23294676980416,709.7944241439844,-257.1120022219896,94.34944635878716,0.4896350340415276,2.153070079644817E-5
717.7286544587787,-189.1222037895453,132.96031752598418,717.7286544587787,-298.0021687691633,71.55874404421456,709.0571148980549,-256.80162375363244,94.79330600181294,0.46982914627803735,2.797973151057582E-6
717.7286544587787,-189.1222037895453,132.96031752598418,717.7286544587787,-297.111240351555,70.00503194638472,702.0507748219277,-257.1959785738059,93.27477102549685,0.44812228371616003,9.715320429512216E-6
717.7286544587787,-189.1222037895453,132.96031752598418,717.7286544587787,-297.8412518721108,71.27426898969993,701.3927387234824,-253.13400964709453,96.64068970855482,0.3188585094344306,3.4446744999426846E-4
717.7286544587787,-189.1222037895453,132.96031752598418,717.7286544587787,-296.4170172220993,68.82902243167455,705.368786013637,-254.6823541687469,93.77429151141979,0.40866872248761343,9.112876384059102E-5
717.7286544587787,-189.1222037895453,132.96031752598418,717.7286544587787,-297.72728013456754,71.07382956542935,702.6131657077981,-254.4292862312856,95.74634827808202,0.3601698080110673,1.5986037037019508E-5
717.7286544587787,-189.1222037895453,132.96031752598418,717.7286544587787,-296.4096077649061,68.81662767088054,706.2852502193392,-254.38304921563878,93.94295599438672,0.40551227826328373,9.690336906216001E-6
717.7286544587787,-189.1222037895453,132.96031752598418,717.7286544587787,-296.5715136343578,69.08821239492187,702.6585587044887,-255.2225871574342,93.66764415493085,0.4021844421414456,7.798424398184266E-6
717.7286544587787,-189.1222037895453,132.96031752598418,717.7286544587787,-297.60889754254026,70.86653942749922,703.790638702969,-254.3854338396306,95.6060542100879,0.36881213716374883,3.399588088813039E-5
717.7286544587787,-189.1222037895453,132.96031752598418,717.7286544587787,-297.4406117162971,70.57343986558362,707.1809886555341,-255.36746180478082,94.80581649073156,0.4220416222761188,1.7366683012048543E-5
717.7286544587787,-189.1222037895453,132.96031752598418,717.7286544587787,-298.23864258617834,71.9799700004032,707.7917447904513,-256.1330145412743,95.51094167870843,0.4345773913488947,1.2200306365265664E-5
717.7286544587787,-189.1222037895453,132.96031752598418,717.7286544587787,-297.76840988050395,71.14606429874752,705.3507802510195,-256.42416052849626,94.66887278775647,0.4373846374576945,4.927751723053754E-6
717.7286544587787,-189.1222037895453,132.96031752598418,717.7286544587787,-297.80056734683217,71.20261926487525,709.4596821768423,-255.4611214874165,95.26248395496177,0.4303054850197713,1.3497275286701734E-5
717.7286544587787,-189.1222037895453,132.96031752598418,717.7286544587787,-298.3905723468426,72.2526274626434,706.3081834427164,-256.727672090947,95.39984261071726,0.4415487358595667,1.5361023896038367E-5
717.7286544587787,-189.1222037895453,132.96031752598418,717.7286544587787,-297.93083222894,71.43241834896247,708.8005448604615,-255.63459726885935,95.34962526092141,0.4300624701567606,1.0776218229144682E-5
717.7286544587787,-189.1222037895453,132.96031752598418,717.7286544587787,-298.5889747251058,72.6111165292723,708.22531976497,-256.36995740236114,95.8865264141024,0.43779598424799526,9.699327006814356E-6
717.7286544587787,-189.1222037895453,132.96031752598418,717.7286544587787,-298.26843067481246,72.03330252680851,707.860097076623,-256.18329462689513,95.52583899285762,0.43602553639697067,1.3506987195491924E-6
717.7286544587787,-189.1222037895453,132.96031752598418,717.7286544587787,-297.89182063542484,71.36347952921236,707.6397588543816,-256.16794028835346,94.99194465451365,0.44186507258977686,8.956292702679033E-7
717.7286544587787,-189.1222037895453,132.96031752598418,717.7286544587787,-297.4160393125595,70.53079576172317,707.3948999164822,-256.12782825457737,94.33273479549132,0.4488857382183277,1.553911860841691E-6
717.7286544587787,-189.1222037895453,132.96031752598418,717.7286544587787,-297.11000615564353,70.00291494185196,707.740644498769,-256.3154074623271,93.78636008027752,0.4642350525726661,2.2521832434926307E-6
717.7286544587787,-189.1222037895453,132.96031752598418,717.7286544587787,-296.89033767236697,69.62762991986554,707.9831681703567,-256.02354390633826,93.6440417272907,0.46028395532381455,1.2365712754737896E-6
717.7286544587787,-189.1222037895453,132.96031752598418,717.7286544587787,-296.450566507494,68.88518540528983,707.9267406436209,-255.52271748634843,93.31914924332364,0.45194918866503625,4.223505473269013E-6
717.7286544587787,-189.1222037895453,132.96031752598418,717.7286544587787,-295.76042539312095,67.74306755922551,708.3776594760482,-255.06178182282815,92.63333271104798,0.45346496161343064,6.687776811017518E-6
717.7286544587787,-189.1222037895453,132.96031752598418,717.7286544587787,-295.9322973612123,68.02493494289824,712.5581485417899,-253.21828683160862,93.99299210536785,0.40630613178434305,5.950911974962725E-5
717.7286544587787,-189.1222037895453,132.96031752598418,717.7286544587787,-296.2687062048815,68.58153981033973,719.4034859527203,-251.7397709686937,95.3366681520236,0.3625617768688707,3.7827362451243303E-5
717.7286544587787,-189.1222037895453,132.96031752598418,717.7286544587787,-296.0526244791432,68.22327147702079,717.9607756655176,-253.7517526808018,93.83276097365118,0.4287402032071034,7.595427864679632E-5
717.7286544587787,-189.1222037895453,132.96031752598418,717.7286544587787,-295.53960973159604,67.38337254861597,715.3426375011169,-254.04020866085295,92.95629378756993,0.4477017543539314,5.436645485929373E-6
717.7286544587787,-189.1222037895453,132.96031752598418,717.7286544587787,-296.1388033129617,68.36583303663552,718.9432906222661,-253.0291157511485,94.3865443744397,0.40324524756831864,2.89629206575931E-5
717.7286544587787,-189.1222037895453,132.96031752598418,717.7286544587787,-297.0017064758182,69.81751983565033,724.0027134691707,-252.51148726132877,95.85802652234432,0.3636245074494331,1.401914051753448E-5
717.7286544587787,-189.1222037895453,132.96031752598418,717.7286544587787,-297.8249749592785,71.24559043414155,728.6052773247503,-252.61951264998265,96.91046299863754,0.3365668968145483,3.2728996282743E-6
717.7286544587787,-189.1222037895453,132.96031752598418,717.7286544587787,-296.31157567397565,68.65294193794387,722.7406304809085,-256.11679860376574,92.7674654237093,0.5010417373924377,3.154581962960053E-4
717.7286544587787,-189.1222037895453,132.96031752598418,717.7286544587787,-295.71968858989095,67.6765045687122,714.8781618217492,-257.18152158457434,91.27854819294453,0.5692945899568419,2.4706687925267434E-5
717.7286544587787,-189.1222037895453,132.96031752598418,717.7286544587787,-295.78884991481283,67.78956791861084,711.0078760651193,-256.99052434016016,91.49440961993884,0.5431943762193704,5.476139296744361E-7
717.7286544587787,-189.1222037895453,132.96031752598418,717.7286544587787,-295.66428805227594,67.58613086983368,709.3195831188933,-256.6058643277845,91.55236637882987,0.5202305475074188,1.4203914389380988E-6
717.7286544587787,-189.1222037895453,132.96031752598418,717.7286544587787,-295.54697980224296,67.39533410764467,708.5674828611532,-256.38731757660844,91.52037999155775,0.5094030902358704,4.743189171211078E-7
717.7286544587787,-189.1222037895453,132.96031752598418,717.7286544587787,-295.46527412218614,67.26289450021402,707.9872986757316,-256.43070909908795,91.37796211042837,0.5091423321569264,1.434760528956849E-7
717.7286544587787,-189.1222037895453,132.96031752598418,717.7286544587787,-294.90654644642177,66.36697815444833,707.1604834496803,-256.26888569822773,90.69015103715563,0.5106106893683375,2.9581834228403402E-6
717.7286544587787,-189.1222037895453,132.96031752598418,717.7286544587787,-293.19015766750556,63.715382868965904,706.5449016039726,-256.0843657120302,88.40490585475371,0.5435645432247247,2.3732292038694052E-5
717.7286544587787,-189.1222037895453,132.96031752598418,717.7286544587787,-291.9779602519755,61.92727336665473,708.7010512082406,-254.9679592633557,87.48668904721237,0.5464114582998302,2.4304413201453213E-5
717.7286544587787,-189.1222037895453,132.96031752598418,717.7286544587787,-292.34414769874354,62.46045727359551,712.6649927620274,-256.5583101019998,86.9019321580875,0.6388194445704974,3.0051772552999835E-5
717.7286544587787,-189.1222037895453,132.96031752598418,717.7286544587787,-292.0572821026733,62.042268676130675,716.7149883283593,-258.4386304902307,85.20414134760986,0.7801186720773109,7.305871437511586E-5
717.7286544587787,-189.1222037895453,132.96031752598418,717.7286544587787,-290.7163886813486,60.1343496562051,717.6821805604949,-261.5433845900579,81.04649399674875,1.0,3.098479543070153E-4
717.7286544587787,-189.1222037895453,132.96031752598418,717.7286544587787,-290.0863685983877,59.26338798035857,714.3627913621212,-262.52068747698866,79.38444839151754,1.0,3.584635687639818E-5
717.7286544587787,-189.1222037895453,132.96031752598418,717.7286544587787,-290.1677925071174,59.37506764043124,711.9905596410324,-260.6068577343747,80.902467299438,1.0,7.14492655139644E-5
717.7286544587787,-189.1222037895453,132.96031752598418,717.7286544587787,-290.2510642389234,59.48955065772424,709.6237576216406,-258.37162441243515,82.65016851670896,0.8155503341678885,9.732494786393919E-5
717.7286544587787,-189.1222037895453,132.96031752598418,717.7286544587787,-291.5387863776718,61.29551716367615,711.8463313572839,-256.10527190520287,86.08970260351362,0.6381833719649003,1.8045128826164842E-4
717.7286544587787,-189.1222037895453,132.96031752598418,717.7286544587787,-291.92316739428884,61.84799874831957,716.1875534319784,-257.8860834344095,85.39306953309759,0.7481052814641493,3.848526695190397E-5
717.7286544587787,-189.1222037895453,132.96031752598418,717.7286544587787,-291.98787293452995,61.941629060520725,716.3574692868536,-261.5352621024822,82.96617981314316,1.0,2.4238408349538224E-4
717.7286544587787,-189.1222037895453,132.96031752598418,717.7286544587787,-291.5202067776426,61.26897227392732,713.0329885830467,-260.8829360675663,82.7188744982131,0.9853965390046736,4.737874048377985E-6
717.7286544587787,-189.1222037895453,132.96031752598418,717.7286544587787,-290.31022287860503,59.571048604485284,707.588518615698,-260.52963819794144,81.17019994121691,0.951153764573957,1.3722103060023311E-5
717.7286544587787,-189.1222037895453,132.96031752598418,717.7286544587787,-289.0433311983504,57.85526911142466,703.2331823956865,-256.4260214994009,82.3718522167151,0.6538088581332888,1.9197098329195016E-4
717.7286544587787,-189.1222037895453,132.96031752598418,717.7286544587787,-289.57561729621483,58.56870701204207,703.669583053782,-254.7327409965102,84.37188872971458,0.5576652396347683,7.957832762317035E-5
717.7286544587787,-189.1222037895453,132.96031752598418,717.7286544587787,-289.61399941795,58.62056361612153,705.1840052101127,-253.7273098888574,85.16808076963446,0.5282113376492619,1.942913208600445E-5
717.7286544587787,-189.1222037895453,132.96031752598418,717.7286544587787,-291.3944340214267,61.08966340765129,709.4264485933967,-253.9700814946701,87.38920425030923,0.5238703653465445,2.3275790241019492E-5
717.7286544587787,-189.1222037895453,132.96031752598418,717.7286544587787,-292.4539000589449,62.6214197091393,713.5765705848315,-256.660015510195,86.98666753376102,0.6448123933023012,6.885318162045194E-5
717.7286544587787,-189.1222037895453,132.96031752598418,717.7286544587787,-291.3260863522644,60.992502573007314,715.8261535480734,-260.17570478355015,82.92733362089942,0.9522136279171316,3.4376998385640917E-4
717.7286544587787,-189.1222037895453,132.96031752598418,717.7286544587787,-290.71988163020563,60.13922266065413,713.4556027758007,-261.92071915667157,80.78129428178289,1.0,8.572700339812732E-5
717.7286544587787,-189.1222037895453,132.96031752598418,717.7286544587787,-289.62277465579314,58.63242736651377,708.4359631338524,-259.7975259874473,80.69048920528695,0.9453252575275466,3.299171192559135E-5
717.7286544587787,-189.1222037895453,132.96031752598418,717.7286544587787,-289.2716403183157,58.15998087587418,705.4319423742635,-256.812176795332,82.40354013248216,0.700119202085971,1.417884166353E-4
717.7286544587787,-189.1222037895453,132.96031752598418,717.7286544587787,-289.9407769814292,59.06434131920588,706.8370937423321,-254.78136665845918,84.83478089610423,0.5832289415508682,1.1603212075020663E-4
717.7286544587787,-189.1222037895453,132.96031752598418,717.7286544587787,-291.2727169169476,60.91677050192094,710.6411818496709,-254.61466482198168,86.77054273525673,0.5640660438114313,1.6810838766520086E-5
717.7286544587787,-189.1222037895453,132.96031752598418,717.7286544587787,-290.64185751288494,60.030488869300754,714.3082131990591,-257.87176041129817,83.57191635677606,0.7998985177144909,2.507114814162772E-4
717.7286544587787,-189.1222037895453,132.96031752598418,717.7286544587787,-290.4891297616992,59.81835748281969,713.6565258052634,-259.9645002638024,81.8436010191669,0.9729515315631804,8.996207266638477E-5
717.7286544587787,-189.1222037895453,132.96031752598418,717.7286544587787,-289.7500990502041,58.80489496357221,710.297894502709,-260.01643361891416,80.7164386630131,0.9867555403752496,5.207046463022788E-6
717.7286544587787,-189.1222037895453,132.96031752598418,717.7286544587787,-288.6569868532695,57.34400341019719,705.8079923349528,-258.01927209172027,80.61939510634409,0.8125024970404437,2.9416127951930082E-5
717.7286544587787,-189.1222037895453,132.96031752598418,717.7286544587787,-288.04058383995334,56.539416666317294,703.6833292165904,-255.68716959401456,81.53453952721196,0.6571825689967912,6.946693990202233E-5
717.7286544587787,-189.1222037895453,132.96031752598418,717.7286544587787,-288.8028775019459,57.5364268265385,704.4405093618053,-254.80482143052208,83.26122953526752,0.5945341864293652,3.6613372145108495E-5
717.7286544587787,-189.1222037895453,132.96031752598418,717.7286544587787,-290.4068836110747,59.70450797172238,705.9631885747588,-254.1838577353814,85.90340685460001,0.5333546041796384,5.002023660401978E-5
717.7286544587787,-189.1222037895453,132.96031752598418,717.7286544587787,-292.2200118611602,62.27904722876566,708.7205255303196,-255.8218923982574,87.23268463569121,0.57886576397091,5.21628058172821E-5
717.7286544587787,-189.1222037895453,132.96031752598418,717.7286544587787,-292.8249228469774,63.16958705197851,709.374613015465,-256.56909148369766,87.56934221543116,0.6013559201762148,7.737104689022942E-6
717.7286544587787,-189.1222037895453,132.96031752598418,717.7286544587787,-293.0584506256479,63.5178478577419,709.2654708456612,-256.5131059272637,87.9347290516036,0.590305859271844,7.328746259141966E-7
717.7286544587787,-189.1222037895453,132.96031752598418,717.7286544587787,-293.3435610380529,63.946487801218495,708.9147054718162,-256.6576921684954,88.23932349545888,0.5856015522031243,9.8025173085771E-7
717.7286544587787,-189.1222037895453,132.96031752598418,717.7286544587787,-292.9114274346138,63.29829734888945,708.7218686041937,-256.6436417766286,87.64077846162061,0.5969427035293333,1.399752909625535E-6
717.7286544587787,-189.1222037895453,132.96031752598418,717.7286544587787,-291.79903427792,61.66888409347719,708.4648337748304,-256.4558946430295,86.20862762268433,0.6218868792675076,1.1144200462860858E-5
717.7286544587787,-189.1222037895453,132.96031752598418,717.7286544587787,-291.27659362353205,60.92226759647916,707.5529753049346,-256.6429148315985,85.34552230056318,0.6409491137088899,4.948546888818692E-6
717.7286544587787,-189.1222037895453,132.96031752598418,717.7286544587787,-288.8948459906925,57.65812719793425,708.1711842589051,-256.1758869756393,82.3523642626401,0.7126244738839378,5.6590617143192146E-5
717.7286544587787,-189.1222037895453,132.96031752598418,717.7286544587787,-287.60864831803644,55.98356620367625,709.830212387657,-257.7116476766301,79.35098488423031,0.9093522259549519,1.1402411152608533E-4
717.7286544587787,-189.1222037895453,132.96031752598418,717.7286544587787,-287.0356842017204,55.25606826267433,710.1273821073502,-257.91773310362436,78.36410732572025,0.9669732766582605,7.109394682632872E-6
717.7286544587787,-189.1222037895453,132.96031752598418,717.7286544587787,-286.4691404929716,54.547474735666256,710.395735724834,-257.980848191197,77.49476061102189,1.0,4.167142998425821E-6
717.7286544587787,-189.1222037895453,132.96031752598418,717.7286544587787,-287.75240431965636,56.16784690945775,709.7447793435633,-259.89469522639774,77.85757577029185,1.0,3.60944235877989E-5
717.7286544587787,-189.1222037895453,132.96031752598418,717.7286544587787,-288.17797411456326,56.717584329191595,708.6401369762905,-257.7328761566701,80.15102463395701,0.8618733744912339,1.1925481424441009E-4
717.7286544587787,-189.1222037895453,132.96031752598418,717.7286544587787,-288.0920623101388,56.606096264722424,709.1088402524708,-257.57348877216566,80.15085980514536,0.8607355887461136,1.851619546168553E-7
717.7286544587787,-189.1222037895453,132.96031752598418,717.7286544587787,-288.3944413990534,56.99965112552819,709.3401941430353,-257.63849231244734,80.53334437808493,0.852656020099583,9.494874307766009E-7
717.7286544587787,-189.1222037895453,132.96031752598418,717.7286544587787,-288.21385116164555,56.764219062327044,709.0710899038406,-257.6772657752656,80.24519580002527,0.8617428788089554,5.001238141930881E-7
717.7286544587787,-189.1222037895453,132.96031752598418,717.7286544587787,-288.0561950489757,56.55962791208775,709.034075289378,-257.6270357018384,80.05821246222672,0.8658626099676058,2.7940081731724335E-7
717.7286544587787,-189.1222037895453,132.96031752598418,717.7286544587787,-287.82038811068907,56.255243301982986,708.9360438687845,-257.5815702546511,79.75588603464317,0.8738435408032849,5.772222458727003E-7
717.7286544587787,-189.1222037895453,132.96031752598418,717.7286544587787,-286.57799063807914,54.6828008961553,708.9850179035744,-256.6678315499142,78.70695637358742,0.8703440499829304,2.2521572515176526E-5
717.7286544587787,-189.1222037895453,132.96031752598418,717.7286544587787,-286.0010057425379,53.9698261225701,708.2270936371763,-256.62077737376745,77.92510456954946,0.8877488023903327,3.2911556065184803E-6
717.7286544587787,-189.1222037895453,132.96031752598418,717.7286544587787,-284.94150597956775,52.68789805442991,705.4755265990332,-256.2448014122881,76.72850212716344,0.8675926915416072,1.2536957398535369E-5
717.7286544587787,-189.1222037895453,132.96031752598418,717.7286544587787,-288.0916835085678,56.60560526704114,714.2864832625672,-258.24988527031826,79.62847983645273,0.9739380087784051,1.137776891468122E-4
717.7286544587787,-189.1222037895453,132.96031752598418,717.7286544587787,-291.9760130360239,61.92445388311013,726.8169503007515,-260.5668246566712,83.61717327964945,0.8773774380844925,1.5324747760915287E-4
717.7286544587787,-189.1222037895453,132.96031752598418,717.7286544587787,-292.54609426181236,62.75704922898461,729.3079446460122,-262.08887217651306,83.43115580022138,0.9209684319524156,2.1460894156976588E-5
717.7286544587787,-189.1222037895453,132.96031752598418,717.7286544587787,-292.306920157272,62.405981669767684,728.3318863039634,-262.51688405138003,82.77543449738923,0.991383022144917,6.151434867035083E-6
717.7286544587787,-189.1222037895453,132.96031752598418,717.7286544587787,-291.85153243645254,61.74455357055275,727.235207823125,-262.2897345723547,82.23788343571536,1.0,2.8180813914959277E-6
717.7286544587787,-189.1222037895453,132.96031752598418,717.7286544587787,-292.38215657657736,62.51613997794334,728.3898913125805,-262.7646335878918,82.72128235536815,1.0,5.16390545275941E-6
717.7286544587787,-189.1222037895453,132.96031752598418,717.7286544587787,-293.5267970912907,64.22400327000202,735.8223165845036,-262.74525472090284,84.48948875050951,0.7678575202152437,6.824542279693569E-6
717.7286544587787,-189.1222037895453,132.96031752598418,717.7286544587787,-294.5375816190161,65.78444300938476,740.8883854863144,-264.73520994660174,84.77598315262435,0.7044761810887424,3.5973699057912843E-5
717.7286544587787,-189.1222037895453,132.96031752598418,717.7286544587787,-294.93466237758633,66.41166158498034,743.4085939839297,-265.64547880482536,84.83251510625809,0.6637501950417249,7.135873845108783E-6
717.7286544587787,-189.1222037895453,132.96031752598418,717.7286544587787,-294.96416840427634,66.45859930386584,743.8621807430508,-266.06906042957127,84.61372648358258,0.6687680184688358,2.6638008832279825E-6
717.7286544587787,-189.1222037895453,132.96031752598418,717.7286544587787,-295.40895325211653,67.17181633709397,745.113388687347,-266.6080488735875,84.99876411307437,0.6421504294233144,5.090938393024288E-6
717.7286544587787,-189.1222037895453,132.96031752598418,717.7286544587787,-297.58100560283094,70.81783359408428,758.9164506808883,-268.10850340664024,87.7043791168038,0.33048118394350345,4.192541100430663E-5
717.7286544587787,-189.1222037895453,132.96031752598418,717.7286544587787,-298.39763527743384,72.26534184318336,764.6026234648155,-269.57943288526354,88.27186837525815,0.25631480684490154,2.4609842614808224E-5
717.7286544587787,-189.1222037895453,132.96031752598418,717.7286544587787,-298.65188767315357,72.7253746078005,767.0963169198229,-270.2862109118099,88.32484371948746,0.22932785372064696,4.556202341282306E-6
717.7286544587787,-189.1222037895453,132.96031752598418,717.7286544587787,-298.5261935608189,72.49737828112887,768.0694727528228,-270.54718682094654,87.96018716205774,0.22069069073647618,1.900994431534802E-6
717.7286544587787,-189.1222037895453,132.96031752598418,717.7286544587787,-298.96176992445015,73.29232182229173,769.4883827926393,-271.152837131805,88.3989299488922,0.20652801814672891,6.399173877716755E-6
717.7286544587787,-189.1222037895453,132.96031752598418,717.7286544587787,-301.8368526877141,78.91951882942035,795.0003547223939,-272.1643966463381,93.14591477209262,0.04380016900275904,8.416088811532865E-7
717.7286544587787,-189.1222037895453,132.96031752598418,717.7286544587787,-304.00409534342776,83.69419333296497,810.4054356999038,-273.91899498217833,96.59593329136027,1.0,4.7521344430902264E-5
717.7286544587787,-189.1222037895453,132.96031752598418,717.7286544587787,-304.9125683497191,85.86900755246515,820.6241717181591,-275.0540412382897,98.0123077389529,1.0,1.6101939235130013E-5
717.7286544587787,-189.1222037895453,132.96031752598418,717.7286544587787,-305.6007107224702,87.59780632260646,829.1560090478002,-276.6212412712101,98.88384992211567,1.0,2.6419246798674144E-5
717.7286544587787,-189.1222037895453,132.96031752598418,717.7286544587787,-306.50295573028876,89.98638270700758,838.981578072516,-275.564765714124,101.31307587594347,1.0,2.4287740285625314E-5
717.7286544587787,-189.1222037895453,132.96031752598418,717.7286544587787,-304.4924729647796,84.84897800572153,827.0636323077963,-273.48996766196376,97.77754330478473,1.0,8.74237558680184E-5
717.7286544587787,-189.1222037895453,132.96031752598418,717.7286544587787,-300.42544138065006,76.06928746202699,805.2049907720937,-274.8917780517036,89.1204478732507,1.0,1.1148737505656617E-4
717.7286544587787,-189.1222037895453,132.96031752598418,717.7286544587787,-294.6342988756373,65.93645766590541,778.8717451237295,-274.04395120175326,79.01594941363976,0.14839453748751233,1.0986552433424325E-4
717.7286544587787,-189.1222037895453,132.96031752598418,717.7286544587787,-288.26043737097837,56.82484194230361,753.2972611916942,-271.10243087327257,70.00172574967624,0.736575067728839,3.11658126965786E-4
717.7286544587787,-189.1222037895453,132.96031752598418,717.7286544587787,-281.36707773875025,48.604622815459166,730.0118220540191,-266.0417053259944,62.61930331995427,1.0,5.332147787798862E-4
717.7286544587787,-189.1222037895453,132.96031752598418,717.7286544587787,-275.17778947754596,42.2992113563859,712.8904968328103,-261.04215334378205,57.191358078207315,1.0,4.899804174508879E-4
717.7286544587787,-189.1222037895453,132.96031752598418,717.7286544587787,-275.02820651223243,42.15746131424562,715.4531128016026,-260.7035051707159,57.29870587184291,1.0,9.542287109759061E-7
717.7286544587787,-189.1222037895453,132.96031752598418,717.7286544587787,-280.17418653928604,47.31840934230979,731.778657242012,-262.8389265217361,63.62365280794276,1.0,2.846154858958645E-4
717.7286544587787,-189.1222037895453,132.96031752598418,717.7286544587787,-288.09675411338304,56.612178136775,752.811233555605,-265.0743811350138,74.37144388207795,0.558206052187449,5.068696998148229E-4
717.7286544587787,-189.1222037895453,132.96031752598418,717.7286544587787,-300.7109392775103,76.63133642214227,791.4137699350798,-270.0765050646403,92.09532083201805,0.053126972722857393,3.52356374756576E-4
717.7286544587787,-189.1222037895453,132.96031752598418,717.7286544587787,-308.7239999081805,96.62286625052431,830.7213260183348,-272.77151856958903,107.54595922462215,1.0,1.0397574870008488E-7
717.7286544587787,-189.1222037895453,132.96031752598418,717.7286544587787,-307.7648430315969,93.60394378956907,835.5957632734409,-272.0348654578687,105.45636345899737,1.0,1.8699680137824084E-5
717.7286544587787,-189.1222037895453,132.96031752598418,717.7286544587787,-302.9898523968751,81.39328735517,814.8146517480714,-274.0285291576897,94.50894792713723,1.0,2.197916502756944E-4
717.7286544587787,-189.1222037895453,132.96031752598418,717.7286544587787,-297.6261660788601,70.89671976111923,793.168951073706,-275.1485073311493,83.75380204438255,0.05908765070801941,2.0441942349649862E-4
717.7286544587787,-189.1222037895453,132.96031752598418,717.7286544587787,-288.540842963156,57.191364881332944,760.0266352078892,-271.62146982145896,70.0859608344297,0.49408764666003874,4.7441363399005026E-4
717.7286544587787,-189.1222037895453,132.96031752598418,717.7286544587787,-278.997871027829,46.08474881720794,731.8786453472421,-266.18451518052893,58.47038789514457,1.0,9.629723945788549E-4
717.7286544587787,-189.1222037895453,132.96031752598418,717.7286544587787,-272.5742085654266,39.89709762205926,712.3148948146352,-261.5475639414563,52.19368721506993,1.0,4.910114604938184E-4
717.7286544587787,-189.1222037895453,132.96031752598418,717.7286544587787,-271.7114955750098,39.130637347613074,711.1576653807728,-260.5274383787886,51.83684280272192,1.0,1.0439800341617184E-5
717.7286544587787,-189.1222037895453,132.96031752598418,717.7286544587787,-277.19730990961295,44.25983454004539,727.3669377216213,-263.22995659998963,58.326362974423944,1.0,3.70984973970943E-4
717.7286544587787,-189.1222037895453,132.96031752598418,717.7286544587787,-284.0187652249832,51.599131277686695,744.6511779326144,-264.11538560211557,68.66363342583276,0.9940199531165075,4.5315158842045125E-4
717.7286544587787,-189.1222037895453,132.96031752598418,717.7286544587787,-291.7704371580224,61.627714977565475,761.9096138460377,-267.0234429168371,78.82496666467131,0.32848614886334215,5.946711037923629E-4
717.7286544587787,-189.1222037895453,132.96031752598418,717.7286544587787,-299.56192356763773,74.41060962460844,784.5640040723757,-272.32325488650895,88.8512121370643,0.08956193060455,6.479022466894265E-4
717.7286544587787,-189.1222037895453,132.96031752598418,717.7286544587787,-305.7711126808239,88.03780585895697,810.0852709299031,-275.7493920251129,99.59943218910468,1.0,2.0174626597637638E-4
717.7286544587787,-189.1222037895453,132.96031752598418,717.7286544587787,-308.02217081968803,94.38833494495813,831.3083723371439,-277.0875072388252,104.42375660734132,1.0,8.867084795652081E-6
717.7286544587787,-189.1222037895453,132.96031752598418,717.7286544587787,-308.3338339875416,95.36261512894694,841.139474840743,-278.5569981481043,104.75381807078384,1.0,1.4743408201468098E-5
717.7286544587787,-189.1222037895453,132.96031752598418,717.7286544587787,-307.1552452390957,91.81179232557486,838.4895606612945,-277.8966473562716,102.01188661717725,1.0,2.6187455693626576E-5
717.7286544587787,-189.1222037895453,132.96031752598418,717.7286544587787,-303.8519587233262,83.34093287810103,821.723787207399,-278.04386611058953,94.50265526754299,1.0,3.826749418480006E-5
717.7286544587787,-189.1222037895453,132.96031752598418,717.7286544587787,-299.54009268103255,74.36944952808562,801.5887516970797,-278.4697180969374,85.5499887352446,1.0,8.668254504100482E-5
717.7286544587787,-189.1222037895453,132.96031752598418,717.7286544587787,-293.3426477576589,63.94510862903671,775.5521508785324,-276.7825997529346,74.91124088557552,0.20038496222136673,2.192505303016502E-4
717.7286544587787,-189.1222037895453,132.96031752598418,717.7286544587787,-287.6429021996253,56.027411791246394,753.2223221940604,-274.2102538242977,66.51670681152234,0.8686786478166449,3.1765208891569086E-4
717.7286544587787,-189.1222037895453,132.96031752598418,717.7286544587787,-284.52056400818344,52.18808920711851,742.7877638592183,-271.1552446430867,63.504286098113255,1.0,1.8326555750587981E-4
717.7286544587787,-189.1222037895453,132.96031752598418,717.7286544587787,-283.62767401631913,51.14518385735069,740.1231152710735,-269.4019393643421,63.46066548283946,1.0,2.093426417153781E-5
717.7286544587787,-189.1222037895453,132.96031752598418,717.7286544587787,-284.7774704990195,52.49249817725726,745.1665920727737,-268.74184108357906,65.98210701253313,1.0,4.9336236590150117E-5
717.7286544587787,-189.1222037895453,132.96031752598418,717.7286544587787,-287.11863271115595,55.360704649297034,750.8352038069147,-269.1052497932207,69.62481158067774,0.8114139991596006,6.960710210897343E-5
717.7286544587787,-189.1222037895453,132.96031752598418,717.7286544587787,-286.90433451690285,55.09084397942706,750.1524449484004,-269.187398997354,69.1998476542629,0.857345490076902,1.262082064710983E-6
717.7286544587787,-189.1222037895453,132.96031752598418,717.7286544587787,-286.6148255376389,54.72868259047266,749.565231694127,-269.1235273407469,68.76433811549381,0.8969712403069856,1.2147515636961005E-6
717.7286544587787,-189.1222037895453,132.96031752598418,717.7286544587787,-286.46937829190597,54.547769956051596,749.3261362874309,-269.0801085783249,68.55471926498606,0.9139941894031933,3.208966392331278E-7
717.7286544587787,-189.1222037895453,132.96031752598418,717.7286544587787,-286.41752948075475,54.48344450825057,749.2663411585909,-269.07424401202826,68.47226464704292,0.919216324617243,3.7296331714121747E-8
717.7286544587787,-189.1222037895453,132.96031752598418,717.7286544587787,-286.26074368221805,54.28945845148556,749.0967665006735,-269.11084881996015,68.17886798288134,0.9374272791024031,5.34216188249003E-7
717.7286544587787,-189.1222037895453,132.96031752598418,717.7286544587787,-286.1004460469999,54.0919428206915,748.9559899090995,-269.14730713159224,67.87922624929448,0.9545329381664148,5.559149765849964E-7
717.7286544587787,-189.1222037895453,132.96031752598418,717.7286544587787,-286.07750357712763,54.063740647769535,748.9404970872031,-269.14692471785,67.84085978916949,0.9564378495627165,7.0633950732331884E-9
717.7286544587787,-189.1222037895453,132.96031752598418,717.7286544587787,-285.7956492655324,53.718630644637756,748.3215830287843,-269.08613392237163,67.41515481673517,1.0,1.1723644416620292E-6
717.7286544587787,-189.1222037895453,132.96031752598418,717.7286544587787,-284.5872134186113,52.266873328067305,746.8488943030661,-269.5148205853704,65.0070730592985,1.0,4.20526711567005E-5
717.7286544587787,-189.1222037895453,132.96031752598418,717.7286544587787,-281.3185524673235,48.55158995302794,745.9183233942161,-269.26530088796835,59.58673010251323,1.0,1.7861534989049225E-4
717.7286544587787,-189.1222037895453,132.96031752598418,717.7286544587787,-282.5890000270882,49.960570531853975,747.0152143737031,-269.3336309741087,61.731512962736275,1.0,2.5671600095813263E-5
717.7286544587787,-189.1222037895453,132.96031752598418,717.7286544587787,-283.19723539152085,50.65060710803108,747.4357966085739,-269.27324839272,62.83321622565137,1.0,7.013382884843994E-6
717.7286544587787,-189.1222037895453,132.96031752598418,717.7286544587787,-282.9085266633644,50.32179356888685,747.1139094042722,-269.3963901971006,62.22782612100244,1.0,2.86388082245611E-6
717.7286544587787,-189.1222037895453,132.96031752598418,717.7286544587787,-282.7016525822283,50.08760329712827,746.7707348541554,-269.4034702696471,61.864296543048965,1.0,7.115943438473462E-7
717.7286544587787,-189.1222037895453,132.96031752598418,717.7286544587787,-282.694271016614,50.07926881849656,746.6059855180516,-269.4747388564198,61.7884115287936,1.0,1.2627000735782875E-7
717.7286544587787,-189.1222037895453,132.96031752598418,717.7286544587787,-282.66721238984985,50.048729880052875,746.622149526735,-269.44668231152247,61.766459716376204,1.0,1.4869441904706104E-8
717.7286544587787,-189.1222037895453,132.96031752598418,717.7286544587787,-282.80043806269435,50.19928549118532,746.7130778585949,-269.5142844252067,61.93707917765903,1.0,3.153231271886077E-7
717.7286544587787,-189.1222037895453,132.96031752598418,717.7286544587787,-282.7543651323542,50.14716420916987,746.4396303978185,-269.2092631448724,62.12715689004338,1.0,1.4822509928242057E-6
717.7286544587787,-189.1222037895453,132.96031752598418,717.7286544587787,-282.5594230225693,49.92727553666644,745.3425723107126,-267.9963904026505,62.86872337669533,1.0,2.3364186405720492E-5
717.7286544587787,-189.1222037895453,132.96031752598418,717.7286544587787,-282.30513292336155,49.64200190425443,743.3591650796097,-265.6359585040445,64.54652946453166,1.0,1.0081007490778328E-4
717.7286544587787,-189.1222037895453,132.96031752598418,717.7286544587787,-282.0105995977715,49.31376395577239,740.458021654965,-261.99071942715676,67.34178526661347,1.0,2.6135544880638E-4
717.7286544587787,-189.1222037895453,132.96031752598418,717.7286544587787,-281.6462860578057,48.910961785346984,737.2012440033311,-257.1703370023166,71.14504072805934,0.9359442752773122,4.801023434613017E-4
717.7286544587787,-189.1222037895453,132.96031752598418,717.7286544587787,-281.9747462150188,49.27396639794395,735.646466808535,-254.9057278482259,73.67079298514281,0.7932963328585962,1.4037442642951604E-4
717.7286544587787,-189.1222037895453,132.96031752598418,717.7286544587787,-282.2185612333102,49.545281527054385,735.9875008585153,-254.49135811895613,74.38906392026539,0.7454198140046635,7.376886203592777E-6
717.7286544587787,-189.1222037895453,132.96031752598418,717.7286544587787,-282.4181873913973,49.7686145516913,736.3169905376777,-254.4352988345343,74.72085861741624,0.7252193430997373,8.106134944410426E-7
717.7286544587787,-189.1222037895453,132.96031752598418,717.7286544587787,-282.7210190182203,50.10947692802554,736.6577139224223,-254.4115752880169,75.16814037560951,0.7030254556671076,1.1600301864504635E-6
717.7286544587787,-189.1222037895453,132.96031752598418,717.7286544587787,-283.2735404292715,50.737900820118924,737.143227731912,-254.4188522803188,75.93671665827802,0.6704250824439485,3.0676218927571076E-6
717.7286544587787,-189.1222037895453,132.96031752598418,717.7286544587787,-283.2990036585848,50.76706739906146,736.5878521224938,-254.55873883824466,75.85027025132575,0.6894553936637732,3.054782120328856E-7
717.7286544587787,-189.1222037895453,132.96031752598418,717.7286544587787,-283.7738822031754,51.314375964368566,735.2007995711574,-254.4020805346842,76.65030706223345,0.6900048208693783,4.749564573446794E-6
717.7286544587787,-189.1222037895453,132.96031752598418,717.7286544587787,-283.5529877959221,51.058992555376975,733.8943075532821,-254.5645080663826,76.20116333913907,0.7361700869296283,1.988290576365572E-6
717.7286544587787,-189.1222037895453,132.96031752598418,717.7286544587787,-281.9052164569292,49.196885406925986,731.4948858811488,-254.6088444644396,73.8397347470964,0.8755839494150044,3.0100176395415374E-5
717.7286544587787,-189.1222037895453,132.96031752598418,717.7286544587787,-281.7562171159113,49.03213647187907,730.1458759928049,-254.350367654003,73.86235825528433,0.8924397345164193,4.6864781538098993E-7
717.7286544587787,-189.1222037895453,132.96031752598418,717.7286544587787,-281.6057620687063,48.866373344342776,730.6102763564851,-254.29639246372565,73.69838290289513,0.8868753323681189,2.628533469704992E-7
717.7286544587787,-189.1222037895453,132.96031752598418,717.7286544587787,-280.96120928532605,48.16292918444414,729.9040443579128,-254.25602194870947,72.82053658221469,0.9388892455571745,4.588044848952543E-6
717.7286544587787,-189.1222037895453,132.96031752598418,717.7286544587787,-280.18514044677494,47.33005671030418,729.0988817009547,-254.55832202438418,71.4280182514025,1.0,1.636626754656209E-5
717.7286544587787,-189.1222037895453,132.96031752598418,717.7286544587787,-279.78374929904453,46.90519469283146,729.0041844214571,-254.3649974462674,71.03244512368775,1.0,2.012635242223944E-6
717.7286544587787,-189.1222037895453,132.96031752598418,717.7286544587787,-278.96007876791026,46.045668476634276,728.4528917957925,-254.2858209632215,69.91705299195328,1.0,8.186567696780282E-6
717.7286544587787,-189.1222037895453,132.96031752598418,717.7286544587787,-278.85103557894575,45.93309910720741,729.0702957821678,-254.48259410852015,69.567839870905,1.0,1.7331142504543735E-6
717.7286544587787,-189.1222037895453,132.96031752598418,717.7286544587787,-279.2099084695111,46.30464566605764,729.0766421361541,-254.4455397153987,70.12557683749881,1.0,2.016267088023339E-6
717.7286544587787,-189.1222037895453,132.96031752598418,717.7286544587787,-279.2522046216067,46.34863846355864,729.0239552322071,-254.43126158048528,70.20066922865351,1.0,4.568101358947766E-8
717.7286544587787,-189.1222037895453,132.96031752598418,717.7286544587787,-279.27243915125786,46.36969988049195,729.050563264795,-254.43623731648267,70.2252344579941,1.0,4.990916841814365E-9
717.7286544587787,-189.1222037895453,132.96031752598418,717.7286544587787,-279.2884080957622,46.386328354815916,729.058569274676,-254.4356070735584,70.24899556061641,1.0,3.3622539064256726E-9
717.7286544587787,-189.1222037895453,132.96031752598418,717.7286544587787,-279.2932532106131,46.39137479070904,729.0590447375018,-254.43373970129434,70.25781324553535,1.0,6.53156826852532E-10
717.7286544587787,-189.1222037895453,132.96031752598418,717.7286544587787,-279.30268323711937,46.4011982686484,729.0598505567647,-254.43258571011827,70.2725920666015,1.0,1.4397631916563735E-9
717.7286544587787,-189.1222037895453,132.96031752598418,717.7286544587787,-279.3816080935322,46.48350020082219,729.0239571309571,-254.51971076056768,70.3034862798211,1.0,8.359665463867076E-8
717.7286544587787,-189.1222037895453,132.96031752598418,717.7286544587787,-279.43940838247795,46.543869123389314,728.9930867375817,-254.59153575443162,70.31857420370844,1.0,4.569570031526985E-8
717.7286544587787,-189.1222037895453,132.96031752598418,717.7286544587787,-279.36639349936735,46.467622900266534,729.1751452720728,-254.4901840666982,70.30971614553474,1.0,7.373867687704811E-8
717.7286544587787,-189.1222037895453,132.96031752598418,717.7286544587787,-279.3645136435955,46.46566155114613,729.1591612243463,-254.5141648482013,70.28400544536424,1.0,1.4492453285695293E-8
717.7286544587787,-189.1222037895453,132.96031752598418,717.7286544587787,-279.3539903355712,46.454683624414386,729.1749574339652,-254.50213319914937,70.28027477704913,1.0,1.4921961369039958E-9
717.7286544587787,-189.1222037895453,132.96031752598418,717.7286544587787,-279.3503354464818,46.45087146546119,729.1794663251285,-254.49587007667355,70.28097845967227,1.0,2.948117644511317E-10
717.7286544587787,-189.1222037895453,132.96031752598418,717.7286544587787,-279.34820688627804,46.4486514618725,729.1824455157869,-254.4899706694323,70.28354779690079,1.0,4.283759983368753E-10
717.7286544587787,-189.1222037895453,132.96031752598418,717.7286544587787,-279.3433584651225,46.44359515969492,729.1837596149982,-254.48183037560366,70.28432221597211,1.0,4.832411108896889E-10
717.7286544587787,-189.1222037895453,132.96031752598418,717.7286544587787,-279.3423011832326,46.44249262109207,729.1850704574334,-254.47069088022056,70.2934713659817,1.0,2.4288140829236322E-9
717.7286544587787,-189.1222037895453,132.96031752598418,717.7286544587787,-279.3367275570142,46.43668086288045,729.1715064703237,-254.45146267885335,70.30383136885598,1.0,5.209238540414702E-9
717.7286544587787,-189.1222037895453,132.96031752598418,717.7286544587787,-279.3220056813824,46.42133360155081,729.1698457443235,-254.42222211791622,70.31054315995536,1.0,7.794935795377983E-9
717.7286544587787,-189.1222037895453,132.96031752598418,717.7286544587787,-279.31017311768653,46.40900217799968,729.1596581723625,-254.38987444426806,70.32443840654321,1.0,1.2776373541921444E-8
717.7286544587787,-189.1222037895453,132.96031752598418,717.7286544587787,-279.3010890069679,46.399537371557926,729.1474634286197,-254.35576543024553,70.34401910694001,1.0,1.7133196774418687E-8
717.7286544587787,-189.1222037895453,132.96031752598418,717.7286544587787,-279.2903171243742,46.388316638645065,729.132611818999,-254.31366630717255,70.36884098077218,1.0,2.6607090933257652E-8
717.7286544587787,-189.1222037895453,132.96031752598418,717.7286544587787,-279.2782593864193,46.37575978493332,729.1176623184275,-254.26030286937265,70.402639468969,1.0,4.5082963557097334E-8
717.7286544587787,-189.1222037895453,132.96031752598418,717.7286544587787,-279.26543998327304,46.362413576051225,729.0992247590113,-254.20879164654252,70.4335842771805,1.0,4.0381077564257997E-8
717.7286544587787,-189.1222037895453,132.96031752598418,717.7286544587787,-279.25547953556094,46.35204653935894,729.07794711623,-254.15369894113007,70.47212647626705,1.0,5.1926404744982644E-8
717.7286544587787,-189.1222037895453,132.96031752598418,717.7286544587787,-279.2406056192999,46.33656990646081,729.0560560892479,-254.09251497115702,70.50945594512967,1.0,5.7625804975161186E-8
717.7286544587787,-189.1222037895453,132.96031752598418,717.7286544587787,-279.2215329917486,46.31673220477877,729.0330488738305,-254.0225892722812,70.54917488214926,1.0,7.147791868182135E-8
717.7286544587787,-189.1222037895453,132.96031752598418,717.7286544587787,-279.2057959535362,46.30037047527479,729.0072575594801,-253.94639982314507,70.59977815439694,1.0,9.532355435168691E-8
717.7286544587787,-189.1222037895453,132.96031752598418,717.7286544587787,-279.19051267328126,46.28448620707539,728.9749995499154,-253.86103529697465,70.65991343197038,1.0,1.2540683221997878E-7
717.7286544587787,-189.1222037895453,132.96031752598418,717.7286544587787,-279.17619787595044,46.26961358902386,728.9337746143798,-253.77500972084437,70.72213126290404,1.0,1.3010907713102293E-7
717.7286544587787,-189.1222037895453,132.96031752598418,717.7286544587787,-279.16269320278724,46.255587169308356,728.8979563225091,-253.67081334406936,70.80306113172614,1.0,2.0272551506761104E-7
717.7286544587787,-189.1222037895453,132.96031752598418,717.7286544587787,-279.13936958642205,46.231372750335,728.8553157228097,-253.55948675542234,70.87685259607264,1.0,2.032655477184371E-7
717.7286544587787,-189.1222037895453,132.96031752598418,717.7286544587787,-279.1176725447143,46.20885872823604,728.8202898445588,-253.43281244780664,70.96787285687606,1.0,2.807933048559905E-7
717.7286544587787,-189.1222037895453,132.96031752598418,717.7286544587787,-279.096437233856,46.18683473251393,728.7589850084419,-253.30028659140947,71.06531102756975,1.0,3.1319409638670145E-7
717.7286544587787,-189.1222037895453,132.96031752598418,717.7286544587787,-279.05925766826715,46.14830027251935,728.7029638356746,-253.1541942459021,71.15324223789673,0.9894159297968954,3.254222678501333E-7
717.7286544587787,-189.1222037895453,132.96031752598418,717.7286544587787,-279.05495787816335,46.1438459204406,728.6731613928215,-253.10716460663102,71.19251568056757,0.9856784864062009,4.3940233753580815E-8
717.7286544587787,-189.1222037895453,132.96031752598418,717.7286544587787,-279.015461548562,46.10295048397104,728.62609105331,-253.09639977258905,71.14666920307022,0.9884325760140537,1.8433320737601634E-8
717.7286544587787,-189.1222037895453,132.96031752598418,717.7286544587787,-278.91198420310707,45.995983840936276,728.4268329471225,-253.05502539890705,71.03929259135344,0.995999082787633,1.2798119168487862E-7
717.7286544587787,-189.1222037895453,132.96031752598418,717.7286544587787,-278.90495680015795,45.98872870621315,728.4178193187104,-253.0511140471915,71.03306858133627,0.9963043158037131,5.99260712530927E-10
717.7286544587787,-189.1222037895453,132.96031752598418,717.7286544587787,-278.8958529151229,45.97933154239301,728.4041456355656,-253.04613217818445,71.02492363984939,0.9967514561632337,1.0048127497077997E-9
717.7286544587787,-189.1222037895453,132.96031752598418,717.7286544587787,-278.88930123783774,45.97257002262157,728.3996049640264,-253.04117065943538,71.02039623180886,0.9968194039316229,5.298876637793004E-10
717.7286544587787,-189.1222037895453,132.96031752598418,717.7286544587787,-278.88386090669894,45.96695621845369,728.3984678260628,-253.0363549958247,71.01731171343383,0.9967484926377378,3.692982522390691E-10
717.7286544587787,-189.1222037895453,132.96031752598418,717.7286544587787,-278.8785344717802,45.961460622796665,728.3978361162327,-253.03141602852088,71.0145097137387,0.9966459610849315,3.551816421926708E-10
717.7286544587787,-189.1222037895453,132.96031752598418,717.7286544587787,-278.8691498108032,45.951779554946995,728.3999026950952,-253.02189512029037,71.01036863110187,0.996313800176466,1.1103612374745167E-9
717.7286544587787,-189.1222037895453,132.96031752598418,717.7286544587787,-278.75757481608275,45.83684043206323,728.3686393195644,-253.0152982665526,70.85772912392102,1.0,1.4527654265645566E-7
717.7286544587787,-189.1222037895453,132.96031752598418,717.7286544587787,-278.6396825123957,45.71571309050047,728.6479204506185,-253.07211240389304,70.63411531001492,1.0,4.548063428376719E-7
717.7286544587787,-189.1222037895453,132.96031752598418,717.7286544587787,-278.63956293114114,45.71559039411363,728.6658631297472,-253.16992943316666,70.53861071092948,1.0,2.2017162722580743E-7
717.7286544587787,-189.1222037895453,132.96031752598418,717.7286544587787,-278.6339542779257,45.70983601151957,728.6895982394528,-253.16921235929678,70.53128103878848,1.0,3.722749281272676E-10
717.7286544587787,-189.1222037895453,132.96031752598418,717.7286544587787,-278.6272861774505,45.702995616964415,728.6892913387287,-253.1677681784334,70.5231432378655,1.0,5.300553263480113E-10
717.7286544587787,-189.1222037895453,132.96031752598418,717.7286544587787,-278.6252199628035,45.70087622654951,728.6935933396228,-253.16437762758198,70.52349083971183,1.0,8.38218912659944E-11
717.7286544587787,-189.1222037895453,132.96031752598418,717.7286544587787,-278.6178605854208,45.69332826501068,728.6974416592002,-253.1553953525756,70.52171390500541,1.0,6.918734295577423E-10
717.7286544587787,-189.1222037895453,132.96031752598418,717.7286544587787,-278.6121099895398,45.687431196287335,728.7016464297319,-253.14616251905676,70.52248615659337,1.0,6.008385026968297E-10
717.7286544587787,-189.1222037895453,132.96031752598418,717.7286544587787,-278.6104940208585,45.685774207349425,728.7105930025054,-253.1347452346873,70.53130802262575,1.0,2.415384293466248E-9
717.7286544587787,-189.1222037895453,132.96031752598418,717.7286544587787,-278.60242982322853,45.677506222950655,728.7100450457403,-253.11907332193215,70.53505403505946,1.0,2.2501959890612584E-9
717.7286544587787,-189.1222037895453,132.96031752598418,717.7286544587787,-278.59159265021884,45.66639759511165,728.697162787304,-253.091784328312,70.54617216663067,1.0,8.761860976597919E-9
717.7286544587787,-189.1222037895453,132.96031752598418,717.7286544587787,-278.580716593165,45.65525188277759,728.6887330791482,-253.06535128113487,70.55641079615327,1.0,7.991145926595482E-9
717.7286544587787,-189.1222037895453,132.96031752598418,717.7286544587787,-278.57351366060664,45.64787189335192,728.6841754111613,-253.03951892644918,70.57132500123416,1.0,9.824674942644775E-9
717.7286544587787,-189.1222037895453,132.96031752598418,717.7286544587787,-278.5610979402756,45.635153838221996,728.674227215064,-253.00936499039128,70.58301666168487,1.0,1.0403527245066229E-8
717.7286544587787,-189.1222037895453,132.96031752598418,717.7286544587787,-278.5451872870889,45.618861032529466,728.6631893393535,-252.96539653933363,70.60322291940517,1.0,2.4430382628067794E-8
717.7286544587787,-189.1222037895453,132.96031752598418,717.7286544587787,-278.5331562181715,45.60654493540885,728.6515977569567,-252.9210152499506,70.6293981421421,1.0,2.9453993845373373E-8
717.7286544587787,-189.1222037895453,132.96031752598418,717.7286544587787,-278.5166000075662,45.589602038382196,728.6348416369117,-252.86765939741116,70.6579104270069,1.0,3.9696431442406985E-8
717.7286544587787,-189.1222037895453,132.96031752598418,717.7286544587787,-278.4972678707517,45.56982650733704,728.6226778706255,-252.80775852350692,70.68890036717806,0.9966072863137854,4.8943760931218984E-8
717.7286544587787,-189.1222037895453,132.96031752598418,717.7286544587787,-278.4811206259312,45.55331562208714,728.6042420492408,-252.75303925880408,70.71940465557026,0.9926319271394081,4.299012209798479E-8
717.7286544587787,-189.1222037895453,132.96031752598418,717.7286544587787,-278.4549735720909,45.526592665500885,728.5853139102004,-252.67183510720366,70.76163060360767,0.986734024024809,9.026025718281936E-8
717.7286544587787,-189.1222037895453,132.96031752598418,717.7286544587787,-278.4331481935574,45.50429880992631,728.5565353095844,-252.58815441146032,70.81251019439736,0.9805274180074874,1.071066099305583E-7
717.7286544587787,-189.1222037895453,132.96031752598418,717.7286544587787,-278.41602101414173,45.48681179161706,728.5267672559224,-252.503058853503,70.8715216697014,0.9739086315989514,1.2268947984604622E-7
717.7286544587787,-189.1222037895453,132.96031752598418,717.7286544587787,-278.3903252190018,45.460588975229214,728.4873390830159,-252.39831862255704,70.93769642702648,0.9662014192830548,1.727625364962499E-7
717.7286544587787,-189.1222037895453,132.96031752598418,717.7286544587787,-278.37022275817725,45.44008494988374,728.44800567762,-252.2849501233437,71.02036285626534,0.9573261247482998,2.2702121264953076E-7
717.7286544587787,-189.1222037895453,132.96031752598418,717.7286544587787,-278.34466166026766,45.4140268478111,728.3962395811775,-252.158611464578,71.10813589675425,0.9479046743957337,2.7095547916533643E-7
717.7286544587787,-189.1222037895453,132.96031752598418,717.7286544587787,-278.3221755165395,45.39111606848867,728.3460129646513,-252.02729231643917,71.20527138345125,0.9378625178299854,3.0833079262309096E-7
717.7286544587787,-189.1222037895453,132.96031752598418,717.7286544587787,-278.28736672499707,45.355673136007155,728.280651454111,-251.8742217484469,71.30655010088938,0.9269873935857121,3.825868628242941E-7
717.7286544587787,-189.1222037895453,132.96031752598418,717.7286544587787,-278.27744342089716,45.34557421028292,728.2427398305906,-251.82751331999071,71.33848103316171,0.9239865204197384,3.648848084553133E-8
717.7286544587787,-189.1222037895453,132.96031752598418,717.7286544587787,-278.23687706056063,45.30431369395801,728.2102537214315,-251.812654654235,71.2960124287224,0.9258814596854691,1.9168418522921492E-8
717.7286544587787,-189.1222037895453,132.96031752598418,717.7286544587787,-278.16795726330093,45.23430206710711,728.07833299303,-251.78585586083852,71.22539704001,0.9304117645808986,5.534004702894151E-8
717.7286544587787,-189.1222037895453,132.96031752598418,717.7286544587787,-278.1116192177743,45.17715318485287,727.9678336473111,-251.76513657326245,71.16650938709955,0.9342806181155813,3.6967318786030076E-8
717.7286544587787,-189.1222037895453,132.96031752598418,717.7286544587787,-278.1091834125192,45.174683977091775,727.9643719819378,-251.76389151699968,71.16430796340359,0.9343901080484668,6.954844237478115E-11
717.7286544587787,-189.1222037895453,132.96031752598418,717.7286544587787,-278.1011137165122,45.16650459928236,727.9503288666949,-251.76020146874814,71.15658611519441,0.9348424064676883,7.617281040213681E-10
717.7286544587787,-189.1222037895453,132.96031752598418,717.7286544587787,-278.09850510071215,45.16386084927966,727.9457202122792,-251.7591072143091,71.1539927309905,0.934999294738668,7.948807071100078E-11
717.7286544587787,-189.1222037895453,132.96031752598418,717.7286544587787,-278.0974162637144,45.16275739373191,727.944386154037,-251.75846373930736,71.15309451996828,0.9350359702414801,1.393843896778464E-11
717.7286544587787,-189.1222037895453,132.96031752598418,717.7286544587787,-278.09638547497565,45.16171279101117,727.9429436673269,-251.7578930709737,71.15220621380968,0.9350777149686424,1.2474239295294043E-11
717.7286544587787,-189.1222037895453,132.96031752598418,717.7286544587787,-278.008786618351,45.07302952016467,727.9148758297947,-251.74764075172058,71.03893817241422,0.9405221029389035,8.890217314538226E-8
717.7286544587787,-189.1222037895453,132.96031752598418,717.7286544587787,-277.83649338629994,44.89911823058989,728.2094217036879,-251.76991824858254,70.77379838172163,0.9487300556496248,4.818398089728681E-7
717.7286544587787,-189.1222037895453,132.96031752598418,717.7286544587787,-277.83265279994504,44.89524932994365,728.2226253838918,-251.89968320260567,70.63955297841017,0.9614086569503154,4.108405395524286E-7
