10.048681840647873,141.28906813065828,330.4699480704972,240.70392451183466,1368.8798307759746,1324.2327473272233,1.0,
9.981213476002608,141.29466999963176,330.4699480704972,0.6746836464526496,0.0560186897348558,0.4973054252110387,3.521986012041975E-7,
9.983376583024437,141.2969172524481,330.4699480704972,0.021631070218290915,0.022472528163461902,0.09114322028693778,1.2348648125723678E-8,
9.983923265064277,141.31189616981538,330.4699480704972,0.005466820398396521,0.1497891736727297,0.40763896063936045,2.6786629591502585E-7,
9.770229545704638,141.45416217822094,330.4699480704972,2.1369371935963954,1.4226600840555648,6.105120170668101,5.692135515689294E-5,
9.890896867619517,140.84900699979943,330.4699480704972,1.2066732191487972,6.051551784215121,8.09251405463101,1.454864135089639E-4,
8.893019280465865,139.74927690972692,330.4699480704972,9.978775871536527,10.997300900725122,5.879931413348629,1.4229560555353445E-4,
7.289638843024704,137.08358378205156,330.4699480704972,16.033804374411602,26.65693127675354,26.402783293606262,0.002055219795505146,
4.78550908207751,133.45237158891052,330.4699480704972,25.04129760947194,36.31212193141039,49.624428371867,0.007101955491114507,
2.5563679115745117,128.2631778479028,330.4699480704972,22.291411705029986,51.891937410077276,70.03948236138143,0.01683536448368051,
0.5385658793414905,122.41800673777988,330.4699480704972,20.178020322330212,58.45171110122919,81.86245987935166,0.024988017578598396,
1.141210848312312,116.2235823122328,330.4699480704972,16.797767276538025,61.944244255470835,87.18807855291658,0.02977551181199536,
2.5367370399792435,109.84860136382633,330.4699480704972,13.955261916669315,63.7498094840646,87.6405002716902,0.03050017954020729,
3.6816848186172138,103.15772480919054,330.4699480704972,11.449477786379703,66.90876554635793,86.7756487316737,0.030058454407813677,
4.722687510134051,96.31616635109259,330.4699480704972,10.410026915168373,68.4155845809795,85.55289762266369,0.028829453480758712,
5.509311177549421,89.30684265129639,330.4699480704972,7.866236674153697,70.09323699796198,83.67141965720378,0.026941861665672164,
6.228402358063249,81.69268196901754,330.4699480704972,7.190911805138285,76.1416068227885,86.57069250644895,0.028743519575114524,
6.567667801791117,74.30289593368144,330.4699480704972,3.3926544372786793,73.89786035336101,79.88321991599094,0.022738726285490427,
6.809442809997108,66.79123175839067,330.4699480704972,2.4177500820599107,75.11664175290775,78.53201438261891,0.020930728340510428,
6.809300213849269,59.24560560427176,330.4699480704972,0.0014259614783895813,75.45626154118906,77.0956741031813,0.019063282195570377,
6.774280660977297,51.55717273267507,330.4699480704972,0.35019552871972337,76.88432871596689,75.93122562062518,0.01735768772511713,
6.645617351728561,43.72735043905203,330.4699480704972,1.2866330924873637,78.29822293623039,75.13686573091263,0.015846181395462473,
6.335045111217596,35.79232288971673,330.4699480704972,3.1057224051096455,79.35027549335302,72.67867195170197,0.013542763813671423,
6.004905461703402,27.82916948934428,330.4699480704972,3.301396495141944,79.63153400372448,71.17770126915786,0.01188472556931497,
5.7928736595140435,20.133493858684602,330.4699480704972,2.1203180218935813,76.95675630659679,66.00141909837191,0.009217760197728351,
5.720323311321636,13.58063946636591,330.4699480704972,0.7255034819240791,65.52854392318693,53.66639873978556,0.00558492734027697,
5.823350222450699,8.955711813179477,330.4699480704972,1.030269111290636,46.249276531864325,36.33431528780875,0.0024308664288345463,
6.033411651952974,6.060193768915468,330.4699480704972,2.1006142950227513,28.955180442640085,17.511913581029148,5.239818523579293E-4,
5.981095564051998,4.591404493093677,330.4699480704972,0.5231608790097653,14.687892758217913,0.10993802646112272,1.9010069721992903E-11,
5.8716985392781,3.978988211670668,330.4699480704972,1.09397024773898,6.12416281423009,5.447179822497787,5.22205032201547E-5,
5.720260249917828,3.601241045817744,330.4699480704972,1.5143828936027148,3.7774716585292367,4.836130810834902,4.121036236527069E-5,
5.682612388833945,3.3800059252183985,330.4699480704972,0.3764786108388307,2.212351205993457,2.830122740510319,1.390572383068952E-5,
5.655407886860985,3.2720573385741147,330.4699480704972,0.27204501972960315,1.0794858664428375,1.1255647781666767,2.1955768946285383E-6,
5.67320146614486,3.1931678462032096,330.4699480704972,0.1779357928387526,0.7888949237090515,0.3464392330698729,2.136075241113748E-7,
5.710299559391274,3.1026805141415537,330.4699480704972,0.37098093246413555,0.9048733206165593,0.2458124922998195,1.1315438710470454E-7,
5.745604873147158,3.0181578275958714,330.4699480704972,0.35305313755884526,0.8452268654568229,0.2312021498971717,1.0003530200535876E-7,
5.783873321879241,2.9274450658384126,330.4699480704972,0.38268448732083016,0.9071276175745879,0.25648697403653387,1.2249731035071344E-7,
5.822939656055723,2.8208521816868313,330.4699480704972,0.39066334176482087,1.065928841515813,0.389420358493453,2.742403477178703E-7,
5.854163256430638,2.729962817302095,330.4699480704972,0.31223600374914895,0.9088936438473638,0.35736954849937774,2.2936688612554055E-7,
5.865059343363214,2.695924691006013,330.4699480704972,0.108960869325756,0.3403812629608183,0.13299079099908795,3.180392779617158E-8,
5.869656259762905,2.6761353077274634,330.4699480704972,0.045969163996915086,0.19789383278549622,0.09963000764287244,1.749088154239611E-8,
5.873622289720743,2.661718756139095,330.4699480704972,0.03966029957837236,0.1441655158836852,0.05620481345204098,5.662649654231866E-9,
5.879728940915925,2.6399115482376203,330.4699480704972,0.06106651195182167,0.21807207901474612,0.09639045929588974,1.65283637040963E-8,
5.884243385384025,2.6246596866799905,330.4699480704972,0.045144444681000095,0.1525186155762981,0.06557355692734745,7.671694951747644E-9,
5.883659964536264,2.6249493844916003,330.4699480704972,0.005834208477608627,0.0028969781160981256,0.005515486258218516,5.350331032479997E-11,
5.882869061161728,2.6259310392531177,330.4699480704972,0.007909033745363558,0.009816547615173477,0.0035500162960033776,2.386802210986972E-11,
5.881888583949944,2.627288812372967,330.4699480704972,0.009804772117831817,0.013577731198495258,0.008487642633099313,1.2925375635591932E-10,
5.9027203182781705,2.4164580953395784,330.4699480704972,0.20831734328226048,2.1083071703338874,0.41939444304716744,3.1410301128588183E-7,
5.873843735788,2.2481520948934985,330.4699480704972,0.2887658249017022,1.683060004460799,0.6499082883306073,7.397070305685604E-7,
1.472350730517519,0.585061634117892,330.4699480704972,44.01493005270481,16.630904607756065,4.230698377747331,1.979273002755822E-6,
17.785821721920684,2.6759085313217668,330.4699480704972,192.58172452438203,20.908468972038747,0.872959664601467,0.002385144556968674,
38.11959502196851,11.956663666863733,330.4699480704972,203.33773300047824,92.80755135541966,8.61097004406929,0.0019132640580668055,
54.50598125157671,20.640658243309815,330.4699480704972,163.86386229608206,86.83994576446082,5.80208111629986,2.6918132629688666E-4,
70.51642673385925,25.888041014764923,330.4699480704972,160.10445482282535,52.47382771455108,12.843050781185639,1.0223608735380042E-4,
77.21309211754851,26.875281381313414,330.4699480704972,66.96665383689265,9.87240366548491,25.585566673722724,0.002396960972807235,
74.67768195376368,25.556666730596532,330.4699480704972,25.354101637848316,13.186146507168814,29.586954600551394,0.0023634919638070555,
69.60714104213548,22.448124557806977,330.4699480704972,50.705409116282,31.08542172789555,30.978561572554213,0.002982382767663705,
59.99748331194428,18.164578255209193,330.4699480704972,96.09657730191202,42.835463025977845,26.083223357580323,0.0016168597203810072,
42.15409837205334,8.790777193147477,330.4699480704972,178.4338493989094,93.73801062061716,43.57009763114888,3.4077159676756964E-5,
27.51750768767897,1.7915298841201945,330.4699480704972,146.3659068437437,69.99247309027282,37.51120918346828,1.1799708919712498E-4,
13.428612521141645,3.4703462678916708,330.4699480704972,140.88895166537327,52.61876152011865,29.244523914337037,7.082741673896162E-11,
0.40914283173185595,8.028004748918676,330.4699480704972,130.1946968940979,45.57658481027005,23.177258407902173,4.2648822530606874E-5,
11.036051041890687,12.336604827565992,330.4699480704972,114.45193873622543,43.086000786473164,15.050571262810877,1.0141263930624643E-5,
21.57487491093002,14.687160789980624,330.4699480704972,105.38823869039334,23.505559624146315,8.076245681700698,4.938504190325987E-6,
30.204902321255986,15.234777548422727,330.4699480704972,86.30027410325965,5.4761675844210345,3.198291639789659,1.4321954648747455E-10,
38.48455520232403,15.620895154254868,330.4699480704972,82.79652881068046,3.861176058321405,2.789996733579869,8.106940008691928E-6,
43.5933988675057,16.37008066872815,330.4699480704972,51.088436651816664,7.491855144732824,3.479017204751358,7.331933655812839E-5,
40.324015248874844,14.107463057766665,330.4699480704972,32.693836186308545,22.626176109614846,6.88743683157611,1.5597015734052994E-4,
31.169393421883,8.406086327028277,330.4699480704972,91.54621826991843,57.01376730738389,41.48900704382072,0.0022137922503282733,
25.683279215367406,3.00314191890169,330.4699480704972,54.861142065155946,54.029444081265865,52.80165043986642,0.0051788721603918345,
23.477364310802955,0.5346404698229605,330.4699480704972,22.059149045644517,24.685014490787296,34.44760123562105,0.0024487473209991646,
23.853323288333854,1.1038637643769391,330.4699480704972,3.7595897753089957,5.692232945539786,6.19077511767955,7.121110646529142E-5,
23.804815512878122,1.191477352380332,330.4699480704972,0.4850777545573237,0.8761358800339281,7.064382058254068,8.764537258230823E-5,
17.58765065334137,1.748225695844667,330.4699480704972,62.171648595367515,5.56748343464335,25.542822319930565,0.0010007794119426465,
5.2237643060517485,0.7930483758235312,330.4699480704972,228.1141495939312,9.551773200211358,37.823390531718815,0.001902915569455946,
27.169359887958876,7.757556153991175,330.4699480704972,219.45595581907128,85.50604529814706,21.283411635686207,0.0021879499084487878,
44.891204215613584,15.565936834388395,330.4699480704972,177.21844327654708,78.08380680397221,10.21815319818188,4.928893441440127E-4,
59.959080916539506,20.315836036366306,330.4699480704972,150.67876700925922,47.49899201977911,1.7602288290146362,4.9246581566701415E-5,
71.85854060157203,22.56131598030015,330.4699480704972,118.99459685032525,22.454799439338444,13.815261560200156,6.334107627869401E-4,
80.18897252391992,23.719091351755054,330.4699480704972,83.30431922347884,11.577753714549033,22.152301680768005,0.002014207927405772,
80.23188532370307,23.500401505974196,330.4699480704972,0.4291279978315288,2.1868984578085815,18.15956704501616,5.596511318721787E-4,
60.93228794943093,20.969256775978863,330.4699480704972,192.9959737427214,25.31144729995333,16.199683895408157,2.820413993117152E-5,
39.916689000447036,14.001852384688164,330.4699480704972,210.15598948983893,69.674043912907,19.847918640754187,9.21393334223544E-4,
27.62105212819779,7.14885595547986,330.4699480704972,122.95636872249247,68.52996429208304,18.467031429280496,1.1971556763927723E-7,
21.184268402980138,3.2171690260849175,330.4699480704972,64.36783725217651,39.31686929394942,15.820900778323903,2.3858313523114448E-4,
16.798946810921393,1.1800912785169544,330.4699480704972,43.853215920587445,20.37077747567963,10.078171884513267,1.3692493764234072E-4,
12.235380549499041,0.48128480136722374,330.4699480704972,45.63566261422352,16.61376079884178,6.103880128035826,3.0639822935680953E-5,
1.4991861128056598,3.330567654520081,330.4699480704972,107.36194436693381,28.492828531528573,36.39916112514868,5.356905342978977E-4,
15.941927442349652,9.776671051716932,330.4699480704972,174.41113555155312,64.4610339719685,67.74161027910793,7.075540259614947E-4,
34.724347036754125,17.06753809573513,330.4699480704972,187.82419594404473,72.908670440182,73.78708987498953,0.0016344462491981555,
51.740838044811994,22.906300001905805,330.4699480704972,170.1649100805787,58.387619061706744,63.95978505408834,0.0036636497671242796,
65.93398526795511,27.90940678146393,330.4699480704972,141.93147223143114,50.03106779558124,51.83887749186056,0.005145602675470231,
82.05091433302891,31.43457073636887,330.4699480704972,161.16929065073805,35.2516395490494,28.590514210775382,0.0016805078009960778,
94.2968330457876,33.97791972973246,330.4699480704972,122.4591871275868,25.43348993363594,25.86115289231458,0.003030403819969075,
100.60250261692613,34.503330827002316,330.4699480704972,63.05669571138537,5.254110972698527,37.579097164252744,0.005305052641021768,
105.21313257341217,33.398123597600375,330.4699480704972,46.106299564860365,11.05207229401941,26.891328008759956,0.0028069704985163608,
110.08474914291946,32.42539614018861,330.4699480704972,48.71616569507296,9.727274574117644,15.367086215630934,0.001390794941987647,
101.41082067554282,30.03335781469528,330.4699480704972,86.7392846737664,23.920383254933313,5.810124037813296,8.362992834328258E-4,
76.40525521291124,18.63194278390324,330.4699480704972,250.0556546263158,114.01415030792037,72.14312895360308,3.4676794404865484E-4,
64.11624840904267,9.717377325010574,330.4699480704972,122.89006803868574,89.14565458892667,76.57729718123107,0.010240720347697786,
56.32445815000051,2.711473482384349,330.4699480704972,77.91790259042159,70.05903842626225,67.64500925882203,0.009863369513249948,
50.961906022071275,1.8693048327758959,330.4699480704972,53.62552127929234,45.80778315160245,52.40562709700555,0.006473967313313799,
44.448093676347185,4.371967740428943,330.4699480704972,65.13812345724091,25.02662907653047,40.473619209275284,0.0038153657622633157,
20.960917036365572,6.161019938129641,330.4699480704972,234.87176639981612,17.890521977006983,44.361098029860955,9.89556231090633E-4,
14.28321604441544,12.260243625463886,330.4699480704972,352.4413308078101,60.99223687334245,44.19361197641592,1.0,
42.425975473911194,21.63341350162696,330.4699480704972,281.42759429495754,93.73169876163075,17.479959002749865,0.005062952647108486,
68.0256632786062,28.72203538039048,330.4699480704972,255.9968780469501,70.88621878763519,0.3103264206077938,0.0023931604137132066,
89.23309976840835,33.66825816705801,330.4699480704972,212.07436489802149,49.462227866675335,12.473932427791397,1.1441339713647528E-5,
106.70324778117538,37.37761493111563,330.4699480704972,174.70148012767027,37.09356764057617,20.95943754602274,0.0019180350906480399,
119.50810291004234,40.22783932031035,330.4699480704972,128.04855128866961,28.502243891947217,31.54682335248765,0.006076674262314331,
131.5337934303625,41.58910662166997,330.4699480704972,120.25690520320154,13.61267301359618,34.78250127562944,0.007707548643347618,
141.80775000869733,42.51625751642359,330.4699480704972,102.73956578334833,9.271508947536233,39.02825454939148,0.009190100741398017,
144.23376586649442,43.16423007218856,330.4699480704972,24.26015857797097,6.479725557649658,39.53613304632938,0.00392538935945936,
133.69963147852673,41.862715706948876,330.4699480704972,105.34134387967697,13.01514365239683,30.15787963695118,0.006254191281031167,
117.01867603019855,37.344787290940644,330.4699480704972,166.80955448328177,45.17928416008232,5.16662139601749,9.261064793855732E-4,
96.38037526035248,31.305564411074187,330.4699480704972,206.3830076984607,60.392228798664576,18.2641271078478,2.97105147668983E-4,
72.57496831431229,24.96404143657722,330.4699480704972,238.05406946040193,63.41522974496968,38.72995112228864,4.465027595813579E-6,
49.70331839656262,18.841189295715793,330.4699480704972,228.71649917749664,61.228521408614256,55.353849713613386,2.3737638740645353E-5,
29.735101110525875,12.752048628305602,330.4699480704972,199.68217286036747,60.891406674101916,59.20990214295216,1.222292050547589E-4,
9.15074865166298,6.300460470771071,330.4699480704972,205.84352458862895,64.5158815753453,49.583242133105045,4.469327961766412E-4,
16.876484110814886,1.9920518105722635,330.4699480704972,260.27232762477865,82.92512281343335,29.119362709806182,0.004928735033926799,
48.191676403812494,14.502564805698285,330.4699480704972,313.1519229299761,125.10512995126021,13.736525285482912,1.0,
80.9740175616281,27.97322922969329,330.4699480704972,327.8234115781561,134.70664423995004,63.51928814916221,1.0,
105.07506546051354,41.95042684228369,330.4699480704972,241.0104789888544,139.77197612590402,125.773898284898,0.018893320397288468,
122.04785328568369,52.93707575155361,330.4699480704972,169.72787825170144,109.86648909269917,180.95789658690563,0.236188500675005,
131.27853097197453,56.098751184287266,330.4699480704972,92.30677686290846,31.616754327336594,184.37087570774423,0.33481916054059235,
131.0794384801087,52.525261462107466,330.4699480704972,1.9909249186582656,35.73489722179801,153.4516200541023,0.07418656533643304,
117.88349886035769,45.08474727052308,330.4699480704972,131.95939619751016,74.40514191584384,96.57094049116722,0.04555082630278523,
82.17214523088285,32.53525289167251,330.4699480704972,357.1135362947484,125.49494378850568,13.581739988731272,1.0,
38.633081540798116,14.014070367350712,330.4699480704972,435.3906369008473,185.21182524321802,130.67919680050267,1.0,
1.8073945711729493,3.315936436476477,330.4699480704972,368.25686969625167,173.3000680382719,180.100914506788,1.0,
29.25531068568762,17.47951085607562,330.4699480704972,310.6270525686057,141.63574419599144,180.3999129084076,1.0,
58.51129654751912,30.432952852415468,330.4699480704972,292.55985861831505,129.53441996339848,173.63976152169244,1.0,
85.02272307852274,40.389588430371475,330.4699480704972,265.1142653100362,99.56635577956007,135.31208940054,0.012701336447856993,
116.12871197490324,47.37995292928639,330.4699480704972,311.05988896380495,69.90364498914914,113.40957585048557,0.007945688099601568,
149.72358321689262,52.53493620942223,330.4699480704972,335.9487124198938,51.54983280135838,73.74939770770197,0.0044626067340213784,
177.44982120045142,57.760275278126386,330.4699480704972,277.26237983558804,52.25339068704159,0.00904764159088245,0.0018097009820167219,
189.55921150534937,59.576083272615705,330.4699480704972,121.09390304897943,18.15807994489319,104.23632517684439,0.06765393900903108,
175.45954296623006,51.403461491186306,330.4699480704972,140.99668539119307,81.72621781429399,232.52692433373227,1.0,
130.15776519491726,34.714122724462584,330.4699480704972,453.017777713128,166.89338766723722,306.63605534227713,1.0,
66.09988235412243,14.696334605864934,330.4699480704972,640.5788284079483,200.1778811859765,251.5053370984188,1.0,
1.9928057248145024,8.605861878487616,330.4699480704972,680.9268807893693,233.0219648435255,129.68845812245036,1.0,
67.19223500275848,31.086754884330816,330.4699480704972,651.9942927794398,224.808930058432,10.376519175314343,1.0,
117.3069617041275,50.67345172586164,330.4699480704972,501.1472670136902,195.86696841530824,24.80790295469177,1.0,
141.92745189931134,61.25061451525869,330.4699480704972,246.20490195183834,105.7716278939705,42.233004887749814,0.005812557224481699,
141.30997483508918,61.694799790544494,330.4699480704972,6.174770642221574,4.44185275285804,99.88076643590375,0.02051025688270226,
107.4378904619399,52.285111626380996,330.4699480704972,338.7208437314928,94.09688164163498,103.49912723777976,1.0,
47.04593918010994,35.10981200193271,330.4699480704972,603.9195128182996,171.75299624448286,24.252687481824466,1.0,
8.051697149980441,17.298536734406127,330.4699480704972,550.9763633009038,178.11275267526582,166.77637267454372,1.0,
48.14317150591455,3.3534999624242516,330.4699480704972,400.9147435593411,139.45036771981876,201.5189709236313,1.0,
83.71906313790828,7.834910779769416,330.4699480704972,355.75891631993727,111.88410742193668,200.3285657322857,1.0,
115.46616563103441,19.197286871721076,330.4699480704972,317.47102493126135,113.6237609195166,154.49436572567748,1.0,
152.47996699287478,27.584541336657367,330.4699480704972,370.13801361840365,83.87254464936291,134.31672863549466,1.0,
185.21830839082133,36.281729107865516,330.4699480704972,327.38341397946556,86.9718777120815,1.8740614545276912,5.053511866005517E-4,
186.49129338198463,41.373588719319855,330.4699480704972,12.729849911632982,50.91859611454339,300.2474297014885,0.24761238282764994,
146.03984594696556,29.909115639484213,330.4699480704972,404.51447435019077,114.64473079835642,457.39223121857833,1.0,
80.49572070229306,13.85329347092403,330.4699480704972,655.441252446725,160.55822168560184,298.5637028519548,1.0,
16.268283776606154,3.7407020195079212,330.4699480704972,642.274369256869,101.12591451416108,27.883062712753315,1.0,
33.85094364030476,0.1889326478218436,330.4699480704972,501.19227416910917,39.29634667329765,183.2519728404651,1.0,
81.75800132469283,3.4847465195081497,330.4699480704972,479.07057684388064,36.73679167329993,371.6638014873348,1.0,
110.6114026903964,8.416849799237724,330.4699480704972,288.53401365703576,49.32103279729574,445.6255936767451,1.0,
109.84120587175903,6.133471112080855,330.4699480704972,7.701968186373733,22.83378687156869,325.4105361358796,1.0,
98.19463326841935,9.936600363473218,330.4699480704972,116.46572603339678,160.70071475554073,17.495117168247702,1.3493102869842764E-5,
78.23498317737767,38.60667699827522,330.4699480704972,199.5965009104168,286.70076634802,483.06251407222874,1.0,
70.13207580994037,56.455610314284456,330.4699480704972,81.02907367437297,178.48933316009237,772.1493753925347,1.0,
49.37941169158705,58.88407209268394,330.4699480704972,207.52664118353323,24.284617783994804,685.4902363399062,1.0,
80.96918942817308,21.122577840138746,330.4699480704972,315.8977773658603,377.6149425254519,231.43271156422685,1.0,
125.29533274484822,10.428097571124738,330.4699480704972,443.26143316675143,315.50675411263484,639.9567154720844,1.0,
139.17832191770856,27.95795399522129,330.4699480704972,138.82989172860334,175.2985642409655,902.8058951435582,1.0,
129.12012272734876,30.547912283119672,330.4699480704972,100.58199190359801,25.899582878983836,656.6984536750906,1.0,
109.96330321908965,21.7027774000355,330.4699480704972,191.56819508259105,88.45134883084171,87.7852050953004,0.018672772090354853,
91.46296953929698,4.868156484589974,330.4699480704972,185.00333679792675,168.34620915445527,304.60980818842586,1.0,
86.00625372950492,15.379143276447166,330.4699480704972,54.56715809792058,202.4729976103714,702.5321468221489,1.0,
85.47182449552793,36.02857493265188,330.4699480704972,5.344292339769936,206.49431656204712,835.7573790048275,1.0,
72.54789801943946,52.051752217866294,330.4699480704972,129.23926476088468,160.23177285214416,931.691995428894,1.0,
97.46066393632725,30.392163386723496,330.4699480704972,249.12765916887793,216.59588831142798,183.84580606271783,1.0,
152.96424391796597,5.395760975170589,330.4699480704972,555.0357998163872,357.87924361894085,648.585513409952,1.0,
173.78179056566535,28.595443802147003,330.4699480704972,208.17546647699373,231.99682826976414,976.8249784401849,1.0,
156.8541617157773,37.47176041256691,330.4699480704972,169.27628849888038,88.76316610419906,883.7249632019527,1.0,
128.79509985658876,37.04631494401431,330.4699480704972,280.59061859188546,4.254454685525957,530.4518466697942,1.0,
110.98807189518038,34.96020895827667,330.4699480704972,178.0702796140838,20.86105985737646,196.16784055333255,0.32176852788374316,
92.67775213802463,29.503914769157063,330.4699480704972,183.10319757155753,54.56294189119603,50.38389767538263,0.005074744114054829,
78.73181303752267,14.572880645485128,330.4699480704972,139.4593910050196,149.31034123671935,226.10854488687266,0.142049737321173,
83.02521340184819,16.400608849880967,330.4699480704972,42.93400364325521,309.73489495366096,774.3694664792108,1.0,
94.77620197413466,54.73851546375565,330.4699480704972,117.50988572286474,383.3790661387468,1044.0795800244384,1.0,
51.98827367592776,63.142037045988275,330.4699480704972,427.87928298206907,84.03521582232628,877.8266718401602,1.0,
49.49745681525974,30.504833867802432,330.4699480704972,24.908168606680192,326.3720317818584,346.9389301613697,1.0,
56.247011732235364,12.347819032120299,330.4699480704972,67.49554916975626,181.57014835682133,534.0751311359833,1.0,
62.0522785515451,0.5277270007574941,330.4699480704972,58.05266819309736,118.20092031362805,435.03464010532724,1.0,
64.83594819172231,6.335532135660316,330.4699480704972,27.836696401772087,68.6325913641781,315.38694933146417,1.0,
65.31499681954756,9.07540702588119,330.4699480704972,4.7904862782525015,27.39874890220875,156.64388950768995,0.12405098492867564,
63.79638629277906,10.417815947605447,330.4699480704972,15.18610526768498,13.424089217242567,126.38035270975195,0.0671984629293327,
61.134987773491844,10.829305557156175,330.4699480704972,26.61398519287218,4.114896095507277,99.62272341744551,0.035556605821930466,
57.827440728874876,10.593199918189612,330.4699480704972,33.075470446169675,2.3610563896656345,78.56026521830614,0.01944459143878502,
54.13822083028617,10.472103004945012,330.4699480704972,36.892198985887035,1.210969132445996,63.28844452027681,0.011536822917740684,
50.46460357819342,10.608976539509712,330.4699480704972,36.73617252092754,1.3687353456469964,51.29464348800525,0.007053272396376507,
46.46624711268419,10.402202909270244,330.4699480704972,39.98356465509232,2.067736302394678,42.077678651721726,0.004525239132226107,
43.019416638798816,9.207320930427244,330.4699480704972,34.4683047388537,11.94881978843,34.640205733517746,0.002936003878603779,
39.4036606500606,6.888120452892821,330.4699480704972,36.15755988738215,23.19200477534423,31.035915925943414,0.0022222442618420658,
49.10088951506532,18.618910551272023,330.4699480704972,96.97228865004718,117.30790098379202,137.34546131901766,0.047139271210406467,
55.745657971978744,30.351772401345784,330.4699480704972,66.44768456913425,117.3286185007376,258.56866218356004,0.7118400311292256,
53.256804665980894,36.15582339981211,330.4699480704972,24.8885330599785,58.04050998466323,280.55542350517953,1.0,
44.99762095807807,34.6849016741175,330.4699480704972,82.59183707902821,14.70921725694609,156.57815883618014,0.13998340833129624,
48.37362185044833,12.214241617372949,330.4699480704972,33.76000892370257,224.7066005674455,391.8151646503361,1.0,
72.98251473237963,38.79861517387289,330.4699480704972,246.08892881931297,510.1285679124584,1071.4090780304548,1.0,
58.87740894591764,75.2090990497272,330.4699480704972,141.0510578646199,364.1048387585431,1126.6654401734418,1.0,
26.805701061778336,53.57415106726552,330.4699480704972,320.717078841393,216.34947982461682,512.2742947389872,1.0,
35.61277393773594,22.581350520810815,330.4699480704972,88.07072875957601,309.928005464547,432.1613305492585,1.0,
48.88482568532129,5.770286449999958,330.4699480704972,132.7205174758535,168.11064070810858,514.6171048398145,1.0,
58.3923126689192,4.481441215578002,330.4699480704972,95.07486983597914,102.5172766557796,411.55798602406435,1.0,
63.45757861647087,9.400470085251726,330.4699480704972,50.65265947551666,49.19028869673724,291.51299303492124,1.0,
63.54438538051488,10.733621194273695,330.4699480704972,0.8680676404401311,13.331511090219692,148.66881739388418,0.10351144056395764,
61.72427256286244,11.114709469683675,330.4699480704972,18.201128176524435,3.8108827540997936,121.33305489041305,0.060454743410535756,
58.96758542568455,10.977324274341441,330.4699480704972,27.566871371778916,1.3738519534223315,94.72791470824205,0.031042680290464843,
55.923024279090896,10.525120243095586,330.4699480704972,30.44561146593651,4.522040312458557,72.97552640507803,0.01605115608583784,
52.079370498140406,10.186821543068731,330.4699480704972,38.4365378095049,3.3829870002685425,58.20734873025174,0.009499391121743682,
48.376402129021244,8.683326825216938,330.4699480704972,37.02968369119162,15.034947178517939,52.806055860269794,0.0074911622294840715,
36.803399666453856,9.084460257712578,330.4699480704972,115.73002462567388,4.011334324956408,110.92541292624617,0.03324628102721865,
30.472096825710082,26.27565948141833,330.4699480704972,63.31302840743774,171.91199223705752,246.96394060239413,0.16442622896142656,
31.542321903727384,45.529686485121516,330.4699480704972,10.702250780173017,192.54027003703186,345.69783546454516,1.0,
29.66888516841948,58.32567027115118,330.4699480704972,18.73436735307905,127.95983786029666,389.74696839607134,1.0,
17.87277996054081,51.667169154713605,330.4699480704972,117.96105207878668,66.58501116437577,154.6223048460638,0.0778379540857879,
1.6093239082360924,23.311509582007403,330.4699480704972,162.63456052304718,283.556595727062,280.9771578391485,1.0,
13.738471111392641,26.689242926835504,330.4699480704972,121.29147203156549,500.0075250884291,958.8883595779782,1.0,
44.46122699029377,77.70187915297161,330.4699480704972,307.22755878901125,510.1263622613611,1276.287315262816,1.0,
15.893357360657319,86.4936406816168,330.4699480704972,285.6786962963645,87.91761528645182,951.224861062834,1.0,
19.098657778934808,41.967781145318355,330.4699480704972,32.053004182774885,445.2585953629844,174.4388697379864,1.0,
36.41172994339058,17.959662003670246,330.4699480704972,173.13072164455775,240.0811914164811,527.1924240359562,1.0,
50.621859049918385,3.2395785392090772,330.4699480704972,142.10129106527802,147.2008346446117,450.1740844784206,1.0,
59.845163450928794,4.847847750659469,330.4699480704972,92.2330440101041,80.87426289868546,349.8416873775207,1.0,
62.75176402987245,7.6863144609527865,330.4699480704972,29.06600578943653,28.38466710293318,175.95867544360232,0.2261509803416801,
62.97856415945307,9.158748515478322,330.4699480704972,2.2680012958062434,14.724340545255359,145.61459588031113,0.0976031959952737,
61.41667030333531,9.848444806491813,330.4699480704972,15.618938561177629,6.896962910134903,117.38716716562749,0.05410732481664691,
58.80818916512226,9.968179998311655,330.4699480704972,26.08481138213051,1.1973519181984216,91.23922699425549,0.02791371997138939,
55.74080494101281,9.787926326748561,330.4699480704972,30.673842241094462,1.8025367156309358,72.32708909389515,0.015674254417017794,
53.09849560171631,9.287728125629428,330.4699480704972,26.42309339296503,5.0019820111913305,59.391232716562286,0.009641620096826868,
47.166547593774794,7.130390849115912,330.4699480704972,59.31948007941514,21.57337276513516,50.49515623581328,0.006622835803753851,
2.5424338518632794,4.266138778080148,330.4699480704972,446.24113741911515,28.642520710357644,73.21067641052139,1.0,
69.14793082232529,23.677924513407476,330.4699480704972,716.9036467418857,194.11785735327328,145.10308518416196,1.0,
114.76663122458115,55.73803562158571,330.4699480704972,456.18700402255854,320.60111108178234,48.88996376160321,1.0,
123.69986969445745,77.68508782768504,330.4699480704972,89.33238469876301,219.4705220609933,77.1569559497027,0.010231022105034146,
106.34635170681577,77.00244745341973,330.4699480704972,173.5351798764168,6.826403742653042,86.42791101951957,0.022988484887788686,
77.50149542849181,61.06450425158391,330.4699480704972,288.4485627832396,159.37943201835822,48.8792414079785,5.746392575831994E-4,
40.95865879928067,39.02526942708823,330.4699480704972,365.4283662921114,220.3923482449568,20.07417245835086,1.0,
6.438319495464043,11.688036978882224,330.4699480704972,473.96978294744713,273.3723244820601,5.054546582261423,1.0,
60.4237721365331,29.963649503132586,330.4699480704972,539.8545264106906,416.5168648201481,4.366667224559251,1.0,
110.60514375120306,74.33081229224837,330.4699480704972,501.81371614669956,443.6716278911578,13.748523959263252,1.0,
149.02387223524477,104.9454140129768,330.4699480704972,384.1872848404171,306.14601720728433,57.21154930839987,1.0,
163.9504700859993,110.64143203628176,330.4699480704972,149.26597850754547,56.960180233049584,116.18025140508621,0.10046269596487124,
166.9253597592334,95.78397247611144,330.4699480704972,29.74889673234088,148.57459560170312,113.05558792748627,0.03839478277717566,
151.72948307366107,70.78806974944263,330.4699480704972,151.9587668557233,249.95902726668817,76.43852996612793,0.006752290120545381,
126.03746555981388,44.258375896028696,330.4699480704972,256.9201751384719,265.2969385341393,20.60085502838234,1.0,
99.52608167327605,25.1177709230069,330.4699480704972,265.1138388653783,191.40604973021794,100.53273033282835,5.210400400148498E-4,
84.06929562626931,12.532364695305091,330.4699480704972,154.56786047006744,125.8540622770181,116.11750596118924,0.022675493269194588,
76.09001680846518,3.33573617581618,330.4699480704972,79.79278817804129,91.96628519488911,98.27450454324094,0.024385741421740645,
71.30353225904241,2.973845472494304,330.4699480704972,47.864845494227666,63.09581648310484,87.07345277294735,0.021565718594070776,
65.73237772468997,6.928526248600832,330.4699480704972,55.71154534352445,39.54680776106528,131.67665672604357,0.08266469464479417,
49.77749947972609,10.653815376468174,330.4699480704972,159.5487824496388,37.25289127867342,225.44552268182883,0.2505538567654027,
17.780418438303286,13.166561640688258,330.4699480704972,319.970810414228,25.12746264220084,270.9242275590634,1.0,
13.934220141166406,15.309734603227838,330.4699480704972,317.1463857946969,21.431729625395803,199.39665632992273,1.0,
52.244831846248076,16.888018938616113,330.4699480704972,383.1061170508167,15.782843353882754,115.83772310211316,1.0,
90.0499997232057,22.306733751007215,330.4699480704972,378.05167876957626,54.187148123911015,4.331001174504081,1.0,
116.32188599913457,27.939440867479675,330.4699480704972,262.71886275928864,56.3270711647246,168.86775456444752,0.06574897759655825,
113.42761857297569,34.94081331770312,330.4699480704972,28.942674261588763,70.01372450223442,361.7837307259481,1.0,
86.39155288284417,32.15064937317581,330.4699480704972,270.3606569013152,27.901639445273076,411.34716295248154,1.0,
45.20899327400889,21.850418287067356,330.4699480704972,411.82559608835277,103.00231086108454,326.27592494628715,1.0,
2.412824032605158,9.983913611302256,330.4699480704972,476.2181730661405,118.665046757651,176.208787397876,1.0,
45.822107574900656,3.5957403818685236,330.4699480704972,434.092835422955,63.881732294337326,13.00495564796762,1.0,
79.06934501787032,1.9907441575087148,330.4699480704972,332.47237442969663,16.049962243598088,124.83282799697236,1.0,
98.61750801319647,2.995780601480675,330.4699480704972,195.48162995326152,10.050364439719601,194.2447663526184,0.2069415424402144,
92.22012621659815,5.210856734791776,330.4699480704972,63.973817965983244,22.150761333111006,188.70518695014198,0.33855598556080047,
60.28955225072821,10.482427521151465,330.4699480704972,319.3057396586994,52.71570786359689,172.46369612679416,1.0,
11.15207277477407,19.112089332339792,330.4699480704972,491.3747947595414,86.29661811188328,160.82149129717493,1.0,
36.984652654400406,28.918944787562253,330.4699480704972,481.36725429174476,98.06855455222461,115.9603539046185,1.0,
79.58598464537693,37.144953221816706,330.4699480704972,426.0133199097652,82.26008434254453,18.168683976624038,1.0,
115.64150142751396,40.74473925440759,330.4699480704972,360.55516782137033,35.997860325908846,126.50870185659073,1.0,
123.07190917131311,40.67648708296437,330.4699480704972,74.30407743799151,0.6825217144321982,257.345091521579,1.0,
90.87851475431864,35.16147471614042,330.4699480704972,321.93394416994465,55.15012366823953,310.6851547974131,1.0,
34.29949590223964,20.621468867902735,330.4699480704972,565.79018852079,145.40005848237683,216.1044515764516,1.0,
17.60787405331905,4.4088650007602155,330.4699480704972,519.0736995555869,162.1260386714252,69.19896260766393,1.0,
62.75004560607056,4.345408509074531,330.4699480704972,451.42171552751506,87.54273509834746,76.80791484576474,1.0,
89.60653378758866,5.973980601641671,330.4699480704972,268.564881815181,16.2857209256714,185.00498702873927,0.042927427475827874,
80.01876886212415,10.010568856617681,330.4699480704972,95.87764925464512,40.3658825497601,127.37149870946752,0.07797738197536666,
57.06564900350611,8.901811731796897,330.4699480704972,229.53119858618038,11.087571248207837,63.97522899182718,5.930768072233667E-4,
44.854143044725106,4.476823823525336,330.4699480704972,122.11505958781004,44.24987908271561,45.91776027006745,0.002689854949394312,
31.25265179016344,3.8326854498085083,330.4699480704972,136.01491254561665,6.44138373716828,53.69689831738981,0.002720613127064255,
5.339861128298594,9.970597252182728,330.4699480704972,259.12790661864847,61.379118023742194,18.534986252623753,0.006243225584040211,
31.77352652574143,8.582234086395715,330.4699480704972,371.13387654040025,13.883631657870126,25.0921667117143,1.0,
59.90632157256721,3.41950792531091,330.4699480704972,281.32795046825777,51.62726161084805,89.52706527297664,4.382082209646377E-5,
56.79141469108208,2.2647075016328415,330.4699480704972,31.149068814851262,56.842154269437515,187.2980388473644,0.24649408247603977,
23.475298975132546,0.817455987486511,330.4699480704972,333.16115715949536,14.472515141463305,203.331860288869,1.0,
25.282160766820652,9.639348871381003,330.4699480704972,487.574597419532,104.56804858867514,97.62543725851089,1.0,
73.8028205925483,17.095256782143792,330.4699480704972,485.2065982572765,74.5590791076279,92.06539658589946,1.0,
97.4593189970625,16.15085681296017,330.4699480704972,236.56498404514195,9.443999691836211,259.2592457831509,1.0,
90.66844280665589,14.451959154743008,330.4699480704972,67.90876190406607,16.98897658217163,337.9670418714835,1.0,
64.78908202910588,10.106791269843626,330.4699480704972,258.79360777550005,43.45167884899382,361.3777033666679,1.0,
43.79159226293859,5.0852582796785555,330.4699480704972,209.9748976616729,50.215329901650705,278.7630805958355,1.0,
27.864108086959163,5.691976299005887,330.4699480704972,159.2748417597943,6.067180193273316,159.86181563200603,0.05360604409128673,
14.586546753013636,4.101661823533533,330.4699480704972,132.77561333945528,15.903144754723542,62.84366268256463,0.0030964683613494996,
11.079904451971856,4.527446120976748,330.4699480704972,35.06642301041779,4.257842974432151,67.64760876909861,0.011757255371574432,
34.326315475364936,12.47192068703444,330.4699480704972,232.4641102339308,79.44474566057693,356.64962519795495,1.0,
89.25086346649505,29.293406254841273,330.4699480704972,549.2454799113011,168.21485567806832,756.348367292241,1.0,
120.10350373071617,45.58735271685748,330.4699480704972,308.5264026422112,162.93946462016208,826.282206761596,1.0,
114.8679558826168,49.84059118825215,330.4699480704972,52.355478480993725,42.53238471394667,519.8097441926166,1.0,
94.43975384237763,37.862739994939886,330.4699480704972,204.2820204023917,119.77851193312262,146.5747089622522,0.04735604267088886,
74.15499807017898,19.638706927319305,330.4699480704972,202.8475577219865,182.24033067620582,373.5425930532884,1.0,
58.34110285434565,5.276107710597955,330.4699480704972,158.13895215833327,143.6259921672135,411.9722838100475,1.0,
47.337464409490394,2.7232554292935447,330.4699480704972,110.03638444855255,79.993631398915,316.94700965933123,1.0,
41.83258005117932,5.655614356544476,330.4699480704972,55.04884358311074,29.32358927250931,157.84886118258726,0.15096994983841436,
37.23949831380048,7.545171919235713,330.4699480704972,45.930817373788386,18.895575626912375,116.72456140348487,0.05613003684183079,
33.628714333722996,8.545563661577404,330.4699480704972,36.107839800774855,10.003917423416908,91.13881635582231,0.027693163007518954,
30.44440038619632,9.351952832677682,330.4699480704972,31.843139475266753,8.063891711002782,68.84004329685808,0.013284733807679154,
27.83034058514204,10.038047346051599,330.4699480704972,26.140598010542817,6.860945133739165,54.22105979680396,0.0074175331992636494,
28.18735102461153,9.848015018048812,330.4699480704972,3.5701043946949085,1.9003232800278624,0.8583454603660812,2.3830810698813292E-6,
28.224113463612298,9.825241801184944,330.4699480704972,0.367624390007677,0.2277321686386813,8.575185814609085,1.2935456697072846E-4,
28.402087004611417,9.57659146580366,330.4699480704972,1.77973540999119,2.48650335381285,5.909765796745887,6.439623617518318E-5,
28.598074281569097,9.131565928198427,330.4699480704972,1.9598727695768048,4.450255376052326,15.278684700168128,4.398644317069861E-4,
28.317578904851075,9.113744869365036,330.4699480704972,2.8049537671802227,0.17821058833391135,12.507009152885189,2.907458172303844E-4,
27.490742308391873,9.01120312889421,330.4699480704972,8.268365964592022,1.0254174047082643,0.951613308112087,4.093437547713379E-6,
26.169664073712283,8.972168967084968,330.4699480704972,13.210782346795895,0.39034161809240686,16.692708531375615,5.6757566174069E-4,
24.864971376802146,9.286838944140868,330.4699480704972,13.046926969101378,3.146699770558996,32.94335395315272,0.0023530647827190387,
22.876012867366853,9.099240144243907,330.4699480704972,19.889585094352924,1.875987998969606,42.099708077351465,0.004063824023134469,
20.308258963710728,8.616138505581802,330.4699480704972,25.677539036561257,4.831016386621059,47.38687087483754,0.005288129790405155,
17.393432265532965,7.757657179680336,330.4699480704972,29.148266981777624,8.584813259014652,49.661611176187535,0.005804379582119211,
14.911401999261216,6.93618331598978,330.4699480704972,24.820302662717495,8.214738636905565,46.008327942010965,0.0048476873175227015,
13.23351026652631,6.3546085860516826,330.4699480704972,16.778917327349063,5.815747299380973,34.49737712380397,0.002539083563752303,
11.889239054963014,5.360618088547881,330.4699480704972,13.442712115632958,9.939904975038019,18.645233860831922,6.721001607163516E-4,
10.797544750450015,4.445298667281435,330.4699480704972,10.916943045129983,9.15319421266446,4.712691159131168,4.129290038037176E-5,
10.20771032485959,3.9330573886950333,330.4699480704972,5.898344255904249,5.1224127858640145,3.492905185466384,2.2799892935389976E-5,
9.3900966075513,4.738537945188369,330.739745125602,3.3918531974052257,1.9713688113611738,4.340684822790308,3.3989251212375164E-5,
9.26216170898806,4.640536593800505,330.739745125602,1.2793489856323959,0.9800135138786459,1.82090246741609,5.906514819704999E-6,
9.225914192414393,4.5983275552740395,330.739745125602,0.3624751657366687,0.4220903852646529,0.653291699534293,7.527021559255679E-7,
9.206950295760748,4.581074234926405,330.739745125602,0.18963896653644952,0.17253320347634826,0.32421265602920357,1.8485467863623804E-7,
9.185304578825708,4.573251611697998,330.739745125602,0.21645716935040582,0.07822623228406655,0.2403487369161894,1.0269996749663106E-7,
9.16067186927205,4.562033934210689,330.739745125602,0.2463270955365715,0.11217677487309174,0.3068661290291175,1.6674672530679283E-7,
9.146490326534376,4.555987210192399,330.739745125602,0.14181542737674135,0.06046724018290206,0.1643280925406998,4.794191206085033E-8,
9.138646780700924,4.550763325426317,330.739745125602,0.07843545833452481,0.0522388476608171,0.10607881727935364,1.990698005868566E-8,
9.12948757164645,4.547205922690495,330.739745125602,0.09159209054473649,0.03557402735822279,0.10233866476312414,1.8609311306389133E-8,
9.122669172014184,4.542542695909475,330.739745125602,0.06818399632265937,0.046632267810196026,0.09399733533541621,1.561842714868662E-8,
9.113833642162149,4.538346663575169,330.739745125602,0.08835529852035506,0.0419603233430621,0.10249945752775602,1.8663929713534892E-8,
9.106391065205798,4.534712855444695,330.739745125602,0.07442576956350422,0.03633808130473426,0.09542245804652794,1.609196184508612E-8,
9.101684540967312,4.532072802052596,330.739745125602,0.04706524238486054,0.02640053392099162,0.05887042632309658,6.141250677909522E-9,
9.100737300055357,4.529736323569523,330.739745125602,0.009472409119553049,0.023364784830732788,0.026136323199352773,1.1963772023904503E-9,
9.100144560411195,4.527659715862001,330.739745125602,0.005927396441620658,0.02076607707522271,0.01998421359189706,6.996524856619707E-10,
9.100311635198523,4.524345411160482,330.739745125602,0.0016707478732769232,0.03314304701518722,0.02322238351894157,9.430816720308405E-10,
9.100561027279696,4.521803037214852,330.739745125602,0.002493920811730277,0.02542373945630061,0.01493522802491043,3.9494598832582076E-10,
9.107006412713872,4.511838739197856,330.739745125602,0.06445385434176387,0.09964298016996054,0.01182357407571999,3.739283007994864E-10,
9.261312774059547,4.310623483779125,330.739745125602,1.5430636134567521,2.0121525541873098,0.036206326026331226,1.543188728053614E-8,
9.253664465919655,4.307703855558742,330.739745125602,0.07648308139891924,0.029196282203827195,0.0908414539514979,1.4613039876007665E-8,
9.25021273908385,4.307182614337108,330.739745125602,0.03451726835805857,0.005212412216337725,0.03339344499750041,1.986483232062691E-9,
9.248457287712313,4.307224154355936,330.739745125602,0.017554513715367648,4.154001882739067E-4,0.01741482816669304,5.376732147651118E-10,
9.246745423967695,4.307190998409851,330.739745125602,0.017118637446174034,3.315594608466199E-4,0.016491854067908207,4.829239501676945E-10,
9.245543069452083,4.306918536829585,330.739745125602,0.012023545156125692,0.002724615802662811,0.011616065949056065,2.4084195945577116E-10,
9.244400148483123,4.306927342726823,330.739745125602,0.011429209689595154,8.805897238062244E-5,0.010693773804746343,2.0332089410092616E-10,
9.24312392917227,4.3069177768917655,330.739745125602,0.012762193108528663,9.565835057401273E-5,0.012548882447731557,2.791920918687962E-10,
9.242145863029691,4.306620879715325,330.739745125602,0.009780661425793369,0.00296897176440325,0.010145186037675558,1.8326972680220068E-10,
9.240866275645203,4.306473179137811,330.739745125602,0.01279587384487968,0.0014770057751434251,0.012424714580561158,2.746537033296662E-10,
9.239685872839459,4.306395644371719,330.739745125602,0.011804028057440519,7.753476609195786E-4,0.011364079268787464,2.295771873968769E-10,
9.23864623477084,4.306218406629512,330.739745125602,0.010396380686188422,0.0017723774220712585,0.01052129194306417,1.967453468009532E-10,
9.237258109166419,4.3061040304529286,330.739745125602,0.013881256044214751,0.0011437617658316412,0.013201969432543592,3.101956736861361E-10,
9.236202449651046,4.305840909780102,330.739745125602,0.010556595153730086,0.0026312067282674434,0.009794848656383692,1.7177411796147906E-10,
9.23547799483481,4.305790707728136,330.739745125602,0.0072445481623617525,5.020205196615279E-4,0.0067147044558169,8.033670320346629E-11,
9.23464484466649,4.305724745065817,330.739745125602,0.008331501683187525,6.596266231895243E-4,0.008214938222863566,1.198414615513155E-10,
9.23413050757722,4.3056166883771425,330.739745125602,0.005143370892710664,0.0010805668867419627,0.005433158772234492,5.23854193017921E-11,
9.23309441982417,4.3052770590182945,330.739745125602,0.010360877530501966,0.003396293588480148,0.011264652803788522,2.2544552818276236E-10,
9.232173541469706,4.3051151132776795,330.739745125602,0.00920878354463639,0.0016194574061501044,0.009061820745159821,1.4620165851993997E-10,
9.23149616474609,4.304782784769941,330.739745125602,0.0067737672361545265,0.0033232850773856626,0.007528911984877595,1.0095389088498606E-10,
9.23061983708783,4.304647436329503,330.739745125602,0.008763276582612889,0.001353484404376104,0.008173339887207476,1.1925749445450064E-10,
9.229912077216682,4.304355475893402,330.739745125602,0.00707759871147573,0.002919604361011352,0.007406370755234093,9.787270846686142E-11,
9.229076963043667,4.3041278994621734,330.739745125602,0.008351141730145173,0.002275764312287265,0.009097037225274107,1.4682091384346973E-10,
9.228142453148621,4.3039778965950575,330.739745125602,0.009345098950461761,0.0015000286711597255,0.008842108368298796,1.394690935052547E-10,
9.22775191882181,4.303973618839592,330.739745125602,0.0039053432681157574,4.2777554654094274E-5,0.0038468842569727713,2.6233552000425812E-11,
9.227389874756682,4.3037339995698005,330.739745125602,0.003620440651275203,0.002396192697915467,0.0036099293691904677,2.346870992718609E-11,
9.227127501845303,4.303703157611238,330.739745125602,0.0026237291137931606,3.084195856217775E-4,0.003484802711568591,2.1264204209579944E-11,
9.227045600003294,4.303449060933673,330.739745125602,8.190184200884687E-4,0.0025409667756548515,0.001820453762775287,5.900456952899995E-12,
9.226814405450568,4.303456720583398,330.739745125602,0.002311945527253556,7.65964972515576E-5,0.0016352811530850886,4.84780762807273E-12,
9.226693070548208,4.303365893063841,330.739745125602,0.0012133490236010402,9.082751955702406E-4,0.0024893447164231475,1.0770019296163388E-11,
9.226616538483995,4.303316287437497,330.739745125602,7.653206421309733E-4,4.960562634437338E-4,0.0010608007210066717,1.9860659672887937E-12,
9.226573070478821,4.303041456119075,330.739745125602,4.346800517396332E-4,0.0027483131842132025,0.0019704704891410074,6.8272494087080664E-12,
9.223246037080003,4.311858444142331,330.7697915573922,0.004816268518652578,0.0010933244774946616,0.004310850309821035,3.332192041578656E-11,
9.222931594500778,4.311617888763465,330.7697915573922,0.003144425792243055,0.0024055537886624734,0.004597775133561299,3.7280099055203926E-11,
9.222678966271474,4.311674064574618,330.7697915573922,0.0025262822930471884,5.617581115302528E-4,0.0026050398548704834,1.2060167122821302E-11,
9.222445529550214,4.311510243791446,330.7697915573922,0.002334367212597499,0.0016382078317178639,0.0024927968263455114,1.114698966788549E-11,
9.222268211842675,4.311328177914817,330.7697915573922,0.0017731770753925957,0.0018206587662916718,0.0019678076341733686,6.979911492331309E-12,
9.222081096434408,4.311321821729905,330.7697915573922,0.0018711540826643613,6.356184911737728E-5,0.002324033051763763,9.46774066015368E-12,
9.221799518191006,4.311247115796931,330.7697915573922,0.0028157824340269144,7.470593297398409E-4,0.0017312203516439695,5.5469826913628E-12,
9.221548532921815,4.311199845482577,330.7697915573922,0.00250985269190096,4.727031435436402E-4,0.003558010216124785,2.2130133544782587E-11,
9.221114480513052,4.311004621976082,330.7697915573922,0.004340524087638187,0.0019522350649481268,0.004363722524658442,3.408506179411971E-11,
9.22068658226135,4.310799290105734,330.7697915573922,0.004278982517007535,0.0020533187034743605,0.004521176116440984,3.6500203585125164E-11,
9.22027551710164,4.3106673098751855,330.7697915573922,0.004110651597102333,0.0013198023054883379,0.005022528903282364,4.451676286104962E-11,
9.219912390239188,4.31071054274264,330.7697915573922,0.0036312686245310033,4.3232867454889856E-4,0.0031195574945286353,1.7442759394645143E-11,
9.219691473781722,4.3104958818091745,330.7697915573922,0.0022091645746513677,0.0021466093346589332,0.0031040018365047217,1.708935677586979E-11,
9.219398123887913,4.3103208136092235,330.7697915573922,0.002933498938091361,0.0017506819995105616,0.003430587105981431,2.094099698396119E-11,
9.219237653112486,4.310163134698541,330.7697915573922,0.00160470775426802,0.0015767891068207973,0.0028957768512327675,1.4691633061236645E-11,
9.218713265338124,4.30991969907015,330.7697915573922,0.0052438777436236705,0.00243435628391353,0.005578042291176644,5.551483986173915E-11,
9.218566694970036,4.309718453611168,330.7697915573922,0.0014657036808785051,0.0020124545898170254,0.002147111529211543,8.214891861280753E-12,
9.21854979221257,4.309699247335175,330.7697915573922,1.690275746568659E-4,1.9206275993610689E-4,6.150504890456432E-4,6.488189224372163E-13,
9.218440154358063,4.309636773010055,330.7697915573922,0.0010963785450712749,6.247432511941042E-4,0.0011139578367647118,2.22623909493198E-12,
9.218433664382928,4.309460370336012,330.7697915573922,6.489975135082204E-5,0.0017640267404317456,0.0012760714639625803,2.835544578694921E-12,
9.218326579085101,4.309200764159016,330.7697915573922,0.0010708529782732512,0.0025960617699638533,0.00223448574502072,8.84976539415813E-12,
9.218406132182622,4.309191902773847,330.7697915573922,7.955309752105677E-4,8.861385168756897E-5,2.0247975953679997E-5,3.1812587983680986E-15,
9.218510360290566,4.309014593794387,330.7697915573922,0.00104228107943527,0.0017730897945966717,7.826407085076426E-4,1.167671034796433E-12,
9.21864486681352,4.308925524106314,330.7697915573922,0.001345065229543252,8.906968807309568E-4,1.3637289555390453E-4,5.76330007386873E-14,
9.218729503988243,4.308991559476141,330.7697915573922,8.463717472295684E-4,6.603536982652258E-4,6.633022712776437E-4,8.105113356505017E-13,
9.21899559959786,4.308672354937727,330.7697915573922,0.0026609560961787793,0.003192045384139419,3.125072572629506E-4,3.0726987990633364E-13,
9.219080632781925,4.308503087447718,330.7697915573922,8.503318406383187E-4,0.001692674900084512,8.725170516754588E-5,2.9637509360058963E-14,
9.219215885259018,4.308265113858312,330.7697915573922,0.001352524770936725,0.0023797358940669255,5.413402277554269E-5,2.5274647782531977E-14,
9.219370560594484,4.308053661493119,330.7697915573922,0.0015467533546598133,0.0021145236519259925,2.681105388546712E-4,1.9228191000389514E-13,
9.219504403808287,4.307685397087482,330.7697915573922,0.0013384321380272013,0.0036826440563686447,9.04800259604599E-4,1.6424184653096214E-12,
9.219663585772196,4.307204861498349,330.7697915573922,0.0015918196390884987,0.004805355891335239,0.0015467925084067247,4.582365005243771E-12,
9.219876887043938,4.306932028894323,330.7697915573922,0.002133012717422389,0.0027283260402555243,4.283425357698434E-4,4.588650456970245E-13,
9.22000608386088,4.3065869345848,330.7697915573922,0.0012919681694256724,0.003450943095231196,5.544694505488224E-4,6.764867066469789E-13,
9.220139443468952,4.306419695347785,330.7697915573922,0.0013335960807125957,0.001672392370153375,0.0024922258995729862,1.0905795924774278E-11,
9.220299312018142,4.306053974045369,330.7697915573922,0.0015986854918992321,0.003657213024155226,0.00137181192656044,3.5911773655309696E-12,
9.220459585999379,4.305728064009713,330.7697915573922,0.0016027398123696912,0.0032591003565585197,7.846116415066717E-4,1.2732204194995714E-12,
9.220554956718502,4.30555878630534,330.7697915573922,9.53707191229114E-4,0.0016927770437291656,0.0011956390886780355,2.5941442898904414E-12,
9.22056600509859,4.305362379218337,330.7697915573922,1.104838008814113E-4,0.0019640708700308096,0.0023992634686464953,9.87738173480663E-12,
9.220509888636116,4.305129030072294,330.7697915573922,5.611646247416502E-4,0.002333491460433379,4.011762990785428E-4,3.350758558526067E-13,
9.220610489403839,4.304919744525677,330.7697915573922,0.001006007677233356,0.00209285546617366,0.0021349558221572806,8.038188856297688E-12,
9.22075304857617,4.304650138638209,330.7697915573922,0.0014255917233185755,0.002696058874676055,5.935598306905376E-4,7.485363655638272E-13,
9.220848188796367,4.3043575321392495,330.7697915573922,9.51402201962992E-4,0.002926064989594579,2.0775980829057517E-4,1.2428328904334157E-13,
9.220972046435236,4.30421466525442,330.7697915573922,0.0012385763886868517,0.0014286688482911813,7.991816539743013E-4,1.2171822021783995E-12,
9.22113901820319,4.304255624593111,330.7697915573922,0.001669717679533278,4.0959338690527147E-4,0.0013607009236693557,3.3434865648917353E-12,
9.22139598137096,4.303855966821089,330.7697915573922,0.0025696316777157335,0.003996577720215555,3.4872489436565957E-4,3.7382340853970335E-13,
9.22084701119877,4.305116016675328,330.78928483092636,0.003249520930239669,0.00411218273512759,5.060851606231154E-4,7.081784036643791E-13,
9.221231994480263,4.304599060182198,330.78928483092636,0.003849832814921683,0.00516956493129328,4.2163718660503946E-4,5.954681879835319E-13,
9.221507798177413,4.304316287675988,330.78928483092636,0.0027580369714996777,0.0028277250621044914,2.9247832003420626E-4,2.7635482804046545E-13,
9.221789869280883,4.3040086043106385,330.78928483092636,0.002820711034701162,0.0030768336534947593,1.1398297544928937E-4,9.066530213354761E-14,
9.221953688356166,4.303856599036578,330.78928483092636,0.00163819075282845,0.0015200527406022957,0.0011427834016330962,2.445793488201546E-12,
9.222132454467214,4.303443005896611,330.78928483092636,0.0017876611104838958,0.004135931399673609,0.0011266061841297415,2.535662981822503E-12,
9.22225932918866,4.303458126787575,330.78928483092636,0.0012687472144534695,1.512089096422642E-4,0.0014653288906174566,3.783124249707822E-12,
9.222452073291834,4.303187226980782,330.78928483092636,0.001927441031739363,0.002708998067930679,1.1223638580304396E-4,6.782184636296451E-14,
9.222489643184076,4.3031574503061165,330.78928483092636,3.756989224257268E-4,2.9776674665527025E-4,1.9110793346044375E-4,7.072271872534333E-14,
9.222655379202934,4.302918415055046,330.78928483092636,0.0016573601885738753,0.002390352510701632,5.216553586251393E-4,6.01031411472413E-13,
9.222831611869537,4.302730718526277,330.78928483092636,0.001762326666039371,0.0018769652876926557,2.5200526124535827E-4,1.7756070089440676E-13,
9.223061529290135,4.302479436821841,330.78928483092636,0.0022991742059730313,0.0025128170443622366,8.610031829903164E-4,1.536919794739664E-12,
9.223192941846833,4.302418676483171,330.78928483092636,0.001314125566977964,6.076033866975195E-4,1.7021162193486816E-4,7.726765038564359E-14,
9.223292903926449,4.302104522728769,330.78928483092636,9.996207961648906E-4,0.003141537544024686,3.8644898722850485E-4,3.471006531115158E-13,
9.22350912338834,4.3019941997563365,330.78928483092636,0.002162194618904323,0.0011032297243218636,6.413498880419866E-4,8.588614118642713E-13,
9.223623885970369,4.30177085466417,330.78928483092636,0.0011476258202947065,0.0022334509216648257,6.595414896537477E-4,8.699306409895426E-13,
9.223963414105924,4.301525477251403,330.78928483092636,0.0033952813555515604,0.002453774127673114,0.0012560847221720906,3.202917907529473E-12,
9.224116162522478,4.301281259411525,330.78928483092636,0.0015274841655354976,0.00244217839878047,1.1632541941253294E-4,6.090524474131166E-14,
9.224271586026816,4.301215981529651,330.78928483092636,0.001554235043386143,6.527788187327133E-4,2.5354668593990937E-4,1.5623519362858169E-13,
9.224278240667559,4.301016215943861,330.78928483092636,6.654640742453921E-5,0.001997655857906011,2.3092959906989563E-4,1.1217455648924935E-13,
9.224612446235597,4.300746360664277,330.78928483092636,0.003342055680377598,0.00269855279583453,5.459510862237948E-4,7.615710801921099E-13,
9.224759999688217,4.300342442566688,330.78928483092636,0.0014755345262074115,0.004039180975894396,1.2559986316773575E-4,8.052394541254292E-14,
9.224999916661432,4.300221698394097,330.78928483092636,0.0023991697321434913,0.00120744172591003,1.477138920336074E-4,8.886641664158115E-14,
9.225131470197766,4.300177346189628,330.78928483092636,0.0013155353633464983,4.435220446907806E-4,8.592029115561672E-4,1.3620829997323965E-12,
9.225451448712874,4.299875382263195,330.78928483092636,0.003199785151082324,0.0030196392643233594,5.613249993530189E-4,7.97175108137997E-13,
9.22556986904192,4.299642070666778,330.78928483092636,0.001184203290449659,0.0023331159641770682,3.5717025411940995E-4,2.962658760592278E-13,
9.225806143141199,4.299461799942833,330.78928483092636,0.002362740992793988,0.0018027072394488641,4.314968788321494E-4,4.5444874765593204E-13,
9.225956545364738,4.2992855065043045,330.78928483092636,0.0015040222353945865,0.001762934385283188,4.2662028761242254E-4,4.0469054054597227E-13,
9.226113704398017,4.299044086263336,330.78928483092636,0.0015715903327873093,0.0024142024096818204,3.839349221834709E-4,3.5318111454603766E-13,
9.226230483333893,4.298797489698927,330.78928483092636,0.001167789358760274,0.002465965644091739,4.841946349642967E-4,5.046075307724351E-13,
9.226364802235821,4.298368205734391,330.78928483092636,0.001343189019280544,0.004292839645358981,0.001356317059162393,3.5203174163125237E-12,
9.22657015009247,4.298370620382428,330.78928483092636,0.0020534785664949595,2.414648037074585E-5,9.537327434827603E-4,1.7135584414300556E-12,
9.226804576901259,4.298195853300825,330.78928483092636,0.0023442680878815736,0.0017476708160302223,4.313626266139181E-4,4.5207141658336974E-13,
9.226891188171635,4.297883396408366,330.78928483092636,8.661127037612459E-4,0.003124568924590676,3.607233657021425E-4,3.0328237159885057E-13,
9.22709913749327,4.297658449675623,330.78928483092636,0.0020794932163425983,0.0022494673274309207,7.927930136020223E-4,1.2974756860132456E-12,
9.227337102868773,4.297427524706848,330.78928483092636,0.0023796537550424546,0.002309249687755255,1.0029005181877437E-4,6.479303307711646E-14,
9.227521773408967,4.297333717304355,330.78928483092636,0.0018467054019311036,9.380740249298469E-4,2.3182641029961815E-4,1.4631874135817985E-13,
9.227740036138357,4.297061823324782,330.78928483092636,0.0021826272939051705,0.0027189397957272377,0.0011911443476719796,2.776557681380847E-12,
9.227948374560015,4.296657616568012,330.78928483092636,0.0020833842165757233,0.00404206756769554,9.77290802097741E-4,1.9828424288963174E-12,
9.228152365501728,4.2965125887088504,330.78928483092636,0.002039909417135277,0.0014502785916192806,9.744585554471996E-5,5.0248833845031856E-14,
9.228273079871087,4.296140586406011,330.78928483092636,0.001207143693591206,0.003720023028392916,0.0012710931895298927,3.0673242954359376E-12,
9.22839795023583,4.29612079612636,330.78928483092636,0.001248703647434013,1.9790279651488163E-4,2.7160517220181646E-4,1.5998010161141642E-13,
9.22870994354389,4.295910514940971,330.78928483092636,0.003119933080597548,0.0021028118538879426,0.0013324196817166012,3.506813575760523E-12,
9.228846741192683,4.295653764673801,330.78928483092636,0.0013679764879270806,0.0025675026716953653,1.6273866151550465E-4,9.192212499714871E-14,
9.228980670810529,4.2955789551728,330.78928483092636,0.0013392961784575164,7.480950100102746E-4,0.001221299090161665,2.695386860096298E-12,
9.2280023650045,4.298232031455456,330.81190976491087,3.811434328326868E-4,4.185304635484499E-4,2.1560537447840034E-4,8.991257977878872E-14,
9.228079257797845,4.297879331552309,330.81190976491087,7.689279334499588E-4,0.003526999031464584,6.128614069211835E-4,7.748665748408328E-13,
9.22817031573959,4.297853111653353,330.81190976491087,9.10579417450208E-4,2.621989895601473E-4,7.760426598224512E-4,1.0851577117178423E-12,
9.228315186935106,4.297617361671826,330.81190976491087,0.0014487119551631622,0.0023574998152753324,3.3984527931352204E-4,2.8280006084340755E-13,
9.228410028466328,4.297520717537822,330.81190976491087,9.484153122230055E-4,9.664413400400917E-4,3.956755369927123E-4,3.165281216016232E-13,
9.228470871915647,4.297388868372195,330.81190976491087,6.08434493187815E-4,0.0013184916562636317,1.4745930570825294E-4,5.521903033696418E-14,
9.228614932075857,4.29734510668473,330.81190976491087,0.001440601602098468,4.376168746489384E-4,5.399854285315087E-4,5.74968435966528E-13,
9.228880778291796,4.297136856114889,330.81190976491087,0.002658462159388364,0.0020825056984108414,0.0018518991555538378,6.3902135952289755E-12,
9.228956171409777,4.297049065398511,330.81190976491087,7.539311798154813E-4,8.779071637832203E-4,2.6497793271573755E-4,1.4817715378414456E-13,
9.229081194616356,4.297102582875368,330.81190976491087,0.0012502320657858945,5.35174768572233E-4,0.0012471507881173238,2.783281442208886E-12,
9.229135377132138,4.296667276050613,330.81190976491087,5.418251578248601E-4,0.004353068247553438,0.0020560438935035563,7.58361232942313E-12,
9.22923760519609,4.2967287204081686,330.81190976491087,0.001022280639517703,6.144435755572886E-4,0.0015364553661356695,4.1447500430710846E-12,
9.229348156002061,4.2965186880865645,330.81190976491087,0.0011055080597088818,0.0021003232160410334,5.146988371507177E-4,5.496511569809875E-13,
9.229500846347946,4.296420045496433,330.81190976491087,0.0015269034588527575,9.86425901317034E-4,5.141890221693757E-4,5.434957172992471E-13,
9.229544108168056,4.296312704705855,330.81190976491087,4.326182011027413E-4,0.0010734079057783674,7.74613044995931E-5,1.7934482834151202E-14,
9.229598091988919,4.296165823583522,330.81190976491087,5.398382086241327E-4,0.0014688112233329775,6.743165693023911E-4,8.407782511720809E-13,
9.229644072532437,4.296182523646024,330.81190976491087,4.5980543518453487E-4,1.6700062502650326E-4,0.0011841411640034494,2.4088156740082377E-12,
9.229749586257526,4.296090880806275,330.81190976491087,0.0010551372508871282,9.164283974882892E-4,1.4300882639872725E-4,5.692835170247146E-14,
9.229888790500468,4.296013904992094,330.81190976491087,0.0013920424294155964,7.697581418142363E-4,6.059929205548542E-5,2.0060462453790876E-14,
9.229992001819141,4.295997090549037,330.81190976491087,0.0010321131867385702,1.681444305745572E-4,9.753960205216572E-4,1.6966186979701852E-12,
9.229986801467476,4.295788507401198,330.81190976491087,5.20035166573507E-5,0.0020858314783822607,1.8430332715979603E-4,7.588262200675625E-14,
9.230073331553285,4.295737451694578,330.81190976491087,8.653008580949972E-4,5.105570662067294E-4,4.868691803494585E-4,4.488691543691009E-13,
9.230133461058017,4.295592775372938,330.81190976491087,6.012950473177625E-4,0.0014467632163928101,1.8173628404838382E-4,7.90979501890312E-14,
9.230223141740112,4.295620938586353,330.81190976491087,8.968068209469493E-4,2.8163213414700294E-4,4.0917578076005157E-4,3.211601078736504E-13,
9.230314847573595,4.295329105599592,330.81190976491087,9.170583348350192E-4,0.0029183298676116465,0.0011558978746961657,2.490759339738638E-12,
9.230534971437919,4.295318130871976,330.81190976491087,0.002201238643237957,1.097472761557583E-4,0.0017090075317582887,5.2591846590751205E-12,
9.23059647984121,4.295298225368327,330.81190976491087,6.150840329155471E-4,1.9905503648942613E-4,2.979797795887862E-4,1.6910991505917893E-13,
9.230720462986596,4.295082649461676,330.81190976491087,0.001239831453858642,0.0021557590665111093,2.3865741809458996E-5,1.2517015156672563E-14,
9.230797739434252,4.294994455548419,330.81190976491087,7.727644765509467E-4,8.81939132568732E-4,3.7938756918265426E-4,2.84903343562754E-13,
9.230922963897228,4.294907493893078,330.81190976491087,0.001252244629768029,8.696165534161082E-4,7.02913110899317E-4,9.401398123129717E-13,
9.231093738672485,4.294828155998431,330.81190976491087,0.0017077477525617724,7.933789464686924E-4,1.6866522400960093E-7,5.658091128809558E-15,
9.231195770371755,4.29474245457277,330.81190976491087,0.0010203169927081035,8.570142566100003E-4,7.34679830998175E-4,1.0042787572272025E-12,
9.231329410501758,4.294667836798453,330.81190976491087,0.0013364013000227715,7.46177743167209E-4,5.626764607313817E-4,6.226270365165732E-13,
9.231384332388757,4.294559808299141,330.81190976491087,5.492188699918188E-4,0.0010802849931224046,5.782172172530409E-4,6.183711946882702E-13,
9.231379351027613,4.294509398517135,330.81190976491087,4.981361144018592E-5,5.040978200554491E-4,1.459471184261929E-4,3.9667184105445307E-14,
9.231557877644946,4.294062648746973,330.81190976491087,0.0017852661733286368,0.004467497701625689,9.883100346996798E-4,2.012577737029706E-12,
9.231747712055608,4.293957507775843,330.81190976491087,0.0018983441066211526,0.001051409711294582,4.3754686487318395E-4,4.257994389086574E-13,
9.231819744164227,4.29388537650749,330.81190976491087,7.203210861916887E-4,7.213126835381445E-4,2.9245664961763396E-4,1.736027757997635E-13,
9.231991935368342,4.293827008187549,330.81190976491087,0.0017219120411482436,5.836831994088243E-4,4.744870273043489E-4,4.707581422061498E-13,
9.232148159705275,4.293645792736328,330.81190976491087,0.0015622433693351923,0.001812154512208508,3.7680487935176643E-4,3.301127130045054E-13,
