8.859052157636256,3.058123895976834,328.2518268290555,80.83090500050616,4.639139610998058,69.19046755718455,0.44084049912140433,
8.846942699590954,3.06312402999788,328.2518268290555,0.12109458045301835,0.0500013402104571,0.014696335036887831,2.8238268782381166E-8,
8.829658897266881,3.105002863655997,328.2518268290555,0.17283802324072894,0.41878833658117287,0.05233436071989672,3.0669804428722264E-7,
8.710838025175008,3.505596735265158,328.2518268290555,1.1882087209187375,4.005938716091606,0.39333490597812215,1.6269980309268646E-5,
8.073834091187678,5.062331814142141,328.2518268290555,6.370039339873301,15.56735078876983,0.253915494944863,4.030414791414843E-6,
6.268633784658505,8.476787293918392,328.2518268290555,18.05200306529173,34.14455479776251,3.4740179956003203,4.94937018864034E-4,
3.1975661719609434,14.035431009560625,328.2518268290555,30.710676126975613,55.586437156422335,5.5228459871415225,3.421345206469142E-4,
0.8791996205515034,21.698629381058822,328.2518268290555,40.76765792512447,76.63198371498197,5.918290877988284,1.574024218674487E-5,
4.939215715313367,29.670352773287846,328.2518268290555,40.60016094761863,79.71723392229023,5.24530740153466,5.690769830494402E-5,
9.016968010723986,37.969491281515744,328.2518268290555,40.77752295410619,82.99138508227898,4.7178732609103236,4.699830581061948E-4,
13.119375378780887,46.380211461926166,328.2518268290555,41.02407368056902,84.10720180410422,4.377361983171113,0.0017134720152432493,
17.29842946715496,54.34958840861189,328.2518268290555,41.79054088374073,79.69376946685728,3.2638858874827292,0.0033181259901022796,
21.46891744055756,62.33412802496099,328.2518268290555,41.70487973402601,79.84539616349096,2.5735812577300976,0.005436213413964619,
25.627497634702877,70.10040653849148,328.2518268290555,41.585801941453155,77.66278513530494,1.9851711081702206,0.008239344781166566,
29.858398900886755,77.81803274396535,328.2518268290555,42.30901266183878,77.17626205473863,1.0640326729628669,0.010612370489542128,
34.219493497141116,85.34300698777918,328.2518268290555,43.61094596254361,75.2497424381383,0.5427337717651426,0.013894497628418457,
38.61738875835226,92.78642455487861,328.2518268290555,43.97895261211147,74.4341756709943,0.5580081737400633,0.018898106805800237,
43.13350150854842,100.10008090286311,328.2518268290555,45.16112750196157,73.13656347984505,2.996812106090374,0.032121772605088056,
47.88911485982453,107.39907897000879,328.2518268290555,47.55613351276111,72.98998067145675,4.449218340398602,0.045109834432749386,
52.72007350918841,114.4715655737576,328.2518268290555,48.30958649363879,70.72486603748814,6.278599330644283,0.06054164508082417,
57.09329158218361,120.5578704467924,328.2518268290555,43.732180729952006,60.863048730348055,8.055336487363434,0.06798811566230308,
60.5943849769983,125.11188618920954,328.2518268290555,35.010933948146885,45.540157424171355,7.93599471193545,0.05312143262798563,
62.85084165191415,127.8264137012653,328.2518268290555,22.56456674915853,27.14527512055753,7.351743843046279,0.028608915727740245,
63.846004675036056,128.75622928427427,328.2518268290555,9.951630231219042,9.29815583008974,5.36668226439474,0.007216006379331175,
64.02997303148265,128.50798530464056,328.2518268290555,1.839683564465986,2.4824397963371325,2.949212682893858,0.0010997606462620853,
63.9711446590735,128.27549281813725,328.2518268290555,0.5882837240915251,2.32492486503304,2.1090912103613846,5.862709514757942E-4,
11.79821726367311,5.0324888938095285,328.8427555400115,1.086953661933876,2.773498042967617,0.9418427378443539,8.51627292271732E-5,
11.823443176858405,4.973850312999815,328.8427555400115,0.2522591318529521,0.586385808097134,0.6541561637106952,3.756840641187079E-5,
11.841115033879532,4.927014031351064,328.8427555400115,0.17671857021127835,0.4683628164875131,1.1344338608716953,1.1001816923120657E-4,
11.858417802708459,4.8773536313370585,328.8427555400115,0.17302768828926673,0.4966040001400529,1.3423723259995768,1.5374342525181593E-4,
11.866867400877254,4.836917945485993,328.8427555400115,0.08449598168795092,0.40435685851065273,1.0614131161133855,9.565012571998292E-5,
11.872544416537153,4.808354087763831,328.8427555400115,0.05677015659898643,0.28563857722161856,0.6066160597146109,3.126770663682596E-5,
11.762317259148858,3.0173156891308395,328.8427555400115,1.1022715738829447,17.91038398632992,7.029150328779679,0.003926320605824466,
12.142204704245273,0.23261603096003114,328.8427555400115,3.798874450964149,32.499317200908706,26.174443772882228,0.05859452703161156,
14.430771041476078,3.252081047763596,328.8427555400115,22.885663372308045,30.19465016803565,48.855342721989246,0.2593198615441835,
21.07157429949666,5.3281947418027755,328.8427555400115,66.40803258020583,20.761136940391793,56.51190983116123,0.33128361285437985,
35.28437166514857,5.533281125041384,328.8427555400115,142.1279736565191,2.050863832386085,45.7189936129663,0.07783386076651004,
62.20414564787018,3.728370485904037,328.8427555400115,269.1977398272161,18.04910639137347,35.53867679692473,0.04212667094927848,
71.70317586973806,2.669789227458267,328.8427555400115,94.99030221867883,10.585812584457699,115.82039081435312,1.0,
58.68730593808027,4.259057027883841,328.8427555400115,130.1586993165779,15.892678004255743,80.85117755283989,0.7731036148108412,
43.92380503634433,2.3378854841726024,328.8427555400115,147.63500901735938,19.21171543711239,17.532942122741133,8.575023127785788E-4,
38.091833553748984,1.1032196331401565,328.8427555400115,58.3197148259535,34.41105117312759,4.81679922613182,0.0018527685682359126,
37.70714383877055,0.9094175420313206,328.8427555400115,3.846897149784354,1.9380209110883584,9.881351056522476,0.009178971927715232,
35.826499498729504,1.8211827919365078,328.8427555400115,18.806443400410444,27.306003339678284,46.45769866981368,0.2438074002731573,
14.129869237054095,14.891753009027042,328.8427555400115,216.9663026167541,130.70570217090534,206.4208227566678,0.5598787242032942,
6.129593582508846,21.52975238869419,328.8427555400115,202.5946281956294,66.3799937966715,368.2080193161781,1.0,
1.4036128761803184,20.279775424734368,328.8427555400115,75.33206458689165,12.499769639598242,300.5898699737506,1.0,
25.04892630265124,14.422208434906423,328.8427555400115,236.4531342647092,58.57566989827944,85.93773127365353,0.002199517673901761,
54.78646630193407,6.203511961883322,328.8427555400115,297.3753999928283,82.18696473023101,111.40801442685415,9.426990156051471E-5,
79.13471431337541,0.1737923361286846,328.8427555400115,243.48248011441342,60.297196257546375,236.2943526046942,1.0,
88.2985339426582,2.0778260034755647,328.8427555400115,91.63819629282784,22.516183396042493,255.5078940030353,1.0,
85.39209570282196,2.954564998567321,328.8427555400115,29.06438239836234,8.767389950917561,225.36040270235702,1.0,
75.24707098211513,2.111669920899317,328.8427555400115,101.45024720706829,8.42895077668004,176.44833278963745,1.0,
60.3726794571071,0.14217931403752004,328.8427555400115,148.74391525008036,22.53849234936837,115.63472235046447,1.0,
40.228349837987366,5.162333748887221,328.8427555400115,201.4432961911973,50.20154434849701,52.80879894429688,0.0062590657074704055,
19.451977236136713,10.598967588049703,328.8427555400115,207.76372601850653,54.36633839162482,18.754949372291208,0.0865338711642929,
3.999476907226608,12.474311716731279,328.8427555400115,154.52500328910105,18.753441286815757,83.38121193021266,0.18323918304544642,
6.406208965307883,12.950931875907628,328.8427555400115,104.05685872534491,4.76620159176349,136.21269943755237,1.0,
0.34124082120752064,12.495207519270394,328.8427555400115,67.47449786515404,4.557243566372335,163.28193106569756,1.0,
24.503229957967392,12.28664822496819,328.8427555400115,241.6198913675987,2.08559294302205,151.00017565203586,0.2755689474289389,
72.77377873547277,17.18309166117905,328.8427555400115,482.7054877750538,48.96443436210859,93.13698168611495,1.0,
105.40231914202866,19.94719053306781,328.8427555400115,326.28540406555885,27.640988718887627,82.73822602237601,0.01879638141767473,
121.49439377751753,17.266840437793007,328.8427555400115,160.9207463548887,26.80350095274804,162.75917706953066,1.0,
124.20255018980345,14.27782507407548,328.8427555400115,27.081564122859163,29.890153637175274,196.85301638505848,1.0,
112.06948031539605,14.078242021059737,328.8427555400115,121.33069874407397,1.9958305301574342,169.7905173475499,1.0,
91.07067638203489,15.77840188274692,328.8427555400115,209.9880393336116,17.00159861687183,135.15701058010563,1.0,
70.65097186281025,17.58520662947737,328.8427555400115,204.19704519224638,18.068047467304496,56.8569082066324,0.11200806660541558,
52.760429987152975,19.361226416178056,328.8427555400115,178.90541875657277,17.760197867006866,6.996842485929733,0.01098468929412939,
36.26468369483007,22.91633338634992,328.8427555400115,164.95746292322906,35.55106970171863,83.44631925716953,0.34421912019476153,
17.23057432306564,26.94484820245455,328.8427555400115,190.3410937176443,40.28514816104632,154.6146989290969,1.0,
2.6231927307476326,25.037092442618757,328.8427555400115,146.07381592318006,19.07755759835794,218.17711206047477,1.0,
1.1103388838406545,20.13264166758546,328.8427555400115,15.128538469069781,49.04450775033297,229.17059491885368,1.0,
15.09066154336631,13.112986715852827,328.8427555400115,139.80322659525655,70.19654951732633,187.1008823023601,1.0,
43.37230727120425,7.530489185638174,328.8427555400115,282.8164572783794,55.82497530214653,95.11940631225855,0.0031209575163703555,
79.09726441009457,5.065658847135893,328.8427555400115,357.2495713889032,24.648303385022814,11.175115542634728,1.0,
109.64731971713479,4.73068445983958,328.8427555400115,305.50055307040225,3.3497438729631313,105.51823406789822,0.2512526105865374,
125.1575388608685,5.656689268769156,328.8427555400115,155.10219143733707,9.260048089295765,146.9728508282597,1.0,
116.44633652345453,6.971973934115709,328.8427555400115,87.11202337413965,13.15284665346553,106.28665001769093,1.0,
87.0352797587426,6.870403962835354,328.8427555400115,294.1105676471193,1.0156997128035528,44.86794857669565,0.009252570002403584,
54.66131413051414,6.4491067182971165,328.8427555400115,323.7396562822846,4.212972445382377,38.712640804918124,0.2230095909112068,
6.073402891005458,9.557835272467429,328.8427555400115,485.87911239508685,31.087285541703125,58.447708208249196,1.0,
47.862563505928165,8.650254972106382,328.8427555400115,539.3596639693362,9.075803003610474,21.827673494203168,1.0,
76.41238916669909,3.0851282013939283,328.8427555400115,285.4982566077092,55.65126770712453,187.94824432094913,1.0,
65.2824622190468,2.223967657067334,328.8427555400115,111.2992694765228,53.09095858461262,433.61797904843485,1.0,
20.099507510721082,2.4908641495839845,328.8427555400115,451.82954708325724,2.668964925166506,449.4883427021949,1.0,
35.94539402156863,0.9468110056680246,328.8427555400115,560.4490153228971,34.37675155252009,191.6520268298754,1.0,
92.54668661003745,1.799933943274823,328.8427555400115,566.0129258846882,8.531229376067984,57.2444272016844,1.0,
137.6741392861552,0.7027127850003865,328.8427555400115,451.2745267611774,10.972211582744364,214.38299993398573,1.0,
159.54102494470635,1.8210607656741047,328.8427555400115,218.66885658551155,11.183479806737182,261.140288304652,1.0,
143.2825764994053,3.036109238295097,328.8427555400115,162.58448445301042,12.150484726209925,280.6777643874108,1.0,
82.27445562700836,0.8539063766995696,328.8427555400115,610.0812087239694,38.90015614994667,317.06686284390855,1.0,
13.975265941245766,7.686353190307557,328.8427555400115,682.991896857626,68.32446813607987,312.8702512541537,1.0,
41.564168685056416,12.21354174525203,328.8427555400115,555.3943462630218,45.27188554944473,119.28370627426204,1.0,
75.5902424908079,12.201296288336692,328.8427555400115,340.2607380575148,0.12245456915337627,280.0150884340138,1.0,
61.157494276749276,11.954573329470293,328.8427555400115,144.3274821405862,2.467229588663997,694.8660175489113,1.0,
21.286330068391862,2.254083900717916,328.8427555400115,398.71164208357413,97.00489428752377,654.4690877807705,1.0,
59.39817317441725,11.497228103605124,328.8427555400115,806.8450324280911,137.5131200432304,422.21229518868995,1.0,
128.74014412931626,10.341201994133314,328.8427555400115,693.4197095489901,11.5602610947181,234.99541097238023,1.0,
139.3579463250237,2.886953605776455,328.8427555400115,106.1780219570744,132.2815559990977,539.8643958103412,1.0,
122.59776611119378,13.375010450537928,328.8427555400115,167.60180213829926,104.88056844761473,619.120108279632,1.0,
104.35333778121264,16.394523736908894,328.8427555400115,182.44428329981133,30.19513286370966,324.8187949985365,1.0,
83.66307861001212,14.977827105512517,328.8427555400115,206.90259171200523,14.16696631396377,206.00059846360125,1.0,
62.81612316243843,7.453259241820007,328.8427555400115,208.4695544757369,75.2456786369251,16.694252572369237,0.01915146832539659,
62.64237069970545,11.8319612628637,328.8427555400115,1.7375246273297762,192.85220504683707,433.83759552478637,1.0,
84.02269748914091,41.00746808870835,328.8427555400115,213.80326789435458,291.7550682584465,942.2977290369789,1.0,
51.54058196992071,59.461211016911506,328.8427555400115,324.821155192202,184.53742928203155,1115.4998130834706,1.0,
41.65269686383863,29.382403149136564,328.8427555400115,98.87885106082081,300.7880786777494,150.37728298126837,1.0,
51.18710187336626,8.599140531172992,328.8427555400115,95.34405009527632,207.83262617963572,589.7511581031936,1.0,
58.255786349278424,4.455840044581748,328.8427555400115,70.68684475912164,130.5498057575474,494.72157529794003,1.0,
59.88450211504892,10.914452809038721,328.8427555400115,16.287157657704938,64.58612764456973,377.50461259037735,1.0,
57.162643010704755,11.746848297019795,328.8427555400115,27.21859104344162,8.323954879810742,178.9198170034811,1.0,
53.46298033418441,11.31794907857656,328.8427555400115,36.99662676520347,4.288992184432345,136.15681916411944,1.0,
48.85353667174263,9.978096609032548,328.8427555400115,46.09443662441777,13.39852469544013,106.87117568303478,1.0,
44.25712863509136,8.883915918800398,328.8427555400115,45.96408036651269,10.941806902321503,82.16924139951118,1.0,
39.86942760918021,7.958671106131817,328.8427555400115,43.87701025911156,9.252448126685806,63.91958764456888,0.5650615915844699,
35.76770064446089,7.0571642476325,328.8427555400115,41.01726964719319,9.015068584993173,49.10702280617329,0.29979923145141657,
32.24198038351324,5.138211563838041,328.8427555400115,35.25720260947651,19.189526837944584,39.370681196397186,0.1768780160843408,
38.33791931508472,1.2978371734772338,328.8427555400115,60.959389315714816,38.403743903608074,90.37221951847471,1.0,
66.70295066164101,0.4003847925712023,328.8427555400115,283.65031346556293,8.974523809060315,18.316758690361894,0.11786765142959668,
74.77883075920158,40.332243038516594,328.8427555400115,80.75880097560571,407.32627831087797,674.8029612278958,1.0,
73.90990302552098,74.25535414852655,328.8427555400115,8.689277336806072,339.23111110009955,1027.4542396067227,1.0,
18.59565288776389,73.15685307156929,328.8427555400115,553.1425013775709,10.985010769572625,908.1277094289482,1.0,
25.047740854140443,37.77486410217426,328.8427555400115,64.52087966376553,353.81988969395024,316.34443965977425,1.0,
46.625684046467086,13.905577741087171,328.8427555400115,215.77943192326643,238.69286361087092,616.1795696438293,1.0,
61.65284592543014,0.15051963777736432,328.8427555400115,150.27161878963057,140.56097378864536,504.5400840009506,1.0,
65.77307924398326,6.458333274555741,328.8427555400115,41.20233318553119,63.07813636778377,372.28516800272644,1.0,
64.38863758824539,8.133702359624294,328.8427555400115,13.844416557378736,16.75369085068553,195.38455326280342,1.0,
61.29411027494473,8.52809001965204,328.8427555400115,30.945273133006594,3.943876600277463,153.71037983849646,1.0,
57.818627815544914,8.305507541579459,328.8427555400115,34.75482459399814,2.225824780725816,115.98387845484751,1.0,
54.6083729636041,7.538813901732112,328.8427555400115,32.102548519408174,7.666936398473467,87.74583624609619,1.0,
54.134051292204845,8.594621527366343,328.8427555400115,4.743216713992524,10.558076256342304,72.43801942775747,0.6890698124579185,
61.03763599577951,16.82029160103565,328.8427555400115,69.03584703574666,82.25670073669306,165.33927825885712,1.0,
71.99056176485192,34.461148665349185,328.8427555400115,109.52925769072408,176.40857064313536,354.9641823481869,1.0,
72.95811542886509,43.1674466019503,328.8427555400115,9.675536640131668,87.06297936601118,393.5631984597052,1.0,
58.165662362113494,33.65198696549203,328.8427555400115,147.9245306675159,95.15459636458274,95.32243720770907,0.825273370202562,
58.61657935060839,1.035823343343452,328.8427555400115,4.50916988494896,346.8781030883548,519.0470605936775,1.0,
89.14711617352145,49.11468222383695,328.8427555400115,305.30536822913064,480.788588804935,1227.0461927866304,1.0,
73.70751160584518,75.44402751785151,328.8427555400115,154.3960456767627,263.2934529401456,1141.9878348805403,1.0,
45.961405115983325,56.68087766030749,328.8427555400115,277.4610648986186,187.63149857544022,703.2724692289921,1.0,
45.37946786306031,25.626410241596602,328.8427555400115,5.819372529230122,310.54467418710885,493.9680323117088,1.0,
58.6902425152947,6.726303277984783,328.8427555400115,133.10774652234386,189.0010696361182,635.1986707987811,1.0,
68.52562703071305,5.039967139060167,328.8427555400115,98.35384515418355,117.6627041704495,515.6535907056239,1.0,
70.39022598471115,9.995766018937246,328.8427555400115,18.645989539980974,49.55798879877079,364.9448974932753,1.0,
67.89465878551073,10.854928335867669,328.8427555400115,24.955671992004227,8.591623169304228,182.51539009554392,1.0,
63.75431753753287,10.45377937049858,328.8427555400115,41.40341247977858,4.011489653690887,144.18204278232395,1.0,
58.980583231006335,9.288366348666926,328.8427555400115,47.73734306526535,11.654130218316539,112.85176777635684,1.0,
54.44161682186609,8.691704183773624,328.8427555400115,45.38966409140244,5.966621648933028,83.89680270066037,1.0,
50.18387618128861,8.77862855691265,328.8427555400115,42.57740640577481,0.8692437313902701,65.14207832957254,0.6122243338156743,
45.90040227390398,8.688552018670265,328.8427555400115,42.83473907384632,0.900765382423856,49.45943832247394,0.31916367234856763,
41.813859946642765,8.45129309116794,328.8427555400115,40.865423272612134,2.3725892750232447,36.22349793941453,0.15909742486161454,
38.02266336682703,8.131944714334537,328.8427555400115,37.911965798157325,3.1934837683340334,26.608979389524734,0.0820379029852287,
34.17267841713817,7.542552067274414,328.8427555400115,38.4998494968886,5.8939264706012295,20.446335727422706,0.04691420378606711,
30.474063556766623,6.76545995501084,328.8427555400115,36.98614860371549,7.770921122635741,15.966901644808331,0.027745751461392614,
26.6496667012201,5.913612439962691,328.8427555400115,38.243968555465244,8.518475150481493,14.35688928670288,0.021170492554772536,
23.597687976451766,4.9191676788131815,328.8427555400115,30.519787247683325,9.944447611495093,11.198426527793117,0.01276179900420176,
21.676003230202355,3.9506599043340884,328.8427555400115,19.216847462494115,9.68507774479093,13.606118838797556,0.018465349974647053,
22.271290445275554,4.331704693815823,328.8427555400115,5.9528721507319915,3.8104478948173437,5.246838626164276,0.0027048383320259347,
22.986784169730413,4.796850004126952,328.8427555400115,7.1549372445485915,4.651453103111294,5.209743936690643,0.002746229625006352,
22.623810619972573,4.373069200711541,328.8427555400115,3.6297354975783946,4.237808034154114,13.83411914833232,0.01788563368199277,
21.56550004053213,3.651069954357922,328.8427555400115,10.583105794404446,7.219992463536187,30.73412541474113,0.09866996059739107,
24.08668895872472,2.6122221295326824,328.8427555400115,25.211889181925926,10.388478248252397,60.802859211322584,0.47460928268341296,
25.098614522868047,0.2928480449094195,328.8427555400115,10.119255641433256,23.19374084623263,146.2982994632256,1.0,
27.56678577926789,2.253272055313687,328.8427555400115,24.681712563998417,19.604240104042674,127.34473682242452,1.0,
37.13792600597594,1.2531522279669502,328.8427555400115,95.71140226708053,10.001198273467367,138.6334243863422,1.0,
47.18403797557221,8.54672038069458,328.8427555400115,100.46111969596268,97.9987260866153,266.9897862677118,1.0,
34.28893781215015,29.9575648588264,328.8427555400115,128.95100163422057,214.1084447813182,526.7899485048556,1.0,
20.980959761654617,35.207827127407796,328.8427555400115,133.07978050495535,52.50262268581395,510.2148216207226,1.0,
36.23112310296165,15.606668947962845,328.8427555400115,152.5016334130703,196.0115817944495,90.26108981729777,0.009246604059385039,
46.322275206069776,0.2333217258692457,328.8427555400115,100.91152103108129,153.733472220936,503.645027581226,1.0,
56.09461798327186,8.775409711543404,328.8427555400115,97.72342777202084,90.08731437412649,442.31938795709084,1.0,
58.86752422451639,11.272031442831747,328.8427555400115,27.729062412445273,24.96621731288343,210.91327535190715,1.0,
59.26645569654261,11.89414168897477,328.8427555400115,3.9893147202622004,6.221102461430235,169.0518824713874,1.0,
57.087748892741956,11.066066597571677,328.8427555400115,21.78706803800651,8.280750914030932,117.23546414311727,1.0,
53.91855588826286,10.462921020496367,328.8427555400115,31.69193004479098,6.031455770753098,91.84065877359785,1.0,
50.272757188494325,9.7277497483704,328.8427555400115,36.45798699768534,7.351712721259673,69.56479504700326,0.7142658685269616,
46.508384404720005,8.805230193126192,328.8427555400115,37.6437278377432,9.225195552442074,52.849827685347464,0.3714228432720687,
42.83496360719812,7.381745394168831,328.8427555400115,36.73420797521885,14.234847989573609,41.43155173224329,0.21211107505900645,
38.46957333955061,6.596093291900502,328.8427555400115,43.65390267647513,7.856521022683296,34.10168588598481,0.1369321959724877,
34.28070080854695,5.052399431306412,328.8427555400115,41.888725310036534,15.436938605940895,64.0196552141083,0.5497351942463158,
43.86274478191831,9.24715503446157,328.8427555400115,95.82043973371356,142.99554465767983,363.0403558222008,1.0,
57.450464465656296,29.65927622914964,328.8427555400115,135.87719683737987,204.1212119468807,520.5335794140939,1.0,
42.94403293877701,37.499838386540176,328.8427555400115,145.06431526879283,78.40562157390536,363.9706813520431,1.0,
38.03485633284549,17.684515050178078,328.8427555400115,49.091766059315205,198.15323336362098,3.6176825590391104,0.10713463520938576,
44.01428985651478,5.921315411151312,328.8427555400115,59.79433523669286,117.63199639026766,259.3813487441861,1.0,
48.33142039536665,1.6408238085356004,328.8427555400115,43.171305388518704,75.62139219686912,267.017107050373,1.0,
50.76398606917303,5.88026285851825,328.8427555400115,24.3256567380638,42.3943904998265,211.5521765591413,1.0,
51.810455039500084,8.157351264048003,328.8427555400115,10.464689703270551,22.77088405529753,157.96106103519122,1.0,
51.12269448165284,9.012956814402656,328.8427555400115,6.877605578472412,8.556055503546531,119.54505479608656,1.0,
48.75650645990959,9.152331124439002,328.8427555400115,23.661880217432554,1.3937431003634515,90.86376161901,1.0,
46.16328761634202,8.47939811422097,328.8427555400115,25.932188435675698,6.729330102180313,72.39779077066743,0.7635271311584912,
42.92510148953488,7.614025240698567,328.8427555400115,32.38186126807136,8.653728735224036,56.57059544857077,0.4254358368568745,
38.97907387534099,6.789238071798536,328.8427555400115,39.46027614193895,8.247871689000306,27.373251349379757,0.08759048114829397,
35.37540420793425,1.8137783565539962,328.8427555400115,36.03669667406734,49.7545971524454,117.26273516626208,1.0,
41.28066033955247,8.631478008744722,328.8427555400115,59.052561316182164,104.45256365298718,330.1305202184247,1.0,
48.650664027596235,16.185300551995226,328.8427555400115,73.70003688043766,75.53822543250504,437.1134072578255,1.0,
41.89354607672067,15.394847564705202,328.8427555400115,67.57117950875568,7.904529872900241,403.38860283380853,1.0,
35.3186819473101,12.283652656832885,328.8427555400115,65.74864129410571,31.11194907872317,377.35971455847334,1.0,
37.44799242482122,5.906593034143782,328.8427555400115,21.29310477511126,63.77059622689103,101.17593123635857,1.0,
39.719919332404174,0.053402693921043465,328.8427555400115,22.719269075829516,59.599957280648255,31.401941506455557,0.07327600347590828,
39.76529748482892,0.5923629148200575,328.8427555400115,0.45378152424746077,5.389602208990141,1.4574602786308333,1.780842578911638E-4,
37.36500192876338,0.8934604838084113,328.8427555400115,24.002955560655437,14.858233986284688,85.97067833582116,1.0,
38.38219047162568,0.8368752530799668,328.8427555400115,10.171885428623,0.5658523072844446,8.35326150567056,0.007597065700955877,
38.85178372304563,0.6170442823130884,328.8427555400115,4.695932514199512,2.198309707668784,5.048149927238228,0.002601401163451374,
37.67479062897348,0.9200648631697845,328.8427555400115,11.769930940721451,3.0302058085669614,12.077423222862933,0.015442502361398753,
36.855299297164834,1.0942419359745372,328.8427555400115,8.194913318086492,1.741770728047527,10.041662929864401,0.010276277153789943,
36.54407651543033,1.3708230905616574,328.8427555400115,3.1122278173450013,2.765811545871202,3.7043205760011233,0.0013574932256122565,
36.64053665020833,1.469831869747594,328.8427555400115,0.9646013477799897,0.9900877918593665,0.05407006304068318,2.1621586804257186E-6,
36.72217790398713,1.2698176223165945,328.8427555400115,0.8164125377879827,2.000142474309996,8.074301069229648,0.00569115499827977,
37.315110216981,0.7860223051626747,328.8427555400115,5.929323129938666,4.837953171539198,19.7385847246278,0.03816573479107159,
37.76421064533167,0.008340581049083085,328.8427555400115,4.491004283506754,7.943628862117578,33.97382698311446,0.11916715781633004,
38.1212612507195,0.8363620816684829,328.8427555400115,3.570506053878262,8.280215006193998,48.91313692025733,0.27026391824750007,
38.35506175226067,1.781480040381041,328.8427555400115,2.3380050154116816,9.45117958712558,63.24426277667044,0.4958413346612632,
38.327346607627305,2.758908909013769,328.8427555400115,0.2771514463336189,9.774288686327282,71.83544354562116,0.6749881075666408,
38.12081672722968,3.614159286292079,328.8427555400115,2.0652988039762477,8.552503772783098,72.27052117612232,0.6933054706899713,
37.65279783530252,4.280400656978088,328.8427555400115,4.680188919271586,6.662413706860093,72.26861333779226,0.7034452912540191,
36.95507560064664,4.872673121091395,328.8427555400115,6.977222346558847,5.9227246411330725,72.97244314259189,0.7291065669217551,
36.20631027404022,5.378799535823703,328.8427555400115,7.4876532660641715,5.061264147323072,72.57515021010988,0.7212741219761981,
35.26361017544343,5.781233058222483,328.8427555400115,9.42700098596788,4.024335223987805,72.68214341058467,0.7297201769537363,
34.25623357771076,6.306941881252158,328.8427555400115,10.07376597732673,5.257088230296745,74.17199378352876,0.7707676675557261,
33.36348426203381,6.717544218121617,328.8427555400115,8.927493156769515,4.1060233686945935,73.07181773874987,0.7394322017747791,
32.310599836717415,7.05988983817312,328.8427555400115,10.528844253163925,3.4234562005150337,73.60287717827674,0.7571486176269133,
31.25820079724747,7.351066679735197,328.8427555400115,10.523990394699467,2.91176841562077,73.03616393537766,0.7424211051280825,
30.2224305295897,7.466694778647877,328.8427555400115,10.357702676577674,1.1562809891267989,73.15186816609838,0.7442911427530331,
29.119632330639092,7.615010744054075,328.8427555400115,11.027981989506088,1.4831596540619785,73.30942291095937,0.7499807956388059,
27.97377386738674,7.697498311854588,328.8427555400115,11.458584632523525,0.8248756780051281,73.22317268654245,0.7480544804284356,
26.87607383542081,7.6539252466374705,328.8427555400115,10.977000319659282,0.43573065217117346,73.95931031570854,0.7662807642357063,
25.67270677851741,7.572170402759809,328.8427555400115,12.03367056903403,0.8175484387766119,73.44024341938763,0.7543832111186213,
24.003562819068975,6.915503989441049,328.8427555400115,16.691439594484336,6.566664133187601,79.81689444414059,0.9433214386043612,
20.875452385539802,7.635201856473373,328.8427555400115,31.28110433529173,7.196978670323233,70.93232106070246,0.6900413118805023,
14.516884668264083,10.695407916359073,328.8427555400115,63.58567717275719,30.60206059885701,96.44116024318294,1.0,
2.9989237327690716,17.347246171941862,328.8427555400115,115.17960935495012,66.51838255582788,127.289473822469,1.0,
9.893093165194387,23.616747930884145,328.8427555400115,128.92016897963458,62.69501758942283,113.6326207339522,0.9480257474979795,
18.946938099113027,23.842638978940812,328.8427555400115,90.5384493391864,2.2589104805666693,78.63546962099633,0.6303077123800732,
11.2912421239497,18.717720779840732,328.8427555400115,76.55695975163326,51.249181991000796,63.677664867373096,0.35421977190131815,
3.9395937281062743,11.943528216895146,328.8427555400115,152.30835852055975,67.74192562945586,74.15663147300904,0.08467053188315554,
14.679953155606995,8.230062445433845,328.8427555400115,107.40359427500721,37.13465771461301,118.3032587553032,1.0,
16.06692465036042,5.725846930331272,328.8427555400115,13.869714947534248,25.042155151025725,127.59630453675584,1.0,
10.783534803353973,2.5483178724198297,328.8427555400115,52.83389847006447,31.775290579114426,42.52453765557448,0.1549741289242336,
6.150109155776931,0.8953009438299091,328.8427555400115,46.33425647577042,16.530169285899206,13.103874234865316,0.009278548725490011,
3.8809207004525206,0.42200798716905297,328.8427555400115,22.69188455324411,4.732929566608561,11.9623942884067,0.011602069844217208,
3.0765520348455766,0.08141881248255345,328.8427555400115,8.04368665606944,3.405891746864995,1.956515605079403,3.091868596907756E-4,
2.5291764347221033,0.10377996954454716,328.8427555400115,5.473756001234733,1.851987820271006,2.590833071800489,5.639026427420525E-4,
2.313682501643143,0.20668650170784986,328.8427555400115,2.1549393307896025,1.029065321633027,3.7479718769770898,0.0012007759428329736,
2.277469891512169,0.15015466685790102,328.8427555400115,0.362126101309741,0.5653183484994884,2.2434714717098814,4.254291259146162E-4,
2.1617326419976735,0.14623169097717437,328.8427555400115,1.1573724951449549,0.039229758807266535,2.020393417556079,3.4584463414361516E-4,
2.0839073810733453,0.27533829521740927,328.8427555400115,0.7782526092432818,1.291066042402349,2.315027066135258,4.533685034214334E-4,
2.6659951199475245,0.14256959123346746,328.9709236735246,0.11798818882311934,0.1937015277513865,2.602147324933526,5.724760829827144E-4,
2.6437148587131105,0.18190281735328995,328.9709236735246,0.22280261234413956,0.39333226119822484,0.059906092294568225,3.156814266550256E-7,
2.638779779299284,0.1921324347960649,328.9709236735246,0.049350794138263154,0.10229617442774952,0.02630215833278271,5.945740006189759E-8,
2.631237553638016,0.21182492655924534,328.9709236735246,0.07542225661268276,0.19692491763180442,0.06111474502858982,3.1746296285609227E-7,
2.625158122665084,0.22763010963114994,328.9709236735246,0.06079430972931732,0.15805183071904594,0.050710051427813596,2.1856572933744686E-7,
2.623720129742196,0.2309583893216427,328.9709236735246,0.014379929228880428,0.033282796904927636,0.009593775005214411,7.872423983087603E-9,
2.6229854220924835,0.23210117953391318,328.9709236735246,0.0073470764971261815,0.011427902122704836,0.002361613262564788,4.901931050444729E-10,
2.6223521488062715,0.2330414760831161,328.9709236735246,0.006332732862119883,0.009402965492029125,0.0015494693832351913,2.1458141951755437E-10,
2.6217389200805883,0.23430433002332052,328.9709236735246,0.006132287256832569,0.012628539402044225,0.00436389159403916,1.6256037191444395E-9,
2.6215143310058693,0.23473838741955433,328.9709236735246,0.00224589074719006,0.004340573962338112,2.1045380890427623E-4,4.4529087961582755E-12,
2.62124383859134,0.23543625493459786,328.9709236735246,0.002704924145291443,0.006978675150435265,0.00342609989615994,9.912063362202701E-10,
2.6210605340268103,0.23615821288422012,328.9709236735246,0.0018330456452986255,0.00721957949622265,0.0034271934271146165,9.879558575458715E-10,
2.620625444038069,0.2368996038373723,328.9709236735246,0.004350899887413107,0.007413909531521767,0.003121955239748786,8.313054122209352E-10,
2.6203393094141347,0.2373595926277119,328.9709236735246,0.0028613462393423106,0.004599887903395938,5.943363424876225E-4,3.200516307821309E-11,
2.6198314598811976,0.23831685676398706,328.9709236735246,0.005078495329371435,0.00957264136275171,0.003468731661655511,1.0279267877569361E-9,
2.6193722371690455,0.23877405111497296,328.9709236735246,0.004592227121520409,0.004571943509859011,8.559230104765447E-4,6.671764066329545E-11,
2.618908157936744,0.2395600607268591,328.9709236735246,0.004640792323016285,0.007860096118861293,1.889524116904795E-4,4.456091472998853E-12,
2.6185272609551475,0.24015007235826147,328.9709236735246,0.003808969815963792,0.005900116314023762,0.0025393818248176103,5.509004891856923E-10,
2.618081767907256,0.24085577983061057,328.9709236735246,0.004454930478914321,0.007057074723491041,0.0022841239490389853,4.493547113990752E-10,
2.6183984454552274,0.24134111053399465,328.9709236735246,0.003166775479712669,0.004853307033840792,0.0023044742056299583,4.526662660107334E-10,
2.618100632256528,0.24230894092892186,328.9709236735246,0.0029781319869925937,0.009678303949272049,0.0035481465801012746,1.0650289843425754E-9,
2.610319102339531,0.40763715382217924,329.0131181429988,0.17404123760911716,1.835844482849609,0.39992707210558365,1.3227529748034956E-5,
0.3050771306068327,0.2454783616629186,329.0131181429988,23.052419717326984,1.6215879215926066,5.958245806165223,0.002280906357352144,
22.185800141140476,2.150650011382794,329.0131181429988,224.90877271747308,23.961283730457126,40.81677486648516,0.039075379199800864,
50.387951593511616,4.849332712481356,329.0131181429988,282.0215145237114,69.9998272386415,23.903798319786915,0.18486409246469476,
68.40699049638692,13.525674631025993,329.0131181429988,180.1903890287531,86.76341918544637,15.95791459703662,0.0012835197938534586,
57.05531178987724,18.017829184448743,329.0131181429988,113.51678706509688,44.921545534227505,12.286016500673895,0.011551261336202179,
23.760731278726666,7.132102118317363,329.0131181429988,332.9458051115057,108.8572706613138,18.748038665476656,1.0,
18.78354611934401,7.9478918687212285,329.0131181429988,425.44277398070676,150.7999398703859,55.17447422627015,1.0,
48.12333014574176,20.4708643857187,329.0131181429988,293.3978402639775,125.2297251699747,71.70776836185325,0.09191077995978052,
56.458259540364566,21.977582696388282,329.0131181429988,83.34929394622804,15.067183106695836,71.3342724786537,0.7612363328473832,
46.01023620862725,14.775951503300433,329.0131181429988,104.48023331737318,72.01631193087849,21.280023219044892,0.017690565269339206,
31.23233012126275,5.918431760133842,329.0131181429988,147.779060873645,88.57519743166591,40.80484532106709,0.006832371314517206,
0.7067846564938236,2.4481103010573406,329.0131181429988,305.25545464768925,83.66542061191183,80.8787175451289,0.29091723901781724,
32.55493366527003,14.35335160857727,329.0131181429988,332.6171832176385,119.0524130751993,73.6542090854249,1.0,
63.50252806057779,23.39412423567626,329.0131181429988,309.4759439530776,90.40772627098988,52.03402475540827,0.10440004016508263,
98.56476243171926,28.281728500095824,329.0131181429988,350.6223437114147,48.87604264419565,37.09755522634396,1.0,
115.10181335151901,27.895254328447407,329.0131181429988,165.37050919799754,3.8647417164841613,8.679604829554819,0.05125567851722475,
105.7392083834959,26.96456444405655,329.0131181429988,93.62604968023106,9.306898843908584,34.41983803924245,0.2711334062296847,
76.99129519992721,15.582349120199211,329.0131181429988,287.479131835687,113.82215323857338,53.172521037549814,0.03458927006252963,
44.54170676917681,1.784963425978276,329.0131181429988,324.49588430750396,137.97385694220935,47.10510259486455,1.0,
8.147657231936705,14.082775069249436,329.0131181429988,526.8936400111352,158.67738495227712,11.799167406381912,1.0,
47.66505879345368,25.682018454777563,329.0131181429988,395.17401561516976,115.99243385528126,7.9817981064195465,1.0,
78.34668345134946,27.99127460789461,329.0131181429988,306.8162465789578,23.092561531170475,2.4967288838479362,0.19839653005582894,
100.54265423930713,26.000285523724756,329.0131181429988,221.95970787957663,19.90989084169854,18.821325510266433,0.01138558874152999,
115.58280973885257,25.639182959224087,329.0131181429988,150.4015549954545,3.6110256450066913,33.09184875273502,0.261108896159586,
112.58897656732336,22.196264141035357,329.02494871304646,29.96635288700304,34.4630587622305,37.86049197129671,0.20355136957148828,
93.8176397620922,13.192248435748837,329.02494871304646,187.71336805231158,90.0401570528652,12.020095178422707,6.850355390952939E-4,
70.70348599420845,4.443711921277924,329.02494871304646,231.1415376788375,87.48536514470914,46.329559397460116,9.259082017411797E-5,
40.784953074901296,0.24174250915487505,329.02494871304646,299.18532919307154,42.019694121230486,58.39053829946806,0.12836867428546778,
2.056360123717127,1.6389760138504812,329.02494871304646,387.2859295118417,18.807185230053562,61.18192257832902,1.0,
36.68930211328882,4.248336588625506,329.02494871304646,387.45662237005945,26.093605747750246,48.79371979319217,1.0,
71.19070208867197,5.560775051031783,329.02494871304646,345.0139997538315,13.12438462406277,24.200398609946205,1.0,
96.13921030321853,7.221447519322936,329.02494871304646,249.48508214546564,16.606724682911533,0.33632667492668133,0.027244212348779204,
101.74606101799986,5.602062189159739,329.02494871304646,56.06850714781331,16.193853301631975,22.774660157019753,0.11240393461546459,
82.59981270544051,1.7044973003406767,329.02494871304646,191.4624831255935,73.06559489500415,28.21414657369587,0.011026923577844959,
54.22977367634064,10.998778382432477,329.02494871304646,283.7003902909987,92.942810820918,22.555691892428626,0.19670987873331602,
23.511889744768155,21.698485271942104,329.02494871304646,307.1788393157249,106.99706889509628,19.27271200808832,0.470680235978493,
1.6375799677122131,28.527001269352382,329.02494871304646,251.49469712480368,68.28515997410278,6.460874678119239,0.3400391462300359,
16.252333034831963,28.23480817386016,329.02494871304646,146.1475306711975,2.9219309549222316,74.1636766703175,0.20614588391982624,
16.077836364065774,24.449021934726545,329.02494871304646,1.744966707661888,37.85786239133614,77.25903912788965,0.8540965350886277,
28.28845444721685,24.451679045717952,329.02494871304646,122.10618083151076,0.026571109914073077,2.8792550550485885,0.0064464875925859385,
61.423653288833975,39.146276739087085,329.02494871304646,331.35198841617125,146.94597693369133,216.26339453267633,1.0,
75.11796324700344,44.71762907651865,329.02494871304646,136.9430995816947,55.71352337431563,434.21505563514756,1.0,
58.089994379178506,43.046938086644104,329.02494871304646,170.27968867824939,16.706909898745437,542.1166942324703,1.0,
45.95335069412613,26.174911492888754,329.02494871304646,121.36643685052377,168.7202659375535,99.98517002042234,0.3237875933867859,
55.77051736323756,13.679235684691747,329.02494871304646,98.1716666911143,124.95675808197007,384.62103046834926,1.0,
56.26419323276309,11.991231024714295,329.02494871304646,4.936758695255321,16.880046599774516,350.6940554682427,1.0,
51.758620872899314,11.467633841877586,329.02494871304646,45.05572359863777,5.235971828367099,192.85612120142048,1.0,
43.840866965086775,12.901188783273653,329.02494871304646,79.17753907812539,14.335549413960678,141.41091615544838,1.0,
37.59302168647264,14.435738875886642,329.02494871304646,62.47845278614136,15.345500926129887,72.06616305309808,0.7258900586078442,
33.49512183187892,17.0597004720033,329.02494871304646,40.9789985459372,26.239615961166578,43.79686714537115,0.23055610940687513,
31.632415942639568,21.084652592672768,329.02494871304646,18.627058892393507,40.24952120669468,28.49035596784745,0.08789553751681278,
31.899006940485492,26.803501594424887,329.02494871304646,2.66590997845924,57.18849001752119,18.88493343607422,0.031986847298662614,
33.27296002800756,32.901816392180876,329.02494871304646,13.73953087522068,60.983147977559895,13.323468697972203,0.01951409591105218,
34.428884225234924,37.484442609503446,329.02494871304646,11.55924197227364,45.8262621732257,8.581794406711651,0.011669082303069948,
34.676671864801506,39.934398881735916,329.02494871304646,2.4778763956658167,24.499562722324697,3.814267488918972,0.0031118815661530796,
34.064774909475545,40.318975451762185,329.02494871304646,6.118969553259603,3.845765700262689,1.892505935334725,6.879695586775983E-4,
4.557872036514368,2.2341959324542415,329.13699013073006,8.294516454410541,1.5824901603465946,1.4918281647908316,1.9088091166082362E-4,
4.291018598306437,1.8808949570477864,329.13699013073006,2.668534382079315,3.533009754064551,1.3339421807052076,1.5470437924800968E-4,
4.22684594427858,1.4300864105726134,329.13699013073006,0.6417265402785688,4.50808546475173,0.7477219688308878,4.618401066278292E-5,
4.250611982153828,1.1310725054290174,329.13699013073006,0.23766037875248003,2.9901390514359605,0.1642361476348242,2.23352700588032E-6,
4.328657190264948,0.7477151903972867,329.13699013073006,0.780452081111207,3.8335731503173065,0.1134896603798552,9.911768173920738E-7,
4.319608768576018,0.5431098649468709,329.13699013073006,0.0904842168893083,2.0460532545041588,0.27926750448273197,6.4041725825616145E-6,
4.178235616177744,0.4718170239000301,329.13699013073006,1.413731523982733,0.7129284104684075,0.40932773606982664,1.5005082750902884E-5,
4.116834855435741,0.43960437449916867,329.13699013073006,0.6140076074200351,0.3221264940086144,0.013489207094607991,3.6176753955035714E-8,
4.065242378330595,0.41103896383643246,329.13699013073006,0.5159247710514592,0.2856541066273621,0.11216125799933252,1.1644155009970329E-6,
4.017374622867578,0.38159631031811614,329.13699013073006,0.4786775546301669,0.2944265351831632,0.04694476768520417,2.3029884584477858E-7,
4.001756625285566,0.3515708329087204,329.13699013073006,0.15617997582012322,0.3002547740939576,0.14614560195354898,1.8255806457296343E-6,
3.963013711728877,0.32728807770084245,329.13699013073006,0.3874291355668902,0.24282755207877926,0.13892956944403068,1.7122521277650372E-6,
3.9360912522955687,0.3034566040098525,329.13699013073006,0.26922459433308177,0.23831473690989924,0.02691422040697944,7.554971900488608E-8,
3.9117065998260614,0.2845946481573094,329.13699013073006,0.24384652469507273,0.18861955852543133,0.039022413847078496,1.4612477008774685E-7,
3.8920098611921503,0.2653198848152556,329.13699013073006,0.19696738633911082,0.19274763342053802,0.016849799905003238,3.068185586700941E-8,
3.8727512603185232,0.24805265645721875,329.13699013073006,0.19258600873627074,0.17267228358036846,0.05482123210242662,2.710423078026226E-7,
3.8516546968550074,0.22847598379036071,329.13699013073006,0.2109656346351585,0.1957667266685803,0.0027781637112411772,2.295439470926199E-9,
3.838893723696856,0.21211342135222822,329.13699013073006,0.127609731581515,0.163625624381325,0.03867160625532051,1.3425585959461104E-7,
3.867655443509989,0.14274236604163093,329.13699013073006,0.28761719813132913,0.6937105531059728,0.08674044337510622,6.666270314802706E-7,
3.847538028851318,0.15240052587151354,329.13699013073006,0.20117414658670896,0.09658159829882607,0.05525592790775136,2.754364360605254E-7,
3.8404354675993773,0.14389788846270335,329.13699013073006,0.07102561251940642,0.08502637408810187,0.04480040541693597,1.7311339453793723E-7,
2.895635691240841,1.401406387325153,328.9316019751287,0.11319662349023929,0.1168659470130251,0.04889866668236209,2.1092720047583887E-7,
2.9090470024694923,1.3638453765669283,328.9316019751287,0.13411311228651357,0.3756101075822471,0.036663542409201,1.2760256181080083E-7,
3.5474394845942925,0.36484763240730445,328.9316019751287,6.3839248212480015,9.989977441596238,0.586908400105699,1.711087610211457E-5,
5.601662101538409,2.7678122428856398,328.9316019751287,20.542226169441165,31.326598752929442,0.4866441113676956,8.794822128092947E-5,
9.050745742631648,8.135887824825517,328.9316019751287,34.49083641093239,53.68075581939877,0.17473859168717354,0.001120165009033791,
13.504981758933468,15.226809548708303,328.9316019751287,44.5423601630182,70.90921723882786,0.44057851541026594,0.002057013747823337,
17.41791387443277,22.10954184606291,328.9316019751287,39.12932115499302,68.82732297354607,0.026973549533408914,6.280540394390632E-4,
19.96819477277461,26.643736920566,328.9316019751287,25.50280898341839,45.341950745030886,0.8131076960228256,3.055008760442001E-4,
21.394043160618025,29.279726584187173,328.9316019751287,14.258483878434163,26.359896636211744,0.13758277617966996,3.462955666793514E-4,
21.739094206984305,30.015344347440475,328.9316019751287,3.450510463662795,7.356177632533019,0.3730165285719522,1.1254985368181276E-4,
21.5870521092628,29.728945431635637,328.9316019751287,1.5204209772150534,2.8639891580483834,0.6097035952814167,7.414374467635563E-5,
21.59969974955618,29.849304341107228,328.9316019751287,0.1264764029338039,1.203589094715909,0.16867713802753315,6.5576352140508946E-6,
21.910631797952533,30.39173431413647,328.9316019751287,3.109320483963529,5.424299730292432,0.7306550506638132,1.560263061677198E-4,
22.098452860321913,30.825344681254947,328.9316019751287,1.8782106236938034,4.336103671184759,0.25301211624707776,4.606473598699891E-5,
22.41692938945073,31.393454706591626,328.9316019751287,3.1847652912881586,5.681100253366793,0.5458311279539885,1.2588644033069795E-4,
22.61180341776742,31.6642010635706,328.9316019751287,1.9487402831668987,2.707463569789752,0.7468741207173935,1.0319748152024194E-4,
22.600794613358175,31.62726148323371,328.9316019751287,0.11008804409243567,0.3693958033689171,0.007248135788699983,2.0320291398402536E-7,
22.59994522781699,31.626680529491267,328.9316019751287,0.008493855411870754,0.005809537424426026,0.016185508263220072,2.4294367980399565E-8,
22.594987524098087,31.622762051358123,328.9316019751287,0.0495770371890103,0.039184781331442764,0.04883279057708023,2.538155129040414E-7,
22.58968820387929,31.611169976554905,328.9316019751287,0.05299320218796311,0.11592074803218111,0.00852766387538395,4.386786827633326E-8,
22.586486006424707,31.608165978480073,328.9316019751287,0.03202197454584166,0.030039980748313155,0.01899164035251033,4.69003894250866E-8,
0.43635088874634675,1.5455325692493886,328.82907605746726,0.01570390056258475,0.009185022057920378,0.024566124573652814,5.049662994034958E-8,
0.46414362249902297,1.4913306321265623,328.82907605746726,0.27792733752676213,0.5420193712282639,0.041178570395459246,1.5728260631595747E-7,
1.3427767755051718,0.0861771772714377,328.82907605746726,8.786331530061489,15.77507809398,1.176927295718997,4.331792711972131E-5,
3.4217732813249313,4.035131399873777,328.82907605746726,20.789965058197595,39.48954222602339,1.9385610794870445,1.2908544450792075E-5,
6.301940483918543,9.62128829799535,328.82907605746726,28.801672025936114,55.861568981215726,2.4213089774042373,1.6237767236069973E-4,
8.76274608636652,14.581643970258611,328.82907605746726,24.608056024479765,49.60355672263262,1.0043206749946876,5.311786347975905E-5,
10.320292629518349,17.698407571186223,328.82907605746726,15.575465431518296,31.167636009276123,0.3873740899786071,4.1612919184695766E-5,
10.941619499190892,18.72828208696528,328.82907605746726,6.213268696725436,10.298745157790563,0.3797940304036729,7.55781889775603E-5,
10.93477550999171,18.685688992081964,328.82907605746726,0.06843989199182943,0.4259309488331553,0.2506362359179093,6.335376172502116E-6,
10.916031343043073,18.666845985744644,328.82907605746726,0.1874416694863612,0.1884300633732039,0.10410546448724745,1.2075050292472582E-6,
10.962424621647983,18.824668829915638,328.82907605746726,0.4639327860490994,1.578228441709939,0.3849802034130789,1.961137068158269E-5,
11.029751317654359,19.043746973259516,328.82907605746726,0.6732669600637564,2.1907814334387865,0.18064199174375517,8.58179883253183E-6,
11.09172924865004,19.266454290050106,328.82907605746726,0.6197793099568116,2.2270731679058997,0.15341658761315102,7.277685324333146E-6,
11.121459489113022,19.37872910988395,328.82907605746726,0.29730240462981783,1.122748198338428,0.06498734686033458,1.5989136018986953E-6,
11.121618721020809,19.377802243325576,328.82907605746726,0.0015923190778721619,0.009268665583732627,0.007339176862615204,5.198355411659863E-9,
11.121635630947594,19.377972928752527,328.82907605746726,1.6909926785046991E-4,0.0017068542695142241,0.0076807689208635566,5.001152042308117E-9,
11.120671783934881,19.378259022034044,328.82907605746726,0.00963847012712904,0.0028609328151674163,0.014393960989309562,1.8282515687691124E-8,
11.119252840589866,19.378062358692887,328.82907605746726,0.014189433450155775,0.0019666334115697737,0.022500129012996695,4.399663278998272E-8,
11.116847010950323,19.377750877512653,328.82907605746726,0.024058296395423895,0.003114811802333861,0.03288017557679268,9.466351496852421E-8,
