8.934606643083043,9.31879121468815,153.50868948436522,7839.850447124956,93.18791214688126,938.1663900561529,1.0,
8.882341042395524,9.330559323607092,153.50868948436522,0.5226560068751951,0.11768108918941422,0.11881337089420185,9.1018004211832E-6,
8.522895153100876,9.319458687827307,153.50868948436522,3.594458892946477,0.11100635779785151,2.23557098069449,0.0022434794516661954,
6.928087002501343,9.30706397529043,153.50868948436522,15.948081505995333,0.12394712536877961,10.188770298900636,0.04389852847174561,
5.588538365366162,9.45343338458667,153.50868948436522,13.395486371351808,1.4636940929624132,15.832037793460074,0.11733856898177292,
5.137490178714302,10.608324141993418,153.50868948436522,4.510481866518603,11.54890757406747,13.712821877046508,0.09233327899019012,
5.328776451511203,14.051013704381496,153.50868948436522,1.9128627279690136,34.42689562388079,1.1923841855298178,1.0756099388136475E-4,
5.9853084754774954,20.804457046418246,153.50868948436522,6.565320239662924,67.53443342036749,19.893270563765668,0.08155945336495773,
6.909453095309345,30.532028225495445,153.50868948436522,9.2414461983185,97.275711790772,42.98734357358171,0.40923129876508796,
7.500291247976747,42.49114033179956,153.50868948436522,5.90838152667402,119.59112106304121,65.94034381964434,1.0,
6.815805120702521,55.1069717382026,153.50868948436522,6.844861272742264,126.15831406403039,82.74966386519907,1.0,
5.614898343692516,67.10407199987031,153.50868948436522,12.009067770100046,119.97100261667704,90.01495409426752,1.0,
4.282394998428231,78.54504360509347,153.50868948436522,13.325033452642856,114.40971605223154,96.71207189774748,1.0,
2.6484829839095028,89.45788611273751,153.50868948436522,16.33912014518728,109.12842507644044,96.07670757201731,1.0,
0.8489440393163932,99.82432534314583,153.50868948436522,17.995389445931096,103.66439230408318,99.05649373513882,1.0,
1.40146886412208,109.55205012164188,153.50868948436522,22.504129034384732,97.27724778496054,100.63306264944174,1.0,
4.134069440506551,118.88715149660555,153.50868948436522,27.326005763844705,93.3510137496367,101.67496164771791,1.0,
6.988727447980864,127.76473561053412,153.50868948436522,28.546580074743133,88.77584113928563,102.26683106291432,1.0,
10.175435229426284,136.39713354013938,153.50868948436522,31.867077814454206,86.32397929605261,105.3166562150355,1.0,
13.775704222269383,145.05146668619082,153.50868948436522,36.00268992843098,86.54333146051442,112.56719830177673,1.0,
17.349484723452974,152.93370127751854,153.50868948436522,35.73780501183592,78.82234591327716,106.7392208867949,1.0,
21.18846397002153,160.41319092633793,153.50868948436522,38.38979246568556,74.79489648819396,108.00288409510301,1.0,
25.375481952408222,167.36905076559455,153.50868948436522,41.87017982386692,69.55859839256618,110.75213754788365,1.0,
29.8659235349686,174.00485872662753,153.50868948436522,44.90441582560379,66.35807961032981,111.63169865496513,1.0,
34.457174034160516,180.33127753324243,153.50868948436522,45.91250499191915,63.26418806614896,112.25525707282145,1.0,
38.61950649228788,185.79167433163585,153.50868948436522,41.623324581273664,54.60396798393418,106.82825223320606,1.0,
42.17020013437275,189.94763677220826,153.50868948436522,35.50693642084866,41.559624405724094,92.37301534283404,1.0,
44.56257767661805,192.46745359610745,153.50868948436522,23.92377542245299,25.19816823899191,66.16577907875296,0.9100771898021633,
45.43998620919024,193.48848317244995,153.50868948436522,8.774085325721899,10.210295763424995,39.668158624771195,0.1958432104302953,
45.73430108488799,193.35074277772938,153.50868948436522,2.943148756977507,1.3774039472056643,16.2642904983511,0.019783889180268834,
45.829712342398125,192.24179734802746,153.50868948436522,0.9541125751013624,11.089454297019188,0.3887811103754757,0.01207047743372895,
45.98127269541544,192.06514154836077,153.50868948436522,1.5156035301731663,1.7665579966669043,2.850406510885932,0.001688753187191255,
45.79170078692732,192.25586726757447,153.50868948436522,1.8957190848811933,1.907257192137024,0.9327936128511283,8.294028463527421E-4,
45.82057933638987,192.13046295312427,153.50868948436522,0.288785494625472,1.2540431445020772,1.3361845580698173,4.919179051721376E-4,
45.656704385419744,191.7926036330512,153.50868948436522,1.638749509701256,3.3785932007307906,2.0991292206315393,0.0026055343827930144,
45.33913023253274,191.11945933838095,153.50868948436522,3.1757415288700486,6.731442946702373,5.9956123569469355,0.013895352451030194,
45.12919891177103,190.19531597060666,153.50868948436522,2.099313207617115,9.241433677742918,9.77724791650985,0.029616910219683292,
45.10639322040197,188.92936607705144,153.50868948436522,0.22805691369057968,12.659498935552165,12.161332717369078,0.05028812148147688,
44.94255073754323,187.61064284453542,153.50868948436522,1.6384248285874037,13.18723232516021,13.259875494734956,0.05975345727432318,
44.835892256990974,186.15283573490453,153.50868948436522,1.0665848055225524,14.578071096308918,13.790219204412324,0.06977030726414268,
44.755685317671805,184.7232453175796,153.50868948436522,0.8020693931916867,14.295904173249312,12.964830745239624,0.0646096518928308,
44.70835646852993,183.3148788127253,153.50868948436522,0.4732884914187707,14.083665048542855,12.840468171131647,0.06301587198318784,
44.609043616111876,181.85814258547094,153.50868948436522,0.9931285241805199,14.567362272543676,13.051062087000105,0.06814248235507539,
44.53854389193805,180.44663019041454,153.50868948436522,0.7049972417382833,14.115123950564055,12.747635419311791,0.06435906288771351,
44.49677400388907,178.94449435430363,153.50868948436522,0.4176988804897519,15.021358361109094,12.71485212167363,0.06958608527165154,
44.440080909794005,177.50940997624477,153.50868948436522,0.5669309409506695,14.350843780588605,11.978797916598296,0.06306792643610046,
44.36112720448318,176.02561663752857,153.50868948436522,0.7895370531082335,14.837933387161968,12.07277618304829,0.0672138625096345,
44.27443332294138,174.56350378262533,153.50868948436522,0.8669388154180524,14.621128549032392,11.5570761528204,0.06418017550035424,
44.268763527939655,173.04249469903496,153.50868948436522,0.056697950017223775,15.210090835903713,11.586852147208901,0.06698597619896127,
44.201902629605456,171.71949460813622,153.50868948436522,0.6686089833419828,13.23000090898745,9.968745454114014,0.05033542433408722,
44.24848580918456,170.53872346657673,153.50868948436522,0.4658317957910185,11.807711415594895,7.916826112862054,0.03592140203549113,
44.19463849618296,169.8693681189359,153.50868948436522,0.5384731300159729,6.6935534764081694,4.65086523171351,0.011463646052356098,
44.146193934940584,169.56721824754288,153.50868948436522,0.4844456124237695,3.0214987139302707,1.4815560234757186,0.0018192082017010182,
44.13020410961633,169.47313407644683,153.50868948436522,0.15989825324254525,0.9408417109605693,0.44098699150765697,1.6922339232610498E-4,
44.12486750238247,169.43463567139477,153.50868948436522,0.05336607233857649,0.3849840505205293,0.05518684861328893,1.7747556466346755E-5,
0.4865540759557234,0.3262882073017863,327.99204917724825,0.002202970990765607,0.06937089534659435,0.06387752079149323,3.421852229263334E-7,
0.48622955490930053,0.32352584674450213,327.99204917724825,0.003245210464228876,0.027623605572841825,0.04383661330734867,1.6103304292314063E-7,
0.4768635202784708,0.3217660853001121,327.99204917724825,0.09366034630829745,0.01759761444390051,0.37028009294886033,1.1504908888185754E-5,
0.4737042672636562,0.3289327995844644,327.99204917724825,0.03159253014814567,0.07166714284352338,0.01503048246547678,1.917462190979709E-8,
0.548795255112168,0.25920893924612187,327.99204917724825,0.7509098784851176,0.6972386033834255,0.03363255422812017,9.581791535093626E-8,
1.0635942969273628,0.18702497118215433,327.99204917724825,5.147990418151949,4.462339104282762,0.47564504480988035,1.5082698283128311E-5,
1.898058187087372,0.669697979242386,327.99204917724825,8.344638901600092,4.826730080602317,3.537620493276563,0.0010188714920839753,
1.9702694286570477,1.1289734872987083,327.99204917724825,0.7221124156967562,4.592755080563222,13.861991586133513,0.017488610913965273,
1.6551731779463807,1.6036672938018626,327.99204917724825,3.1509625071066694,4.746938065031543,24.978338899547907,0.06109053390040914,
1.2151004187679746,2.083740010307821,327.99204917724825,4.400727591784062,4.800727165059584,22.69230004523763,0.04962554343649308,
0.8291970862785547,2.4903602738796735,327.99204917724825,3.859033324894199,4.0662026357185255,16.148442201860007,0.024106655684977628,
0.4329798517286463,2.9176230631910585,327.99204917724825,3.9621723454990843,4.2726278931138495,10.790203740808693,0.010394955991643078,
0.1426457761973552,3.1101677298774746,327.99204917724825,2.903340755312911,1.9254466668641612,6.757780461925904,0.0039834807400435015,
0.0840243706735464,3.2743882499958374,327.99204917724825,2.266701468709016,1.6422052011836286,4.248089389684537,0.0015530786439878366,
0.1764207328114935,3.401170810696982,327.99204917724825,0.9239636213794711,1.2678256070114458,2.162404766944519,3.9999814005214657E-4,
0.25388440948563584,3.53186118343973,327.99204917724825,0.7746367667414233,1.306903727427482,1.68151191971333,2.4214765053348777E-4,
0.3227657495843914,3.6676316307917602,327.99204917724825,0.6888134009875557,1.3577044735203003,1.4491079115555294,1.8025027491791983E-4,
0.319486365910052,3.8029677606452594,327.99204917724825,0.03279383674339442,1.3533612985349919,0.7566426364837753,4.977045309333807E-5,
0.296390307209208,3.902102985374796,327.99204917724825,0.2309605870084397,0.9913522472953673,0.38731471143194085,1.3263782637370769E-5,
0.2795493720667537,3.9757530462518957,327.99204917724825,0.16840935142454327,0.7365006087709958,0.28515320618055284,7.210583777801633E-6,
0.25826779408578204,4.060795931504003,327.99204917724825,0.21281577980971633,0.8504288525210768,0.29724505626859354,7.885796711948762E-6,
0.24239099203418846,4.133645822918027,327.99204917724825,0.15876802051593586,0.728498914140232,0.3795949595894399,1.2623916142720212E-5,
0.22121301131255677,4.221200377854103,327.99204917724825,0.21177980721631684,0.8755455493607656,0.5736058441902969,2.8605105848905973E-5,
0.19735698476495145,4.316441132636726,327.99204917724825,0.23856026547605325,0.9524075478262262,0.7422222231542719,4.7695531230582835E-5,
0.18168452661382162,4.403436455063144,327.99204917724825,0.1567245815112983,0.8699532242641794,0.9779311665744217,8.22180175248048E-5,
0.17594276944407738,4.4703115478062045,327.99204917724825,0.05741757169744233,0.668750927430608,1.058053449546037,9.574948824613819E-5,
0.16811941281230247,4.522598122672463,327.99204917724825,0.07823356631774914,0.5228657486625821,0.9222970240534778,7.260661307121916E-5,
0.11090575792945856,4.672608995742365,328.01111199284276,0.31704995415907433,0.7790073856727986,1.0341903099725869,9.178021653394173E-5,
0.06550345622190434,4.747290354130882,328.01111199284276,0.45402301707554216,0.7468135838851708,0.8326299938693182,5.964066571156244E-5,
0.42743742670563734,5.540073810128206,328.01111199284276,4.929408829275417,7.927834559973235,1.6740772989595598,2.388476635150279E-4,
1.9897303905346462,8.019184556518866,328.01111199284276,15.622929638290088,24.7911074639066,1.6743164077314532,9.514479246040757E-5,
5.214122176282217,12.595430782609895,328.01111199284276,32.24391785747571,45.7624622609103,0.415367784731302,3.5802529161752547E-4,
9.468765888867551,18.675637159940635,328.01111199284276,42.546437125853345,60.802063773307395,0.32366668375061636,9.200431102663029E-4,
13.287255588561493,24.117890426275096,328.01111199284276,38.184896996939415,54.42253266334461,2.484517479921351,1.3803232750519967E-4,
15.919478409472163,27.612235684632083,328.01111199284276,26.322228209106697,34.943452583569865,4.924176372902025,0.0033289150257684494,
17.201964136500692,28.8189477446125,328.01111199284276,12.824857270285293,12.067120599804184,5.908398121374034,0.004429345129061983,
0.3267652027850545,4.410044942535535,327.89186050933745,1.320007902386351,4.8640049491334025,7.538814328952412,0.0050211241492633205,
0.4851367682039154,3.799663599078741,327.89186050933745,1.5837156541886088,6.10381343456794,3.477097765645567,0.0010411735358043692,
0.27069939767147844,4.005910705621119,327.89186050933745,2.1443737053243694,2.062471065423779,1.5986454037630438,2.1966399471734955E-4,
1.2115741067660792,6.358966872574769,327.89186050933745,14.822735044375577,23.530561669536496,0.37179247668007065,7.341549782355913E-6,
4.036501722868479,10.804005934408849,327.89186050933745,28.249276161024,44.450390618340805,0.5155523562700637,2.969972105788015E-4,
8.288978612624078,17.56718671563688,327.89186050933745,42.52476889755599,67.6318078122803,0.019946279971918557,0.001997752547829693,
13.099300467101784,25.1631994762525,327.89186050933745,48.103218544777064,75.96012760615622,0.37339237375022094,0.001402770340120612,
17.17781364001212,31.081419515582667,327.89186050933745,40.78513172910334,59.182200393301656,2.1750888131327883,3.456831900103656E-4,
19.773357917371754,34.41611598466376,327.89186050933745,25.95544277359636,33.34696469081095,6.03657035212791,0.006082930480111559,
21.146772410257995,35.382228753615095,327.89186050933745,13.734144928862406,9.661127689513336,5.257452305676225,0.0038889629793384577,
1.0339153851027731,3.9803382143168164,327.49837364856603,4.695351041049207,5.245494794419585,5.051786120627639,0.0022110189548265086,
1.0848919150699885,3.7161163430909454,327.49837364856603,0.5097652996721536,2.6422187122587104,2.422654429420845,5.083977688229238E-4,
1.4917920045701294,4.369898873572879,327.49837364856603,4.069000895001409,6.537825304819336,0.468358036233667,1.9675986914947925E-5,
3.0679673791250934,7.376925716785877,327.49837364856603,15.76175374554964,30.07026843212998,0.9604908843402882,4.944459688183689E-8,
5.773052089456655,12.465215989559198,327.49837364856603,27.05084710331562,50.88290272773321,1.1974261064460734,1.7617066747035054E-4,
8.879764925293784,18.238483958763524,327.49837364856603,31.067128358371292,57.73267969204326,0.38088119944291066,3.6851922518585633E-4,
11.741444365120628,23.017528004853943,327.49837364856603,28.61679439826844,47.79044046090419,0.620247662913016,5.935148625515726E-6,
13.477764456512318,25.070642255155178,327.49837364856603,17.3632009139169,20.531142503012347,2.3710987258016303,0.0010731044868113584,
1.3661392279818756,3.1086186719734457,327.53697489399235,6.515687270386934,2.317308730668657,4.993565306698429,0.002135534776901996,
1.5013202173045102,2.904255435612498,327.53697489399235,1.3518098932263456,2.0436323636094755,2.8012447727280687,6.769609961192066E-4,
1.8958274296790023,3.45970209798449,327.53697489399235,3.9450721237449216,5.554466623719918,0.948362798413882,7.759234388771214E-5,
3.2019256493268813,6.321366094890578,327.53697489399235,13.06098219647879,28.616639969060884,0.46184020830651207,1.1375575572700184E-5,
5.610871038060964,11.79479006840485,327.53697489399235,24.089453887340824,54.73423973514272,0.8733933918085768,3.978927891922515E-4,
8.703643215790976,18.578236941690733,327.53697489399235,30.92772177730012,67.83446873285882,1.3515283067226846,4.951453147329673E-4,
11.61083402369536,24.34435987176417,327.53697489399235,29.07190807904385,57.66122930073436,0.11518061976460103,7.163074850530719E-5,
13.129422021385949,26.991485849821515,327.53697489399235,15.18587997690588,26.47125978057346,3.0171766293341307,0.0016414152685613654,
13.609445859454922,27.238206877781792,327.53697489399235,4.800238380689734,2.4672102796027673,3.56870426950195,0.0013063537026597862,
1.6894562263283888,2.5569809634376526,327.3583534094041,2.0224856933702995,7.103510570834288,2.5135475759674364,5.31204842985624E-4,
1.7124418360700702,2.523035477356686,327.3583534094041,0.229856097416814,0.339454860809667,0.9531449697243488,7.730889596777709E-5,
2.00045146153775,3.2463253080120467,327.3583534094041,2.8800962546768005,7.232898306553608,0.4240093519808852,1.4902496808822057E-5,
3.026906437095022,6.358245168770075,327.3583534094041,10.264549755572716,31.119198607580287,1.0029205348149617,3.09055963730355E-7,
4.839641781318164,12.331467786867748,327.3583534094041,18.127353442231424,59.732226180976724,1.0875747393845359,4.516155088431443E-4,
7.268236222348833,20.455178935843854,327.3583534094041,24.285944410306683,81.23711148976106,1.2174138094263753,0.001381244559526966,
9.505735607627116,27.730796340582494,327.3583534094041,22.374993852782836,72.7561740473864,0.1716223873427225,2.8275253188309735E-4,
10.957894907119794,32.02703012094952,327.3583534094041,14.521592994926777,42.96233780367025,1.9286217301294073,0.001022498899027885,
11.622052567810897,33.70083940529743,327.3583534094041,6.6415766069110305,16.73809284347911,1.3602038044916753,6.698161542974683E-4,
1.4942470468256488,3.2146006647088683,327.4027935075186,1.7915924470878508,3.331115838458345,0.08805449754959227,9.63390863788974E-7,
1.5081471899250118,2.899559176694936,327.4027935075186,0.1390014309936305,3.150414880139323,0.4246981901980007,1.6152554103085522E-5,
1.709366166962127,3.6576050433660043,327.4027935075186,2.012189770371151,7.580458666710683,0.949274412705563,7.627843808347826E-5,
2.3828142909234202,6.615812283899487,327.4027935075186,6.734481239612933,29.582072405334827,1.326763665672388,2.693257701908553E-5,
3.8115562865349375,12.239575038184277,327.4027935075186,14.287419956115173,56.2376275428479,0.9736085998457611,2.972429909139204E-4,
5.618987073845574,19.996200410736826,327.4027935075186,18.074307873106363,77.56625372552548,1.0055239058686993,0.0010653106871457358,
7.231382050214279,26.70857331330453,327.4027935075186,16.12394976368705,67.12372902567705,0.728471942417741,4.2429851445809816E-5,
8.416550450511522,30.502602284269102,327.4027935075186,11.851684002972434,37.94028970964574,2.167583992344362,0.0010958352684856734,
8.871167381115129,31.404534164717063,327.4027935075186,4.546169306036063,9.01931880447961,1.7417475715490127,5.564573117201975E-4,
