8.127995110514917,141.18193032593007,329.7723119661656,179.19118899972204,1383.2766241119223,1367.5037713744043,1.0,
8.068098822738648,141.19392760210383,329.7723119661656,0.5989628777626876,0.11997276173758564,0.5545035518895247,4.646425167905845E-7,
8.084200346092189,141.20551910270086,329.7723119661656,0.1610152335354087,0.11591500597035065,0.3159509310876274,1.6481382525932026E-7,
8.146378520519875,141.25943434935067,329.7723119661656,0.6217817442768592,0.5391524664980807,2.209681327717874,7.353994112047367E-6,
7.931862829202942,141.62153360641878,329.7723119661656,2.1451569131693304,3.6209925706810964,10.35644923933603,1.829684236379098E-4,
7.8549090952489,141.06522130884667,329.7723119661656,0.7695373395404204,5.563122975721058,9.260971371083144,1.7402633725144845E-4,
7.002999396460723,139.96896267887257,329.7723119661656,8.519096987881767,10.96258629974102,4.137599800427267,9.712650162376894E-5,
5.470791425933271,137.58368171171878,329.7723119661656,15.322079705274518,23.852809671537898,24.781647289028683,0.0017414031085505165,
3.1170283835564305,134.0119439085829,329.7723119661656,23.537630423768405,35.71737803135875,48.1288435235075,0.00666894317264966,
1.0181468323241916,128.7977605925804,329.7723119661656,20.98881551232239,52.141833160025044,68.02681825355592,0.015940708607312688,
0.831957260370018,123.06390063166288,329.7723119661656,18.501040926942096,57.338599609175276,80.4806591516072,0.024082784130267036,
2.3340736471179753,117.10206015282466,329.7723119661656,15.021163867479572,59.61840478838212,84.64972130431505,0.027679579268588855,
3.5853907702270362,110.9064719172664,329.7723119661656,12.51317123109061,61.95588235558262,83.72273873258194,0.02737383610241218,
4.669545980299517,104.57494923897627,329.7723119661656,10.841552100724812,63.31522678290128,82.74897317843397,0.026672069977462066,
5.687665537299381,97.97125949367057,329.7723119661656,10.181195569998636,66.03689745305701,82.52281727952834,0.02650581637634653,
6.497007583679647,91.22518210327985,329.7723119661656,8.093420463802659,67.46077390390724,80.68020303686723,0.02482359104191006,
7.1183167076135305,84.35373214569171,329.7723119661656,6.213091239338837,68.7144995758814,78.34970945832737,0.02269727084390643,
7.609173175151227,77.30483928564797,329.7723119661656,4.908564675376965,70.48892860043736,78.9104781457408,0.022494561682774503,
7.813867120407167,70.135913054816,329.7723119661656,2.0469394525594,71.68926230831971,76.95156658814795,0.02043249507932342,
8.063583216730194,62.82366539486594,329.7723119661656,2.4971609632302716,73.1224765995006,77.1886818225056,0.019764523859765647,
8.075735770652273,55.53075710972587,329.7723119661656,0.12152553922078368,72.92908285140072,74.66874308621954,0.017379884861969695,
7.9929374688716734,48.11368956206718,329.7723119661656,0.827983017805991,74.1706754765869,73.39027291860873,0.01577699898017666,
7.684377997077831,40.00959185976208,329.7723119661656,3.08559471793842,81.04097702305097,76.8087240792164,0.016135359320807025,
7.367705939438224,32.431149947534834,329.7723119661656,3.1667205763960737,75.78441912227248,71.65877849154015,0.013015943635821299,
6.827848806441125,25.002465314769495,329.7723119661656,5.398571329970991,74.2868463276534,68.1158850946332,0.010787627807315943,
5.591326395681676,17.23253610371603,329.7723119661656,12.365224107594486,77.69929211053466,62.59201786569463,0.007739356709552829,
5.367492683792875,11.146294078260723,329.7723119661656,109.58819079474551,60.86242025455306,35.39062435793312,3.490807950102513E-4,
17.50318150300484,11.348905878403286,329.7723119661656,121.35688819211964,2.0261180014256297,25.884968274363587,1.4906703133824882E-4,
7.753897175973975,7.306460989739037,329.7723119661656,97.49284327030864,40.424448886642494,48.266514170011874,0.0022124353345664167,
17.91619817386197,3.900431091157344,329.7723119661656,256.70095349835947,112.06892080896381,49.369051383388864,0.0035777308336968666,
48.90801327695351,14.271063516419673,329.7723119661656,309.9181510309154,103.70632425262329,42.13162412422491,0.004868420389131483,
80.073032502974,21.400640100465523,329.7723119661656,311.6501922602049,71.2957658404585,20.952069574503867,0.002933188357819413,
98.11111524584499,22.48665585783658,330.2639246973804,183.60709298588517,17.970743685056334,92.1442149985694,0.024394487385203893,
91.40904966824894,15.984590839358532,330.2639246973804,67.02065577596045,65.0206501847805,116.43877435481443,0.05641185617369333,
68.57800017485158,5.798413173491099,330.2639246973804,228.3104949339736,101.86177665867433,129.02017326100292,0.009706138106617024,
37.6672064180201,8.646751371770932,330.2639246973804,309.1079375683148,144.4516454526203,138.79588807521202,1.0,
2.8391536966236117,23.93184126506634,330.2639246973804,348.2805272139649,152.85089893295407,119.15430550717304,1.0,
30.179932120167905,39.23137192269175,330.2639246973804,330.19085816791517,152.9953065762541,73.06994773829786,1.0,
67.9331961184505,52.67909938987893,330.2639246973804,377.5326399828259,134.47727467187178,21.241378642602626,1.0,
94.21099251643659,57.66592442656332,330.2639246973804,262.77796397986094,49.86825036684394,40.48900987379852,2.7256827362493477E-4,
108.29551855105444,55.44631425740715,330.2639246973804,140.84526034617852,22.196101691561694,99.72173090356648,0.04527597358383106,
100.13845034293536,46.68728065691238,330.2639246973804,81.57068208119085,87.59033600494774,146.22095304284414,0.12907161142477516,
77.68862020479128,31.484904363961164,330.2639246973804,224.4983013814408,152.02376292951215,154.25778262375104,0.018315470200830842,
39.23018448548203,16.389885386824858,330.2639246973804,384.5843571930925,150.95018977136306,171.8783307353732,1.0,
10.675815085897852,4.411070678227901,330.2639246973804,285.54369399584175,119.78814708596957,94.08148300053597,0.0031565406114104472,
14.716244545164386,5.296521721246307,330.2639246973804,253.9205963106224,97.07592399474208,68.81243124402374,0.0017201196912888306,
43.48325521218908,12.147791888613085,330.2639246973804,287.6701066702469,68.51270167366778,31.926379749505713,0.0038338731762483655,
77.08409351182752,21.592314904670246,330.2639246973804,336.0083829963844,94.44523016057161,0.13556468020851753,1.0,
109.2178838403504,32.78219427966519,330.2639246973804,321.3379032852288,111.89879374994945,15.139264903399976,0.0018197551014977513,
135.08067375405915,40.70462559186524,330.2639246973804,258.6278991370875,79.22431312200047,12.419936054781715,3.970049405613254E-4,
152.68893289619086,45.8750306129418,330.2639246973804,176.08259142131715,51.704050210765615,21.5665697862471,0.00624506739042105,
161.77007867417558,48.73702400663635,330.2639246973804,90.81145777984716,28.619933936945472,25.769954740002845,0.00622367739054935,
164.15096832743222,47.64195664700989,330.2639246973804,23.80889653256645,10.95067359626455,14.145244577452445,8.789964819118852E-4,
156.14779831928763,43.50598765346405,330.2639246973804,80.03170008144593,41.35968993545845,5.634985355436584,0.0019615515428772785,
138.59859712607647,35.017133329287304,330.2639246973804,175.4920119321116,84.88854324176742,21.287382733598292,0.0037006634087592225,
112.37538771270727,23.480578614220974,330.2639246973804,262.23209413369204,115.3655471506633,36.0887350511274,7.564294354271924E-5,
90.21494639618356,12.386183950648245,330.2639246973804,221.60441316523702,110.94394663572729,33.08859370246182,1.4762010977392818E-5,
73.09150291799915,2.1343192020740105,330.2639246973804,171.23443478184413,102.51864748574235,14.682470037630537,7.842879921943995E-5,
52.66123881239082,6.658394408178566,330.2639246973804,204.3026410560833,87.92713610252576,1.4912623508695333,0.001783523738797966,
21.351025374944015,17.583745755409808,330.2639246973804,313.10213437446805,109.25351347231242,8.44066144967826,1.0,
15.038795822848101,31.49118274731265,330.2639246973804,363.89821197792116,139.0743699190284,30.844357144960668,1.0,
44.63013997296969,43.134786436663006,330.2639246973804,295.91344150121586,116.43603689350357,34.85180849248536,0.004055621583015698,
73.87430903080565,54.034511891271706,330.2639246973804,292.4416905783596,108.99725454608699,26.813743307579898,0.0015997197667405527,
99.94372198990402,63.75199424152484,330.2639246973804,260.6941295909837,97.17482350253135,26.511309512522985,4.844340418517004E-5,
120.84545127607589,70.31601494802723,330.2639246973804,209.01729286171872,65.6402070650239,27.133460453806038,0.0033928457623047196,
136.8669612676723,73.30268864055873,330.2639246973804,160.21509991596417,29.866736925314967,19.58507245350347,0.00470939834002946,
143.42619809255086,72.2477694102636,330.2639246973804,65.59236824878553,10.549192302951269,17.667861296680485,0.0026294280336846593,
134.4505514148567,67.96490291553013,330.2639246973804,89.75646677694158,42.82866494733469,13.537423308950451,0.003170047521713492,
105.87046395391155,60.35530425977092,330.2639246973804,285.8008746094515,76.09598655759214,24.84989918979352,1.138769103269036E-5,
68.13405784952124,45.90617210693074,330.2639246973804,377.3640610439031,144.49132152840178,66.8305032639779,1.0,
30.078121392300545,29.60668203728821,330.2639246973804,380.55936457220696,162.9949006964253,81.5877231295093,1.0,
2.331994186725524,13.779678400840425,330.2639246973804,277.4612720557502,158.27003636447785,53.13154064750165,0.007803401645454998,
20.569066176495312,2.0585755969626973,330.2639246973804,229.01060363220836,158.38253997803122,20.43280789020173,0.006122654116650129,
41.59631123439999,17.069344335712913,330.2639246973804,210.2724505790468,150.10768738750215,13.40861159962003,0.003071668453963864,
63.17198025415644,30.894685765057744,330.2639246973804,215.75669019756447,138.25341429344832,53.06203564955695,2.0483609479969057E-5,
81.26428477536433,42.345103167190416,330.2639246973804,180.92304521207893,114.50417402132672,101.54962834999935,0.018773888492795408,
89.54837065240724,49.929716781586365,330.2639246973804,82.84085877042912,75.84613614395948,173.5969314484703,0.2539176861469043,
90.47415902597322,58.519763212812904,330.2639246973804,9.257883735659789,85.9004643122654,265.3854363232955,0.9148406784316673,
94.38007282529668,65.89089657590544,330.2639246973804,39.05913799323457,73.7113336309254,245.66973130154906,1.0,
92.6893890501301,56.29509830412067,330.2639246973804,16.906837751665762,95.95798271784773,133.22225111092166,0.07020955622574417,
80.83815666371595,37.073755958095774,330.2639246973804,118.51232386414154,192.21342346024898,24.666630588575345,1.1747687736666765E-5,
72.10910779584492,15.916515073764288,330.2639246973804,87.29048867871029,211.57240884331486,157.977728017311,0.016084853955220996,
68.96786685595168,0.1399251907185146,330.2639246973804,31.41240939893237,160.56440264482802,237.9480241086918,0.11359768209013978,
64.65781063571887,10.196810359899729,330.2639246973804,43.10056220232809,100.56885169181214,255.73209835203642,0.6129121035953872,
45.132335396915664,20.72099594037465,330.2639246973804,195.2547523880321,105.2418558047492,277.57957822576145,1.0,
17.93669358969146,33.75134806077443,330.2639246973804,271.95641807224206,130.30352120399783,245.4023512725064,1.0,
6.2688750771524155,44.033847572245776,330.2639246973804,242.05568666843874,102.82499511471343,138.00261479537198,0.0010457147210332772,
28.50153757408839,48.10224131233568,330.2639246973804,222.32662496935973,40.683937400899026,27.478755294223447,8.612117989604574E-4,
47.66211298954727,48.397885565729126,330.2639246973804,191.6057541545888,2.956442533934478,68.80493108051667,0.0025073558483927694,
33.730208629484764,42.32345260718006,330.2639246973804,139.31904360062504,60.744329585490675,141.1972651543755,0.0535344298613624,
4.642909248238084,23.92224532694732,330.2639246973804,290.8729938124668,184.0120728023274,154.94412356211683,1.0,
16.03744738860962,7.654590909624687,330.2639246973804,206.80356636847705,162.67654417322632,126.6421245099366,2.4035827267110372E-4,
38.65288323534355,6.308635527865334,330.2639246973804,226.1543584673393,139.63226437490022,89.78111600402542,9.099588204079378E-8,
72.19634318146132,26.50014962944718,330.2639246973804,335.43459946117764,201.91514101581845,112.42267414211994,1.0,
89.19087688100547,46.519623266072955,330.2639246973804,169.9453369954415,200.19473636625776,193.90315310610333,0.058413858565115266,
90.65402531165546,58.52517177255888,330.2639246973804,14.631484306499942,120.05548506485923,255.91980758917657,0.6138739196656473,
76.05153985923516,58.320843613163504,330.2639246973804,146.02485452420296,2.0432815939537363,236.401954503242,0.4984606228050694,
49.3685079714827,37.62017095303878,330.2639246973804,266.83031887752463,207.00672660124724,87.36425341391168,1.0,
38.49964735283504,7.133641614175957,330.2639246973804,108.68860618647659,304.86529338862823,77.54864317721513,1.0,
36.98985191459974,21.71431515359032,330.2639246973804,15.09795438235301,288.47956767766277,196.35390026911068,1.0,
41.27867551751888,40.40114608312331,330.2639246973804,42.888236029191376,186.86830929532988,245.10501650222153,0.17597736073988773,
64.82406385199647,47.066999545703794,330.2639246973804,235.45388334477593,66.65853462580486,328.5564437743821,1.0,
83.23680468569603,36.874267829362026,330.2639246973804,184.1274083369956,101.92731716341768,321.5767175158169,1.0,
87.14939957023262,24.88671508808207,330.2639246973804,39.12594884536588,119.87552741279956,285.925175836353,0.7129495149969151,
73.33397449916447,20.42898665470139,330.2639246973804,138.15425071068148,44.5772843338068,165.14259924473834,0.14652547076257758,
54.46850979771432,18.79178662762513,330.2639246973804,188.6546470145015,16.372000270762612,25.603011354060072,9.082110854105387E-6,
34.0166592005902,17.144362778324336,330.2639246973804,204.5185059712412,16.47423849300793,73.58092544872136,0.001142332369353234,
19.814130350127357,13.28506540710012,330.2639246973804,142.0252885046284,38.592973712242156,132.45651443237875,0.031745472708178235,
15.809449557374137,8.871224060338022,330.2639246973804,40.0468079275322,44.13841346762098,152.14270881915013,0.1191930161725567,
15.885141475513251,0.3117311268141236,330.2639246973804,0.7569191813911402,91.82955187152146,187.60982832254058,0.16338070752614187,
17.645980002309898,12.769153390519023,330.2639246973804,17.60838526796647,124.57422263704899,244.65747066765744,0.3349786441350063,
22.275623171465213,21.658484864519863,330.2639246973804,46.29643169155315,88.8933147400084,282.5619568161116,1.0,
22.034659069659938,24.386574296045012,330.2639246973804,2.4096410180527528,27.280894315251487,216.78733281910155,0.6499347628860195,
7.820740614591159,13.385463641298799,330.2639246973804,142.1391845506878,110.01110654746213,94.13333289594277,0.003952205158110599,
9.892585846396173,11.646387536018693,330.2639246973804,177.13326460987332,250.31851177317492,33.874070969533534,0.007689857172216483,
31.81372474032821,37.06975471922942,330.2639246973804,219.2113889393204,254.2336718321073,143.41970504727072,1.0,
56.501248358344355,56.35044414313256,330.2639246973804,246.87523618016144,192.8068942390314,177.24697634094383,1.0,
81.46427986114657,72.55324328553124,330.2639246973804,249.6303150280221,162.02799142398675,138.02055732926448,0.014937733138156401,
88.7762199627017,85.0062290172095,330.2639246973804,73.11940101555138,124.52985731678268,90.7006015209447,0.03692275604122169,
68.45952603220996,76.24395860822582,330.2639246973804,203.16693930491738,87.62270408983682,64.17061076967457,0.004618869474317659,
41.3375914210618,52.310956004813335,330.2639246973804,271.2193461114816,239.3300260341249,31.28265444001954,1.0,
18.818529413457327,32.18080466337747,330.2639246973804,225.19062007604475,201.30151341435862,5.361630179783106,0.008057914632066359,
0.2481094922883358,16.329093402744263,330.2639246973804,185.7041992116899,158.5171126063321,12.544061343150474,0.004797128608103157,
23.882227865487835,0.20261429007382503,330.2639246973804,241.3033735777617,161.26479112670438,19.777769873799684,0.007055194861485794,
46.43849588785122,21.27717077081155,330.2639246973804,225.56268022363383,214.79785060885376,29.883446545369452,0.004934449704589669,
71.60763178332013,40.002683010585656,330.2639246973804,251.69135895468912,187.25512239774105,24.338673176608836,0.002410232553621005,
101.14049210996859,56.48820211206879,330.2639246973804,295.3286032664846,164.85519101483135,34.392170839138316,5.434455696788821E-4,
124.55415757367257,74.43463733912773,330.2639246973804,234.13665463703978,179.46435227058942,74.95252259047788,0.008450119837320835,
134.32696097220912,82.48355827854682,330.2639246973804,97.72803398536553,80.48920939419091,105.46174014867859,0.06760132379805223,
128.35472884686203,75.44683097759321,330.2639246973804,59.72232125347091,70.36727300953615,74.04578355417499,0.02453992044807717,
107.7369799476437,57.32407458172506,330.2639246973804,206.17748899218327,181.22756395868151,8.513603646576655,5.981423439146388E-5,
82.77219608264295,31.71040926042005,330.2639246973804,249.64783865000754,256.13665321305007,51.75169500885204,1.0,
54.24365986539283,3.9337274336700148,330.2639246973804,285.2853621725012,277.76681826750035,95.30158138265165,1.0,
28.402072317870307,28.193627203708132,330.2639246973804,258.4158754752252,321.27354637378147,115.28569622416342,1.0,
1.1870922904766985,57.18679952800858,330.2639246973804,272.1498002739361,289.93172324300446,105.19784531171581,1.0,
25.452040253882046,80.60448311178297,330.2639246973804,266.39132544358745,234.1768358377439,86.93516014552813,1.0,
52.155396075109934,97.8777036804183,330.2639246973804,267.0335582122789,172.73220568635338,64.09442000338402,4.777199669289767E-6,
73.52229025343661,114.66494258701218,330.2639246973804,213.66894178326675,167.8723890659387,42.857108757667675,0.001914918537315719,
89.67063374785687,121.60141880543435,330.2639246973804,161.4834349442026,69.36476218422172,22.541668109665807,0.003295978002242588,
95.30135469860602,112.86724375628975,330.2639246973804,56.30720950749151,87.34175049144596,3.475309845271113,0.001693864736350911,
83.91566197667703,89.73887891098249,330.2639246973804,113.8569272192899,231.2836484530726,21.192316888775053,1.9499000154451343E-4,
61.51011015991992,59.56369576640367,330.2639246973804,224.0555181675711,301.75183144578824,32.96701495739114,1.0,
32.15288121876506,28.707380366988644,330.2639246973804,293.5722894115486,308.56315399415024,45.16292136388415,1.0,
0.21642538680919188,1.3830875698872944,330.2639246973804,319.3645583195587,300.9046793687594,63.21490352454475,1.0,
26.60383162917128,28.170323627563562,330.2639246973804,268.20257015980474,267.8723605767627,68.4423710827582,1.0,
49.48880609964044,48.28069322605242,330.2639246973804,228.8497447046916,201.1036959848886,49.850290392629404,0.0011396299057292824,
72.08485185924474,65.5647121085479,330.2639246973804,225.96045759604294,172.84018882495474,23.658901573312505,3.239307621204586E-4,
92.43078454698264,81.45442786990756,330.2639246973804,203.459326877379,158.89715761359668,6.3100258707447665,2.900625472741907E-6,
111.65924912524633,94.77510965983154,330.2639246973804,192.28464578263697,133.2068178992398,6.936162616734691,0.0010903003359834429,
131.59975540109735,103.77419353786779,330.2639246973804,199.4050627585102,89.99083878036245,12.539176900753546,0.0035461235527539563,
143.65620132421168,106.43590624668349,330.2639246973804,120.56445923114325,26.61712708815699,18.725601080781757,0.0049860863967542465,
151.302521244991,105.76066377172266,330.2639246973804,76.4631992077932,6.752424749608252,30.14142192786437,0.004999501923412989,
146.31410470321714,99.66310345213188,330.2639246973804,49.884165417738586,60.97560319590784,40.47302460507467,0.008664816834438325,
135.59186762263425,82.1803876426046,330.2639246973804,107.22237080582886,174.82715809527278,11.446900568435012,0.0018162815632390668,
126.16674142266822,59.54894796286811,330.2639246973804,94.2512619996603,226.31439679736488,113.87693042386672,0.01691634345183132,
118.96373800494564,38.15148891731016,330.2639246973804,72.03003417722584,213.97459045557952,180.0906570843324,0.04529065213213129,
116.55385677283789,21.65068356131195,330.2639246973804,24.098812321077503,165.0080535599821,187.10992688986607,0.06087288386234342,
103.66042258358061,9.278091393880544,330.2639246973804,128.93434189257277,123.72592167431407,175.206378650214,0.11218162583245246,
76.72481729836181,7.149469413211136,330.2639246973804,269.356052852188,164.2756080709168,176.56197786831115,1.0,
41.48233197734123,21.313220514746916,330.2639246973804,352.4248532102058,141.6375110153578,71.73651958838661,1.0,
17.853215037636915,23.068158693613157,330.2639246973804,236.29116939704318,17.5493817886624,106.04234136685648,6.390065139383829E-4,
4.944979173024876,10.095372617878695,330.2639246973804,129.08235864612038,129.72786075734462,335.0580049220355,1.0,
15.762286443831727,12.407141817130736,330.2639246973804,108.1730727080685,225.0251443500943,570.43055853672,1.0,
29.535135577733172,29.17470941534316,330.2639246973804,137.72849133901445,167.67567598212423,501.922339296988,1.0,
27.808573131466005,29.292960232348975,330.2639246973804,17.265624462671667,1.1825081700581563,161.5065880899087,0.16268662894495894,
29.857837322009004,17.11484089651657,330.2639246973804,20.49264190542999,121.78119335832406,84.16671990992228,0.010657343254873821,
40.56921123339737,1.8216958605054856,330.2639246973804,107.11373911388364,152.93145036011083,226.0236184614635,0.09105794935720815,
46.15930038249667,7.303213919846229,330.2639246973804,55.90089149099299,91.24909780351715,273.88036917274604,0.9575518373523646,
45.64554512329255,9.691852375215404,330.2639246973804,5.137552592041175,23.886384553691755,214.86044023797518,0.5364115737878059,
52.02000624199343,12.549817140128795,330.2639246973804,63.744611187008786,28.579647649133904,206.01384583500362,0.5055035362167843,
55.125756422795575,11.606272865788412,330.2639246973804,31.05750180802147,9.435442743403826,212.07880341465852,0.5802246500113459,
46.22094789408766,9.963918529059669,330.2639246973804,89.04808528707918,16.423543367287436,147.43678867440963,0.11051803972812413,
30.75744675897704,7.482487584257086,330.2639246973804,154.6350113511062,24.814309448025824,31.104638880229913,9.881095201201588E-5,
9.01716701864143,15.417153431635995,330.2639246973804,217.4027974033561,228.99641015893081,219.43952297991245,1.0,
8.072046775291597,52.12041434180284,330.2639246973804,9.451202433498338,367.03260910166847,606.7647906697298,1.0,
5.379563001259839,75.470901544528,330.2639246973804,26.92483774031757,233.50487202725162,652.0179946946937,1.0,
5.205225259457961,67.73228960568179,330.2639246973804,1.743377418018781,77.38611938846219,314.4550030795574,1.0,
16.18650700321257,48.47780001795175,330.2639246973804,109.81281743754607,192.54489587730035,52.52396293122757,9.961123384754313E-5,
33.004255323410575,30.61557096301422,330.2639246973804,168.17748320198007,178.6222905493753,254.10280678714685,1.0,
47.24768444914639,15.603852119893133,330.2639246973804,142.43429125735815,150.11718843121088,310.24916091961927,1.0,
57.42967147250329,3.321507734330396,330.2639246973804,101.81987023356896,122.82344385562737,336.6131770096172,1.0,
58.62084361274549,2.696699618865466,330.2639246973804,11.911721402422017,60.18207353195862,322.83715516494027,1.0,
56.59553288725556,6.497086957422596,330.2639246973804,20.253107254899305,38.003873385571296,287.95462077026343,1.0,
50.271348381582015,8.360950381565772,330.2639246973804,63.24184505673543,18.63863424143176,209.79912200011313,0.5613541381467242,
41.619387044632276,4.6553762635139435,330.2639246973804,86.51961336949739,37.05574118051828,64.72568181166082,0.009490731266530711,
31.35975426171126,11.116846936090695,330.2639246973804,102.59632782921017,157.7222319960464,131.67973258795428,0.015663289844267802,
31.481959112483537,41.55826914621974,330.2639246973804,1.222048507722775,304.4142221012905,412.4861176401589,1.0,
31.41050810783406,69.96815700937388,330.2639246973804,0.7145100464947518,284.0988786315414,727.7061812340296,1.0,
33.49656155043317,87.03235429952447,330.2639246973804,20.86053442599109,170.64197290150588,707.8146843867873,1.0,
53.53543565421273,84.65135153803517,330.2639246973804,200.38874103779563,23.810027614892988,471.0198880588277,1.0,
100.54196257822991,61.74143613554156,330.2639246973804,470.0652692401718,229.0991540249361,498.6838230640555,1.0,
94.58257439454383,37.386691854000304,330.2639246973804,59.593881836860874,243.54744281541258,660.1178664751069,1.0,
78.03444438476072,13.937400195849904,330.2639246973804,165.48130009783108,234.492916581504,385.65250419680666,1.0,
71.57078169497947,5.295921498359462,330.2639246973804,64.63662689781245,86.41478697490442,151.2560471340717,0.09485254949017317,
64.61879261960382,0.6416204580765736,330.2639246973804,69.5198907537565,46.543010402828884,108.5203868953596,0.04334460175136192,
57.29755263158188,2.2187484311515675,330.2639246973804,73.21239988021944,28.60368889228141,86.49497254628102,0.024367616839020927,
50.720652325319634,3.5723251507531586,330.2639246973804,65.76900306262246,13.535767196015911,60.25023285776342,0.010125536938383714,
44.79017691840261,4.196949817389935,330.2639246973804,59.30475406917026,6.246246666367767,44.87158331729688,0.005084291544154302,
39.357691025957934,4.957281119956605,330.2639246973804,54.324858924446744,7.603313025666694,35.775923095250164,0.0030113986713038087,
34.511105101693374,5.61472989234997,330.2639246973804,48.46585924264559,6.574487723933657,29.19515068962596,0.0019077012397345971,
30.42137464752534,5.883965216714557,330.2639246973804,40.89730454168034,2.6923532436458686,21.58020063485992,0.0010039797153582062,
26.974638671769412,5.935141802673769,330.2639246973804,34.46735975755928,0.5117658595921171,15.758315727784407,5.220975344146312E-4,
24.012648249329004,5.879996402326469,330.2639246973804,29.61990422440408,0.5514540034729976,11.649472624508803,2.816178022974218E-4,
21.553206140089287,5.670992234963165,330.2639246973804,24.59442109239717,2.0900416736330385,8.654270110887978,1.5591027404033151E-4,
19.685506411792858,5.439241748139921,330.2639246973804,18.676997282964294,2.3175048682324473,6.917085366793003,9.963360465067976E-5,
20.06523078815451,5.306038014824281,330.2639246973804,3.797243763616507,1.3320373331563928,0.33459647206882437,5.304035438683912E-7,
20.28939898114163,5.474369860234134,330.2639246973804,2.24168192987122,1.6833184540985258,2.8265762633395752,1.5120284552588107E-5,
19.984787991780536,5.2812007233114,330.2639246973804,3.0461098936109465,1.9316913692273374,9.940974362449424,1.8287703570170997E-4,
19.036973542140004,4.765286837532528,330.2639246973804,9.47814449640532,5.159138857788719,22.36865337689096,0.0010064435096556858,
18.028872265475457,4.458204390899965,330.2639246973804,10.081012766645472,3.0708244663256323,19.051795877264794,7.183383389249106E-4,
17.045467909365016,4.077285939086067,330.2639246973804,9.834043561104409,3.809184518138977,11.221965971716372,2.4289841071396497E-4,
15.694114473787408,3.655388954663806,330.2639246973804,13.513534355776073,4.218969844222613,3.775073649994738,2.982056471687633E-5,
14.297933500824342,3.0470373669274977,330.2639246973804,13.961809729630659,6.083515877363084,1.4268082529866888,5.118614499263089E-6,
12.935651348855004,2.3609329046515484,330.2639246973804,13.622821519693389,6.8610446227594934,5.281062629606481,5.280520116683322E-5,
11.729315023367235,1.7568984111454142,330.2639246973804,12.063363254877686,6.040344935061341,8.577160627286275,1.3622142336673445E-4,
10.439162438166136,1.2578972452718915,330.2639246973804,12.901525852010991,4.990011658735227,11.883602671401832,2.6172449108370426E-4,
9.32672113940157,1.0259621166664203,330.2639246973804,11.124412987645655,2.3193512860547116,12.719049533411635,3.005075891859229E-4,
8.811985782592728,1.15656578224457,330.2639246973804,5.14735356808842,1.3060366557814973,11.28642940381269,2.339526063054394E-4,
7.786593314356537,2.3400003677691075,330.2639246973804,10.253924682361912,11.834345855245374,8.465930458449975,1.255280096782188E-4,
10.40640375368207,4.396955303402137,330.2639246973804,181.92997068038608,20.5695493563303,23.223462564042165,6.923825076994247E-4,
48.229464763439296,13.306544927891139,330.2639246973804,378.23061009757225,89.09589624489001,48.15732703337801,1.0,
83.18908607457774,29.164789088699735,330.2639246973804,349.5962131113845,158.58244160808596,101.023126140783,1.0,
82.79168466331987,35.58824268781896,330.2639246973804,3.974014112578743,64.23453599119227,102.83795884454946,0.031224921912973862,
62.09085735086376,31.543761864612208,330.2639246973804,207.00827312456113,40.444808232067544,93.76360621318895,0.00859035387824316,
36.03641177427619,17.874345239794934,330.2639246973804,260.5444557658757,136.69416624817273,55.31053236783151,0.0022709855074172,
8.447011476432749,2.851623943953797,330.2639246973804,275.8940029784344,150.22721295841137,15.925185317719581,0.011125588399406486,
23.09333050687519,10.64017049598013,330.2639246973804,315.4034198330794,134.91794439933926,15.951242424789314,1.0,
57.692776037570184,25.152080347736472,330.2639246973804,345.99445530694993,145.11909851756343,35.55212185616398,1.0,
90.66664608363112,42.60252700268367,330.2639246973804,329.7387004606094,174.504466549472,32.56351909600596,1.0,
115.92125137538187,58.63764754342591,330.2639246973804,252.5460529175075,160.3512054074224,17.54007455106091,2.108421128131741E-6,
128.58127220730057,65.7595764125292,330.2639246973804,126.600208319187,71.21928869103286,13.351064159821249,0.00345849144212651,
128.69048316573617,64.59617702360217,330.2639246973804,1.092109584355967,11.633993889270329,46.72756647882835,0.0037199008150473776,
106.53131887925827,53.45413206398743,330.2639246973804,221.59164286477903,111.42044959614736,50.609381467643004,0.0036169389529935466,
69.46437581691328,34.598223604802115,330.2639246973804,370.6694306234499,188.55908459185315,15.23261294116196,1.0,
36.91344606416931,16.4630551113099,330.2639246973804,325.5092975274397,181.35168493492216,25.515544474961587,1.0,
0.07751661176712332,4.90625132646349,330.2639246973804,369.9096267593643,115.56803784846409,48.80425450733753,1.0,
40.62608975691012,7.958579374397544,330.2639246973804,405.48573145142996,128.64830700861035,56.41127475801426,1.0,
76.53775111125628,21.56470047576292,330.2639246973804,359.11661354346165,136.06121101365375,28.340927214429712,1.0,
102.74081061940876,32.47789288260634,330.2639246973804,262.0305950815248,109.13192406843422,1.3123642154732806,8.933371025305139E-4,
113.02433842504263,37.977694923797316,330.2639246973804,102.83527805633867,54.99802041190975,38.032519134041536,0.007257809406211105,
107.46924373238016,38.0628413278659,330.2639246973804,55.55094692662465,0.851464040685812,53.38233615225647,0.009680482614611142,
91.33513656074433,31.167943750286724,330.2639246973804,161.34107171635833,68.94897577579172,34.15780051432449,0.0027431095530393683,
68.18675028260418,20.8167679573815,330.2639246973804,231.4838627814015,103.51175792905224,3.700406616832481,0.0017452680031170829,
38.49936868019563,9.657873729614863,330.2639246973804,296.8738160240855,111.58894227766638,24.36085684684258,0.006979929845322027,
4.11978990242585,2.7014690857887445,330.2639246973804,343.7957877776978,123.59342815403608,39.892223349606866,1.0,
31.179568350566342,14.465201134429776,330.2639246973804,352.9935825299219,117.63732048641032,42.094293182836395,1.0,
65.86110595164382,25.314452635891996,330.2639246973804,346.8153760107748,108.4925150146222,36.118669923145035,1.0,
91.01986435104425,34.09631737419181,330.2639246973804,251.58758399400426,87.81864738299817,15.427722177590795,2.507300521173374E-4,
104.60348680143636,38.11329693127206,330.2639246973804,135.83622450392113,40.16979557080248,12.292215570929557,0.0015147147971800122,
107.73005515361422,37.050510871516224,330.2639246973804,31.265683521778556,10.627860597558367,38.54904494529819,0.004358927745680621,
101.78921396937642,33.343850077330046,330.2639246973804,59.40841184237797,37.066607941861776,50.11197421888312,0.009321283115450168,
89.8189729495316,28.22535381760713,330.2639246973804,119.7024101984482,51.18496259722917,45.40224600312172,0.0069956518113339534,
72.2281985893394,22.568460766663122,330.2639246973804,175.907743601922,56.568930509440065,34.22184083982046,0.0010027634618064844,
50.426595692768615,16.110082993726678,330.2639246973804,218.01602896570785,64.58377772936444,21.31273073712066,6.027714182222632E-4,
22.12263521835837,7.768078034575893,330.2639246973804,283.03960474410246,83.42004959150785,10.448351985651527,0.008174894409251681,
16.50300381042439,0.6136097392173667,330.2639246973804,386.25639028782757,83.8168777379326,2.5021406338828456,1.0,
53.68163954796273,10.82995282525465,330.2639246973804,371.78635737538343,102.16343086037284,6.584637018346768,1.0,
84.83951715047738,21.092769654810127,330.2639246973804,311.57877602514645,102.62816829555476,21.722492652396,0.002977194087828548,
99.52109389699831,31.639553383460395,330.2639246973804,146.81576746520932,105.46783728650269,48.57779074381341,0.0055678543879538,
94.8937918859873,37.46202707079658,330.2639246973804,46.27302011011011,58.22473687336185,53.96160029925795,0.009610039574948409,
80.1550985723693,35.61226204384366,330.2639246973804,147.38693313618,18.49765026952923,21.096532294733095,0.001130343446786839,
57.34136548837398,28.66042566172308,330.2639246973804,228.13733083995317,69.51836382120575,15.257084135070897,8.28647227743881E-4,
32.579059344489565,19.200751323354837,330.2639246973804,247.62306143884416,94.59674338368245,38.00092158014962,0.001949454576322195,
1.732136791032076,10.101163071776199,330.2639246973804,308.4692255345749,90.99588251578638,57.73365901413797,0.008094001543267934,
33.26955330942894,2.4326010218345004,330.2639246973804,350.0169010046102,125.337640936107,68.05227980192825,1.0,
64.30233814954431,13.69954362424997,330.2639246973804,310.3278484011537,112.66942602415469,52.06603056221837,0.0028168216464700617,
94.30629465796108,23.480593791756263,330.2639246973804,300.03956508416763,97.81050167506294,47.13170815277209,2.6247787028244957E-4,
120.17377758941791,33.93779430548955,330.2639246973804,258.67482931456834,104.57200513733284,31.745126330343396,4.416528070883057E-4,
135.66282826482166,41.50103443334018,330.2639246973804,154.89050675403746,75.63240127850634,14.762591552093909,0.003132860609558601,
136.22008972498224,43.868038822704676,330.2639246973804,5.572614601605892,23.67004389364496,52.60198344971485,0.005334652059842006,
129.02113903941245,40.63832502565171,330.2639246973804,71.98950685569798,32.29713797052966,52.44473276484712,0.012210504389594617,
116.59570863702447,34.63389888450499,330.2639246973804,124.25430402387974,60.04426141146723,39.80905508681303,0.007846745508440955,
96.42811900555728,27.283740220558883,330.2639246973804,201.67589631467195,73.50158663946104,26.54455348602454,7.240584316464686E-4,
71.39100085946927,18.1132949705881,330.2639246973804,250.37118146088005,91.70445249970783,9.597227918470708,0.0017118900392224176,
41.71271912298869,8.077197753519357,330.2639246973804,296.78281736480585,100.36097217068743,5.343164646377829,0.008355533826182855,
0.7714067075258981,3.389015205801911,330.2639246973804,409.4131241546279,114.66212959321268,13.847988840272762,1.0,
43.35822131678492,15.461950837198117,330.2639246973804,441.2962802431082,120.72935631396206,6.288652742418321,1.0,
80.58271293736493,27.967023428608172,330.2639246973804,372.2449162058001,125.05072591410055,27.06560833677713,1.0,
109.5014477189859,37.82999813150903,330.2639246973804,289.1873478162097,98.62974702900857,62.68962366878753,8.264088550002911E-4,
121.24259975695679,43.4856289964649,330.2639246973804,117.41152037970892,56.55630864955867,99.08913108304745,0.051746847187086185,
110.45861117268328,43.97245405193712,330.2639246973804,107.83988584273516,4.868250554722238,87.47775345370485,0.03353397407618233,
90.05142417667366,37.596595536531424,330.2639246973804,204.07186996009614,63.75858515405696,29.479235403208293,8.262768840409757E-4,
63.880769805740215,29.7589938976449,330.2639246973804,261.7065437093345,78.37601638886525,29.02805409342477,9.354139489051628E-4,
35.25569765028581,20.51077153334208,330.2639246973804,286.25072155454404,92.48222364302819,66.75983367155766,0.0019465356462792967,
1.4474457706913881,10.623987073855545,330.2639246973804,338.0825187959442,98.86784459486535,95.54066661697419,1.0,
37.018530298157884,3.129838023950356,330.2639246973804,384.6597606884927,137.538250978059,112.36703256064374,1.0,
69.29785643807679,17.628983469221595,330.2639246973804,322.7932613991891,144.9914544527124,93.89445048512385,1.0,
99.93813070354713,29.68784784698869,330.2639246973804,306.4027426547034,120.58864377767094,77.3631766355976,8.8379532501892E-5,
124.39866520858004,41.87519432298265,330.2639246973804,244.6053450503291,121.87346475993962,28.727292505988657,7.291940888879636E-4,
139.57279995471242,49.656885518640536,330.2639246973804,151.7413474613238,77.81691195657885,35.443913705139494,0.008984229726094866,
140.06007433717468,52.544318229960965,330.2639246973804,4.872743824622603,28.874327113204288,94.79606055850752,0.020036613431571138,
131.07488063430242,49.0356346375024,330.2639246973804,89.85193702872266,35.08683592458567,95.49329176503761,0.04633167498612343,
118.26441905678394,39.736812782763906,330.2639246973804,128.1046157751848,92.98821854738492,66.8138922233905,0.01795224713080041,
99.60796824966667,27.382011912885616,330.2639246973804,186.56450807117267,123.5480086987829,33.38401609226281,8.53846377994427E-4,
79.01834046990325,17.334718833003052,330.2639246973804,205.89627779763418,100.47293079882564,6.048543466197316,4.602928401859734E-4,
55.50834314930319,8.149856159744104,330.2639246973804,235.09997320600064,91.84862673258948,10.770636522639165,0.0021792044564615622,
27.50947427644894,1.6976160324815623,330.2639246973804,279.98868872854246,98.47472192225666,23.631994069328357,0.00658512458106988,
5.356786226356689,12.114263606021808,330.2639246973804,328.6626050280563,104.16647573540246,32.34552096919231,1.0,
32.378501622429894,24.41135685495911,330.2639246973804,270.21715396073205,122.97093248937301,6.900984002236612,0.0069824034635778826,
56.86535466724547,34.77846895364624,330.2639246973804,244.86853044815575,103.6711209868713,6.216471626234181,0.002450026423167768,
65.59611316980397,42.05660148146629,330.2639246973804,87.30758502558501,72.78132527820048,36.12717710580682,0.0038261093390526773,
54.03525492425342,41.83994997687293,330.2639246973804,115.60858245550548,2.166515045933579,41.51387046220947,0.0032072599023769514,
33.06331584469865,33.94658485497723,330.2639246973804,209.71939079554772,78.93365121895698,4.396978915994225,0.0020809846883082365,
13.606459250683656,22.803486968173388,330.2639246973804,194.56856594014994,111.43097886803844,45.99787832375995,4.4281809615667533E-4,
1.8914860760332886,13.92959002774117,330.2639246973804,154.97945326716945,88.73896940432218,98.39999436885734,0.004068573010846929,
27.497037860393903,6.137801217410299,330.2639246973804,256.05551784360614,77.91788810330871,114.94602316256817,1.5496478260941976E-4,
65.77296503758396,18.605558375150082,330.2639246973804,382.75927177190056,247.4335959256038,64.86172164572508,1.0,
44.15272439592229,34.849077330366185,330.2639246973804,216.20240641661667,162.43518955216103,389.6029177540143,1.0,
28.60376702422593,23.124331315550847,330.2639246973804,155.4895737169636,117.24746014815338,205.97437481319076,0.07835332542470015,
33.973556882854496,9.096079279981183,330.2639246973804,53.697898586285646,140.28252035569665,82.20392990839855,0.0059960013736527155,
41.83390514877033,0.8743256837103957,330.2639246973804,78.60348265915832,82.21753596270787,237.97023276159564,0.46591633240715896,
45.730325577990584,1.438093262962468,330.2639246973804,38.96420429220257,5.637675792520724,186.18378556351985,0.3154853528231938,
45.09602029157634,4.440805339412094,330.2639246973804,6.343052864142464,30.02712076449626,35.59779178158749,0.0025365211225595744,
46.07864055627749,2.612970528102636,330.2639246973804,9.826202647011542,18.27834811309458,32.805309644661804,0.002276202780325667,
47.760801960406184,2.578982100847753,330.2639246973804,16.82161404128692,0.33988427254882936,23.57377399756416,0.0012524402026428394,
47.40696694538326,2.9325152710055136,330.2639246973804,3.5383501502292347,3.5353317015776042,6.95536508881446,9.423212399287577E-5,
47.05302467030276,2.821002077992887,330.2639246973804,3.539422750804988,1.1151319301262674,4.65983299701378,4.440244306865215E-5,
46.64611205457902,2.70894077402113,330.2639246973804,4.069126157237406,1.1206130397175684,4.568093530171211,4.396539756931134E-5,
45.62722088786552,2.7164705910750513,330.2639246973804,10.188911667135017,0.07529817053921306,10.878643348796402,2.5849761479833155E-4,
45.30285742015394,1.7613303859882308,330.2639246973804,3.2436346771157787,9.551402050868205,6.400035039404486,7.691117803678286E-5,
48.21696629226665,3.275817122566025,330.2639246973804,29.141088721127062,15.144867365777941,14.213346619014828,5.245831274443687E-4,
47.6876024421648,4.52868407600414,330.2639246973804,5.2936385010184495,12.528669534381152,7.880273694832169,1.2432548889950993E-4,
43.24282656084938,0.061453275586160316,330.2639246973804,44.44775881315422,44.6723080041798,19.47805252243512,6.803737640263659E-4,
49.442756707020976,4.459251941838033,330.2639246973804,61.99930146171596,43.97798666251873,30.15782412591392,0.0019252262966614148,
45.135631293421284,2.0588740847896645,330.2639246973804,43.071254135996924,24.00377857048369,16.02802436033727,6.220636428836451E-4,
46.054149496650666,1.1720682086958618,330.2639246973804,9.185182032293824,8.868058760938027,6.756065410589827,1.0450084894000062E-4,
48.10259057260498,3.699982718934592,330.2639246973804,20.484410759543152,25.279145102387304,8.381446407548196,1.7464115143857485E-4,
47.08963469624223,2.557599201696121,330.2639246973804,10.129558763627529,11.423835172384713,0.8989425111565197,7.111760619594808E-6,
46.73317326948825,2.8575762922227455,330.2639246973804,3.5646142675398096,2.999770905266246,10.532733953041316,2.109523534048021E-4,
45.88089040153989,2.129293893234234,330.2639246973804,8.52282867948361,7.282823989885117,2.0029694621251792,1.5367289763875306E-5,
44.714495207007076,3.214625816681149,330.2639246973804,11.663951945328108,10.853319234469154,21.1968735617981,9.507301506771988E-4,
43.534010607792425,3.3902662928724965,330.2639246973804,11.804845992146511,1.7564047619134726,16.854932907876048,6.07903022701887E-4,
42.82973977368977,3.944942811649838,330.2639246973804,7.042708341026582,5.546765187773417,11.710058596972885,2.7888452415667913E-4,
41.264096943338245,3.121209088200743,330.2639246973804,15.656428303515213,8.237337234490951,9.33961424435438,2.0900030645301621E-4,
39.120636628991406,2.1710096661290095,330.2639246973804,21.434603143468394,9.501994220717336,24.399967576784718,0.0013339818472182957,
37.36864200580101,0.49163452138523667,330.2639246973804,17.519946231903987,16.793751447437728,36.19692320127939,0.0029146734627416215,
35.43374386105643,1.3381096386003435,330.2639246973804,19.348981447445794,18.2974415998558,44.98686427443232,0.0047291253548010625,
33.40122312285837,2.7294725044796735,330.2639246973804,20.32520738198059,13.9136286587933,47.104611859625436,0.005319696828207347,
31.033564335516985,3.8494808122827067,330.2639246973804,23.676587873413837,11.200083078030332,51.42366233438878,0.00655341785920115,
28.353418712342886,4.7514514565386605,330.2639246973804,26.801456231740985,9.019706442559539,53.09904384803474,0.007050579411049931,
25.578852061121893,5.397637167851286,330.2639246973804,27.745666512209937,6.461857113126257,54.52186424667616,0.007452234818225243,
22.682738792222267,5.911625347699243,330.2639246973804,28.96113268899626,5.139881798479564,56.48341166752516,0.008024650835388558,
19.99176233784692,6.352438428903639,330.2639246973804,26.909764543753454,4.408130812043964,54.5952898859872,0.007350852510195753,
18.023721935297772,6.680848603295146,330.2639246973804,19.680404025491498,3.2841017439150733,46.95087581750329,0.00515871133303417,
16.41014288293991,6.573516003127452,330.2639246973804,16.135790523578635,1.0733260016769464,33.992521437888854,0.00247736629939072,
15.048510371717953,6.0699034369791605,330.2639246973804,13.616325112219556,5.036125661482913,18.891243876805675,7.045202110229661E-4,
14.18379559270602,5.428118052896082,330.2639246973804,8.647147790119334,6.417853840830787,5.953136524911997,6.826857444117569E-5,
13.793734416513757,4.990118611604061,330.2639246973804,3.900611761922619,4.379994412920212,1.4550217324261894,4.5165420631859895E-6,
13.679282937830294,4.93304937862888,330.36717981368497,1.055296925080711,0.9498918023365377,1.5706202418476778,4.47437959192993E-6,
13.681099315063648,4.894979360196714,330.36717981368497,0.018163772333537054,0.380700184321654,0.3224411866085575,1.8139482171500015E-7,
13.678589170770806,4.89613685548926,330.36717981368497,0.025101442928416873,0.011574952925457183,0.0339576158194177,2.073710116406705E-9,
13.67770893087959,4.896017668650188,330.36717981368497,0.008802398912166609,0.0011918683907197192,0.013831024627961597,3.386760660029972E-10,
13.676911795564365,4.895983736456429,330.36717981368497,0.007971353152242955,3.3932193758801077E-4,0.007608976179653837,1.0579514933922683E-10,
13.676787808234167,4.8944928678027395,330.36717981368497,0.0012398733019836072,0.014908686536898585,0.018638277267655212,5.995355726939493E-10,
13.67948205727248,4.882193000602257,330.36717981368497,0.02694249038313501,0.12299867200482595,0.06617194183831998,8.003577413047708E-9,
13.680790644812987,4.873744428285875,330.36717981368497,0.013085875405067782,0.08448572316382297,0.04348082408910159,3.4347121894375636E-9,
13.679624578010248,4.872616339649056,330.36717981368497,0.011660668027388965,0.011280886368183474,0.019918384965080804,7.092221222169351E-10,
13.679272507434803,4.871140197526898,330.36717981368497,0.0035207057544539566,0.01476142122157853,0.015221247769545698,4.071873927963127E-10,
13.678501851557485,4.870412354597448,330.36717981368497,0.007706558773179495,0.0072784292945016205,0.01124877104132338,2.2851820409692833E-10,
13.677427283934207,4.868479885503746,330.36717981368497,0.010745676232772894,0.019324690937025935,0.02279011751284088,9.274263180282121E-10,
13.676326755571267,4.867872211077724,330.36717981368497,0.011005283629401674,0.006076744260212763,0.015444475394019719,4.286303286160111E-10,
13.6760843351841,4.866293237287209,330.36717981368497,0.002424203871669306,0.015789737905151924,0.01521394629378392,4.0521356326496297E-10,
13.675526513919522,4.865866937061497,330.36717981368497,0.005578212645787062,0.004263002257118842,0.008127540619966567,1.1888978972298392E-10,
13.675326919994518,4.8643450277814395,330.36717981368497,0.0019959392500368267,0.015219092800577982,0.0123246639361696,2.6747796914618334E-10,
13.67483398646732,4.863467056746856,330.36717981368497,0.004929335271981472,0.008779710345834246,0.013426275152710332,3.17405460291326E-10,
13.674394664458305,4.86240002859023,330.36717981368497,0.004393220090150862,0.010670281566262929,0.01209101176925742,2.590196332832556E-10,
13.674070385116806,4.86163250594592,330.36717981368497,0.00324279341498368,0.007675226443097927,0.008048422571391711,1.1536767800321586E-10,
13.67428459015116,4.8603152484074315,330.36717981368497,0.002142050343536539,0.013172575384885477,0.00842803901264233,1.2719218446201878E-10,
13.673926395048852,4.859721045729572,330.36717981368497,0.003581951023079455,0.0059420267785981196,0.004827717737043713,4.297947972955055E-11,
13.673758916810243,4.858261607895599,330.36717981368497,0.001674782386089646,0.01459437833972288,0.012298059123736493,2.653925892522471E-10,
13.673123955433653,4.857774610460552,330.36717981368497,0.006349613765905815,0.0048699743504698745,0.008728514977178747,1.3769881262990407E-10,
13.672594767252576,4.856848172098921,330.36717981368497,0.0052918818107627885,0.009264383616311989,0.009255379178512158,1.5484218548934712E-10,
13.671727515502312,4.85627850951829,330.36717981368497,0.00867251750264586,0.005696625806308475,0.012117557400870282,2.644810421890101E-10,
13.671070695886328,4.855401948684232,330.36717981368497,0.006568196159832951,0.00876560834058182,0.011386929811578739,2.3294080799158336E-10,
13.670751500990264,4.854711461452098,330.36717981368497,0.0031919489606480056,0.0069048723213427365,0.008315003342431737,1.2251205094095148E-10,
13.670475746652414,4.853808381716249,330.36717981368497,0.00275754337849321,0.009030797358491327,0.008140373879541585,1.1792834584665606E-10,
13.670424216472384,4.853219144729053,330.36717981368497,5.153018003056786E-4,0.005892369871958181,0.00491540096220433,4.2301862333267806E-11,
13.670617832432754,4.8526227218114855,330.36717981368497,0.001936159603701526,0.005964229175674518,0.00274641167095524,1.4236051505374098E-11,
13.670304600632562,4.852091734526283,330.36717981368497,0.003132318001917156,0.005309872852024,0.004946691008171911,4.453706914780676E-11,
13.669909734205703,4.851363738993115,330.36717981368497,0.0039486642685915285,0.007279955331682686,0.007561137192624301,1.028185720527088E-10,
13.669585565727289,4.850991186664629,330.36717981368497,0.0032416847841432173,0.0037255232848565356,0.005547284239355577,5.516024920847108E-11,
13.669733968865557,4.850475546927726,330.36717981368497,0.0014840313826880447,0.0051563973690349485,0.0020107506782096607,7.73359241190346E-12,
13.669661537133948,4.850136586193884,330.36717981368497,7.243173160986771E-4,0.0033896073384198644,0.0028292364777371404,1.4186025769610499E-11,
13.669750323249218,4.8497853765489936,330.36717981368497,8.878611527052271E-4,0.0035120964489010476,6.225545644156227E-4,8.470579404087287E-13,
13.669856223998295,4.849332887473025,330.36717981368497,0.0010590074907668168,0.004524890759682876,5.484271730438195E-4,7.272252010487379E-13,
13.669783254565232,4.849110736210321,330.36717981368497,7.296943306300818E-4,0.0022215126270452856,0.0042141973574416625,3.06667466877758E-11,
13.669841757721997,4.848828055220878,330.36717981368497,5.850315676525497E-4,0.002826809894429516,1.2876424648311513E-4,6.338532569902421E-14,
13.669599798413742,4.848531402951664,330.36717981368497,0.002419593082549909,0.0029665226921338217,0.003143982836490977,1.811968149011914E-11,
13.669447477217545,4.848297208443341,330.36717981368497,0.0015232119619668083,0.002341945083230712,0.002666424215931329,1.2805690477877663E-11,
13.669428799621642,4.847795145922788,330.36717981368497,1.8677595903682231E-4,0.005020625205531815,0.0027607257777617633,1.3541380398608116E-11,
13.66946100794803,4.847519094139216,330.36717981368497,3.220832638817228E-4,0.0027605178357248406,9.120399249695765E-4,1.5639092685703095E-12,
13.66944844147315,4.8472101773085114,330.36717981368497,1.2566474879349698E-4,0.0030891683070422005,0.0034836411532523925,2.0939188903863238E-11,
13.669389681890038,4.846833572102923,330.36717981368497,5.875958311207796E-4,0.003766052055880209,0.00322791474729911,1.8339083555043738E-11,
13.669395546169767,4.846451184635441,330.36717981368497,5.864279728484689E-5,0.0038238746748220365,0.0017348307943620966,5.391455434658229E-12,
13.669329152829164,4.846071294732241,330.36717981368497,6.63933406030992E-4,0.00379889903200592,0.0012289082621919079,2.886063258659482E-12,
13.669275305466385,4.84565008125864,330.36717981368497,5.384736277846969E-4,0.004212134736008011,0.0030863221195431834,1.685019749455398E-11,
13.669239273936341,4.845384096857828,330.36717981368497,3.6031530044056126E-4,0.0026598440081215813,0.002070262119104882,7.564233305387563E-12,
13.66941814443328,4.845084207274596,330.36717981368497,0.001788704969385435,0.0029988958323201587,0.002559891174769291,1.2021668981527071E-11,
13.669587988985427,4.844705612853147,330.36717981368497,0.0016984455214696936,0.003785944214484971,0.0011409078149426932,2.689776778582588E-12,
13.669896802133735,4.844110368710176,330.36717981368497,0.0030881314830821793,0.005952441429712962,0.0018500341559501976,7.14886917634015E-12,
13.669976339684695,4.843724194198046,330.36717981368497,7.953755095968518E-4,0.0038617451212985543,2.838583873199241E-4,2.33695305374347E-13,
13.670067714981542,4.843497467935492,330.36717981368497,9.137529684721812E-4,0.0022672626255371142,0.0016477420047067426,4.9525296001421316E-12,
13.670197178712215,4.84320222214771,330.36717981368497,0.0012946373067279637,0.0029524578778250543,0.0010389136940602839,2.1624714818809547E-12,
13.6702952940758,4.8428326116464575,330.36717981368497,9.811536358483863E-4,0.003696105012522821,0.0015911094300236073,4.764660179112881E-12,
13.660274130046218,4.871768013553634,330.449133433362,0.0021463022574153,0.006852932988294924,8.307817779495963E-4,1.74486282588472E-12,
13.660536215259413,4.871342866530483,330.449133433362,0.00262085213194041,0.004251470231508847,5.157250905085675E-4,7.901475865174391E-13,
13.660515186360385,4.871068993021481,330.449133433362,2.1028899027442094E-4,0.0027387350900198726,0.001231289125485091,2.7467625409920283E-12,
13.660688151985596,4.870722548886022,330.449133433362,0.0017296562521096348,0.0034644413545947828,0.0015044927926055607,4.435738583757546E-12,
13.660758337088396,4.870511063449015,330.449133433362,7.018510279976908E-4,0.0021148543700633127,0.001421218199766372,3.6771569615884966E-12,
13.660968370451997,4.87003353805008,330.449133433362,0.002100333636008145,0.004775253989350858,0.0012735908853755973,3.4300477455134558E-12,
13.66110815177126,4.8696823845621395,330.449133433362,0.001397813192625108,0.003511534879407918,4.898875192793639E-4,6.020080084803118E-13,
13.661392931937144,4.869231088822318,330.449133433362,0.0028478016588451283,0.0045129573982194415,2.201689994763001E-5,7.124783179456319E-14,
13.661843649128514,4.868869453743997,330.449133433362,0.004507171913701313,0.003616350783204325,9.528100326861022E-4,2.3823293870699905E-12,
13.662015765213255,4.868497232444241,330.449133433362,0.0017211608474099194,0.003722212997558927,5.294604278560655E-4,7.198216514293853E-13,
13.662313950314001,4.868092747107397,330.449133433362,0.0029818510074619553,0.004044853368441181,0.0016330096599403987,5.524936617281175E-12,
13.662515605508815,4.867820359689034,330.449133433362,0.0020165519481452066,0.0027238741836299596,0.0010124200076688794,2.1619771474127653E-12,
13.662712765268907,4.867486358245628,330.449133433362,0.0019715976009138103,0.0033400144340589577,7.231922398887036E-4,1.2217064908332786E-12,
13.662863119247618,4.867117496353444,330.449133433362,0.0015035397871088207,0.003688618921842135,0.001207653311894319,2.9378298529867264E-12,
13.662994330363517,4.866755441866019,330.449133433362,0.0013121111589953216,0.0036205448742521185,5.003235401090933E-4,6.191498894194716E-13,
13.663212293665651,4.866234953605527,330.449133433362,0.0021796330213419424,0.005204882604914474,6.750857681936395E-4,1.187390781392089E-12,
13.663453441278648,4.865823689560671,330.449133433362,0.002411476129964285,0.004112640448568072,0.0014463244292528543,4.3247699803935075E-12,
13.663753362880357,4.865400759953587,330.449133433362,0.002999216017087747,0.0042292960708323335,8.03155389235144E-4,1.640258052376789E-12,
13.664054904342038,4.865016968098445,330.449133433362,0.0030154146168115403,0.0038379185514259007,5.480592596995848E-4,8.909999968934207E-13,
13.66439073325887,4.864559358751933,330.449133433362,0.0033582891683181515,0.004576093465118447,1.8046765148937993E-4,2.5050016591092423E-13,
13.664961686906167,4.8638975522540875,330.449133433362,0.005709536472977561,0.006618064978454186,2.847692690011172E-4,6.402998978709442E-13,
13.665346402382852,4.863436341169688,330.449133433362,0.003847154766845051,0.004612110843993378,5.473136366163089E-4,1.0044107967468574E-12,
13.665708240107847,4.862864230703309,330.449133433362,0.0036183772499498446,0.005721104663791721,0.0017994359370732127,6.926750027603139E-12,
13.666286242510864,4.862256863149781,330.449133433362,0.005780024030173081,0.006073675535276379,8.082626607119892E-4,2.1645090279455727E-12,
13.666580321782476,4.861810126405516,330.449133433362,0.0029407927161173575,0.004467367442657633,4.207984693493927E-4,6.196213576496842E-13,
13.667009140902906,4.861004288958071,330.449133433362,0.004288191204295799,0.008058374474444463,9.693532774690539E-4,2.681850992667497E-12,
13.66736890720415,4.86038346915484,330.449133433362,0.0035976630124423536,0.006208198032311429,3.579204275183656E-4,5.991057262021442E-13,
13.667670516583712,4.859877136252408,330.449133433362,0.00301609379562251,0.005063329024324048,2.540405995432593E-4,3.4415221208265135E-13,
13.668224794728872,4.859254768810587,330.449133433362,0.005542781451595147,0.006223674418208702,7.365084672983357E-4,1.8727137259115362E-12,
13.668533554636383,4.858809588456808,330.449133433362,0.003087599075115577,0.004451803537790511,0.0016918243119334875,5.953477811649209E-12,
13.669113171696267,4.8579851567771755,330.449133433362,0.005796170598841854,0.008244316796321982,0.0016208848262522224,6.580264163016353E-12,
13.669580527330368,4.857591364455288,330.449133433362,0.004673556341003859,0.003937923218870765,2.1448037216487137E-4,3.6330242029200856E-13,
13.66989613812234,4.8570810953575005,330.449133433362,0.0031561079197217623,0.00510269097787841,5.510586720447463E-4,9.590942959472762E-13,
13.670233737854915,4.8566297601906,330.449133433362,0.0033759973257474485,0.004513351669004351,0.0012838238876611285,3.7188369342225026E-12,
13.67057110258338,4.856104242951034,330.449133433362,0.003373647284661274,0.005255172395663976,1.5546242252639786E-4,2.3211996003843854E-13,
13.671057067110496,4.855513237707868,330.449133433362,0.004859645271153568,0.005910052431659096,6.120273229726081E-4,1.3567093671091952E-12,
13.671301257055688,4.855129122367941,330.449133433362,0.002441899451923746,0.0038411533992643854,3.8467429988031654E-4,4.924174121148644E-13,
13.671595385765158,4.854740722395434,330.449133433362,0.0029412870946998737,0.003883999725076137,2.9325869604690524E-4,3.7325078943646556E-13,
13.672005070326804,4.854173368524414,330.449133433362,0.004096845616459177,0.005673538710198045,2.3655471181882604E-5,1.2803383955808568E-13,
13.672375413411032,4.853630635031749,330.449133433362,0.0037034308422789763,0.0054273349266509285,1.6299518108553457E-4,2.62594200443611E-13,
13.673071627897457,4.85292213765112,330.449133433362,0.006962144864246511,0.007084973806286143,1.316302007126069E-4,4.593802172854574E-13,
13.673571170379773,4.852329663828499,330.449133433362,0.004995424823164285,0.005924738226212867,3.521617031765345E-4,6.987602962781966E-13,
13.673824302074308,4.851922130515334,330.449133433362,0.0025313169453511364,0.0040753331316523145,4.6397320829782984E-4,6.619193343330565E-13,
13.674356346019408,4.851377252251382,330.449133433362,0.005320439450997583,0.005448782639518868,9.899525844048185E-4,2.78846110857411E-12,
13.674788795357358,4.8507539617576185,330.449133433362,0.004324493379499472,0.006232904937633066,5.708750398980555E-4,1.1857888763924908E-12,
13.68439534175809,4.851175206562431,330.4699480704972,0.005762619927054402,0.008274833887469413,8.961030454202046E-4,2.6431489667909674E-12,
13.68483358506262,4.850597867705517,330.4699480704972,0.00438243304529351,0.005773388569139115,3.080225042140228E-5,1.4772368052106676E-13,
13.68533442683804,4.84993806290413,330.4699480704972,0.0050084177541975805,0.006598048013870539,3.517876280056953E-5,1.9289161691533153E-13,
13.686079598772267,4.848828057037622,330.4699480704972,0.007451719342270735,0.011100058665078905,0.001496765273714118,6.488568191299983E-12,
13.963291165263968,4.482704886978922,330.4699480704972,2.77211566491701,3.6612317005869954,0.02121732855641767,4.087929874523806E-8,
14.025258132155955,4.399247797364325,330.4699480704972,0.6196696689198689,0.8345708961459763,0.02152688117632806,5.503064548344441E-9,
14.025165137533122,4.399093526210805,330.4699480704972,9.299462283252069E-4,0.0015427115351940301,0.0018115990121714276,5.868073993837648E-12,
14.024852660832948,4.399480438691285,330.4699480704972,0.0031247670017364726,0.0038691248047939553,0.0014018880807498135,4.2136788335276966E-12,
14.024580202197171,4.399933276645839,330.4699480704972,0.002724586357771841,0.004528379545547523,9.310692786357322E-4,2.0526817653806556E-12,
14.02420503471194,4.400436372539161,330.4699480704972,0.003751674852310316,0.005030958933218699,9.100337308609596E-4,2.1625197937364065E-12,
14.023756167086503,4.400660231449848,330.4699480704972,0.004488676254368329,0.002238589106866584,0.0011348460191129561,3.076180055989961E-12,
14.02369923147262,4.400825887521336,330.4699480704972,5.693561388397939E-4,0.0016565607148777417,2.672922551028023E-4,1.6465177728718756E-13,
14.02370235787032,4.400687638216823,330.4699480704972,3.126397700725647E-5,0.0013824930451278306,3.076463019624498E-4,1.7954415255604606E-13,
14.023432863654534,4.400983519919436,330.4699480704972,0.002694942157859259,0.002958817026126326,0.0015723589854133024,4.991162744931786E-12,
14.023291920977272,4.40078071929554,330.4699480704972,0.001409426772625011,0.002028006238958824,9.677916023065336E-4,1.8631255406998167E-12,
14.023241566088018,4.400816925473492,330.4699480704972,5.035488925386744E-4,3.62061779526357E-4,1.0221717502645333E-4,2.762078293578551E-14,
14.023087370367989,4.400825626139124,330.4699480704972,0.0015419572002883797,8.700665631522497E-5,0.0021054659413266563,7.903372768342835E-12,
14.022811834482582,4.401009329691902,330.4699480704972,0.0027553588540740748,0.0018370355277852468,0.001518026056146482,4.61284536566239E-12,
14.022763423462152,4.400790651802595,330.4699480704972,4.841102042973944E-4,0.00218677889307628,8.859977032216193E-4,1.4665555012983236E-12,
14.022613457533453,4.400817008558221,330.4699480704972,0.0014996592869920278,2.6356755626011363E-4,0.001644834282501506,4.909820359782513E-12,
14.022490625313594,4.400805445495195,330.4699480704972,0.0012283221985853743,1.1563063026187592E-4,0.0011448681533465788,2.406380720355403E-12,
14.022476204420514,4.400630219908749,330.4699480704972,1.442089308056893E-4,0.0017522558644600394,4.0393171559571783E-4,3.1463316099373753E-13,
14.022328748281893,4.400830534612595,330.4699480704972,0.001474561386203277,0.0020031470384651584,9.63302974241742E-4,1.855855391942585E-12,
14.02232716800495,4.400733834289355,330.4699480704972,1.5802769439687836E-5,9.670032324038402E-4,1.7844061972027703E-4,6.174619152447126E-14,
14.022348197965243,4.40062497927147,330.4699480704972,2.1029960294072225E-4,0.0010885501788493457,5.680036298372215E-4,5.859502185125143E-13,
14.022320671975649,4.400770764752082,330.4699480704972,2.752598959432362E-4,0.0014578548061194851,1.7263850622839527E-4,6.952984372530194E-14,
14.022313686149232,4.400724767613212,330.4699480704972,6.98582641689427E-5,4.599713886932477E-4,4.1873535337799694E-4,3.066187241614668E-13,
14.022257056730382,4.400813308154852,330.4699480704972,5.6629418850207E-4,8.854054163975889E-4,7.52185952705986E-4,1.040219403925712E-12,
14.02218458584673,4.400814571367704,330.4699480704972,7.247088365147647E-4,1.2632128516543162E-5,9.44571172567521E-4,1.594092475636632E-12,
14.022232818436578,4.4008592134311755,330.4699480704972,4.8232589847430063E-4,4.4642063471656E-4,0.0016491102871896146,4.702947839113055E-12,
14.022137801377426,4.4006815653539775,330.4699480704972,9.501705915226921E-4,0.0017764807719800046,7.793630061314616E-4,1.1914166993785173E-12,
14.022080943097308,4.400789735852015,330.4699480704972,5.685828011792182E-4,0.0010817049803790724,0.0012409267969815119,2.7423297206941076E-12,
14.021947710058384,4.400863737804855,330.4699480704972,0.0013323303892320837,7.400195283935318E-4,4.996231086806802E-4,5.366727644227955E-13,
14.021964278401128,4.400869403613939,330.4699480704972,1.6568342743994435E-4,5.665809084121065E-5,3.390795467339558E-4,2.0155141083214392E-13,
14.021796206269073,4.400802097537223,330.4699480704972,0.0016807213205538574,6.730607671556754E-4,1.05713964444476E-4,5.794580603778421E-14,
14.021812035651465,4.400870371537394,330.4699480704972,1.582938239153009E-4,6.82740001707316E-4,0.00197819526533749,6.660752441021723E-12,
14.021774739421858,4.4008576662588155,330.4699480704972,3.7296229606909037E-4,1.270527857855086E-4,0.001541031314218344,4.069216446627947E-12,
14.021915942392866,4.40105740921328,330.4699480704972,0.001412029710081697,0.0019974295446445467,8.224504927056842E-4,1.3840565853604752E-12,
14.021716762479741,4.401002158164971,330.4699480704972,0.0019917991312468075,5.525104830894634E-4,0.0011632303750275241,2.638893841645875E-12,
14.021810353062165,4.401074584514731,330.4699480704972,9.359058242353058E-4,7.24263497602351E-4,2.859784177644542E-4,1.883726486360997E-13,
14.021754816113457,4.401103341590897,330.4699480704972,5.55369487074131E-4,2.8757076165675244E-4,7.804250788012723E-4,1.0931912600367705E-12,
14.021746828518417,4.400876557330406,330.4699480704972,7.987595040503948E-5,0.00226784260490831,1.8865275706048124E-4,8.273552070413968E-14,
14.021673928135783,4.400946414913221,330.4699480704972,7.290038263363385E-4,6.985758281530252E-4,4.130112699840538E-4,3.441375360940989E-13,
14.021563065429177,4.401055836181229,330.4699480704972,0.001108627066059853,0.0010942126800728147,0.001395932741274919,3.558861405259373E-12,
14.021682860563033,4.401027053076973,330.4699480704972,0.0011979513385540486,2.878310425558084E-4,5.500839642991195E-4,6.126470952026213E-13,
14.021716692074847,4.4010507646912345,330.4699480704972,3.383151181424182E-4,2.3711614261401337E-4,9.530416548386711E-5,2.1321141955330846E-14,
14.021781807314028,4.400976569214805,330.4699480704972,6.511523918106832E-4,7.419547642939506E-4,0.0020440977243652014,7.258866055273765E-12,
14.021660362682383,4.401023340271905,330.4699480704972,0.0012144463164531771,4.677105710015894E-4,0.002162246156558467,8.256169564519212E-12,
14.021732981905075,4.401041843848162,330.4699480704972,7.261922269208299E-4,1.8503576256989618E-4,0.0015214598477086838,4.049333249252493E-12,
14.021710610535592,4.401085053060825,330.4699480704972,2.2371369482243608E-4,4.320921266298683E-4,5.254228835838148E-4,4.897009320124274E-13,
