9.162611587044012,139.9159966434422,329.57444190132185,164.33900637101488,1386.4794792315238,1358.462135622587,1.0,
9.10727780945001,139.9212554377891,329.57444190132185,0.5533377759400082,0.05258794346900686,0.39198598705240784,2.4862399190403007E-8,
9.100943529475785,139.89325398734604,329.57444190132185,0.06334279974225865,0.2800145044307101,0.35118051399393835,3.005671260335966E-8,
9.103784553145033,139.95490859548306,329.57444190132185,0.028410236692479884,0.6165460813701884,1.370084198738084,3.6206310347414615E-7,
8.933339895960216,140.23429487609275,329.57444190132185,1.704446571848166,2.793862806096854,8.336882381763076,1.2943065309496577E-5,
9.021050483395243,139.41664252611963,329.57444190132185,0.8771058743502635,8.17652349973116,9.226988597135914,2.3214000024468832E-5,
7.993693386709992,137.99371221490026,329.57444190132185,10.273570966852503,14.229303112193747,5.288197815222588,1.789465748977222E-5,
6.190543236621124,135.07767000270917,329.57444190132185,18.03150150088868,29.16042212191087,26.41425276274788,2.4053494166176762E-4,
3.6221759739480603,130.914417765814,329.57444190132185,25.68367262673064,41.632522368951754,49.07988525481528,8.27930105996061E-4,
1.3852449428369482,125.11891568960698,329.57444190132185,22.36931031111112,57.95502076207015,68.19041709232977,0.0018654046052205694,
0.6623298848597869,118.88361235418728,329.57444190132185,20.47574827696735,62.35303335419701,78.42876288663234,0.0026008066798032885,
2.4609249067634664,112.39764073055301,329.57444190132185,17.985950219036795,64.8597162363427,83.87640048482638,0.0030850258358066742,
3.5496841184624373,105.52424050413327,329.57444190132185,10.887592116989708,68.73400226419733,82.45894329670477,0.0030185707197437745,
4.034186787843737,98.29036922995243,329.57444190132185,4.845026693812997,72.33871274180842,83.66162908903362,0.0031185117424531728,
6.588981215629474,89.22343825422274,329.57444190132185,25.54794427785737,90.6693097572969,72.1033644235888,0.0021261041326440396,
18.63233768865723,70.07231424025531,329.57444190132185,120.43356473027757,191.51124013967433,36.99894229592417,4.11188936951315E-6,
36.94689299120569,40.86611785218412,329.57444190132185,183.14555302548456,292.0619638807119,22.24603596871873,1.0,
48.3766627460808,11.505240173870646,329.57444190132185,114.2976975487511,293.6087767831347,111.18320324420154,1.0,
30.402187201567585,7.839104949497141,329.57444190132185,179.7447554451321,36.66135224373505,108.44048593112888,0.001112886351767489,
8.87809652767669,19.04827122680686,329.57444190132185,392.80283729244275,112.0916627730972,7.682820543568312,1.0,
30.50177196170125,29.75111432878151,329.57444190132185,216.23675434024562,107.0284310197465,123.75541725075436,4.8820926608636846E-4,
45.20327180325444,35.435498420677135,329.57444190132185,147.01499841553186,56.84384091895623,181.04669579272098,0.01456593619141578,
46.853796411870235,35.568854060405215,329.57444190132185,16.505246086157968,1.3335563972808018,157.91239867215836,0.015964935501526858,
34.43494769370693,27.068290449989178,329.57444190132185,124.18848718163304,85.00563610416037,120.68645710710769,0.0035498745442865513,
11.826281293752345,13.006615509257244,329.57444190132185,226.08666399954586,140.61674940731933,98.68006925807748,1.7024382710940035E-5,
16.75332415087678,1.6434999507813473,329.57444190132185,285.79605444629124,113.63115558475897,72.86930054846607,4.6077927179947445E-4,
48.6796118390879,4.48178595385815,329.57444190132185,319.2628768821112,61.252859046394974,42.751124421731674,5.466253025211824E-4,
75.04310295507946,7.474862515801931,329.57444190132185,263.63491115991565,29.930765619437807,1.5037864608927975,2.385819570520441E-4,
99.32277179789367,8.405929865056436,329.57444190132185,242.79668842814203,9.31067349254505,14.074597086419658,8.780906527379082E-7,
118.52771935170256,8.148516017932081,329.57444190132185,192.04947553808893,2.5741384712435433,36.05962103384229,5.070101654145344E-4,
128.719475423704,7.911109747107417,329.57444190132185,101.91756072001454,2.3740627082466403,64.92220427569634,0.0022246317764766364,
136.60825544967747,5.104932225369311,329.57444190132185,78.8878002597346,28.06177521738107,64.56976839237569,0.0019721845914826668,
139.13414666110975,2.673810330797778,329.57444190132185,25.25891211432281,24.311218945715325,32.33088282985875,3.003545704873335E-4,
132.7622524935698,0.0222416941582253,329.57444190132185,63.71894167539949,26.960520249560034,27.119361755943316,4.0572123418927854E-4,
117.91932186626366,3.08841434510029,329.57444190132185,148.42930627306146,30.661726509420646,7.580853234790936,1.2534081823308018E-4,
99.56766233460564,5.16424531320817,329.57444190132185,183.51659531658015,20.7583096810788,11.434610461664079,4.190441768088239E-5,
80.72703860651927,7.289042214637959,329.57444190132185,188.4062372808637,21.247969014297894,15.997745538392678,1.0570075938659226E-5,
56.11673812714139,11.150120551019882,329.57444190132185,246.10300479377884,38.61078336381922,20.163305680663086,1.350218406986952E-4,
28.33829145492075,14.056365052438792,329.57444190132185,277.7844667222064,29.06244501418911,9.669286060449735,6.938761861542801E-4,
3.3814812770025355,16.682327216248865,329.57444190132185,317.19772731923285,26.259621638100725,5.37848472224681,0.0014740699714970624,
33.55781223399663,18.881219517865702,329.57444190132185,301.76330956994093,21.98892301616837,3.7503537781111618,9.324527790565792E-4,
65.30828314442056,20.84037619280292,329.57444190132185,317.5047091042393,19.59156674937219,2.6533198722790985,6.962870829679923E-4,
91.81300095824668,24.185139419091115,329.57444190132185,265.0471781382612,33.44763226288194,16.305167700503205,3.6379486881327015E-5,
113.73243699324667,26.523861147913664,329.57444190132185,219.1943603499999,23.387217288225486,26.458006904776425,1.631822462518973E-4,
135.9574830899735,26.5593198614977,329.57444190132185,222.25046096726828,0.3545871358403474,39.02138032101419,6.258685318921473E-4,
147.8557744985684,25.107674666120033,329.57444190132185,118.982914085949,14.516451953776652,35.66578256871736,0.0010359240667037607,
145.188633148171,24.7217018422906,329.57444190132185,26.67141350397401,3.8597282382943376,35.68838915580159,3.8142646067038436E-4,
127.58608485779791,23.215704333798442,329.57444190132185,176.0254829037308,15.059975084921575,11.301982730970508,2.0313609586106212E-4,
102.0981707803304,19.776261649733698,329.57444190132185,254.87914077467508,34.39442684064744,13.27276926407393,5.901532598135448E-6,
55.3197161087794,12.815686684073796,329.57444190132185,467.78454671551003,69.60574965659902,63.34957502640037,1.0,
5.654419522937701,5.394812520154744,329.57444190132185,496.652965858417,74.20874163919052,84.34774295569525,1.0,
54.281710731642534,4.879379917422966,329.57444190132185,599.3613025458023,102.7419243757771,122.55559723819374,1.0,
97.51098538581266,11.363426692932535,329.57444190132185,432.29274654170126,64.84046775509569,61.42907476933544,1.0,
128.3137216015507,10.525666136636488,329.57444190132185,308.02736215738037,8.377605562960468,5.14675093547055,4.315815436753943E-5,
145.92250484893066,6.104020513104899,329.57444190132185,176.0878324737996,44.21645623531589,49.603276141854735,0.0014724266565751913,
154.53671398025165,0.9702780720293731,329.57444190132185,86.1420913132099,70.74298585134272,58.25362258694781,0.0014037478734380466,
155.01610010786294,5.331445670830107,329.57444190132185,4.793861276112921,43.611675988007335,23.300951408580772,7.621560077321358E-5,
153.55817351521864,6.747752019924377,329.57444190132185,14.579265926442986,14.163063490942704,1.5840301650166566,8.702645802970783E-6,
139.58648633421365,6.869922172518983,329.57444190132185,139.71687181004995,1.2217015259460595,22.621807588062666,5.626831212739195E-4,
118.82073293791905,7.361935581827481,329.57444190132185,207.657533962946,4.920134093084982,43.509089648392774,5.884306626600422E-4,
91.52735767542629,8.249409834259836,329.57444190132185,272.9337526249276,8.874742524323551,72.81223139619271,1.591898929146462E-4,
68.65396940747257,9.395031553771702,329.57444190132185,228.73388267953715,11.456217195118654,61.24787676340816,1.236778818912489E-4,
43.12208402352098,10.387329894352803,329.57444190132185,255.3188538395159,9.92298340581101,55.159061849115574,3.488770684030495E-5,
17.260099954259772,12.328864166499528,329.57444190132185,258.6198406926121,19.415342721467255,47.38886124796295,2.503875043019828E-4,
10.927872425487749,13.64978954426789,329.57444190132185,281.8797237974752,13.209253777683614,29.460235507860943,6.890125935779521E-4,
40.1902325314511,14.019287487393711,329.57444190132185,292.62360105963353,3.6949794312582185,11.29478433655379,6.777088892808511E-4,
67.73967338001603,14.683834320523545,329.57444190132185,275.4944084856493,6.645468331298332,13.750166396018244,2.4384866801812415E-4,
94.12176132618777,14.233315851004022,329.57444190132185,263.82087946171737,4.505184695195226,35.65225188214981,2.1851292318180846E-6,
116.06433786065702,14.620201270171691,329.57444190132185,219.42576534469254,3.8688541916766894,57.92817225143381,8.362555237095682E-4,
131.32179207287868,16.05519126938293,329.57444190132185,152.5745421222166,14.349899992112398,78.5661937026066,0.003426705104775355,
141.6011082305447,16.819654533879458,329.57444190132185,102.79316157666017,7.64463264496527,96.65753345576832,0.005510759842842295,
138.59706356001016,18.04793118161811,329.57444190132185,30.040446705345403,12.28276647738653,108.4659361247273,0.004186844080803634,
122.28975106915811,15.870421404494834,329.57444190132185,163.0731249085204,21.775097771232765,75.9988103742134,0.002789946223527805,
92.08629986782898,12.934605154523297,329.57444190132185,302.0345120132913,29.358162499715377,24.700486118997276,1.1731128689932098E-4,
57.96583355694861,8.696948225255795,329.57444190132185,341.20466310880374,42.376569292675015,18.381837392149976,1.0,
21.2888409317236,2.858471682913631,329.57444190132185,366.7699262522501,58.38476542342164,37.24286446885117,1.0,
23.081602709771232,3.608727958330462,329.57444190132185,443.7044364149483,64.67199641244093,68.4936092912929,1.0,
66.72367134086005,5.720621218749841,329.57444190132185,436.4206863108882,21.118932604193787,79.65617679610688,1.0,
108.11072548268237,8.16673381982605,329.57444190132185,413.8705414182232,24.461126010762086,55.139198471007376,1.0,
137.15544737367622,10.437026218174708,329.57444190132185,290.44721890993856,22.702923983486585,13.671245039489577,5.526544943018933E-6,
151.515868659759,6.235330900576599,329.57444190132185,143.60421286082783,42.01695317598109,46.8076179819991,0.0015138065572543472,
156.82442260917094,1.5273433144724606,329.57444190132185,53.0855394941193,47.07987586104139,41.28103261743945,6.48781033103671E-4,
153.33850903934308,0.9841565127825902,329.57444190132185,34.85913569827858,25.11499827255051,29.948858983877642,3.1904848903494015E-4,
141.57597827437246,3.6905568382878755,329.57444190132185,117.6253076497062,27.064003255052853,5.291197367911309,2.0545239918361022E-4,
123.07171608733836,6.255170574552466,329.57444190132185,185.042621870341,25.646137362645902,15.572679544519303,1.933984346173123E-4,
101.52243521192213,7.994752569816086,329.57444190132185,215.4928087541623,17.395819952636202,29.12704422421939,1.0881532300562395E-4,
79.70977149071223,9.822277418850291,329.57444190132185,218.126637212099,18.27524849034205,31.131464471081927,1.9340843174404708E-5,
63.86740678491083,13.641675793280598,329.57444190132185,158.423647058014,38.19398374430307,20.164663722518412,2.5712224095467457E-5,
40.61741324455852,14.485412596488374,329.57444190132185,232.49993540352307,8.437368032077757,23.343659663640324,1.3181976268310388E-4,
9.657186560216132,14.804676138643998,329.57444190132185,309.6022668434239,3.192635421556247,22.823907477844614,0.0010888546171146148,
19.662175152459668,17.312819108516237,329.57444190132185,293.193617126758,25.08142969872239,1.9920574940630331,0.0010371433052475236,
50.02130847160481,18.427454014489143,329.57444190132185,303.59133319145144,11.146349059729062,2.518291584114536,7.632839183887498E-4,
84.13412948004327,17.77420793529876,329.57444190132185,341.1282100843846,6.532460791903816,11.21657768479622,1.0,
112.71988701774433,18.55446123473905,329.57444190132185,285.85757537701056,7.802532994402895,55.798608463454684,1.1856775399331958E-4,
127.90196429627815,21.87374634724759,329.57444190132185,151.82077278533825,33.19285112508538,104.9772667279305,0.006542650429616642,
123.60036743028502,23.663109684137908,329.57444190132185,43.01596865993133,17.89363336890318,101.60713475515564,0.004292644915947398,
108.22501881402036,20.286250962844235,329.57444190132185,153.7534861626466,33.76858721293672,45.55369544098511,8.718577016318764E-4,
84.53945420125706,16.339814532892774,329.57444190132185,236.855646127633,39.464364299514614,0.5003626967172181,7.976192426317981E-5,
58.27804502961942,11.817125932424233,329.57444190132185,262.6140917163764,45.22688600468541,30.298258232522244,1.2978636057934918E-4,
29.399734313120803,7.887754802628905,329.57444190132185,288.7831071649862,39.29371129795328,42.69931263312259,4.411265442658482E-4,
10.366302654526521,1.4999446973810109,329.57444190132185,397.66036967647324,63.87810105247894,64.96204329187236,1.0,
58.93917415019553,7.509862406366835,329.57444190132185,485.72871495669006,90.09807103747846,91.48266268781867,1.0,
109.46172289494041,13.166277395091072,329.57444190132185,505.2254874474488,56.564149887242365,107.2732973098482,1.0,
140.55171709710942,17.068119450987723,329.57444190132185,310.8999420216901,39.01842055896651,29.89383852754827,3.020561487041324E-5,
153.8852896925182,14.080130566467403,329.57444190132185,133.33572595408782,29.879888845203197,48.374321999488075,0.0017044842682866017,
154.4263883157854,7.485571671689172,329.57444190132185,5.41098623267203,65.94558894778231,59.05101212417492,5.102431366774537E-4,
146.00627705206227,3.1988192954135286,329.57444190132185,84.20111263723129,42.867523762756434,33.74167130699789,6.807376499192006E-4,
132.39732541694696,0.11108444318313104,329.57444190132185,136.08951635115318,33.0990373859666,1.0114073664755097,1.1638217543703266E-4,
119.06619693045673,2.8139067275005516,329.57444190132185,133.3112848649023,27.028222843174206,23.762994174007872,4.063693933659975E-4,
105.71212488875176,3.466248791469326,329.57444190132185,133.54072041704967,6.5234206396877426,27.193126090852502,3.989016007668795E-4,
89.7867951352107,3.1687915453383084,329.57444190132185,159.25329753541064,2.9745724613101743,25.462533321730234,1.8444352625261514E-4,
69.61880200204655,4.568939526028089,329.57444190132185,201.67993133164146,14.001479806897805,28.342721626615912,1.1570243881747846E-5,
40.52425368879972,7.080399172456708,329.57444190132185,290.9454831324683,25.114596464286194,41.45263688264208,3.4979817257587944E-4,
7.120023072947447,10.77323334968031,329.57444190132185,334.0423061585227,36.928341772236024,30.874162610180065,1.0,
21.421820194112,16.672913204180986,329.57444190132185,285.4184326705945,58.996798545006754,5.133731145837146,9.295151051409424E-4,
47.66522522897981,20.318130408208702,329.57444190132185,262.43405034867806,36.45217204027716,30.45395514602319,1.8367665931672713E-4,
69.26799117101189,21.357367037043275,329.57444190132185,216.0276594203208,10.392366288345727,40.68554552689193,3.4015491041155734E-5,
88.56573674216634,21.680216461421395,329.57444190132185,192.9774557115445,3.228494243781199,53.67924358864116,5.026692673190662E-4,
98.85654905415333,22.55445174391008,329.57444190132185,102.90812311986997,8.742352824886837,68.95759754315577,0.002103889888226987,
91.9367306550273,23.298884090775232,329.57444190132185,69.1981839912603,7.4443234686515325,64.13930641999116,0.0016581170644052645,
79.26273275152948,17.878306244753247,329.57444190132185,126.7399790349782,54.20577846021985,33.70202092837246,3.165180988994336E-4,
55.237482172882665,13.330591827607776,329.57444190132185,240.2525057864682,45.47714417145471,0.4411975053193373,2.814321505427007E-4,
25.286412896499314,7.4223016792517456,329.57444190132185,299.5106927638335,59.082901483560306,32.6274472970664,7.260725583482414E-4,
28.879642901532065,0.9479915092990154,329.57444190132185,541.6605579803138,83.70293188550761,94.39597669393038,1.0,
78.14686597498098,16.55271322091025,329.57444190132185,492.6722307344892,156.04721711611234,95.05455327920117,1.0,
114.19060198009697,24.414065806794355,329.57444190132185,360.4373600511599,78.61352585884106,49.80116994612558,1.0,
134.92462174432467,27.366416123358476,329.57444190132185,207.34019764227696,29.523503165641216,8.27446474600265,1.454620392474666E-4,
141.0949099338501,29.36162727604247,329.57444190132185,61.70288189525422,19.95211152683993,41.33228609138882,8.371515461357673E-4,
139.44519679013342,29.932920612134467,329.57444190132185,16.497131437166672,5.712933360919976,25.34478852584698,1.7061047701491603E-4,
130.29393683074818,30.1339661940564,329.57444190132185,91.51259959385243,2.0104558192193167,1.6464972137958966,1.0940707867332307E-4,
111.22707769250849,25.99295871642795,329.57444190132185,190.66859138239693,41.41007477628449,31.896744860640638,3.4875069242690324E-4,
93.00727341375864,17.291935916849894,329.57444190132185,182.19804278749848,87.01022799578055,80.90956547199141,0.0013266680989027747,
79.49731786515713,6.954784990874629,329.57444190132185,135.0995554860151,103.37150925975266,151.47569551903985,0.00770947697279215,
69.13643597731243,5.602291183691392,329.57444190132185,103.60881887844698,125.5707617456602,203.8916477546502,0.016579858006234908,
62.10430984900313,15.909697250201503,329.57444190132185,70.32126128309301,103.07406066510111,182.3357459623213,0.018808167873703905,
50.40800898786051,11.026445727309465,329.57444190132185,116.96300861142618,48.832515228920386,42.86903509369097,3.145740020810792E-4,
49.3006584402948,2.0488219765828717,329.57444190132185,11.073505475657157,89.77623750726593,430.22535415469974,1.0,
60.48205601176892,2.0306258139642352,329.57444190132185,111.81397571474122,40.79447790547107,810.1695574490534,1.0,
41.87699850863885,5.390218593190241,329.57444190132185,186.0505750313007,33.595927792260056,721.6943696846374,1.0,
18.660446820736297,3.38090203673309,329.57444190132185,232.16551687902552,87.71120629923331,228.2601073201957,1.0,
37.22425832137412,14.013136322589702,329.57444190132185,185.63811500637826,106.32234285856612,525.3019329747502,1.0,
46.27786750156986,16.07498107655124,329.57444190132185,90.53609180195735,20.618447539615374,471.20339666094196,1.0,
48.023462409956664,15.910173952944547,329.57444190132185,17.455949083868063,1.6480712360669258,224.51072363129697,0.08341609242863988,
47.21711854867158,14.957875499177646,329.57444190132185,8.06343861285086,9.522984537669004,163.0392020913456,0.01830728644226752,
44.159871341593885,13.296835971715097,329.57444190132185,30.57247207077694,16.61039527462549,120.34422994737497,0.007031588458875881,
40.07463590568841,11.468319725645188,329.57444190132185,40.85235435905474,18.285162460699098,89.83432478673478,0.0030265692137093556,
35.7016036060312,9.885768773206166,329.57444190132185,43.73032299657211,15.825509524390213,67.07030061309126,0.0014061946663892655,
31.51023056858321,8.860003077277355,329.57444190132185,41.91373037447988,10.257656959288113,50.87565855938237,7.176503209904336E-4,
27.64493520086819,7.989310642777383,329.57444190132185,38.65295367715021,8.70692434499972,38.63858163743373,3.791433035394475E-4,
24.202336905245375,7.220129408875692,329.57444190132185,34.425982956228154,7.691812339016906,28.501079963816665,1.929746086837778E-4,
21.28918119077332,6.467798599023951,329.57444190132185,29.131557144720546,7.523308098517418,21.841059553995592,1.0892535643577601E-4,
21.078461675485983,6.4659157007722,329.57444190132185,2.1071951528733734,0.018828982517504755,4.414609266361822,3.9538808205123735E-6,
21.47774176077087,6.491202017283058,329.57444190132185,3.992800852848859,0.25286316510857887,5.149368256732032,5.597129723920455E-6,
21.559132109508482,6.437679272471968,329.57444190132185,0.8139034873761375,0.5352274481109021,4.137435782860166,3.3691559744799247E-6,
21.111050582553958,6.088840423940695,329.57444190132185,4.480815269545246,3.4883884853127256,20.435985989197434,9.13182350466506E-5,
20.242163330798917,5.828563029060774,329.57444190132185,8.688872517550408,2.6027739487992108,19.10236660189298,8.074266713568732E-5,
18.037206374094467,5.926464482005571,329.57444190132185,22.0495695670445,0.9790145294479657,12.781114940085558,3.575953444354036E-5,
19.22866544612907,12.086332786099945,329.57444190132185,11.914590720346041,61.59868304094374,33.83428551727093,2.0978446334201528E-4,
47.44268213333146,6.796973265953625,329.57444190132185,282.1401668720239,52.8935952014632,122.14720377071956,5.505389971497678E-5,
61.941435140179465,20.14635047105159,329.57444190132185,144.98753006848005,269.43323737005215,154.14233536668007,1.0,
58.71975517211786,26.66366143333181,329.57444190132185,32.21679968061608,65.1731096228022,634.4934564355945,1.0,
30.294761276104737,28.585404749132152,329.57444190132185,284.2499389601312,19.217433158003416,646.4532909302403,1.0,
15.399861268027621,16.132427928738167,329.57444190132185,148.94900008077116,124.52976820393985,232.11636982100146,0.009185732642063201,
21.893238170991935,0.7113105559712949,329.57444190132185,64.93376902964314,154.21117372766872,158.89336884571748,0.0035021102088567207,
27.810357109798474,6.3220123092599465,329.57444190132185,59.171189388065386,70.33322865231241,299.09193626018634,0.2178344198486317,
33.45282618902104,9.752114764289956,329.57444190132185,56.42469079222565,34.3010245503001,271.19042642923745,0.31345483944891583,
36.71552409463084,11.747384989819068,329.87913229713126,34.75895386792786,15.11389564446688,261.20052619077086,0.29907790573943377,
37.441637615982245,11.656874646035646,329.87913229713126,7.2611352135140805,0.9051034378342138,165.04234074858147,0.019532686269764343,
36.58561429449924,10.883835434340114,329.87913229713126,8.560233214830077,7.730392116955329,109.87430852379873,0.005044469840296039,
34.79564951234158,9.952398972421577,329.87913229713126,17.899647821576536,9.314364619185369,79.62722394909179,0.0021302331005910074,
32.161606608866464,9.261096655939184,329.87913229713126,26.340429034751196,6.913023164823926,60.84701852124908,0.0010996745754491125,
28.360463863825657,8.57842907314955,329.87913229713126,38.011427450408064,6.826675827896338,58.17158284348352,9.715715404946968E-4,
25.60599396886687,8.088038431507556,329.87913229713126,27.544698949587882,4.903906416419943,32.55928504301551,2.610151262841978E-4,
23.253466948412893,7.562945478334257,329.87913229713126,23.525270204539765,5.250929531732993,24.252721658747305,1.3817661695776282E-4,
21.111138861858308,7.1564543778743825,329.87913229713126,21.42328086554585,4.064911004598741,17.288060525050355,6.785063490049432E-5,
19.394021263007517,6.799475398454518,329.87913229713126,17.171175988507912,3.569789794198641,12.776709560130826,3.639410898446404E-5,
17.84305052625632,6.235308548612977,329.87913229713126,15.509707367511965,5.641668498415413,10.908731194971324,2.6253246517884777E-5,
16.93433459692676,5.847547705209564,329.87913229713126,9.0871592932956,3.87760843403413,5.854825217883217,7.563836120510065E-6,
16.232949792161207,5.603133922966919,329.87913229713126,7.013848047655529,2.4441378224264554,4.233594728558501,3.953505285168983E-6,
15.762241221367049,5.3585402780173865,329.87913229713126,4.707085707941587,2.4459364494953206,3.13061388996573,2.1432144108076095E-6,
15.418734680862258,5.1507516699452935,329.87913229713126,3.435065405047908,2.07788608072093,2.2184907244076157,1.0800267106256884E-6,
15.025381133686096,4.936133681884854,329.87913229713126,3.9335354717616156,2.146179880604393,1.973565506267505,8.788019567723088E-7,
14.86041643301769,4.812133140561144,329.87913229713126,1.649647006684063,1.2400054132370997,1.2608816566364567,3.416141689861679E-7,
14.67603616949907,4.727834856606563,329.87913229713126,1.8438026351861936,0.8429828395458117,0.8283857035712572,1.5771462183961276E-7,
14.531873129502856,4.618778750437059,329.87913229713126,1.4416303999621505,1.0905610616950412,0.6193771083587762,9.014971228916067E-8,
14.46166678913562,4.5244845119577235,329.87913229713126,0.702063403672355,0.9429423847933549,0.6337877175371887,8.556020113773573E-8,
14.39673225045135,4.424214244073028,329.87913229713126,0.6493453868426968,1.0027026788469584,0.7529049241179564,1.1789641063926179E-7,
14.330027094953607,4.3551597379205305,329.87913229713126,0.6670515549774336,0.690545061524972,0.5708973410548879,6.92185776837722E-8,
14.235930297392315,4.275597553039034,329.87913229713126,0.9409679756129208,0.7956218488149602,0.057285897917154216,2.096688506207259E-9,
14.113618509103276,4.207553503316944,329.87913229713126,1.2231178828903921,0.6804404972208999,0.18459410970137924,1.1016393173121413E-8,
14.027528121946716,4.131187768493163,329.87913229713126,0.860903871565597,0.763657348237814,0.4757477386846176,5.0667226102684394E-8,
13.992147064271421,4.070892048534461,329.87913229713126,0.3538105767529487,0.6029571995870242,0.6666895903413206,8.890871393690908E-8,
13.970568463263817,4.027253405414541,329.87913229713126,0.21578601007604448,0.43638643119919607,0.32521398031974513,2.1555476625660866E-8,
13.939761320414163,3.9895748324289286,329.87913229713126,0.30807142849653246,0.3767857298561239,0.27697781686072176,1.6199509630435206E-8,
13.910207393847827,3.950841140884421,329.87913229713126,0.29553926566336486,0.38733691544507565,0.2151734628421309,1.0063187068485761E-8,
13.886081021627092,3.9062868361740755,329.87913229713126,0.24126372220734993,0.44554304710345605,0.28985763758782923,1.7401644537798518E-8,
13.858443665835011,3.8618031349939486,329.87913229713126,0.276373557920806,0.444837011801269,0.3960334985782765,3.1862727488554484E-8,
13.828265306328603,3.8414240098015853,329.87913229713126,0.30178359506408015,0.2037912519236329,0.26413867815051617,1.456500291396171E-8,
13.79409219797867,3.8189338348419426,329.87913229713126,0.3417310834993259,0.22490174959642673,0.15561032198547764,5.549745332200028E-9,
13.755142120800429,3.7934389941079587,329.87913229713126,0.3895007717824228,0.2549484073398389,0.03814330217835504,6.070520504865393E-10,
13.732999216522671,3.734061282958862,329.87913229713126,0.22142904277757225,0.5937771114909651,0.058417770154619575,1.0167523705310213E-9,
13.66499993339528,3.706386929756718,329.87913229713126,0.6799928312739212,0.27674353202144175,0.0929254709427596,2.8472302455518755E-9,
13.62657016550736,3.685388712480659,329.87913229713126,0.38429767887919297,0.20998217276058995,0.1412749398230062,4.741103114498174E-9,
13.607783014198844,3.6520164056757665,329.87913229713126,0.18787151308515604,0.3337230680489256,0.23397461684567133,1.1251581867793072E-8,
13.588450255375278,3.624482350653409,329.87913229713126,0.1933275882356611,0.27534055022357506,0.23915171308715344,1.169428894119739E-8,
13.577239928559948,3.611975764134286,329.87913229713126,0.11210326815330518,0.12506586519123175,0.24594430513445786,1.1874124958623486E-8,
13.565112337888536,3.589402468106016,329.91659686687456,0.13766438301558992,0.17559286711474442,0.1981198233931991,7.908519449681737E-9,
13.553105671548792,3.5789121593014386,329.91659686687456,0.12006666339743788,0.10490308804577353,0.12083667003480514,3.0094376091572463E-9,
13.546952431742625,3.57273711913831,329.91659686687456,0.06153239806167221,0.06175040163128642,0.15441458538646202,4.644687252580093E-9,
13.540749778367854,3.5640445791948707,329.91659686687456,0.062026533747712165,0.08692539943439215,0.143032856208265,4.01331905487834E-9,
13.569978431839445,3.5084065322801905,329.91659686687456,0.29228653471591315,0.5563804691468022,0.10503392884459117,2.800094450376393E-9,
13.570348462274524,3.480752703465072,329.91659686687456,0.0037003043507866096,0.27653828815118686,0.09038309516995469,1.628511814941647E-9,
13.560463607373208,3.472749935099131,329.91659686687456,0.0988485490131552,0.08002768365940938,0.05940075763646746,7.723024868271914E-10,
13.551934002483904,3.465204116577695,329.91659686687456,0.0852960488930421,0.07545818521435876,0.06373303835232491,8.645019257699185E-10,
13.546592911520293,3.4576986753269523,329.91659686687456,0.0534109096361135,0.07505441250742706,0.06945985912636843,9.804655619042675E-10,
13.53939606806614,3.449408993423475,329.91659686687456,0.07196843454153168,0.0828968190347723,0.08607064097645889,1.5098700474946142E-9,
13.529525416066235,3.4380969165061686,329.91659686687456,0.09870651999904112,0.11312076917306513,0.1059453452580783,2.3092521065970713E-9,
13.52367312596266,3.4296032449687743,329.91659686687456,0.05852290103575797,0.0849367153739422,0.11307519062881966,2.5305957901740123E-9,
13.51516183151773,3.422939405160406,329.91659686687456,0.08511294444929263,0.06663839808368266,0.05418072242321159,6.361486094609628E-10,
13.505205785241856,3.4160332650667726,329.91659686687456,0.09956046275874542,0.0690614009363344,0.047147996392595815,5.037383452467222E-10,
13.496598450502802,3.4078374279040133,329.91659686687456,0.0860733473905384,0.0819583716275929,0.04285507727104232,4.163858061749737E-10,
13.485274496591387,3.3973150755687698,329.91659686687456,0.11323953911414719,0.10522352335243568,0.07319650959857427,1.1628566211532088E-9,
13.477656806275263,3.3886298645068678,329.91659686687456,0.07617690316124026,0.0868521106190201,0.053033225987064725,6.076098236004933E-10,
13.4710710124358,3.3819571924328216,329.91659686687456,0.06585793839462895,0.06672672074046204,0.04656752241942286,4.658793927367961E-10,
13.46377332068937,3.374870404846604,329.91659686687456,0.07297691746430246,0.07086787586217724,0.06846595714250725,9.731319776982774E-10,
13.458420480524978,3.365762469476863,329.91659686687456,0.05352840164391637,0.09107935369740972,0.06509734126780131,8.692214946500275E-10,
13.531842968396177,3.25072353215009,329.91659686687456,0.7342248787119843,1.1503893732677284,0.0744958143951635,2.392958888142631E-9,
13.517575921202933,3.252526532603696,329.91659686687456,0.14267047193243343,0.018030004536058186,0.09167130192565764,1.7831546810212464E-9,
13.509545574603635,3.2482906587322304,329.91659686687456,0.08030346599298355,0.04235873871465401,0.06994262707223697,1.0135227449516163E-9,
13.497429455576139,3.2335376085912912,329.91659686687456,0.12116119027496097,0.14753050140939195,0.12151524795058322,3.0570373421568707E-9,
13.281944357169664,3.0535548401114454,329.91659686687456,2.154850984064751,1.7998276847984584,0.4980687265992856,6.52080442162478E-8,
12.92671726118067,2.899313277376706,329.91659686687456,3.5522709598899382,1.5424156273473955,2.220420633241247,1.0481503677046E-6,
12.92476465261177,2.8851385750897407,329.91659686687456,0.0195260856889945,0.14174702286965157,0.41938741609499175,3.3267357669838116E-8,
12.812164929066398,3.039373482300192,329.91659686687456,1.125997235453724,1.542349072104514,0.0439856868518973,1.7381237813967005E-9,
12.203747935320393,3.5077333257540317,329.91659686687456,6.084169937460047,4.683598434538396,2.1798493742096525,1.0622209884693495E-6,
11.017450694763966,4.26709526636003,329.91659686687456,11.862972405564278,7.593619406059986,5.1326002540128,5.4873285768201E-6,
9.839098876439607,4.997439940173024,329.91659686687456,11.783518183243586,7.303446738129935,4.0560498944262235,3.433097223300856E-6,
6.154406919284838,3.694664386870329,329.91659686687456,36.84691957154769,13.027755533026948,34.17007770547855,2.4378555054086E-4,
3.59045577393681,1.7531204935926894,329.91659686687456,25.63951145348028,19.415438932776397,53.21252367804732,7.077822105871143E-4,
9.482513086990139,1.5895497513517114,329.91659686687456,58.920573130533285,33.42670244944401,59.404714182563225,7.544871028068321E-4,
24.405862883584973,10.55023243898512,329.91659686687456,149.23349796594835,89.60682687633408,52.55163460064921,5.776814025601266E-5,
51.392501956457295,27.246566412986624,329.91659686687456,269.8663907287232,166.96333974001504,64.21839317769923,1.9478715673110547E-4,
75.99493482859452,39.48342390903659,329.91659686687456,246.02432872137229,122.36857496049964,33.097854027093945,2.0360403493194634E-5,
98.30796260683064,52.91320551429928,329.91659686687456,223.1302777823612,134.2978160526269,28.725809557380444,2.7161248567369564E-5,
113.58982933431332,61.43707741356474,329.91659686687456,152.8186672748268,85.23871899265458,39.33046134894823,8.518672398965777E-4,
121.88718916612572,63.94495171762753,329.91659686687456,82.973598318124,25.078743040627955,53.061654416724195,0.001449019946792993,
123.26124012867012,62.275741659800104,329.91659686687456,13.74050962544402,16.692100578274278,63.85472422658751,0.0010585173353823256,
115.60755143910774,56.96608233881767,329.91659686687456,76.53688689562387,53.096593209824334,46.37472718954541,0.0011499832744641767,
97.55066346134413,46.654778962302316,329.91659686687456,180.56887977763608,103.11303376515355,18.76107913513522,7.816240395763159E-5,
71.981396555208,33.56236768097335,329.91659686687456,255.69266906136136,130.92411281328964,6.623033618894283,2.8018565552235327E-4,
39.63776226698985,17.007516716074377,329.91659686687456,323.4363428821814,165.54850964898975,26.376515873102733,1.0,
17.738986414846067,1.960613217021745,329.91659686687456,218.98775852143785,150.46903499052632,6.9570827544282565,7.457337592269846E-4,
2.622782674408313,6.579986083483874,329.91659686687456,151.16203740437754,85.40599300505619,2.5490393963900715,2.180133486336251E-4,
10.336056892663578,11.305811359126835,329.91659686687456,129.5883956707189,47.25825275642961,4.485530236906925,5.555490488436084E-5,
16.741221880793887,14.740263459255374,329.91659686687456,64.05164988130309,34.344521001285386,6.088298455788674,1.5068015994638398E-6,
18.746236590161516,15.539939519699345,329.91659686687456,20.050147093676287,7.996760604439714,2.131765241563528,1.6406247912488632E-6,
16.840542552021134,14.778677263980882,329.91659686687456,19.05694038140382,7.612622557184636,10.578969050767455,2.53182198163068E-5,
11.864136809482716,12.495466697580781,329.91659686687456,49.76405742538418,22.832105664001006,16.851315449983986,4.5181334428052464E-5,
7.277085154405199,9.192676014509146,329.91659686687456,45.870516550775164,33.02790683071635,18.404780018732083,4.838410258132173E-5,
1.502301736351228,5.2996056916386465,329.91659686687456,57.74783418053971,38.930703228705,20.42989716929185,3.7793937027466126E-5,
7.0099011186932785,1.3980983868482042,329.91659686687456,85.12202855044507,39.01507304790442,22.047039046398993,2.0552206905675714E-5,
17.256001005827216,3.0600706240963973,329.91659686687456,102.46099887133937,44.581690109446015,17.17235997787384,2.4628105399168612E-6,
28.39475637357532,7.889541046663993,329.91659686687456,111.38755367748104,48.29470422567596,13.825083864396959,7.059368959238126E-7,
40.43810179322736,13.429389751366216,329.91659686687456,120.43345419652042,55.39848704702223,9.64052921552451,2.4594466207127526E-9,
55.03291424437896,18.574757280016115,329.91659686687456,145.94812451151597,51.45367528649899,12.068921625179883,1.4136196672518644E-6,
71.76225184253622,24.777767826685306,329.91659686687456,167.29337598157258,62.03010546669191,14.538901709092045,8.863722665837077E-6,
89.15668716488915,32.03631690638153,329.91659686687456,173.94435322352933,72.58549079696223,9.284925165098628,1.5228073617284729E-5,
109.30242423822733,37.89233423445981,329.91659686687456,201.45737073338182,58.560173280782806,10.419113999307115,4.973372815406376E-5,
132.85661451980332,45.02519978689054,329.91659686687456,235.54190281575984,71.3286555243073,16.83531209363764,1.4604984843282178E-4,
150.15734776670195,51.852888960372496,329.91659686687456,173.0073324689863,68.27689173481957,6.896912223263598,3.41240470617233E-4,
163.9156679875049,54.370292218336004,329.91659686687456,137.58320220802943,25.17403257963508,27.851335133354667,0.0010101448053953283,
176.9502868046094,54.38879780567797,329.91659686687456,130.34618817104501,0.18505587341962837,40.49291677935855,0.001476364483867993,
186.90014985109008,55.8743652422863,329.91659686687456,99.49863046480687,14.855674366083349,56.05874270680005,0.002088619976399999,
188.64631986706172,56.892731014597786,329.91659686687456,17.46170015971643,10.183657723114834,63.90611403102383,8.307766679866825E-4,
184.79647872712212,54.57202459346311,329.91659686687456,38.49841139939599,23.207064211346733,53.70580725474497,9.54371729321679E-4,
175.1020452038456,49.456176396197435,329.91659686687456,96.9443352327653,51.15848197265677,33.96926288970235,0.0010876844589541648,
160.12798595956883,42.619492281092306,329.91659686687456,149.7405924427676,68.36684115105129,10.154692154265206,4.6074521829340693E-4,
144.24191284528467,35.000552125172675,329.91659686687456,158.8607311428416,76.18940155919631,14.699029834608552,3.8192410075143943E-4,
128.5021898867941,27.91411074056097,329.91659686687456,157.39722958490574,70.86441384611703,32.916511279859435,6.470253083085664E-4,
112.41572488747158,19.969958117382845,329.91659686687456,160.86464999322516,79.44152623178127,42.60446343194843,6.177668203452012E-4,
95.76001298251845,11.418056730018776,329.91659686687456,166.55711904953137,85.51901387364069,37.6652179154641,2.462983776236605E-4,
79.32560316342324,3.606129028670665,329.91659686687456,164.34409819095208,78.11927701348111,22.925563842574945,2.835109393966936E-5,
60.80246655373833,3.205210425411707,329.91659686687456,185.23136609684911,68.11339454082372,8.848692574196946,3.69619242784707E-5,
38.36781796856462,9.377468616821801,329.91659686687456,224.34648585173704,61.72258191410094,10.220658734715471,2.491052489239854E-4,
9.32777424367157,17.547204741785123,329.91659686687456,290.40043724893053,81.69736124963322,49.662059885294525,6.46366057564861E-4,
11.635581453222585,25.70237716512665,329.91659686687456,209.63355696894155,81.55172423341526,94.60451365113414,7.196136266855952E-5,
16.324783885403008,29.45192530864955,329.91659686687456,46.89202432180423,37.49548143522901,87.56195455996703,0.0025992238965284516,
13.66036998547088,26.947568978822858,329.91659686687456,26.644138999321285,25.043563298266918,40.68431734467964,4.247064148937836E-4,
6.82857195110023,21.92121623428531,329.91659686687456,68.3179803437065,50.26352744537547,7.054707570743801,1.2909717247378388E-7,
3.521839635781589,16.80570956107627,329.91659686687456,103.50411586881819,51.155066732090404,39.810025690958355,9.98199943563825E-5,
16.36437706915592,11.520118894553661,329.91659686687456,128.42537433374332,52.85590666522609,54.61460749206225,2.0980125535102973E-4,
31.60055025955205,2.4822245268532583,329.91659686687456,152.3617319039613,90.37894367700403,45.99939761507272,2.239568170063715E-5,
38.381694317910615,5.187769635751351,329.91659686687456,67.81144058358564,76.6999416260461,34.65466976212923,1.592439673952765E-4,
46.194354888555836,8.213411707880738,329.91659686687456,78.12660570645221,30.256420721293864,29.972957192104275,2.115564905154875E-4,
68.85832042172672,16.61171967717482,329.91659686687456,226.6396553317088,83.9830796929408,92.31048873726223,4.676526397639535E-4,
94.06069068683257,28.65508528795698,329.91659686687456,252.02370265105856,120.4336561078216,95.17880724410276,5.053354365426611E-4,
112.76129405563574,40.79355651797533,329.91659686687456,187.00603368803172,121.38471230018354,69.96266411303651,0.0012183529947875028,
128.6989929634375,48.83296963794248,329.91659686687456,159.37698907801746,80.3941311996715,33.069108945326775,7.463567509814626E-4,
139.54940145570356,51.73526807225733,329.91659686687456,108.5040849226607,29.022984343148437,8.993099781188505,2.927571057564752E-4,
142.6153762276267,50.24999763069877,329.91659686687456,30.659747719231518,14.85270441558555,4.867970701626518,5.120407763536821E-5,
142.12773689180096,46.42522988793425,329.91659686687456,4.876393358257474,38.247677427645215,19.716499047800653,9.303731385211133E-5,
134.76182958120853,41.45245954945344,329.91659686687456,73.65907310592434,49.72770338480814,24.21431839616133,4.620087165300391E-4,
118.35986661589084,34.57149034425689,329.91659686687456,164.01962965317693,68.8096920519655,29.545265694516445,4.712659112564347E-4,
99.86344693058231,26.45062500197099,329.91659686687456,184.96419685308524,81.20865342285896,42.48124842435317,3.691508129419705E-4,
86.98970706438035,19.795160537603266,329.91659686687456,128.7373986620196,66.55464464367725,51.42419079935024,7.940091915048886E-4,
75.09043081995162,14.258806021684165,329.91659686687456,118.99276244428734,55.363545159191005,72.0141125203699,0.0015863176082928543,
68.77087311935338,9.86025908985772,329.91659686687456,63.195577005982386,43.98546931826445,61.575324534414335,0.0012363047832941185,
65.91632938038208,7.555056152500555,329.91659686687456,28.545437389713015,23.052029373571656,47.13431850855358,6.469312224307359E-4,
62.9476401689343,6.002887339872103,329.91659686687456,29.686892114477814,15.521688126284516,33.06385434057489,3.138118734160804E-4,
62.12316438263019,4.9195453554838195,329.91659686687456,8.244757863041059,10.833419843882837,12.692249250491159,3.823067013571273E-5,
61.73197011213085,4.511306027598323,329.91659686687456,3.9119427049934075,4.0823932788549655,1.0074862280660568,5.41224515378364E-7,
62.29716340582377,3.807176746810626,329.91659686687456,5.651932936929143,7.041292807876971,11.122497139719485,2.786397010172508E-5,
62.48310847444827,3.4993178480339395,329.91659686687456,1.8594506862450544,3.0785889877668637,8.926100552135665,1.5956290665973737E-5,
62.441277562117875,3.6231586122889325,329.91659686687456,0.4183091233039704,1.2384076425499302,4.932329302900484,4.539751172586922E-6,
65.91845650972527,4.75554166057654,329.91659686687456,34.77178947607399,11.323830482876076,44.06834121372469,5.888646832274763E-4,
64.87818950897486,5.90596128049819,329.91659686687456,10.402670007504184,11.504196199216494,50.504141378703196,6.691863977671072E-4,
63.39695059358644,5.810859229114811,329.91659686687456,14.812389153884169,0.9510205138337824,24.728517859011845,1.5498089225042186E-4,
62.384474573615876,5.203976679222393,329.91659686687456,10.124760199705634,6.068825498924184,7.430318361299726,1.5865525207775116E-5,
61.16141478595455,4.184867064634716,329.91659686687456,12.230597876613274,10.19109614587677,5.3678381553419285,1.0071310917814775E-5,
59.30843080445777,3.3118293915910897,329.91659686687456,18.529839814967772,8.730376730436262,16.444007493349204,7.418030878697422E-5,
57.11534384358049,2.6037935380765305,329.91659686687456,21.93086960877281,7.080358535145592,25.684120570591062,1.772039201364482E-4,
54.73765237627447,2.102984445698297,329.91659686687456,23.77691467306022,5.0080909237823334,32.26575808485961,2.817296320959717E-4,
52.340866237199975,1.4983898034320475,329.91659686687456,23.96786139074493,6.045946422662496,34.41966981204786,3.1963282270197846E-4,
49.71709978574131,0.9549446203274385,329.91659686687456,26.23766451458664,5.43445183104609,36.073353114070414,3.5401730537641955E-4,
46.70661592360125,0.3418216999920105,329.91659686687456,30.10483862140063,6.13122920335428,39.94256986531752,4.409065413866724E-4,
43.63104233979391,0.14802958952617473,329.91659686687456,30.755735838073406,4.898512895181852,38.84736340329482,4.118855245124891E-4,
40.47828886549155,0.6126944040120748,329.91659686687456,31.52753474302358,4.646648144859,41.30090485933863,4.6537501837449823E-4,
37.18620567321659,1.037634610193635,329.91659686687456,32.920831922749585,4.249402061815601,41.826880917658684,4.730392877003068E-4,
33.854182063884764,1.418992883677987,329.91659686687456,33.32023609331827,3.8135827348435214,43.71421007881963,5.143820418858772E-4,
30.368092445244315,1.8767646966418283,329.91659686687456,34.86089618640449,4.577718129638413,44.93878035129114,5.382950692908786E-4,
26.83448629888244,2.261437748733101,329.91659686687456,35.33606146361876,3.846730520912729,46.00379544376665,5.580337720165815E-4,
23.256584559982798,2.6251409261518575,329.91659686687456,35.77901738899641,3.6370317741875624,47.10977996872316,5.784629645867476E-4,
19.875405548112894,2.9538976761214712,329.91659686687456,33.81179011869904,3.287567499696138,45.26634991087121,5.210272907096153E-4,
17.121470636892468,3.2043399435501954,329.91659686687456,27.539349112204263,2.504422674287241,40.29678325233476,3.9990191452699664E-4,
14.873589337110616,3.1587100328015936,329.91659686687456,22.478812997818522,0.4562991074860179,30.678469214784627,2.177353606807796E-4,
13.170615191784009,2.7639476074569984,329.91659686687456,17.02974145326607,3.9476242534459516,19.992293715706637,8.702732239597667E-5,
11.865088580599604,2.105775766858926,329.91659686687456,13.055266111844048,6.581718405980723,9.69882040768141,1.944485886296847E-5,
11.217478086117694,1.612231604724343,329.91659686687456,6.476104944819099,4.935441621345831,3.3134240359675005,2.2853222421748225E-6,
10.950022300137675,1.3806769524665867,329.9805817030075,2.6847526037590796,2.3445892680916813,0.007669060134389838,1.426956657573323E-9,
10.929547708568862,1.3634160661699468,329.9805817030075,0.20474591568813594,0.1726088629663991,0.026300629074285098,2.1226715659448687E-10,
10.92328181675964,1.360365071926708,329.9805817030075,0.06265891809221102,0.03050994243238847,0.0035054507276299773,6.07203410038113E-12,
10.921429824952384,1.358850649582621,329.9805817030075,0.018519918072570363,0.015144223440870519,0.004471122535392169,4.951589883281058E-12,
10.921027770950673,1.3580064299935373,329.9805817030075,0.004020540017108942,0.008442195890836501,0.0013489571784930376,4.3015613112844554E-13,
10.920786024999984,1.3567672606872634,329.9805817030075,0.0024174595068870985,0.012391693062738796,0.0012305450917438066,3.465356735569418E-13,
10.921457449028367,1.3545769486574954,329.9805817030075,0.006714240283827166,0.02190312029767938,5.288434397243691E-4,1.3201195378615432E-13,
10.921613172839443,1.353684384980653,329.9805817030075,0.0015572381107631372,0.008925636768424283,8.020773316275154E-4,1.4816692924147636E-13,
10.92176114156814,1.3533408183076858,329.9805817030075,0.0014796872869737854,0.0034356667296719934,0.0034811904413345474,2.349178426189327E-12,
10.921843143430465,1.3532347676157315,329.9805817030075,8.20018623244323E-4,0.0010605069195435135,0.0018457280856409852,6.590144675280999E-13,
10.922033747861292,1.3528552712604665,329.9805817030075,0.0019060443082707934,0.003794963552650188,0.0032941172702294352,2.1273329497366614E-12,
10.92205306164044,1.3525409073035917,329.9805817030075,1.931377914843324E-4,0.003143639568747858,5.300465841173718E-4,5.642834284181272E-14,
10.922345809160106,1.3524381066881972,329.9805817030075,0.0029274751966568147,0.001028006153944716,0.003011384544606699,1.8116895267103474E-12,
10.922295253854259,1.352259989323187,329.9805817030075,5.055530584741064E-4,0.001781173650101664,1.6076120914476633E-4,6.385782583533256E-15,
10.92235757657545,1.352322871984029,329.9805817030075,6.232272119177651E-4,6.288266084197858E-4,0.0020802989388357673,8.274725270662648E-13,
10.92238725201662,1.3521384377560821,329.9805817030075,2.9675441169274563E-4,0.0018443422794689468,0.001152930378793826,2.5613138484571356E-13,
10.922618247410696,1.352004602276935,329.9805817030075,0.002309953940766718,0.0013383547914713745,0.003182125969374283,1.9924456735047935E-12,
10.92249265926148,1.3519324608059264,329.9805817030075,0.0012558814921703743,7.214147100853552E-4,4.5461896604592766E-4,4.659190254313066E-14,
10.922779472843331,1.3517858578294408,329.9805817030075,0.0028681358185167483,0.0014660297648561027,0.002221231578118932,1.0084450420723143E-12,
10.922799857314658,1.3516653909663034,329.9805817030075,2.038447132690635E-4,0.0012046686313738064,0.0012085252109272915,2.784391320516806E-13,
10.922794996975199,1.3517664438901704,329.9805817030075,4.860339458900853E-5,0.0010105292386697329,0.0012794302062957286,3.088806984967794E-13,
10.922928679608958,1.3515043029278502,329.9805817030075,0.0013368263375923561,0.002621409623202453,3.941720149214234E-4,3.7725856652777624E-14,
10.922985847471182,1.3515448079320151,329.9805817030075,5.716786222365045E-4,4.050500416497016E-4,0.0020246503322596254,7.822617038696398E-13,
10.92290514811441,1.351478507010654,329.9805817030075,8.069935677212925E-4,6.630092136106214E-4,1.2170487934781704E-4,4.271415397190282E-15,
10.923089753225213,1.351570321273499,329.9805817030075,0.001846051108032043,9.181426284499139E-4,0.0015271463342969582,4.73976374591385E-13,
10.922861666585845,1.35158676073317,329.9805817030075,0.002280866393675751,1.6439459670891665E-4,7.351538687316861E-4,1.2309701062430722E-13,
10.923281182777487,1.3515876232748099,329.9805817030075,0.004195161916413781,8.625416398899688E-6,0.005164677389757344,5.26029631305329E-12,
10.923281402838825,1.3515483368308878,329.9805817030075,2.200613380409777E-6,3.9286443922037506E-4,5.590954970102757E-6,9.891225230398611E-18,
10.923321832119427,1.3514402159579788,329.9805817030075,4.0429280602438666E-4,0.0010812087290901218,2.8372808060339594E-4,1.7003747444685607E-14,
10.923468964518179,1.3512168526336552,329.9805817030075,0.0014713239875163708,0.0022336332432359995,1.455126812288654E-4,7.733344305733005E-15,
10.923809852370368,1.3505320435507713,329.9805817030075,0.003408878521895531,0.006848090828839304,1.119887997447222E-4,1.1949122289910975E-14,
10.923941347234859,1.3503403981505642,329.9805817030075,0.0013149486449037795,0.0019164540020710774,2.6891002221418603E-4,1.9182686869562565E-14,
10.923865666579218,1.3502596864080374,329.9805817030075,7.568065564100834E-4,8.071174252677338E-4,2.5581819954823004E-4,1.5101740432971993E-14,
10.923851362490609,1.3502603884975883,329.9805817030075,1.4304088608696475E-4,7.020895509413094E-6,0.0015370897818911544,4.4458181584778896E-13,
10.924078048817478,1.3503037958860773,329.9805817030075,0.0022668632686873025,4.340738848895853E-4,0.0011254867450816164,2.7032748823229413E-13,
10.924175351238432,1.3502711008264896,329.9805817030075,9.730242095429276E-4,3.269505958769514E-4,3.348902248490049E-4,2.5385945876748007E-14,
10.924077568985467,1.3501940706090068,329.9805817030075,9.778225296486198E-4,7.7030217482843E-4,8.695070107478386E-5,2.8049810091520218E-15,
10.924232231959081,1.3501730708789523,329.9805817030075,0.0015466297361399484,2.0999730054427346E-4,0.0011246308054069232,2.5893305470238944E-13,
10.924254494067327,1.3499906180393282,329.9805817030075,2.226210824574082E-4,0.001824528396241476,2.3219768252147333E-4,1.1411706939086211E-14,
10.924199126266444,1.350080606524898,329.9805817030075,5.536780088277737E-4,8.99884855698474E-4,7.275613984347729E-4,1.0507251973507688E-13,
10.92413568409438,1.3501553136050575,329.9805817030075,6.344217206333269E-4,7.470708015944183E-4,2.926629912280987E-4,1.8759270147335267E-14,
10.918163630373556,1.3665246705284915,330.01677468236426,8.230451794588589E-4,8.076361081066352E-4,4.047031654863531E-4,3.5423786672525236E-14,
10.91813333283369,1.3665870128716904,330.01677468236426,3.029753986538708E-4,6.234234319890675E-4,4.638564792003308E-4,4.2444608823095995E-14,
10.91827275554499,1.3665067123066308,330.01677468236426,0.0013942271129963046,8.030056505958783E-4,6.706064311856608E-4,9.693913222148741E-14,
10.918281656878548,1.3665110516565164,330.01677468236426,8.901333558242186E-5,4.339349885640331E-5,8.658225567614863E-5,1.5045900443942032E-15,
10.918338855141656,1.3664403020414113,330.01677468236426,5.719826310723874E-4,7.074961510511457E-4,9.878896707959939E-4,1.9062938430312668E-13,
10.918396175227372,1.3665958290740718,330.01677468236426,5.732008571612823E-4,0.0015552703266052958,2.8030715668592165E-4,1.7473479381325294E-14,
10.918495392857949,1.3664373996351458,330.01677468236426,9.921763057718636E-4,0.0015842943892607764,9.589115978769769E-4,1.8633078383557838E-13,
10.918520378004018,1.3663917339470117,330.01677468236426,2.498514606941171E-4,4.5665688134022275E-4,5.855750725913822E-4,6.635440132647277E-14,
10.918432297112759,1.3664231879805016,330.01677468236426,8.808089125977858E-4,3.1454033489808353E-4,0.0011466410933280713,2.590504175677193E-13,
10.918469408824762,1.3664158806637943,330.01677468236426,3.711171200393437E-4,7.307316707283462E-5,5.398864493599831E-4,5.706647214695468E-14,
10.91845452424559,1.366476977915056,330.01677468236426,1.4884579172758095E-4,6.10972512617991E-4,4.350427741428575E-4,3.6608978510126505E-14,
10.918398217680192,1.3663887138523592,330.01677468236426,5.630656539779011E-4,8.826406269690779E-4,8.435416521024308E-4,1.401610963626265E-13,
10.91832501119768,1.3663551713583217,330.01677468236426,7.320648251152306E-4,3.35424940374196E-4,2.52893140100241E-4,1.4501737104323738E-14,
10.918488120409279,1.3663761697246173,330.01677468236426,0.0016310921159856662,2.0998366295543747E-4,0.0017453116208798747,6.05877349024346E-13,
10.91844147680115,1.3664091934189742,330.01677468236426,4.664360812967061E-4,3.302369435687069E-4,4.733014486646425E-4,4.490944325982797E-14,
10.918592365892891,1.3663223866099656,330.01677468236426,0.001508890917421013,8.680680900852167E-4,0.0013727238007277265,3.8032307805997913E-13,
10.918640291745874,1.3662496302126783,330.01677468236426,4.79258529821891E-4,7.275639728732131E-4,9.465050993640034E-5,2.4093209596149953E-15,
10.918552761951332,1.3663774246705884,330.01677468236426,8.752979454129672E-4,0.0012779445791011312,6.26996561550186E-4,8.175059879180973E-14,
10.918610635595314,1.3662584998255625,330.01677468236426,5.787364398202044E-4,0.0011892484502595835,7.36474872837789E-4,1.0814752237443157E-13,
10.918581200933318,1.3664459002115166,330.01677468236426,2.943466199667455E-4,0.0018740038595410624,8.926246778173663E-4,1.5486871494356707E-13,
10.918464085173582,1.366431609846103,330.01677468236426,0.001171157597354977,1.429036541367168E-4,6.68816130655614E-5,2.1094392576814924E-15,
10.91846952984622,1.3664373560560819,330.01677468236426,5.4446726380774635E-5,5.7462099789518106E-5,8.153389671861078E-5,1.3058720555153803E-15,
10.918471483342387,1.3664168449614351,330.01677468236426,1.953496166606783E-5,2.0511094646735728E-4,1.2631606807644857E-4,3.0542698367535383E-15,
10.918590450637566,1.3665551600925312,330.01677468236426,0.0011896729517957283,0.001383151310960784,0.001115135482336882,2.5168031275452457E-13,
10.918579718187402,1.3665931769805582,330.01677468236426,1.0732450164141483E-4,3.801688802695935E-4,6.657360438566684E-4,8.414600527783022E-14,
10.918564678666826,1.366554827027329,330.01677468236426,1.5039520576465293E-4,3.834995322904433E-4,1.7438189843232976E-4,6.121568013237616E-15,
10.918731122238,1.366523080361361,330.01677468236426,0.001664435711745682,3.174666596805764E-4,0.0014307285903214506,4.13480845058487E-13,
10.918707596038871,1.3664710976895265,330.01677468236426,2.352619912926457E-4,5.198267183459393E-4,4.7930687856023724E-4,4.4752408283407684E-14,
10.918640353095611,1.3665204564328803,330.01677468236426,6.724294325977098E-4,4.93587433538778E-4,1.0182951200476964E-4,2.9739447619678864E-15,
10.918617896563092,1.3663112011590783,330.01677468236426,2.2456532519754546E-4,0.0020925527380200037,4.5828905513189966E-4,4.2073884247606846E-14,
10.918697299375026,1.3663056131573796,330.01677468236426,7.940281193441479E-4,5.5880016986975534E-5,0.0014711193165339864,4.1934765375536346E-13,
10.918737016918044,1.3661328469183331,330.01677468236426,3.971754301801411E-4,0.0017276623904649568,4.083784403974278E-5,6.985752454222248E-16,
10.918867432902175,1.3661925935646195,330.01677468236426,0.0013041598413110478,5.974664628638493E-4,1.610952881492267E-4,7.989325730304798E-15,
10.918698624840431,1.3662836684904107,330.01677468236426,0.001688080617441301,9.107492579119025E-4,1.1695209764184256E-4,5.8289431322899384E-15,
10.91865870754907,1.3663437209631013,330.01677468236426,3.991729136032518E-4,6.0052472690586E-4,4.118931991570207E-4,3.418327698368739E-14,
10.918826728847307,1.3661461611551147,330.01677468236426,0.0016802129823645373,0.0019755980798663586,6.74703325671544E-4,1.0195899476121495E-13,
10.918856751017188,1.366262067114775,330.01677468236426,3.0022169880794536E-4,0.001159059596602674,7.811005184521491E-4,1.1841571612712412E-13,
10.919013277155614,1.3661692131368568,330.01677468236426,0.0015652613842576102,9.285397791813921E-4,6.780493049518554E-4,1.0064177803170097E-13,
10.918859162562399,1.3662585327623447,330.01677468236426,0.0015411459321512666,8.931962548786032E-4,0.00167094129153611,5.567546933292065E-13,
10.919013392868692,1.3661901784561223,330.01677468236426,0.0015423030629335699,6.835430622231797E-4,0.0032467525960555577,2.0368691974671357E-12,
10.91894515876038,1.366100271875382,330.01677468236426,6.823410831202636E-4,8.990658074026214E-4,0.001312653346303705,3.351956678218233E-13,
10.918903089089213,1.3661511223290006,330.01677468236426,4.206967116715532E-4,5.085045361852281E-4,4.042586795094394E-4,3.302553090720251E-14,
10.918972793877288,1.3661376544418715,330.01677468236426,6.970478807488689E-4,1.3467887129081646E-4,8.98826489219573E-4,1.5909295581682216E-13,
10.918926496583936,1.3661429665081926,330.01677468236426,4.629729335192678E-4,5.3120663210393104E-5,0.0010537618084072164,2.1378051494440935E-13,
10.9188327280051,1.3661396627213094,330.01677468236426,9.376857883580669E-4,3.303786883179782E-5,3.873755019867531E-5,9.134474568306085E-16,
