7.8356734819269604,1.910166019450699,328.1783046936408,105.4779826340689,3.875027301129137,106.02245757074513,0.022854392520348366,
7.871753412865019,1.8447534413989075,328.1783046936408,0.3607993093805817,0.6541257805179157,2.147488240903499,8.045463045239833E-6,
7.867131210651564,1.8758503377016922,328.1783046936408,0.046222022134543295,0.3109689630278467,1.1125895993228596,2.1333562166278354E-6,
7.76818236687302,2.345026016185244,328.1783046936408,0.9894884377854396,4.691756784835519,0.8439082316596114,1.2838293788187803E-6,
7.2134598781593695,3.959801582370588,328.1783046936408,5.547224887136508,16.147755661853438,0.9656510692343545,1.2019918562143908E-6,
5.554704585529862,7.707984772258683,328.1783046936408,16.587552926295075,37.481831898880955,1.3326147925710075,8.01322051216372E-9,
1.3514253142270718,12.592586103316208,328.1783046936408,42.0327927130279,48.846013310575245,5.6074416132861415,2.818794458717755E-6,
1.776190688341103,20.070380227050578,328.1783046936408,31.276160025681747,74.7779412373437,1.404291236874542,2.443118392982659E-5,
6.221248877835819,30.308620770706156,328.1783046936408,44.45058189494716,102.38240543655579,4.291349989913442,3.145157174645933E-5,
20.494672395744715,40.94052600709702,328.1783046936408,142.73423517908896,106.31905236390864,24.487271456158624,1.0115339128573304E-5,
44.07464283879392,52.54800620667403,328.1783046936408,235.79970443049206,116.07480199577012,41.1232173223209,3.68564088181988E-4,
73.00913435691064,64.85887084914144,328.1783046936408,289.34491518116715,123.10864642467408,59.445329860891434,8.380217851493079E-5,
104.21513853857289,77.42822384072063,328.1783046936408,312.0600418166225,125.69352991579194,70.47790864523108,5.527529804970974E-4,
137.73945984546515,88.46117360045032,328.1783046936408,335.2432130689226,110.32949759729689,59.25171019837535,0.001720699066140325,
160.99827208383363,98.60530228735881,328.1783046936408,232.58812238368478,101.44128686908488,10.816121375497687,0.00492203540004275,
163.10184677260156,107.24257257850157,328.1783046936408,21.035746887679352,86.37270291142755,53.208154472022784,0.009795868624737783,
146.86223865632007,111.24458649244364,328.1783046936408,162.39608116281488,40.02013913942079,82.78449411105498,0.04060576290379195,
124.06261941656851,111.42678321102959,328.1783046936408,227.99619239751564,1.821967185859421,79.3907997912936,0.012876855760585228,
98.63521921398251,110.9546833728,328.1783046936408,254.27400202586,4.720998382295818,61.83878369096533,0.0019871070638188136,
69.99138465746728,110.1941831273728,328.1783046936408,286.4383455651523,7.605002454272096,46.22383409682868,3.7754233008877096E-4,
41.580085142864505,107.25229550976717,328.1783046936408,284.11299514602774,29.4188761760563,41.77669256628349,0.0015782556905731666,
9.066187792672395,101.46666798702613,328.1783046936408,325.1389735019211,57.85627522741038,47.89741880680879,0.006692018932670029,
20.43214085082991,96.34608748389009,328.1783046936408,294.98328643502305,51.2058050313604,62.61449133829501,0.002189187913172941,
44.88774879377479,92.86709865161872,328.1783046936408,244.5560794294488,34.78988832271369,70.8350567776256,2.9013535664741696E-4,
69.70639000551387,90.08225617439992,328.1783046936408,248.18641211739077,27.848424772188025,59.17031423808993,5.883053986941063E-4,
87.58456952996846,85.19960320848041,328.1783046936408,178.78179524454595,48.826529659195046,71.7606516991438,0.013929868348927689,
175.52005102587498,36.93376922546693,328.76379556855227,123.02933577585691,8.707425852420556,101.05452398253618,0.06417232624099095,
172.95099483044498,31.204297772493447,328.76379556855227,25.690561954299937,57.29471452973485,87.16027940772676,0.017875440325221176,
153.23763395483377,24.019156597611328,328.76379556855227,197.13360875611215,71.85141174882119,91.05422980201041,0.04147935145227421,
114.75788094469215,14.200201263855604,328.76379556855227,384.7975301014162,98.18955333755724,115.62788906428523,1.0,
73.6740195239604,0.8221225929132174,328.76379556855227,410.8386142073175,133.78078670942386,135.90771898404654,1.0,
53.62079071786059,11.308398199126543,328.76379556855227,200.5322880609981,121.3052079203976,158.01518241910486,0.01995540529627762,
46.993733521851254,21.23479190766929,328.76379556855227,66.27057196009332,99.26393708542747,87.26866876430591,0.01736736642486515,
49.309298912787995,26.902493367035902,328.76379556855227,23.155653909367402,56.677014593666115,86.55462968311951,0.02366590016307536,
56.14624789989364,34.18085028172726,328.76379556855227,68.36948987105643,72.78356914691358,218.20539796207413,0.6269567889194342,
69.6491666108061,41.902030824213455,328.76379556855227,135.02918710912468,77.21180542486195,309.5429162350979,1.0,
82.2716035412983,45.730036571225355,328.76379556855227,126.22436930492199,38.280057470119004,358.3863782185679,1.0,
80.55484121467259,46.11529903688958,328.76379556855227,17.167623266257124,3.852624656642263,469.438514196749,1.0,
62.54486944836492,44.75507738208054,328.76379556855227,180.09971766307672,13.602216548090382,255.6293969346467,0.34941347616403473,
38.31059970376418,36.67643188009677,328.76379556855227,242.34269744600738,80.78645501983772,107.46258621966263,0.0016456052833673672,
17.34781420803813,25.539513114525562,328.76379556855227,209.62785495726052,111.3691876557121,53.07838141011075,4.2522532900630413E-4,
8.479223416802142,15.976873570483349,328.76379556855227,88.68590791235988,95.62639544042213,177.7465443385097,0.10207681465500959,
24.7760008836932,3.399709444324401,328.76379556855227,162.96777466891058,193.7658301480775,340.11418593604503,1.0,
50.380268399217016,30.86548517091572,328.76379556855227,256.04267515523816,274.6577572659132,490.0719556999442,1.0,
69.91228403045716,48.837600818027596,328.76379556855227,195.32015631240142,179.72115647111877,515.4223850083449,1.0,
86.74437760297201,57.39425510167709,328.76379556855227,168.3209357251485,85.56654283649493,427.92268085612903,1.0,
92.96755653735863,42.62989594802906,328.76379556855227,62.23178934386624,147.6435915364803,292.9802152286925,0.727941927125392,
103.05858710572954,10.88137632949946,328.76379556855227,100.91030568370911,317.485196185296,229.54185889925753,1.0,
116.19981049221042,13.950985059712139,328.76379556855227,131.41223386480874,248.323613892116,515.4776396178058,1.0,
113.9449046736346,33.04340961552924,328.76379556855227,22.549058185758213,190.92424555817104,583.6825053797954,1.0,
109.6588245020946,42.67861854100934,328.76379556855227,42.86080171539993,96.352089254801,349.9510942544765,1.0,
105.7820521288553,46.83793457286791,328.76379556855227,38.76772373239305,41.59316031858566,310.3804978424944,1.0,
96.43700604389801,43.2408875082466,328.76379556855227,93.45046084957289,35.97047064621307,222.2330864738069,0.915725863537589,
78.20585920766621,34.41680747320001,328.76379556855227,182.311468362318,88.24080035046592,76.20322644706334,0.008890991393637564,
58.236575023790465,24.036194365832216,328.76379556855227,199.69284183875743,103.80613107367793,75.81814144552936,0.002371471681237715,
41.80815465073874,14.858492041674879,328.76379556855227,164.28420373051722,91.77702324157337,196.16193097965038,0.08763048209496159,
33.607889996966605,0.4636255000749827,328.76379556855227,82.00264653772138,153.2211754174986,346.3755652655516,1.0,
49.861152026267405,25.66575916905299,328.76379556855227,162.532620293008,252.02133668978007,536.8754169342765,1.0,
79.21800251389357,45.8345306593302,328.76379556855227,293.5685048762616,201.6877149027721,509.2125229677245,1.0,
96.87421533553686,50.63370241822264,328.76379556855227,176.56212821643294,47.991717588924416,313.5936085022422,1.0,
105.69652074690214,37.98705362402643,328.76379556855227,88.22305411365278,126.4664879419621,65.0751086200512,0.011172781124909931,
116.56532588138953,21.294140622043102,328.76379556855227,108.68805134487388,166.92913001983328,108.76972370307385,0.01928032278261753,
133.69677362028153,5.740580689395841,328.76379556855227,171.31447738892007,155.5355993264726,213.07770409097202,0.12942918235949125,
149.53243518680904,6.014851722025895,328.76379556855227,158.35661566527506,117.55432411421737,264.865464852148,0.5973981702564255,
157.86070970236972,15.376807800282279,328.76379556855227,83.28274515560679,93.61956078256384,324.5821745912957,1.0,
155.66041045938994,19.22361404604507,328.76379556855227,22.002992429797814,38.46806245762792,343.59060416610873,0.5192600384807706,
143.2319891933829,21.11778686563258,328.76379556855227,124.28421266007035,18.9417281958751,318.070632142568,1.0,
118.75178182911554,21.720825918008444,328.76379556855227,244.80207364267358,6.030390523758626,230.96576179157978,0.2577834995616457,
89.26308809316345,22.284872269454155,328.76379556855227,294.88693735952097,5.64046351445711,128.64554380828906,0.00647956593680574,
60.23906122444316,20.911136482513115,328.76379556855227,290.24026868720284,13.737357869410403,24.43600135820759,0.002745020326771379,
35.70129037640936,15.342322968822259,328.76379556855227,245.37770848033801,55.688135136908556,111.07714503513762,0.0013484536283450844,
5.169738555855133,5.793793648928215,328.76379556855227,305.3155182055423,95.48529319894044,243.62447864133173,1.0,
18.024732159904374,1.9058203744070568,328.76379556855227,231.94470715759508,76.99614023335272,394.4370977763617,1.0,
15.824677696660842,10.631568875617745,328.76379556855227,22.00054463243532,87.25748501210688,549.7064937748005,1.0,
3.6439783526266183,20.969647186721602,328.76379556855227,194.6865604928746,103.38078311103857,443.099414859785,1.0,
22.903793022951845,22.028988365668027,328.76379556855227,192.59814670325227,10.593411789464255,170.5983131177419,0.03272717128606963,
43.11839305187516,14.387569376465308,328.76379556855227,202.14600028923314,76.4141898920272,48.410132322610764,2.284758804120454E-5,
66.2419945979126,4.149376536773275,328.76379556855227,231.23601546037435,102.38192839692033,191.47681270888114,0.032532969925470924,
93.13567263063601,1.8075517194555744,328.76379556855227,268.93678032723415,59.56928256228849,237.07692917891336,1.0,
123.86813885696404,2.1792853183795273,328.76379556855227,307.3246622632803,3.7173359892395297,273.56731238959867,1.0,
152.31077572227753,4.486257715451757,328.76379556855227,284.4263686531349,23.069723970722293,307.1779755747639,1.0,
164.95390526193114,4.485858998998282,328.76379556855227,126.43129539653614,0.003987164534748899,294.95522258261985,1.0,
153.5890522626263,6.476533231615605,328.76379556855227,113.64852999304844,19.90674232617323,257.6203030021236,1.0,
126.10376384987296,11.296339090703924,328.76379556855227,274.85288412753334,48.19805859088319,209.91824056569385,0.12246564543547771,
88.34005363763538,14.54492359186736,328.76379556855227,377.63710212237584,32.48584501163435,140.09579579487763,1.0,
45.083485112627386,17.90577243176395,328.76379556855227,432.5656852500799,33.6084883989659,42.74162428286729,1.0,
5.824466206991133,17.801104855935904,328.76379556855227,392.59018905636253,1.0466757582804576,102.49852665590083,1.0,
36.86346236812926,16.715903054862878,328.76379556855227,426.87928575120395,10.852018010730262,206.0347982375987,1.0,
78.42502927841008,21.34753673418095,328.76379556855227,415.61566910280817,46.31633679318071,282.0967518772801,1.0,
97.46997557305656,31.61621702670098,328.76379556855227,190.4494629464648,102.68680292520031,320.2595497835074,1.0,
81.33733320366116,39.316778734000906,328.76379556855227,161.32642369395398,77.00561707299926,263.9223335997184,0.817301519722702,
43.157529462151615,31.589898119957923,328.76379556855227,381.79803741509545,77.26880614042983,103.82545495901326,1.0,
1.8103471553901045,19.327119802870925,328.76379556855227,449.6787661754172,122.62778317086998,29.76782234174692,1.0,
41.61109188652301,9.395536567019349,328.76379556855227,398.0074473113291,99.31583235851576,96.60187597289877,1.0,
80.77093428920182,1.0037621804320906,328.76379556855227,391.59842402678805,103.9929874745144,125.90467854010541,1.0,
114.88023557900385,15.395194112995625,328.76379556855227,341.09301289802033,143.91431932563535,98.58629009438857,1.0,
141.3599987548805,29.843337680311777,328.76379556855227,264.79763175876656,144.4814356731615,36.10095855920747,7.393660676234337E-4,
160.88276453946833,39.663162298520376,328.76379556855227,195.22765784587818,98.198246182086,18.8503885795177,0.004728349864641256,
174.48854153957348,44.3001780942468,328.76379556855227,136.0577700010515,46.37015795726427,17.314871750321572,0.006941674477552444,
184.638695177361,42.81996118781697,328.76379556855227,101.50153637787525,14.802169064298312,51.07100904553505,0.016872615569193342,
182.65612992241324,39.633199075178425,328.76379556855227,19.82565254947758,31.867621126385473,85.32522710655456,0.015533294339870997,
172.2079121184579,34.207796519484305,328.76379556855227,104.48217803955345,54.2540255569412,81.68544132350775,0.03725429020604523,
151.52360593760466,26.826908724281537,328.76379556855227,206.8430618085324,73.80887795202767,42.1641376369206,0.009531114220480835,
125.79191352135251,16.52927411201486,328.76379556855227,257.31692416252145,102.97634612266677,10.836353690966973,8.113616969711596E-6,
98.333932089408,5.0460429429355145,328.76379556855227,274.5798143194452,114.83231169079346,52.701262308014805,7.753171637267484E-6,
66.36168273017279,6.022481755375168,328.76379556855227,319.72249359235207,110.68524698310682,90.2095271959692,1.0,
33.990722664489795,19.582411511036838,328.76379556855227,323.70960065682993,135.5992975566167,99.45286908399396,1.0,
2.280648017414819,35.37505344035091,328.76379556855227,317.10074647074975,157.92641929314073,86.55085273860607,1.0,
34.56414876161932,51.24405286111221,328.76379556855227,368.4479677903414,158.68999420761298,100.46503549634224,1.0,
66.85078351592222,70.92169500353825,328.76379556855227,322.86634754302895,196.77642142426038,71.80698343280653,1.0,
94.52067390813238,83.36525573143197,328.76379556855227,276.69890392210164,124.43560727893725,22.78178519313599,5.812273036688384E-5,
105.4072690624929,88.9811066281163,328.76379556855227,108.8659515436052,56.158508966843215,38.429937603494864,0.00890138003260547,
91.45367691847196,82.2505783363736,328.76379556855227,139.53592144020945,67.30528291742701,61.39204149872171,0.015465365628241634,
64.87692176053201,62.223272730247146,328.76379556855227,265.7675515793994,200.27305606126447,49.29199006765259,0.0012023798220262103,
26.784613022702615,38.71289944584532,328.76379556855227,380.923087378294,235.10373284401823,24.7800939883939,1.0,
16.451540144093315,12.14109785990513,328.76379556855227,432.3615316679593,265.71801585940193,14.216633914088561,1.0,
51.029943548880965,14.917972342768564,328.76379556855227,345.7840340478765,270.59070202673695,28.410181241246732,1.0,
80.22302593951622,36.18941043770113,328.76379556855227,291.93082390635254,212.71438094932563,19.947236311836036,1.0,
102.89605470162826,51.35074901339533,328.76379556855227,226.7302876211204,151.61338575694202,27.77476446650894,9.474626785172149E-5,
122.65997870666729,60.57408140437309,328.76379556855227,197.6392400503903,92.2333239097776,50.56823544234362,0.009590365889939882,
140.86784572279146,65.9278031049181,328.76379556855227,182.0786701612417,53.53721700545009,57.044781761919126,0.019047398128139215,
156.57423709523277,68.57619810156082,328.76379556855227,157.06391372441317,26.483949966427218,60.305107470839516,0.024283551317579467,
178.71625529209769,67.99477389104376,328.76379556855227,221.4201819686491,5.814242105170564,46.52326164550118,0.016733371424783455,
184.5049463986319,60.9938954826321,328.76379556855227,57.88691106534202,70.00878408411666,98.40147005876645,0.037521157952018686,
169.0127167260755,44.31892915172864,328.76379556855227,154.9222967255639,166.7496633090346,100.80822702426275,0.03503369043956145,
140.2600696929693,20.933032944037194,328.76379556855227,287.526470331062,233.85896207691445,26.518958398665973,1.0,
111.16371529323624,6.2693085027588324,328.76379556855227,290.9635439973306,272.02341446796027,55.817991169733716,1.0,
76.78476831346848,32.48301209727353,328.76379556855227,343.7894697976776,262.137035945147,122.94927623277175,1.0,
43.61149393323967,58.69627342800695,328.76379556855227,331.73274380228804,262.13261330733417,143.1756123639397,1.0,
15.316838964284898,83.26725002494047,328.76379556855227,282.94654968954774,245.7097659693352,122.61813618096994,1.0,
5.710371420392789,101.16843965385047,328.76379556855227,210.27210384677687,179.01189628910004,70.07766167745729,4.273595543340537E-5,
14.985074520314129,112.49590860621223,328.76379556855227,92.7470309992134,113.27468952361755,8.106508846291263,5.374620519689353E-4,
12.89685084712221,114.15194328098548,328.76379556855227,20.882236731919193,16.560346747732524,15.398456713720634,6.781660024743031E-4,
9.249840352035221,103.79163186512758,328.76379556855227,36.47010495086988,103.60311415857893,3.9126025818120524,6.169203435581988E-4,
2.3633282971389917,88.58131632999536,328.76379556855227,68.8651205489623,152.10315535132224,2.453947952950557,3.476421622041032E-6,
10.502631551365766,66.3586731611833,328.76379556855227,128.65959848504758,222.22643168812056,4.821635854032138,0.002355382309907832,
35.27685670199992,33.44630089550523,328.76379556855227,247.74225150634152,329.1237226567807,27.86405515134902,1.0,
62.776909658306295,11.395978322601508,328.76379556855227,275.00052956306376,448.4227921810674,25.00157284213742,1.0,
95.06324140303775,56.27119737479015,328.76379556855227,322.86331744731456,448.7521905218864,4.740897952318051,1.0,
127.8720035598343,102.79836701568742,328.76379556855227,328.08762156796547,465.27169640897273,23.937494519288407,1.0,
157.4789416778326,149.13084125880502,328.76379556855227,296.0693811799831,463.324742431176,24.145191202824208,1.0,
175.25914935869923,182.9400000992084,328.76379556855227,177.80207680866624,338.09158840403376,28.37101575156794,0.009513592894275428,
184.92166541393533,198.05669317596224,328.76379556855227,96.62516055236097,151.16693076753845,75.742175441693,0.05883849096439883,
184.27513434358093,193.7503756358338,328.76379556855227,6.465310703543992,43.06317540128447,105.42228229634276,0.017967848616747096,
177.3156203645808,174.53867381223304,328.76379556855227,69.59513979000121,192.1170182360075,76.18246099648957,0.04562968587366232,
165.49620943758373,144.81254959259692,328.76379556855227,118.1941092699708,297.26124219636125,19.167412745681816,0.003374058895627296,
150.36859980084773,107.81120230019084,328.76379556855227,151.27609636735997,370.01347292406075,39.15275462340446,1.0,
139.366380605745,74.072020419274,328.76379556855227,110.02219195102725,337.39181880916846,60.461016546469466,1.9826708617502007E-4,
131.83136800526324,45.95944263077644,328.76379556855227,75.35012600481764,281.1257778849756,49.96317964607755,1.9107662085117943E-4,
123.81324615631775,14.849865361819809,328.76379556855227,80.18121848945498,311.0957726895663,41.82232205378057,0.004253282159013451,
110.96387741997148,21.560865640312414,328.76379556855227,128.49368736346264,364.10731002132223,49.76566632263655,1.0,
91.12652604365007,59.81847462499337,328.76379556855227,198.37351376321408,382.57608984680957,39.08996732311266,1.0,
67.69412606247204,93.5952988799232,328.76379556855227,234.32399981178037,337.76824254929835,21.46284705403673,1.0,
45.67979549267818,116.16264134614434,328.76379556855227,220.14330569793856,225.67342466221135,6.596266295265423,0.001186054778417743,
30.064482061083595,126.11072606508267,328.76379556855227,156.15313431594586,99.48084718938333,8.603771807993326,1.0570911144413433E-4,
11.857938167014254,129.09682180520238,328.76379556855227,182.0654389406934,29.860957401197084,1.3587089022348664,0.0010372127804100788,
2.107480023675066,128.48079057495985,328.76379556855227,139.6541819068932,6.160312302425268,5.900902680760964,4.6322255505946026E-4,
8.828741188679828,122.78772614012232,328.76379556855227,67.21261165004762,56.93064434837538,27.109755333018484,0.0025225650190180697,
4.445733027433903,108.52368697467043,328.76379556855227,43.83008161245925,142.6403916545189,39.84097476159036,0.005908754579255875,
13.095899587913436,81.22611753815161,328.76379556855227,175.4163261534734,272.97569436518813,34.1549661544866,0.0028559439248108803,
41.276629228087586,42.27510238522004,328.76379556855227,281.8072964017415,389.51015152931575,25.402828239004975,1.0,
80.93036629113772,15.85674261549093,328.76379556855227,396.5373706305013,581.3184500071097,12.26123239062872,1.0,
117.81313525695396,86.94448099139484,328.76379556855227,368.8276896581624,710.877383759039,9.86221654627741,1.0,
155.78876666946553,143.62172223896897,328.76379556855227,379.75631412511575,566.7724124757414,23.698969481080212,1.0,
182.64883066624702,170.4113557843531,328.76379556855227,268.6006399678149,267.8963354538412,57.31959984411304,0.025413685924324664,
191.52614734680992,167.72397788628297,328.76379556855227,88.77316680562899,26.87377898070121,71.05562630518108,0.020784996053194775,
192.11124605613327,147.90569858997782,328.76379556855227,5.850987093233471,198.18279296305175,6.790286990529353,0.0014322523603631232,
191.32184618718372,123.40162017886517,328.76379556855227,7.893998689495447,245.0407841111263,145.14298964274445,0.028679951952547054,
188.3790517804082,100.37469240022007,328.76379556855227,29.427944067755334,230.26927778645103,256.21661012817896,0.11766753509923815,
181.61190922143453,77.02206167975062,328.76379556855227,67.6714255897366,233.5263072046945,342.62081044420825,1.0,
168.94798549726625,56.36520791575873,328.76379556855227,126.63923724168285,206.5685376399189,342.9979678657463,1.0,
148.45707770256774,38.412406626051734,328.76379556855227,204.909077946985,179.52801289706997,271.0040868093449,1.0,
119.7380728934354,26.598330462878437,328.76379556855227,287.19004809132343,118.14076163173297,100.15079990163031,0.005839813230103355,
96.54561315299543,33.607304824086384,328.76379556855227,231.92459740439972,70.08974361207947,283.87286946186066,1.0,
93.52931246727951,66.58332679041091,328.76379556855227,30.16300685715919,329.76021966324527,980.1240398213008,1.0,
73.4833837237752,79.11838041420467,328.76379556855227,200.45928743504305,125.35053623793758,954.1810666268276,1.0,
60.575202454933674,37.758979927829785,328.76379556855227,129.0818126884153,413.5940048637488,225.1414283492528,1.0,
61.069314254361075,17.706652271849237,328.76379556855227,4.941117994274009,200.52327655980548,338.5939274968618,1.0,
62.055152407738206,1.4449817192498813,328.76379556855227,9.858381533771308,162.61670552599355,438.6462257032039,1.0,
59.199126816351736,3.4628625767085452,328.76379556855227,28.560255913864694,49.078442959584265,207.6140094069507,0.4194845669477884,
54.440049768050926,5.647184502073912,328.76379556855227,47.5907704830081,21.843219253653672,155.1938991885774,0.15223988199449123,
49.36573678257366,6.384440619729759,328.76379556855227,50.74312985477263,7.372561176558463,111.56291999526587,0.0517582612944111,
43.80767980059045,6.184256386774138,328.76379556855227,55.580569819832135,2.0018423295562116,82.65500778610999,0.022008403166486702,
38.65394802367905,5.775368448917504,328.76379556855227,51.537317769114,4.088879378566332,60.101464120619994,0.009791170679224895,
33.662690106292985,5.535173025914446,328.76379556855227,49.91257917386065,2.401954230030583,44.830270722663954,0.00482835251597791,
28.954926012905844,5.206958118998529,328.76379556855227,47.07764093387141,3.282149069159175,34.21321601629643,0.002578101781894662,
24.910400420402425,4.779642028116342,328.76379556855227,40.44525592503419,4.273160908821865,26.010393818199873,0.0014129251604931197,
21.55686334269251,4.2139174682618545,328.76379556855227,33.53537077709916,5.6572455985448755,19.073744309125118,7.324735902260283E-4,
18.563946730123575,3.720290401626471,328.76379556855227,29.929166125689335,4.936270666353835,13.926487346952285,3.7650576297454006E-4,
18.405866979115103,4.513727667769103,328.76379556855227,1.5807975100847216,7.934372661426323,10.816517585075758,2.1520294218878424E-4,
18.338409623304983,5.75367894750994,328.76379556855227,0.6745735581012013,12.399512797408363,3.6190933740749642,2.2856021170565578E-5,
19.105309701801502,3.9142077153919956,328.76379556855227,7.669000784965192,18.39471232117944,12.219083854523092,2.745745404010018E-4,
19.35954622999634,2.6328833794269144,328.76379556855227,2.5423652819483777,12.813243359650812,15.34066296957235,4.3624848858160505E-4,
17.155006522983058,8.83847475300982,328.76379556855227,22.04539707013282,62.05591373582905,18.86732948262818,4.100754447636521E-4,
17.21608401441972,14.09355657271854,328.76379556855227,0.6107749143666297,52.55081819708721,8.999235406595858,8.700961232545195E-5,
31.625371636476643,17.83392836831311,328.76379556855227,144.09287622056922,37.403717955945694,23.543146259834202,4.1394179080067124E-5,
55.28666256844144,10.66924494148364,328.76379556855227,236.612909319648,71.6468342682947,37.2604336736606,3.454234044414094E-4,
81.9832916831366,3.059842066437568,328.76379556855227,266.96629114695156,137.29087007921208,58.61843579142942,3.3057741970108295E-4,
89.96101470083386,3.582939227559848,328.76379556855227,79.77723017697258,5.230971611222799,151.16952328571188,0.15415856222249974,
72.3641679487996,6.551033981058509,328.76379556855227,175.96846752034253,101.33973208618357,198.35227705361717,0.10523328003377803,
43.75044731068158,9.45823925158166,328.76379556855227,286.13720638118025,29.0720527052315,67.13060536154273,9.285906540365059E-4,
23.328980451053326,1.4971990728529079,328.76379556855227,204.21466859628254,79.61040178728751,223.62597612893126,0.04158638330295284,
28.709865032774474,29.832574998433472,328.76379556855227,53.80884581721148,313.2977407128638,685.4284671801815,1.0,
40.016017842612314,55.23761742348893,328.76379556855227,113.0615280983784,254.05042425055456,755.5888115328366,1.0,
25.418574852412917,46.531222577219694,328.76379556855227,145.97442990199397,87.06394846269234,382.16600495826384,1.0,
28.083778525006096,15.218398430459729,328.76379556855227,26.652036725931794,313.12824146759965,183.39711148027277,1.0,
32.38470012918356,4.3243354282236055,328.76379556855227,43.00921604177461,108.94063002236123,287.8625101626051,0.6828748570437998,
34.911350610977365,2.3168309095740085,328.76379556855227,25.266504817938085,66.41166337797614,254.50921183259425,1.0,
35.98029677271438,6.062299248858892,328.76379556855227,10.68946161737017,37.454683392848835,195.61649027334795,0.3486438722956856,
35.6305765036368,7.786806082348704,328.76379556855227,3.4972026907757936,17.24506833489812,146.18765285350264,0.11232017115652293,
33.940065610888155,8.040026263015932,328.76379556855227,16.90510892748648,2.5322018066722762,108.33483558549659,0.0449901127153968,
31.12415523113725,7.712912247114588,328.76379556855227,28.159103797509033,3.2711401590134415,80.57357298749366,0.02007752235281214,
27.852135369233338,7.163651652559793,328.76379556855227,32.72019861903914,5.49260594554795,64.11408625110198,0.011184711057754612,
24.91526278145693,6.452321354029522,328.76379556855227,29.368725877764064,7.11330298530271,43.45122412683622,0.004451275446332905,
22.100123609156526,5.84978273270886,328.76379556855227,28.151391723004053,6.025386213206616,34.542702372397116,0.0026389567423368153,
22.01821033462386,5.784937048680945,328.76379556855227,0.8191327453266695,0.6484568402791524,5.154683412841905,4.7350129408119975E-5,
22.319812444121908,5.835124553047905,328.76379556855227,3.0160210949804878,0.5018750436695996,7.427332809790528,1.0267713634938768E-4,
22.402612079947403,5.841662283723849,328.76379556855227,0.8279963582549499,0.06537730675944431,2.8456483230246477,1.4428650720235487E-5,
21.706230975545964,5.398514463229816,328.76379556855227,6.963811044014392,4.431478204940333,18.54963120998832,6.844244714005666E-4,
21.118054904353812,5.0456628530322405,328.76379556855227,5.881760711921515,3.528516101975754,14.974478010858547,4.366193453304991E-4,
20.329027112797235,4.808563371315159,328.76379556855227,7.890277915565775,2.3709948171708106,2.126901424265384,1.1125561319237549E-5,
19.03770674833845,4.260587101211797,328.76379556855227,12.913203644587838,5.479762701033621,11.642819064347236,2.6994175270460497E-4,
17.1529151365919,3.6169137920514345,328.76379556855227,18.847916117465502,6.436733091603628,24.984549970884018,0.001287361878048871,
15.132445362817862,3.106590554695174,328.76379556855227,20.20469773774039,5.103232373562605,33.385822897255366,0.0023897774133030928,
12.636451106044206,2.458518833513125,328.76379556855227,24.95994256773656,6.48071721182049,36.447444052528226,0.0028443182140855693,
10.029411320710096,1.6890024287625636,328.76379556855227,26.070397853341092,7.695164047505614,34.7870166737863,0.0025131543294765837,
8.024770100516776,1.2464899266564657,328.76379556855227,20.046412201933208,4.425125021060978,25.265161166714165,0.0012552385301579337,
6.406393370082469,0.5791855733714897,328.76379556855227,16.183767304343064,6.673043532849761,15.312359903214201,4.292653070551639E-4,
5.694598108778109,0.24860747518243898,328.76379556855227,7.117952613043599,3.305780981890507,4.383034538507218,3.4019974991126E-5,
6.080018293525541,0.4892555225363253,328.8992173434169,2.2707019908045822,1.4400692399834725,1.739716683429151,5.3919121039872435E-6,
5.902307834468047,1.0049287899717854,328.8992173434169,1.777104590574936,5.1567326743546005,0.7736690316119166,1.0268671012604756E-6,
0.7564859161121831,5.4786120477243685,328.8992173434169,66.5879375058023,44.73683257752583,5.627195884790126,1.79985699392169E-5,
16.421424842329657,11.870469240265265,328.8992173434169,156.64938926217474,63.91857192540897,31.936234171959086,1.4779812400055765E-5,
34.454003590978004,17.962872534557334,328.8992173434169,180.32578748648348,60.92403294292069,25.749812477295677,1.0130940631409655E-4,
54.56737320157799,25.464408293565185,328.8992173434169,201.1336961059999,75.01535759007851,16.749248176052447,2.9755218952231307E-4,
82.81790063558572,37.213171620107744,328.8992173434169,282.5052743400772,117.48763326542559,35.969100369204625,6.907764618877785E-4,
101.21836666019476,43.373504834590165,328.8992173434169,184.00466024609045,61.60333214482421,36.972132813551184,0.003651066991904167,
97.0002239795773,48.497084264897836,328.8992173434169,42.18142680617461,51.235794303076716,49.94564542531748,0.008739425830577055,
72.19789137862028,45.11628138848471,328.8992173434169,248.02332600957016,33.80802876413128,50.62459646879404,1.8233559391987345E-4,
40.00456645212216,33.58496534173324,328.8992173434169,321.9332492649812,115.3131604675147,38.49446057751493,1.0,
1.7023623505327805,17.535588562261978,328.8992173434169,417.06928802654943,160.4937677947126,17.24379110945449,1.0,
34.25540617826289,7.142029851977867,328.8992173434169,325.5304382773011,103.93558710284111,7.697652301544622,1.0,
63.84175830084405,2.0689508816261934,328.8992173434169,295.8635212258116,92.1098073360406,13.693496066413786,0.005046750465868029,
89.13176292540982,10.846215191168966,328.8992173434169,252.90004624565768,87.77264309542772,9.643301199204757,9.240306733280053E-4,
107.13712235954199,15.211583826557131,328.8992173434169,180.05359434132174,43.65368635388165,11.09033540345024,6.14961781410521E-4,
120.74062055399077,16.090696674040885,328.8992173434169,136.03498194448775,8.791128474837535,34.57981742097445,0.006609395644303056,
120.93127221106238,16.693830010584747,328.8992173434169,1.9065165707161214,6.031333365438627,39.622240780538505,0.0026841057975766133,
109.31980208123628,14.901267971763303,328.8992173434169,116.11470129826102,17.92562038821444,33.47013689467758,0.005553941269556643,
87.61269685583648,8.82947519856529,328.8992173434169,217.071052253998,60.717927731980126,22.44918684554733,2.324824071482318E-5,
54.63996317721944,1.6657726690185655,328.8992173434169,329.7273367861703,71.63702529546725,2.785680533594359,1.0,
11.174628017320856,10.585112170898157,328.8992173434169,434.65335159898586,122.50884839916722,19.04067248284747,1.0,
20.213780576907084,20.621896490481504,328.8992173434169,313.8840859422794,100.36784319583347,4.890342404237913,0.012153060709459212,
48.87514779471246,28.933202766334006,328.8992173434169,286.6136721780538,83.11306275852502,2.1915649779231217,0.006035697803219988,
76.01727822839916,35.69407127961847,328.8992173434169,271.421304336867,67.60868513284464,6.168489660312559,0.001966063238129281,
101.80217139773481,42.38197116472139,328.8992173434169,257.84893169335646,66.87899885102922,22.463625879180142,7.08699589146675E-6,
124.13750649692099,49.00661833624659,328.9259521904801,223.38934962827466,66.30856348470616,66.1816246042082,0.012555513928470017,
119.6111323492355,49.95854483069215,328.9259521904801,45.263741476854875,9.519264944455585,68.8845260730784,0.0157496629988818,
90.33684971226717,42.77563780145297,328.9259521904801,292.74282636968337,71.82907029239175,34.090795018960875,3.2213890085920936E-4,
54.167274464375964,28.713828405350483,328.9259521904801,361.695752478912,140.6180939610249,6.1093379971299555,1.0,
14.738656919286427,13.832301169744227,328.9259521904801,394.28617545089537,148.81527235606256,46.00255723343935,1.0,
34.3933404156262,0.2833965937388996,328.9259521904801,491.31997334912626,141.15697763483126,86.42634943390334,1.0,
73.89662524128414,9.569217220451407,328.9259521904801,395.0328482565794,92.85820626712507,87.77327722246156,1.0,
109.8683685790295,18.516997808824755,328.9259521904801,359.7174333774535,89.47780588373348,81.69537134505333,1.0,
140.99540364081997,25.26896712463062,328.9259521904801,311.2703506179048,67.51969315805866,69.89047197714797,0.003954881126772233,
154.04474660168432,30.336530266616876,328.9259521904801,130.4934296086435,50.675631419862555,7.0165375392917895,0.0029613770589991266,
115.56697536731645,26.369119506359453,328.9259521904801,384.7777123436788,39.674107602574225,44.559112516982964,1.0,
79.86815109415488,14.4542049369376,328.9259521904801,356.9882427316156,119.14914569421853,44.42016690815365,1.0,
62.174459628603586,4.652399538178344,328.9259521904801,176.93691465551296,98.01805398759257,57.22569872515294,0.001239568085725392,
51.87110682631271,1.0384726196384975,328.9259521904801,103.03352802290874,56.90872157816841,40.76302325828863,0.002539924347009267,
43.24350528870275,6.863518175437719,328.9259521904801,86.27601537609962,58.25045555799221,31.931668779774895,0.0014836471281219135,
24.38109965950423,22.758361605006087,328.9259521904801,188.6240562919852,158.94843429568368,167.4346962755726,0.010189347313502711,
16.769287401469455,29.95632398555375,328.9259521904801,76.11812258034774,71.97962380547665,179.23373764616997,0.17900272635106176,
9.369579654116933,26.489147979073692,328.9259521904801,73.99707747352522,34.671760064800594,45.28281394015096,0.0033147168598936004,
19.324515049383308,13.460164549982437,328.9259521904801,99.54935395266375,130.28983429091255,176.37886035789336,0.06258786613871538,
44.890378368967504,1.8092785343857543,328.9259521904801,255.65863319584196,152.69443084368191,523.519514967362,1.0,
51.966981146842954,13.560416340719712,328.93636241618356,70.7711279040575,117.52229943054459,759.6133603356245,1.0,
31.662244789470833,9.162602833047089,328.93636241618356,203.0473635737212,43.97813507672623,333.9020427554698,1.0,
31.01402428860024,1.7143007890453248,328.93636241618356,6.482205008705932,108.76903622092414,114.1211848587011,0.02507094963865568,
38.84714038028403,3.567544729358559,328.93636241618356,78.33116091683792,18.532439403132344,305.70247288753734,1.0,
44.68591602450442,0.7433988337747905,328.93636241618356,58.38775644220391,43.1094356313335,286.30262932508003,1.0,
48.29262190292718,5.646835504525484,328.93636241618356,36.067058784227584,49.03436670750693,216.31896953296177,0.5568169075336005,
48.939256312903694,9.277610323170563,328.93636241618356,6.466344099765138,36.307748186450794,154.99191514437712,0.1287370118069305,
46.66706230170439,11.177406044114377,328.93636241618356,22.721940111993035,18.99795720943814,109.55510498058459,0.04690861009735047,
41.54908854072346,12.245081082755718,328.93636241618356,51.17973760980931,10.676750386413403,94.78052342290027,0.03173606862392152,
37.74120840786122,13.211705017805514,328.93636241618356,38.078801328622376,9.66623935049796,53.4394582632774,0.007543974801128479,
34.54826689710501,14.300474309819947,328.93636241618356,31.929415107562136,10.887692920144332,38.23057042354094,0.00353201238875469,
31.756665256827546,15.274401269090276,328.93636241618356,27.91601640277463,9.739269592703295,26.08924250565906,0.0015577031849079858,
29.53747131037528,16.11986103014641,328.93636241618356,22.191939464522648,8.454597610561336,18.975350347938047,8.032785572336247E-4,
27.470211430830545,16.438130195973145,328.93636241618356,20.672598795447357,3.182691658267345,13.412982475814488,3.932344398574719E-4,
22.21173718571322,15.120404803576776,328.93636241618356,52.58474245117327,13.17725392396369,11.93057324862366,2.4237354030345258E-4,
30.265406644478844,14.97785559921465,328.93636241618356,80.53669458765626,1.4254920436212615,143.09036622360168,0.09344652024510162,
54.27676909111403,25.933065145234224,328.93636241618356,240.1136244663519,109.55209546019574,233.68803639461703,1.0,
60.501266174534635,31.142175002791134,328.93636241618356,62.244970834206015,52.091098575569106,140.69285397474943,0.1098559367342889,
55.11931239017315,25.346121376142605,328.93636241618356,53.81953784361485,57.96053626648529,87.73226884323662,0.025719237934304577,
39.42316270026322,11.74620120185881,328.93636241618356,156.9614968990993,135.99920174283795,393.20099141452175,1.0,
15.657922687459177,4.2224376210454295,328.93636241618356,237.65240012804043,75.2376358081338,258.2843461907635,1.0,
6.832042471729665,1.404632811663646,328.93636241618356,224.89965159188841,56.270704327090755,81.18978897761508,5.085487805474531E-5,
7.071102787489735,1.0437689131048842,328.93636241618356,139.031452592194,24.4840172476853,171.14058163473373,0.06376120899037144,
57.45695170075828,21.554443955429974,328.93636241618356,503.85848913268546,205.1067504232509,486.5201903090994,1.0,
84.65618984963771,41.54184786531965,328.93636241618356,271.9923814887943,199.8740390988968,598.130340284178,1.0,
60.457229083046286,41.03738347565863,328.93636241618356,241.98960766591426,5.044643896610239,450.1191545352057,1.0,
25.953607240778524,29.09307549550502,328.93636241618356,345.0362184226776,119.4430798015361,104.97418683629377,1.0,
30.118293066584783,14.185952350172528,328.93636241618356,41.64685825806259,149.0712314533249,153.59639919457322,0.04454986511549583,
45.358992791184505,7.782153670202973,328.93636241618356,152.40699724599722,64.03798679969555,295.61728962172793,1.0,
52.176128929222386,7.209496020258825,328.93636241618356,68.17136138037881,5.726576499441478,292.1609844172781,1.0,
55.50674447264703,7.01271180419559,328.93636241618356,33.30615543424642,1.9678421606323582,223.38508767888754,0.8023499026446107,
54.29219422514075,8.245423542537452,328.93636241618356,12.145502475062813,12.327117383418624,166.37646986681006,0.17829065354300705,
50.827719851458255,10.189393158982682,328.93636241618356,34.64474373682492,19.4396961644523,129.40736273435874,0.0804148990128929,
46.62146556812786,12.137476801000048,328.93636241618356,42.06254283330395,19.48083642017366,85.85711146022675,0.024708963390553947,
42.19430714672808,13.572485200632116,328.93636241618356,44.27158421399781,14.350083996320677,62.627198420586865,0.011141140105303992,
37.93766144864628,14.375245082516102,328.93636241618356,42.566456980817975,8.027598818839863,47.72428278487382,0.0058268848348859295,
34.305969904379936,15.143815151675739,328.93636241618356,36.31691544266346,7.685700691596367,33.78788471024791,0.0027030729581918713,
31.117636151303714,15.926193105993178,328.93636241618356,31.88333753076222,7.823779543174396,25.097469476992273,0.0014323067153489183,
30.79703550721058,16.080460619055344,328.93636241618356,3.2060064409313327,1.5426751306216602,7.091860357874111,9.656243641703885E-5,
31.157616238869537,15.968698695730751,328.93636241618356,3.605807316589562,1.1176192332459323,6.6436915267217955,8.547884660312037E-5,
31.34192414604206,15.921296658913917,328.93636241618356,1.843079071725242,0.4740203681683397,1.7677675514698876,6.462918468322427E-6,
30.643130286811015,16.134126945841217,328.93636241618356,6.987938592310456,2.128302869273,17.449414429679564,6.124514820433732E-4,
29.22602430299139,16.431097254630714,328.93636241618356,14.171059838196243,2.9697030878949704,23.853771436986335,0.0012172400087064013,
28.069263697455654,17.258914543048746,328.93636241618356,11.567606055357373,8.278172884180321,16.512151732319467,5.803930525801989E-4,
26.92954768747029,18.120496098015593,328.93636241618356,11.397160099853636,8.615815549668469,7.39414419519278,1.2723687267266E-4,
25.576511453201533,18.837685204028162,328.93636241618356,13.530362342687567,7.171891060125688,1.8969683276509386,1.5389793276138562E-5,
24.002047381231932,19.53809307548036,328.93636241618356,15.744640719696008,7.004078714521995,8.175568559730664,1.533135512693654E-4,
22.30872695519247,20.288168604457667,328.93636241618356,16.933204260394632,7.500755289773053,13.125175695531652,3.706198739036788E-4,
20.611115038612184,20.905338586404582,328.93636241618356,16.976119165802857,6.171699819469154,16.93350127269241,6.012503150497971E-4,
19.065012882122232,21.24137432604411,328.93636241618356,15.46102156489951,3.3603573963952726,17.556276179291217,6.293707223092559E-4,
18.33656250893023,21.260272458168913,328.93636241618356,7.28450373192004,0.18898132124803624,14.34188362604118,3.9546649343999044E-4,
18.378727118995016,21.06818034819466,328.93636241618356,0.42164610064787666,1.920921099742543,9.294589874638177,1.5793317806188755E-4,
18.627085324320433,20.93227136709649,328.93636241618356,2.4835820532541675,1.3590898109816862,2.0910251300557547,9.033220042180342E-6,
6.972758674170564,0.9748430670914559,328.8982228153975,1.9974447455808786,1.1667657810730248,1.14797869808001,2.4025403272097314E-6,
7.03113054980588,0.970693448984008,328.8982228153975,0.5837187563531643,0.0414961810744785,0.22594379484075944,9.625450922037751E-8,
7.546665910676438,1.6789756034793584,328.8982228153975,5.155353608705582,7.082821544953504,0.3886795130193832,3.093283552478985E-7,
9.431801947585313,4.1604373985627205,328.8982228153975,18.851360369088752,24.81461795083362,0.3519843494603947,1.2328928232308923E-7,
12.772651557956124,8.621721660955359,328.8982228153975,33.4084961037081,44.61284262392638,0.7443754712983264,3.812480352712846E-6,
16.977876528870524,14.328403133952662,328.8982228153975,42.05224970914401,57.06681472997303,1.7019058327366565,2.7452917182766478E-6,
20.49825161623437,19.56703693358338,328.8982228153975,35.203750873638455,52.38633799630719,1.1851422286241586,3.2167855664044114E-7,
22.538149608266508,23.239040845291356,328.8982228153975,20.39897992032138,36.72003911707975,0.5200800590415611,5.668976669185813E-6,
23.214108138313577,24.722809475801284,328.8982228153975,6.75958530047069,14.837686305099282,1.563420556955748,1.2871198599122142E-5,
23.10896874701234,24.593723006070633,328.8982228153975,1.0513939130123617,1.2908646973065174,0.5145749993982918,7.744132420646089E-7,
22.854759303251967,24.159578105773164,328.8982228153975,2.542094437603737,4.341449002974684,0.28987814706283643,9.342452270831601E-7,
22.62699617213366,23.742027960945137,328.8982228153975,2.277631311183086,4.175501448280272,0.10071301084678908,4.5997860501556443E-7,
22.497561682212222,23.49951751859436,328.8982228153975,1.2943448992143658,2.4251044235077757,0.049956271290056975,1.5054959151597097E-7,
22.473114505588455,23.415010759120435,328.8982228153975,0.2444717662376661,0.8450675947392483,0.15580729253599657,8.940653942413498E-8,
22.45376356924976,23.349343888138264,328.8982228153975,0.19350936338696556,0.6566687098217017,0.11448839504510033,5.026272311239509E-8,
22.449786930027926,23.339169668333966,328.8982228153975,0.039766392218325564,0.10174219804298446,0.009231406635876738,6.107071708317548E-10,
22.45166849124439,23.343627580755992,328.8982228153975,0.018815612164644335,0.04457912422026311,0.029000142775430504,1.8633810509032785E-9,
22.454143865584115,23.34573100505449,328.8982228153975,0.024753743397241124,0.021034242984967477,0.002683722383380882,5.7294718567542706E-11,
22.458483882040696,23.353436150226145,328.8982228153975,0.04340016456580997,0.07705145171655658,0.012657342643365155,7.402017256360788E-10,
22.47153536291148,23.375058972574806,328.8982228153975,0.1305148087078578,0.21622822348660975,0.0032011469130566184,1.2496243769217166E-9,
22.474464887827253,23.380080000080568,328.8982228153975,0.029295249157712533,0.050210275057622766,0.009389077205810281,3.7251485601875927E-10,
22.47519341766065,23.380325100162082,328.8982228153975,0.007285298333954415,0.002451000815142379,0.0051587507454087245,5.6621611233124816E-11,
22.475731377625834,23.3803534147153,328.8982228153975,0.00537959965186019,2.831455321938847E-4,0.00439214760433515,3.80505897909362E-11,
22.47615717009387,23.37982736192754,328.8982228153975,0.0042579246803597925,0.005260527877624099,0.002802022634682544,2.0017322420438597E-11,
4.730786258692206,0.4638185947788145,328.8387791828911,0.001123261130260289,0.010836496403783258,0.015798825499473423,4.2550778188031817E-10,
4.7370783259437985,0.45144218686451154,328.8387791828911,0.06292067251592925,0.12376407914302945,0.011987169667690978,2.884711076209616E-10,
5.109312987792464,0.19382672189101413,328.8387791828911,3.722346618486654,6.452689087555257,0.4893843802375386,3.7069541156653326E-7,
6.6041693699785355,2.5354111665414223,328.8387791828911,14.948563821860716,23.41584444650408,0.9778934106151382,1.369682585884736E-7,
9.494021296560618,6.936252377856476,328.8387791828911,28.898519265820823,44.00841211315054,0.1285887953810061,8.955724089351529E-6,
13.673757400843783,13.367891035965783,328.8387791828911,41.79736104283165,64.31638658109307,0.20628871681424243,3.121859366380216E-5,
18.262383800126827,20.813989253774523,328.8387791828911,45.886263992830436,74.46098217808739,1.2649813386201458,1.5730866998507103E-5,
21.531900753024388,26.772847286504657,328.8387791828911,32.69516952897561,59.588580327301344,0.6082338538021759,5.535716358246155E-7,
23.395800308074172,30.412870238086768,328.8387791828911,18.63899555049784,36.40022951582111,0.1765731020475414,9.136950352166391E-6,
23.914089391709126,31.877060251324394,328.8387791828911,5.182890836349543,14.641900132376264,1.1367011886926548,1.1102041197578008E-5,
23.796466561444504,31.55755455365241,328.8387791828911,1.1762283026462228,3.1950569767198544,0.28434182457147017,7.195909442911729E-7,
23.67530553798281,31.176330706335662,328.8387791828911,1.2116102346169555,3.8122384731674686,0.6074005782642189,1.772383165037464E-6,
23.806751997748165,31.34947694483104,328.8387791828911,1.3144645976535685,1.7314623849537725,0.7391917324292763,1.6372209075570367E-6,
23.933447810087728,31.59135297227334,328.8387791828911,1.266958123395625,2.418760274423022,0.11316486031034856,3.0118519406446693E-7,
24.07892738212945,31.939450344762335,328.8387791828911,1.4547957204172235,3.4809737248899353,0.3078729683528536,8.864928235646032E-7,
24.16866821332087,32.14452998871401,328.8387791828911,0.8974083119142051,2.0507964395167733,0.13623239029016077,2.58193600786688E-7,
24.155488617934793,32.0764671592479,328.8387791828911,0.1317959538607738,0.6806282946611475,0.07649550378346248,3.8064999687785956E-8,
24.125416901262042,31.936567946687134,328.8387791828911,0.3007171667275088,1.3989921256076343,0.23759653986871854,2.5476529730608995E-7,
24.111947850307388,31.863223722235006,328.8387791828911,0.1346905095465445,0.7334422445212851,0.13780579208059862,7.845419715328964E-8,
24.109765228121205,31.84726047686216,328.8387791828911,0.021826221861829254,0.1596324537284488,0.0314088224263287,3.870281237315068E-9,
24.106702958148503,31.844130334708296,328.8387791828911,0.0306226997270187,0.031301421538643126,0.03283135869423859,2.395659937689803E-9,
24.106069610876602,31.844426841304568,328.8387791828911,0.00633347271900675,0.0029650659627122877,0.0259929707539186,1.180035001564308E-9,
24.106490439732056,31.8438532275906,328.8387791828911,0.004208288554536921,0.005736137139678021,0.012420975845088833,2.911469375611597E-10,
24.10673380898743,31.843479967756494,328.8387791828911,0.0024336925537227216,0.0037325983410596564,0.01138188616835123,2.3446114607537824E-10,
24.106927646150666,31.843353927582044,328.8387791828911,0.0019383716323773115,0.0012604017445028148,0.012003894419763128,2.482811336308783E-10,
24.10698705982452,31.84297019783388,328.8387791828911,5.941367385275953E-4,0.003837297481652513,0.00885486371373645,1.417567714235419E-10,
24.1073706641821,31.842635866848497,328.8387791828911,0.0038360435758022504,0.003343309853818255,0.009372444563950921,1.6421807037246564E-10,
24.1078987688835,31.842135215341628,328.8387791828911,0.005281047014022988,0.0050065150686862125,0.005417615034275514,6.525453087370006E-11,
24.108308485642738,31.84184274135059,328.8387791828911,0.004097167592362894,0.002924739910383778,0.006007638252185643,7.166490904661081E-11,
24.108489229222755,31.84155555032494,328.8387791828911,0.001807435800174062,0.0028719102564878085,0.006046546266702535,6.877930008951608E-11,
24.108911376457968,31.84144649563551,328.8387791828911,0.00422147235212833,0.0010905468943178676,0.0041303954986915414,3.408240523793592E-11,
24.109699786480064,31.84133800999986,328.8387791828911,0.007884100220962864,0.001084856356499131,0.0038883736436901017,3.4472023491024864E-11,
24.109943568340327,31.841159903694546,328.8387791828911,0.0024378186026297044,0.001781063053130083,0.005693431040754149,6.02718485774893E-11,
24.110216379906547,31.84121736393209,328.8387791828911,0.0027281156621938862,5.746023754227281E-4,0.003804853890301274,2.7197680062784268E-11,
24.11085857278158,31.841258520062368,328.8387791828911,0.006421928750341976,4.1156130279773606E-4,0.0014564955665719026,6.383232815994191E-12,
24.111334430166266,31.8412050298236,328.8387791828911,0.004758573846856962,5.349023876988213E-4,2.4232143005065154E-4,6.81983773305687E-13,
1.981946193059457,1.314288586901867,328.73147580253396,0.005213125899672377,3.2305787044606404E-4,0.002751673108605246,1.317572716968476E-11,
1.994922736340527,1.2793566401811063,328.73147580253396,0.12976543281070008,0.3493194672076072,0.030141840535407027,1.74908985880857E-9,
2.3786823790535436,0.5169183974546456,328.73147580253396,3.8375964271301655,7.624382427264607,0.5269657360179281,3.540537729606124E-7,
3.9465982405781688,2.349710830317548,328.73147580253396,15.679158615246251,28.666292277721936,1.091244755804155,3.384672365763793E-8,
6.408023805686639,6.792050391566207,328.73147580253396,24.614255651084704,44.42339561248659,1.8255625900542327,8.379198024906627E-7,
9.24591755388542,12.08230951279289,328.73147580253396,28.378937481987805,52.90259121226683,2.347887129771493,2.6934595321499633E-7,
11.387621509277437,16.702665298544886,328.73147580253396,21.417039553920176,46.20355785751997,2.2921752111540172,3.4900386471233E-6,
12.355086374837697,19.11008031333533,328.73147580253396,9.674648655602596,24.074150147904447,1.0199407189287513,5.284609388993761E-6,
12.413211320362734,19.427918825099624,328.73147580253396,0.5812494552503722,3.1783851176429323,0.4358463090204623,6.707127478284769E-7,
12.409670667449973,19.40147398372494,328.73147580253396,0.035406529127612885,0.2644484137468339,0.09080573218284371,1.9516171680936227E-8,
12.41892204388455,19.411113983985302,328.73147580253396,0.09251376434576741,0.09640000260361603,0.1547555968124925,4.526901124499339E-8,
12.432087329486876,19.434497079180844,328.73147580253396,0.13165285602326549,0.2338309519554116,0.20535186226993574,8.460633942175197E-8,
12.472671907956624,19.521688589447763,328.73147580253396,0.4058457846974761,0.8719151026691918,0.13064237997298278,6.502196408341398E-8,
12.497619651884293,19.573645082090408,328.73147580253396,0.24947743927668853,0.5195649264264546,0.08498169595611671,2.6276232351582E-8,
12.497255656896982,19.561222658186978,328.73147580253396,0.0036399498731043423,0.12422423903430513,0.021982926717782902,1.4638007745470658E-9,
12.49732642499373,19.55552481219989,328.73147580253396,7.076809674799733E-4,0.05697845987086225,0.007311634227562536,1.935191275508182E-10,
12.498028066328857,19.55361551923366,328.73147580253396,0.0070164133512662374,0.019092929662321012,0.0029043756057944847,3.120660695752712E-11,
12.498594932193441,19.552351643827294,328.73147580253396,0.005668658645845426,0.012638754063658553,0.0026340480479802864,2.1822634069861917E-11,
12.499321874626503,19.55102232364824,328.73147580253396,0.007269424330615948,0.013293201790531839,5.492209385238311E-4,4.394098718408789E-12,
12.500052494303077,19.54960913065841,328.73147580253396,0.007306196765739514,0.014131929898297813,0.0034936539339014416,3.578887873433162E-11,
12.500433643709243,19.54877289405985,328.73147580253396,0.003811494061665144,0.008362365985590259,0.0018916997657925094,1.0804339916287117E-11,
12.50113310708332,19.54813826846805,328.73147580253396,0.006994633740760037,0.0063462559180038625,0.0035023769447661834,2.8922653513359903E-11,
12.501682692536292,19.547631484422496,328.73147580253396,0.005495854529726785,0.005067840455552641,0.001554210188601246,7.1726166065497545E-12,
12.502226203922191,19.547196856541504,328.73147580253396,0.005435113858993645,0.004346278809919113,5.014487703647319E-4,1.5720795527255622E-12,
