7.8140166876204376,1.1541836834116381,327.70610677369586,127.38680790639137,15.544733575205143,90.35468970061572,0.00985206779041594,
8.214447134945999,1.6130312470399772,327.70610677369586,4.0043044732556154,4.588475636283391,2.658686368720282,1.2902819193941597E-5,
9.46544827098569,3.1711137685517485,327.70610677369586,12.510011360396902,15.580825215117713,5.167302328312076,4.524644602226108E-5,
13.691351512055917,6.116234755534492,327.70610677369586,42.259032410702275,29.451209869827437,8.847961246390241,8.896573192376542E-5,
23.270708546086098,11.68327731418043,327.70610677369586,95.79357034030181,55.67042558645937,16.155142302401373,6.025370717423638E-5,
38.72911112592715,21.295714223995013,327.70610677369586,154.5840257984105,96.12436909814583,22.890983166835213,2.485779436526901E-5,
54.767000849010856,33.814434516850355,327.70610677369586,160.37889723083708,125.18720292855342,32.63753594232867,9.744628660293302E-5,
57.34391306901102,43.98893754751292,327.70610677369586,25.769122200001675,101.74503030662564,45.91011468321881,0.004681425442586594,
44.53429747348423,50.19722547589832,327.70610677369586,128.09615595526793,62.08287928385403,25.612399783429964,8.110494161673163E-4,
24.106708789580694,53.493070600726355,327.70610677369586,204.27588683903537,32.95845124828034,8.656790523533573,0.0015824979795967767,
5.474343607892479,54.12086864459924,327.70610677369586,295.8105239747317,6.277980438728861,37.45404522977083,0.007076228994366364,
38.90803070905292,53.20659822534397,327.70610677369586,334.33687101160444,9.142704192552742,56.51836014075968,1.0,
73.93426197243741,53.24861665603481,327.70610677369586,350.2623126338449,0.4201843069084532,51.42122695482897,1.0,
100.79666406169167,55.30006702617615,327.70610677369586,268.6240208925426,20.51450370141339,7.952322282009163,3.354465910374436E-4,
127.88323759596801,56.99615325463361,327.70610677369586,270.8657353427634,16.960862284574603,16.316602733394916,1.9999357800107165E-4,
144.12702482882594,61.63676828499017,327.70610677369586,162.43787232857926,46.40615030356557,73.74865444509112,0.03304743604273292,
137.21392976137952,72.14076711166693,327.70610677369586,69.1309506744642,105.03998826676764,126.89432634819241,0.08731629625454886,
119.52449514679961,83.50245209978334,327.70610677369586,176.8943461457991,113.61684988116409,82.7478674165684,0.031718597039263295,
105.45691384315342,93.67069542771385,327.70610677369586,140.67581303646193,101.68243327930512,29.466682016144716,0.006463119461511544,
92.04589590034925,105.18796566559142,327.70610677369586,134.11017942804165,115.17270237877568,16.018441023890375,0.0032098113761960968,
77.83684710245484,115.70187003818985,327.70610677369586,142.0904879789441,105.13904372598432,15.587018438684481,0.0025140575164652526,
58.12806979892616,124.17924553913078,327.70610677369586,197.08777303528677,84.77375500940923,8.3609778190322,3.3625482651436305E-5,
33.70478471905892,131.93883303313459,327.70610677369586,244.23285079867242,77.59587494003824,3.9059462818792667,0.0014921621062483404,
3.525003434029486,139.9951247430066,327.70610677369586,301.79781285029435,80.56291709872028,23.378426442651232,0.005415054260928066,
28.97471213929748,144.13632764351684,327.70610677369586,324.99715573326966,41.41202900510223,23.61840740827688,0.005780713592041236,
58.58227578644994,144.5497909264996,327.70610677369586,296.0756364715246,4.134632829827751,12.91656804046255,0.0032469243984041595,
76.4205068604956,142.9326278661681,327.70610677369586,178.38231074045666,16.171630603315066,62.77732355997756,0.005687755912589425,
75.96338832069102,141.36300376036087,327.70610677369586,4.571185398045827,15.69624105807236,79.72147769096665,0.013516051572583105,
73.4220544587132,143.13785910954323,327.70610677369586,25.413338619778187,17.748553491823316,45.565349973244054,0.005205765927113664,
65.12110973857204,145.60643707119453,327.70610677369586,83.0094472014116,24.68577961651306,10.39215564762003,9.47177145750583E-4,
131.39167723860783,0.2356609734149231,328.48202986800305,190.23912701499967,57.49816568966537,16.07047028762736,0.0016659716231686224,
110.54780993895235,3.792919556934862,328.48202986800305,208.43867299655471,40.28580530349785,34.62469063920622,0.0022776988112363883,
86.0223960254965,7.843555972310611,328.48202986800305,245.2541391345585,40.50636415375749,66.69811026071898,0.0019201175838703202,
52.75201831322636,11.065305403175046,328.48202986800305,332.70377712270147,32.21749430864435,107.51019608762391,1.0,
11.679503527265979,17.878873498398747,328.48202986800305,410.7251478596038,68.13568095223701,126.22765622716429,1.0,
23.686099342656348,27.148098555825698,328.48202986800305,353.65602869922327,92.69225057426951,82.98797301520153,1.0,
57.27042047680868,35.84487021621095,328.48202986800305,335.84321134152333,86.96771660385252,39.069404810641686,1.0,
75.05453124407393,39.7532061829566,328.48202986800305,177.84110767265247,39.083359667456534,16.596569623924893,2.0226420496430715E-4,
83.1231254303832,39.9142175742391,328.48202986800305,80.6859418630927,1.6101139128249997,36.9626116743342,0.004721658044863017,
81.15578267749606,36.866577017599724,328.48202986800305,19.673427528871343,30.476405566393794,40.75919778032414,0.004501985196662893,
68.46990860067478,31.93773139267077,328.48202986800305,126.85874076821278,49.28845624928954,33.31306231096846,0.002572795428542105,
30.45592206116214,23.67927565820881,328.48202986800305,380.13986539512644,82.58455734461961,19.11315238685006,1.0,
10.18624506429785,16.485042377388623,328.48202986800305,406.4216712545999,71.94233280820185,0.5636130467416933,1.0,
47.48149731406545,3.2841193816647944,328.48202986800305,372.952522497676,132.0092299572383,6.30409927640585,1.0,
80.40254599063883,8.929746279378264,328.48202986800305,329.2104867657338,122.13865661043059,30.253452422051055,1.0,
116.16065030566381,21.949428588704762,328.48202986800305,357.5810431502498,130.19682309326498,55.590872834374636,1.0,
139.49240808628826,34.13229974636357,328.48202986800305,233.31757780624457,121.82871157658809,152.64522468026541,0.07675389688987612,
145.46029357859868,37.871948465224136,328.48202986800305,59.678854923104154,37.39648718860565,276.20120033103774,1.0,
135.06796873447183,38.30506100286553,328.48202986800305,103.92324844126847,4.331125376413922,297.33110553082014,1.0,
121.61198422692576,34.60672396882259,328.48202986800305,134.55984507546077,36.98337034042936,298.715230407181,1.0,
102.43745085098419,25.549854587566728,328.48202986800305,191.74533375941564,90.56869381255865,152.69930964343104,0.08046988146085562,
96.37246798468368,11.996768703382799,328.48202986800305,60.64982866300511,135.5308588418393,82.73884504466167,0.010144190305759688,
95.74538223636046,0.6807553967695412,328.48202986800305,6.270857483232248,126.7752410015234,234.0698676975893,0.14505240579646328,
97.67172761832467,10.889631671304215,328.48202986800305,19.26345381964211,102.08876274534674,288.9852223589679,0.5361293459225548,
97.60390693740544,17.412377666041834,328.48202986800305,0.6782068091922611,65.22745994737619,295.55349629270097,0.762055270016005,
93.8678295597856,20.994878064580234,328.48202986800305,37.36077377619836,35.825003985384,270.8759430530088,1.0,
87.63316134410763,20.8975522558045,328.48202986800305,62.34668215677971,0.9732580877573582,228.6487186849405,0.9274986037454952,
78.36392486203681,18.122560408353422,328.48202986800305,92.69236482070824,27.749918474510764,171.69735151403984,0.24040223838411381,
63.498098851553436,14.665299135789354,328.48202986800305,148.65826010483374,34.57261272564068,87.69269752634159,0.017336331658744968,
51.797686118950196,11.783503846514861,328.48202986800305,117.0041273260324,28.817952892744927,36.46475279303331,0.002234588028074135,
43.71656712510037,7.548174560709498,328.48202986800305,80.81118993849827,42.353292858053635,158.71510568374788,0.1391235794476398,
41.33015129961598,5.6674288668690735,328.48202986800305,23.864158254843915,132.15603427578571,338.502196929189,1.0,
52.086883937007656,18.480506339168556,328.48202986800305,107.56732637391679,128.13077472299483,481.9680018299283,1.0,
67.97004450694544,30.774652190059015,328.48202986800305,158.83160569937786,122.94145850890459,436.17998553251084,1.0,
82.96413073245844,34.881982172977246,328.48202986800305,149.94086225513,41.073299829182304,247.60823127915472,0.9198391250733157,
97.54640136580906,16.666657990000033,328.48202986800305,145.82270633350618,182.15324182977213,18.931039990720535,1.8513406900044505E-4,
106.6376107887445,2.4347670153969148,328.48202986800305,90.91209422935435,142.31890974603118,196.21563992488177,0.11405598766527521,
116.37177355015137,11.178704960424056,328.48202986800305,97.34162761406878,136.1347197582097,281.5617193853862,0.4620520099978771,
125.6650677426461,27.266608464075972,328.48202986800305,92.93294192494727,160.87903503651916,346.35862185369547,1.0,
129.13459656742452,35.28239254040329,328.48202986800305,34.69528824778422,80.15784076327321,376.27025795970724,1.0,
118.5916462749284,36.35256841653978,328.48202986800305,105.4295029249613,10.701758761364886,311.035390335868,1.0,
96.70743261872985,34.505521871960156,328.48202986800305,218.8421365619854,18.470465445796265,235.06943639926135,0.2761491510361135,
63.070252112111916,31.23728813250065,328.48202986800305,336.3718050661794,32.68233739459504,137.66843202778546,1.0,
13.349934341831954,31.518881224494635,328.48202986800305,497.2031777027996,2.815930919939831,62.91370994344845,1.0,
24.970773397628363,38.63303776497199,328.48202986800305,383.2070773946032,71.14156540477353,24.44673178932021,1.0,
48.75596085393806,44.20747575267271,328.48202986800305,237.851874563097,55.74437987700719,119.49232458367476,0.00646817215123612,
48.114485529535955,43.20378911766102,328.48202986800305,6.414753244021085,10.036866350116895,190.40200983456543,0.29253536488254,
28.642106627997805,32.69619321750881,328.48202986800305,194.7237890153815,105.07595900152211,195.37429656891732,0.041247886337902995,
2.2327185290914713,19.87853327765461,328.48202986800305,308.74825157089276,128.17659939854195,143.36348306936884,1.0,
39.162936202527476,9.416508152834638,328.48202986800305,369.30217673436005,104.62025124819974,81.96656856639265,1.0,
76.99101966752562,4.274761492648963,328.48202986800305,378.28083464998144,51.417466601856745,27.655638742210726,1.0,
107.00167440081884,4.307272719923077,328.48202986800305,300.1065473329322,85.8203421257204,11.626999227540296,0.0015069701954507108,
135.7740969949955,15.263586794869639,328.48202986800305,287.72422594176646,109.56314074946562,14.47340156648437,4.4082156673137696E-5,
162.57084213054975,24.671378954010294,328.48202986800305,267.9674513555426,94.07792159140655,34.36676961079087,0.0040107437895927885,
180.68633282540293,29.51070329695719,328.48202986800305,181.1549069485318,48.39324342946895,75.94834351555278,0.043202464017371905,
191.08513110560864,28.776862215011306,328.48202986800305,103.9879828020571,7.338410819458829,103.04386648415232,0.059832608999428855,
191.6298145471643,24.712084390107663,328.48202986800305,5.446834415556623,40.647778249036435,92.12818352918475,0.012882701351543551,
180.1151635758365,19.596890089078528,328.48202986800305,115.14650971327796,51.15194301029135,52.93186970904202,0.018447164182382993,
156.073946915875,12.65870215540832,328.48202986800305,240.41216659961492,69.38187933670207,11.928384662852807,0.0016409027754336353,
129.21560511931887,4.126807368217641,328.48202986800305,268.58341796556147,85.3189478719068,86.72940712062598,0.00846429270009476,
102.67657513861718,5.709560021945691,328.48202986800305,265.39029980701685,98.36367390163332,133.70561938432388,0.013785998368154554,
68.02737544907029,14.800245262626902,328.48202986800305,346.4919968954689,90.9068524068121,195.19441965385795,1.0,
36.49813672895175,24.38893079432691,328.48202986800305,315.2923872011854,95.88685531700008,180.60041688273316,1.0,
8.352138892834432,34.475980802791895,328.48202986800305,281.45997836117317,100.87050008464985,142.27575209120175,1.0,
17.321689539604563,41.94022253436353,328.48202986800305,256.73828432438995,74.64241731571633,94.79577691574832,3.3678513223346544E-5,
38.18140896705029,47.49423081035286,328.48202986800305,208.59719427445725,55.54008275989332,34.504825830759955,5.364161362794818E-5,
56.070500050209034,51.594399867345544,328.48202986800305,178.89091083158746,41.001690569926836,13.081316955210696,3.2881226056820966E-6,
44.86664623951992,55.4793513568504,328.48202986800305,112.03853810689111,38.84951489504857,94.2869269333562,0.026032797971200426,
20.135290564807292,47.07070834166876,328.48202986800305,247.3135567471263,84.08643015181639,89.5441928874078,7.662715163450699E-7,
13.930927131613885,34.95254910167114,328.48202986800305,340.66217696421177,121.18159239997624,67.35525786502592,1.0,
48.90559790027896,20.682619176287716,328.48202986800305,349.7467076866508,142.69929925383423,50.636187372782615,1.0,
85.11292441230921,8.034800248356333,328.48202986800305,362.0732651203025,126.47818927931382,25.46538697821461,1.0,
116.7621079620069,4.621651426690818,328.48202986800305,316.4918354969768,126.56451675047151,10.307769096971242,0.002525844550155174,
138.51583761472568,15.503043623238739,328.48202986800305,217.5372965271879,108.81392196547921,39.4498569595396,0.003447689350251865,
156.24366823259038,21.986247526214953,328.48202986800305,177.27830617864697,64.83203902976214,82.11670039014678,0.037550095622660026,
173.32012450553907,22.036311031927823,328.48202986800305,170.7645627294869,0.5006350571287044,108.80806363980838,0.0863053955954165,
184.87019186333782,22.49162357311542,328.48202986800305,115.50067357798753,4.553125411875953,116.8306416803145,0.08741326068613925,
192.10599425510782,21.16780597180903,328.48202986800305,72.35802391769994,13.238176013063878,107.65383923788704,0.048981422622996484,
192.98690531920283,17.466933697883576,328.48202986800305,8.809110640950166,37.00872273925455,87.73326738694976,0.011996997267666488,
175.46778764958583,10.112844638905273,328.48202986800305,175.19117669617003,73.54089058978303,54.58451994703353,0.019412892482866817,
152.51553283285148,1.7772268484208098,328.48202986800305,229.52254816734353,83.35617790484463,33.26255409866235,0.003956284285229161,
128.6080660588466,6.5241696572237515,328.48202986800305,239.07466774004888,83.01396505644561,106.68843180644728,0.023879982421168195,
99.10992605768945,13.419054170747614,328.48202986800305,294.9814000115714,68.94884513523863,164.90537863961322,1.0,
59.68794210597889,18.7318914506495,328.48202986800305,394.2198395171056,53.12837279901885,252.7940380471253,1.0,
25.89487468055154,25.747214812502335,328.48202986800305,337.9306742542735,70.15323361852836,252.24825398667065,1.0,
1.7742150573249091,33.59902462187918,328.48202986800305,276.6908973787645,78.51809809376846,212.87986236390168,1.0,
20.417597777971878,41.28657651770732,328.48202986800305,186.4338272064697,76.87551895828136,119.4038949898993,0.009846251057085136,
26.203617126207746,49.141740002886905,328.48202986800305,57.86019348235868,78.55163485179588,6.3504990443362885,1.1557614892036557E-4,
14.893834920934069,53.1940485935267,328.48202986800305,113.09782205273677,40.52308590639797,84.04712367479135,0.01270620834434901,
9.4307821427725,46.86143558991566,328.48202986800305,243.2461706370657,63.32613003611044,119.75031425380394,6.094437324870458E-4,
50.42432019552325,34.61700277592371,328.48202986800305,409.9353805275075,122.44432813991949,115.93511782014218,1.0,
94.49221705279774,7.694303787125193,328.48202986800305,440.6789685727449,269.22698988798516,104.29929632755773,1.0,
125.29751290072568,20.72978258463081,328.48202986800305,308.05295847927937,284.24086371756005,178.11052898231708,1.0,
137.5526341185638,39.09896109706477,328.48202986800305,122.55121217838109,183.69178512433962,321.4133484007948,1.0,
135.37857830007613,51.310428383932845,328.48202986800305,21.74055818487659,122.11467286868071,430.631705433932,1.0,
129.13652875021057,53.97379453542064,328.48202986800305,62.420495498655555,26.63366151487793,360.2231874322419,1.0,
124.09459628483046,42.984460934558285,328.48202986800305,50.41932465380114,109.89333600862352,134.04940127053038,0.07051623168897826,
121.72788960028936,25.299291545032844,328.48202986800305,23.667066845411,176.8516938952544,109.6150781935549,0.0104042496000549,
126.37371211169136,4.747001525791433,328.48202986800305,46.458225114020024,205.5229001924141,289.415996742934,1.0,
132.65125075020194,12.785522902368939,328.48202986800305,62.775386385105776,175.32524428160372,365.88457639376855,1.0,
129.98700882634137,23.27903376851728,328.48202986800305,26.642419238605726,104.93510866148341,395.37338087320194,1.0,
122.38736837649401,30.252167301576748,328.48202986800305,75.99640449847357,69.73133533059467,377.4881404447811,1.0,
114.03458820026253,35.43455014988308,328.48202986800305,83.52780176231477,51.82382848306332,346.1551008890956,1.0,
102.2626356616754,38.30871666256604,328.48202986800305,117.7195253858713,28.741665126829616,302.5572317624659,1.0,
84.01410707170737,37.84168350254791,328.48202986800305,182.48528589968032,4.670331600181328,226.32287907206376,0.3304242984743396,
60.85979239020298,35.39102451969606,328.48202986800305,231.54314681504388,24.506589828518486,103.07847436854217,0.006443704945790513,
37.524230706070284,31.031248095998592,328.48202986800305,233.355616841327,43.59776423697468,40.40189800435883,4.112818318843811E-4,
20.878312260395433,25.91428037307972,328.48202986800305,166.45918445674852,51.16967722918872,181.53735681105445,0.06272676251363285,
12.28379396633511,14.81161019279017,328.48202986800305,85.94518294060322,111.0267018028955,367.5638615014634,1.0,
25.665901504671638,6.022304066894691,328.48202986800305,133.82107538336527,208.3391425968486,637.4032868644053,1.0,
44.72850959509242,30.393499480991096,328.48202986800305,190.6260809042078,243.71195414096405,788.7034329884102,1.0,
50.71892646858396,43.22427208829899,328.48202986800305,59.9041687349154,128.30772607307892,600.7206849511289,1.0,
48.52463179818619,26.898207284348075,328.48202986800305,21.942946703977668,163.26064803950914,286.7160835878397,0.308667278274521,
64.56072691604209,1.6433242796621812,328.48202986800305,160.36095117855893,285.41531564010256,380.10852449913983,1.0,
89.60879431180774,24.410229766504642,328.48202986800305,250.48067395765656,227.6690548684246,676.8019492187634,1.0,
96.61886563879693,29.00478969013136,328.48202986800305,70.10071326989191,45.945599236267185,659.8382898841262,1.0,
91.68188440336633,27.476661776639446,328.48202986800305,49.36981235430608,15.281279134919146,326.3865808652855,1.0,
81.30258285754758,27.126046519828776,328.48202986800305,103.79301545818748,3.5061525681066996,275.6427966125318,1.0,
67.8045388777524,26.092141522649626,328.48202986800305,134.9804397979517,10.339049971791496,183.09575548684847,0.21842202060705249,
52.11392099928423,21.308196766545052,328.48202986800305,156.90617878468174,47.839447561045745,43.77561273922197,0.0016352291472771696,
40.75476806071788,12.44668454480086,328.48202986800305,113.59152938566353,88.61512221744192,157.31329973618813,0.07708714855607958,
37.96331319394028,8.665012184899666,328.48202986800305,27.91454866777599,211.11696729700526,429.80185673290634,1.0,
56.59049264974146,24.68266415013997,328.48202986800305,186.27179455801183,160.17651965240304,660.4613611857138,1.0,
83.36592367169158,38.02770322505171,328.48202986800305,267.7543102195011,133.4503907491174,731.0048879937773,1.0,
90.77363537763722,50.9983903386767,328.48202986800305,74.07711705945644,129.7068711362499,855.1967045216782,1.0,
90.42674374274327,25.251955199239774,328.48202986800305,3.4689163489395014,257.46435139436926,85.34933977220732,4.837764073197165E-5,
121.25223754748197,1.8335598629011542,328.48202986800305,308.254938047387,270.8551506214093,583.5854920378648,1.0,
133.2345512537588,19.282866634167192,328.48202986800305,119.82313706276841,174.49306771266038,779.6933344312029,1.0,
133.67885942954877,31.110215324065933,328.48202986800305,4.443081757899563,118.27348689898741,686.0270691148344,1.0,
126.05800305180651,32.568529314527495,328.48202986800305,76.20856377742257,14.58313990461562,379.80936872554423,1.0,
112.55084535256606,30.983554806620106,328.48202986800305,135.07157699240452,15.849745079073898,312.5585993355986,1.0,
98.94559043240554,30.683457044728186,328.48202986800305,136.0525492016052,3.000977618919194,227.38043934071754,0.8080545889951712,
80.73203806102765,26.781818622048206,328.48202986800305,182.13552371377887,39.0163842267998,61.08317884634516,0.006314565024380545,
62.59503559773998,15.71946355333938,328.48202986800305,181.37002463287672,110.62355068708825,180.2223654461966,0.061026712836758853,
47.167170175420665,11.728155295496606,328.48202986800305,154.27865422319314,274.47618848835987,439.864699273827,1.0,
73.01093312608964,27.2235332606966,328.48202986800305,258.43762950668975,154.95377965199992,733.7558573292042,1.0,
95.98596256392022,49.14184810228758,328.48202986800305,229.75029437830585,219.18314841590984,804.1411782358582,1.0,
94.6214220103227,65.9153701236894,328.48202986800305,13.645405535975215,167.73522021401817,692.2493156997763,1.0,
74.86054758366618,32.30604320960205,328.48202986800305,197.60874426656528,336.0932691408735,212.985305232379,1.0,
76.37261694002041,7.819331476872293,328.48202986800305,15.120693563542318,244.8671173272976,568.9525933083532,1.0,
78.3942119016292,4.518145835163239,328.48202986800305,20.215949616087983,123.37477312035531,468.99416205358307,1.0,
76.95115235648905,8.719960922068452,328.48202986800305,14.430595451401587,42.018150869052135,229.67554704740564,0.5793248315027784,
72.87084908024872,10.547698715186556,328.48202986800305,40.80303276240329,18.277377931181036,171.8405458737908,0.22343647556926524,
67.41929496039245,11.031012897580865,328.48202986800305,54.51554119856269,4.8331418239430946,130.24090898190053,0.08695150888475206,
61.88571614669013,10.841310778822503,328.48202986800305,55.3357881370232,1.8970211875836185,96.07602481413664,0.03513764546754608,
56.454089000827025,10.356861320319894,328.48202986800305,54.316271458631036,4.844494585026098,68.39032525670234,0.014580616968789607,
51.23150666746449,9.85715087812494,328.48202986800305,52.225823333625385,4.99710442194953,47.84080324812237,0.006283190149495024,
45.866735551885654,9.724470635179529,328.48202986800305,53.64771115578833,1.3268024294541192,34.87178235751912,0.0030683723906440915,
40.43401485973811,9.341601433491178,328.48202986800305,54.32720692147541,3.828692016883508,27.58381564004935,0.001799964518065444,
35.352073589034944,8.790607552160822,328.48202986800305,50.81941270703169,5.509938813303563,20.68398164079497,9.608717985487009E-4,
30.53902680763167,8.1640849705432,328.48202986800305,48.13046781403273,6.265225816176212,17.269625601222174,6.319790953988012E-4,
26.69853220659786,7.418422943391249,328.48202986800305,38.40494601033811,7.456620271519512,11.580766312284254,2.8681388597188523E-4,
23.221533806189996,6.770734498252779,328.48202986800305,34.76998400407865,6.476884451384706,8.522070690353871,1.5175594778302058E-4,
20.301961060534154,5.93791227447295,328.48202986800305,29.195727456558416,8.328222237798286,6.875082448044623,9.778426215930452E-5,
17.972878082841476,5.235817524887551,328.48202986800305,23.290829776926785,7.020947495853989,6.30951089298037,8.16481341979042E-5,
18.252110527740683,5.26594185685687,328.48202986800305,2.792324448992076,0.3012433196931852,2.034723225480093,8.17064926046664E-6,
18.525137826960304,5.438975462936298,328.48202986800305,2.7302729921962055,1.7303360607942864,3.2229562216764407,1.9849369657188576E-5,
18.33177977363937,5.327064898878632,328.48202986800305,1.9335805332093514,1.119105640576663,7.8544563141815615,1.129504188685816E-4,
17.36581498778935,5.059257605812434,328.48202986800305,9.659647858500193,2.6780729306619833,21.907108332181338,9.710236164153413E-4,
16.67039794420907,4.894794011073003,328.48202986800305,6.95417043580278,1.6446359473943062,19.550858966254623,7.567222655022839E-4,
16.275260601947252,4.76899822773305,328.48202986800305,3.9513734226181896,1.25795783339953,12.193168404109542,2.8053758551350457E-4,
15.8969088279581,4.574105716673529,328.48202986800305,3.783517739891522,1.9489251105952121,6.284768411753134,7.378853022900272E-5,
15.49997528459869,4.263938594201164,328.48202986800305,3.9693354335940967,3.1016712247236455,2.792963982354877,1.535734626446867E-5,
15.030662726443097,3.7606132079145027,328.48202986800305,4.6931255815559325,5.033253862866616,0.16728692861079253,2.2968265077920057E-7,
14.60669651310991,3.1213181476479974,328.48202986800305,4.239662133331876,6.392950602665053,1.4625460512581867,4.509792609837191E-6,
14.249244623787831,2.4499806998241525,328.48202986800305,3.574518893220784,6.71337447823845,2.7892499611550647,1.4589392227004982E-5,
13.892935813238296,1.9612001721496881,328.48202986800305,3.5630881054953534,4.887805276744643,4.229515696260933,3.3040603471909483E-5,
13.505884554372983,1.5316459005092327,328.48202986800305,3.8705125886531278,4.2955427164045545,5.458828044308461,5.484288907582788E-5,
13.147193475619815,1.0847193417371557,328.48202986800305,3.5869107875316786,4.46926558772077,6.187196478411465,6.994399803266834E-5,
12.720310471696962,0.604448399653279,328.48202986800305,4.268830039228533,4.802709420838767,7.2640031236721825,9.666360035831534E-5,
12.193795428326894,0.1370763826417658,328.48202986800305,5.265150433700683,4.673720170115132,7.954188282907353,1.1645227552791518E-4,
11.63123648976,0.24869931127958012,328.48202986800305,5.625589385668945,3.857756939213459,8.159858994449678,1.2293884626008114E-4,
11.066668551388602,0.5801513669672147,328.48202986800305,5.6456793837139685,3.314520556876346,7.98774568125225,1.1777519378272636E-4,
10.519115685618317,0.8734428562196115,328.48202986800305,5.475528657702853,2.932914892523968,7.7893391071955875,1.1178488978314296E-4,
10.100762636994887,0.9982839157039791,328.48202986800305,4.183530486234304,1.2484105948436763,7.631023441658726,1.0666058063406998E-4,
9.645400570806373,1.0331992578689153,328.48202986800305,4.553620661885134,0.3491534216493619,7.689443287916902,1.0832530681891529E-4,
9.111645790039688,1.0142987458017103,328.48202986800305,5.337547807666851,0.18900512067205,7.3415361498518905,9.873346036609811E-5,
8.413300914238903,0.8835567373368463,328.48202986800305,6.983448758007853,1.3074200846486406,6.65314950405218,8.100308711582068E-5,
7.849288268394844,0.7550998697747673,328.48202986800305,5.640126458440591,1.2845686756207897,5.449191946112251,5.39384800455534E-5,
7.542247915345001,0.6125795900643709,328.48202986800305,3.0704035304984245,1.4252027971039638,3.585303461492231,2.3058521722023858E-5,
7.291114395657701,0.44354743168224786,328.48202986800305,2.5113351968730058,1.6903215838212304,1.7345629051567357,5.439990577542981E-6,
7.196443831030024,0.24200312809850288,328.48202986800305,0.9467056462767687,2.0154430358374498,1.2244282738379297,2.6311305246889252E-6,
7.181004387502071,0.1152336568317196,328.48202986800305,0.1543944352795279,1.2676947126678328,0.6164599745420674,6.515351643043855E-7,
7.606103354962215,0.4090846227561826,328.5996553022999,0.13236832892744133,0.481424880848067,0.38024933920382864,2.5053822103670593E-7,
7.601392331858051,0.4487778802699154,328.5996553022999,0.04711023104164269,0.3969325751373276,0.1863511755630043,5.995963436666562E-8,
7.586871768996957,0.5075806161894718,328.5996553022999,0.14520562861093822,0.5880273591955643,0.23557492621478104,9.743012678995669E-8,
7.570535157185191,0.574325331390952,328.5996553022999,0.16336611811766488,0.6674471520148018,0.27326183753586974,1.3104984705104808E-7,
7.5684923845112735,0.6026472360190667,328.5996553022999,0.020427726739171703,0.2832190462811468,0.15285071322523436,4.018890541340097E-8,
7.570992259348031,0.6113839664176055,328.5996553022999,0.024998748367579537,0.08736730398538839,0.0750191978715975,9.753489683212074E-9,
7.582116135672436,0.5964780707962518,328.5996553022999,0.11123876324404591,0.14905895621353693,0.0010412281784510924,2.4872936021228933E-11,
7.595060721059326,0.5788822743775199,328.5996553022999,0.1294458538689014,0.1759579641873188,0.0035155958647692387,7.730745995067572E-11,
7.60528068813187,0.5663017774484445,328.5996553022999,0.10219967072544023,0.1258049692907548,0.006441023148795466,1.371317556446053E-10,
7.607906741226998,0.5643339359598372,328.5996553022999,0.02626053095127645,0.019678414886072915,0.00834295824461151,1.3712707632696975E-10,
7.610667586419254,0.5613420891271801,328.5996553022999,0.027608451922560562,0.029918468326570746,0.0024438796145886954,1.6667507209096267E-11,
7.615875791437475,0.5555372737593132,328.5996553022999,0.05208205018220724,0.05804815367866922,0.006966514269493018,1.1600860316206311E-10,
7.6429107726704615,0.5194879431729191,328.5996553022999,0.27034981232986866,0.36049330586394035,0.0038531012052089864,1.8387569577710565E-10,
7.644807024182796,0.5181563107472584,328.5996553022999,0.018962515123348567,0.013316324256607004,0.007763377602714172,1.1494894618843641E-10,
7.645825625468433,0.5176076011292707,328.5996553022999,0.010186012856365778,0.005487096179876971,0.0039673132857842575,3.015679200431548E-11,
7.646418050648322,0.5177518247374167,328.5996553022999,0.005924251798887781,0.001442236081459214,0.005701856084669998,5.7991988600776525E-11,
7.6544746753259005,0.506859509022803,328.6321353684582,0.01836098550938914,0.018100456726983793,0.003931462710511369,3.268205128965873E-11,
7.689196088776839,0.43998468624306497,328.6321353684582,0.347214134509386,0.66874822779738,0.010335077323020414,5.809169534687496E-10,
8.330005551062868,0.769072343642847,328.6321353684582,6.40809462286029,12.09057029885912,0.5529984168572355,3.5835697991454247E-7,
10.029766135367709,4.11560786784554,328.6321353684582,16.997605843048404,33.46535524202693,1.6056241322752385,2.671639969793757E-7,
12.504699259674794,8.651782038764281,328.6321353684582,24.749331243070856,45.36174170918741,0.3526176804592751,4.137239937627923E-6,
14.808722699289092,13.068894851779163,328.6321353684582,23.040234396142978,44.171128130148816,0.6618991937261853,1.7253411425583065E-7,
16.120427450340117,15.875499703175478,328.6321353684582,13.117047510510247,28.066048513963153,0.7206247958856693,2.7005104858390192E-6,
16.42508694682465,16.714932549709545,328.6321353684582,3.046594964845326,8.394328465340664,1.4566858042212516,6.258647880933055E-6,
16.221312251011227,16.42406545061678,328.6321353684582,2.037746958134221,2.9086709909276465,1.244230996268243,3.6812658030219953E-6,
16.14296202244202,16.32219719714496,328.6321353684582,0.7835022856920659,1.0186825347182094,0.28727567892133266,2.3602881162797258E-7,
16.266258862886616,16.490524734647323,328.6321353684582,1.2329684044459555,1.6832753750236407,0.6330417435850677,1.0088345782439998E-6,
16.438523252582627,16.765841293604353,328.6321353684582,1.7226438969601077,2.753165589570301,0.5979483864501844,1.1071414673118938E-6,
16.65747350422862,17.150699888078947,328.6321353684582,2.1895025164599247,3.8485859447459347,0.401365329163923,7.901991684730962E-7,
16.77853853850752,17.3900057330666,328.6321353684582,1.2106503427889947,2.3930584498765484,0.42413935153945204,6.117789595835619E-7,
16.80370966267958,17.42874577324011,328.6321353684582,0.25171124172061354,0.3874004017350785,0.5020366095186546,4.834253864973993E-7,
16.816089746583998,17.4291127548247,328.6321353684582,0.12380083904417916,0.003669815845910307,0.3772411993196556,2.483340529532756E-7,
16.82753573957075,17.417564007103948,328.6321353684582,0.11445992986750753,0.11548747720752317,0.4015245704977133,2.883483672427471E-7,
16.838212070787904,17.4171866852366,328.6321353684582,0.10676331217155166,0.003773218673472911,0.35183683379443664,2.154759209726316E-7,
16.847407620046397,17.444233880375492,328.6321353684582,0.09195549258492974,0.2704719513889131,0.16741196817861237,5.849864374033449E-8,
16.850630604262165,17.470855255165134,328.6321353684582,0.0322298421576761,0.2662137478964155,0.10346859075127668,2.390806787931953E-8,
16.854500968644288,17.489711914303854,328.6321353684582,0.038703643821236255,0.18856659138720033,0.08726581898486074,1.657560495837528E-8,
16.865943193308453,17.519229908962103,328.6321353684582,0.11442224664165224,0.29517994658249336,0.08995424783222461,2.089656564484068E-8,
16.869896159194013,17.535426557646332,328.6321353684582,0.03952965885559934,0.16196648684228876,0.07974749450170293,1.3748469103659117E-8,
16.871473100370963,17.54605157658429,328.6321353684582,0.01576941176949731,0.10625018937957975,0.10131430986461964,1.9554323799181338E-8,
5.03912833582433,2.3013011022467253,328.5781162178071,0.004072591061685671,0.1299101977576811,0.13565327036872077,3.175312730202625E-8,
5.051455849880313,2.272389373139305,328.5781162178071,0.12327514055982647,0.2891172910742057,0.15869633276565764,4.491083450156955E-8,
5.597080667660634,1.3009810860676225,328.5781162178071,5.456248177803218,9.714082870716823,0.6683260884949505,6.365139753372075E-7,
7.6764828464009724,1.697587581349012,328.5781162178071,20.79402178740338,29.985686674166345,0.10498195726313497,2.7541272788315726E-6,
11.01155067443824,6.558116563409357,328.5781162178071,33.35067828037268,48.605289820603446,0.09769259119138951,1.586998894860002E-5,
14.82317225126826,12.172042737121217,328.5781162178071,38.11621576830021,56.1392617371186,0.002349768825524734,1.6863356282017863E-5,
18.080326732242042,17.129533313674813,328.5781162178071,32.571544809737816,49.57490576553596,0.2641597402430307,8.505964857971657E-7,
19.791820145977567,19.92616970024943,328.5781162178071,17.11493413735525,27.96636386574619,0.40736119524694914,3.8146557697944217E-6,
20.231439443996578,20.671045746150867,328.5781162178071,4.396192980190108,7.448760459014352,0.6131268806575463,2.5965593370003312E-6,
20.10380512004042,20.324957031986116,328.5781162178071,1.2763432395615837,3.460887141647504,0.4657849918851298,9.161541633108139E-7,
20.034650243310807,20.123833763194938,328.5781162178071,0.6915487672961262,2.011232687911786,0.39518408883338907,5.15915173959528E-7,
20.172715465829924,20.334195941951634,328.5781162178071,1.3806522251911701,2.103621787566965,0.342862402428068,5.0571818187336E-7,
20.243778300932945,20.455090869418598,328.5781162178071,0.7106283510302092,1.208949274669635,0.3088063367488303,3.033844718027386E-7,
20.34534222118816,20.675845972318456,328.5781162178071,1.0156392025521654,2.20755102899858,0.04429547727283989,9.43718502639868E-8,
20.41183276812626,20.841222356914443,328.5781162178071,0.664905469380983,1.6537638459598725,0.08126373287780098,8.316762857879825E-8,
20.413326024912863,20.821018834363343,328.5781162178071,0.014932567866026147,0.20203522551099695,0.33282890191230763,2.0150912489230933E-7,
20.41257321336252,20.80702526379821,328.5781162178071,0.007528115503419031,0.1399357056513395,0.16899736640311858,5.33011077938952E-8,
20.401423474421904,20.764570511310893,328.5781162178071,0.11149738940616771,0.4245475248731623,0.2408711724939394,1.2627748932827565E-7,
20.391626783565812,20.73198040732416,328.5781162178071,0.09796690856092027,0.32590103986734675,0.23037120489732388,1.1067468920565204E-7,
20.38474976007899,20.71753668276253,328.5781162178071,0.06877023486822509,0.14443724561630233,0.1390331930690536,3.892400909701974E-8,
20.381579095540815,20.725132486457596,328.5781162178071,0.03170664538174606,0.07595803695068071,0.10013336364977476,1.9146724140532117E-8,
20.37885499236029,20.732602784888655,328.5781162178071,0.027241031805260718,0.07470298431059064,0.08073224505665166,1.2721354889643119E-8,
20.37806734710273,20.738915261939695,328.5781162178071,0.007876452575601434,0.06312477051039878,0.08159955968153554,1.2413538780348443E-8,
20.378002245885682,20.744296433765584,328.5781162178071,6.510121704650373E-4,0.053811718258884866,0.08344747668786567,1.2649575563077838E-8,
20.3774500459989,20.751042599799547,328.5781162178071,0.005521998867834554,0.06746166033963163,0.09044122989109837,1.513693967122127E-8,
2.6521004531063,3.1130979660040055,328.4887286458552,0.014166697033033415,0.06714627220702596,0.0856122295311934,1.2696500127879873E-8,
2.6562143367196995,3.100492859117054,328.4887286458552,0.04113883613399594,0.1260510688695149,0.09477736294968508,1.5781158992202878E-8,
2.994131293252053,2.474613799197016,328.4887286458552,3.3791695653235365,6.258790599200381,0.21626572261993715,8.03933413835213E-8,
4.453896152917764,0.11530723539911492,328.4887286458552,14.597648596657109,25.899210345961308,0.5843753145046549,5.204847950713535E-7,
7.352647766819359,4.604520829089125,328.4887286458552,28.987516139015952,44.892135936900104,0.9753959413041002,7.316513644597117E-6,
11.875380370639846,11.364916507620194,328.4887286458552,45.227326038204865,67.60395678531069,1.2871129497511902,3.75499026606665E-5,
16.712555390663738,18.973178635238824,328.4887286458552,48.37175020023892,76.0826212761863,0.607472783426033,3.8809745900127465E-5,
20.119527799273214,24.895942212366222,328.4887286458552,34.069724086094766,59.22763577127398,1.1197334475349408,5.788174924156548E-7,
21.993059787262382,28.61214620483966,328.4887286458552,18.735319879891676,37.16203992473439,0.44596629115289943,8.981149216014276E-6,
22.632564769744135,30.14049877013683,328.4887286458552,6.395049824817534,15.28352565297169,0.5098461974063184,6.31603009217145E-6,
22.497964926376426,29.986108431836726,328.4887286458552,1.3459984336770958,1.5439033830010374,0.8821971107562376,2.05588582188904E-6,
22.490301224743916,29.913678395466647,328.4887286458552,0.07663701632509401,0.7243003637007916,0.16017968576534258,8.834720327021164E-8,
22.522158290473385,29.92371424552725,328.4887286458552,0.3185706572946856,0.1003585006060348,0.02589309404697815,5.336742766439005E-9,
22.58143909653029,30.032969728723103,328.4887286458552,0.5928080605690411,1.0925548319585232,0.005853907736650399,3.4503919493027286E-8,
22.72428545821697,30.361371442215543,328.4887286458552,1.428463616866793,3.2840171349243974,0.168557529787563,5.064219842122151E-7,
22.811837691297114,30.60433510379005,328.4887286458552,0.8755223308014592,2.4296366157450677,0.3203552129821219,5.942240137603742E-7,
22.817148466568597,30.60600943300217,328.4887286458552,0.05310775271482271,0.01674329212121961,0.0030542655292720156,1.141248208780973E-10,
22.819278228330973,30.603512549546153,328.4887286458552,0.021297617623758924,0.02496883456018395,0.0010259116402266955,3.8659984741315926E-11,
22.82077868578142,30.600821709738867,328.4887286458552,0.015004574504473567,0.026908398072862383,0.006395912663492709,1.6385926100727738E-10,
22.821200921738864,30.596742493740237,328.4887286458552,0.004222359574441725,0.04079215998629593,0.0030970513410011336,8.560972325097023E-11,
22.82147774219959,30.59354886749334,328.4887286458552,0.002768204607264124,0.03193626246897452,0.003239692304646269,6.798175137404588E-11,
22.822326184259964,30.589847257179784,328.4887286458552,0.008484420603735998,0.03701610313555648,0.002126217806335262,6.289554998841956E-11,
22.822593479429656,30.587594815465593,328.4887286458552,0.0026729516969226097,0.022524417141909225,5.358884601491809E-4,1.316179026815114E-11,
22.823130132581696,30.585538305996778,328.4887286458552,0.0053665315203943464,0.02056509468815193,4.1048269963539497E-4,1.2058257765560974E-11,
22.823208413248267,30.58366605276916,328.4887286458552,7.828066657111776E-4,0.018722532276171933,6.326309289761411E-4,9.78253753620931E-12,
22.82302945332185,30.581490028577676,328.4887286458552,0.0017895992641570047,0.02176024191484771,9.46812102711192E-4,1.5887175156401055E-11,
22.822634804633253,30.57786973152919,328.4887286458552,0.003946486885979539,0.036202970484850994,0.0011509360865602503,3.807319524329003E-11,
22.785084796170395,30.49831723205429,328.4887286458552,0.37550008462858386,0.7955249947490017,0.04051656551723681,3.2173853938358925E-8,
22.71829383287104,30.355059457973553,328.4887286458552,0.6679096329935419,1.4325777408073748,0.05367892481388026,8.669084942325719E-8,
22.72058175375014,30.358520820443786,328.4887286458552,0.022879208790982375,0.03461362470233098,0.004954893415742845,1.570721069817432E-10,
22.73818810664727,30.393755259966042,328.4887286458552,0.17606352897132638,0.3523443952225591,0.022188150647366456,7.387738668639105E-9,
0.6925550030630347,2.673396930861017,328.35994213973146,0.6225471507036673,1.2947927221162558,0.06713384176350701,9.803217405450637E-9,
0.7086821152889797,2.639397963599208,328.35994213973146,0.16127112225944984,0.33998967261808843,0.034127416067804006,2.3314389207795488E-9,
1.2014927434398714,1.678871937196547,328.35994213973146,4.928106281508917,9.605260264026612,0.3964849027988748,1.3961614493772026E-7,
2.943526645831753,1.6069256368821954,328.35994213973146,17.420339023918814,32.857975740787424,0.8849945977726748,1.3844846801867184E-6,
5.8123738850054,7.336018230740677,328.35994213973146,28.688472391736468,57.29092593858482,1.7096642936087392,1.2619380420039998E-5,
8.840928866237164,13.113204454091033,328.35994213973146,30.28554981231764,57.771862233503555,2.329480513950557,1.7996917312528106E-6,
10.68382824623177,17.127414918912066,328.35994213973146,18.428993799946056,40.142104648210335,1.533934417642513,2.6847974663045948E-6,
11.394423992611678,18.880954185694264,328.35994213973146,7.105957463799086,17.53539266782198,0.2952499645050466,1.7204996660646842E-6,
11.327769580764198,18.92848887256355,328.35994213973146,0.6665441184748033,0.4753468686928386,0.9454098178616732,1.6812773340869581E-6,
11.29626574686074,18.826991171798326,328.35994213973146,0.31503833903457235,1.0149770076522202,0.06578067152076983,2.994134377044456E-8,
11.300781194635306,18.801988161988504,328.35994213973146,0.04515447774565473,0.25003009809822174,0.029170350270533163,3.411554677568381E-9,
11.302238544050965,18.77016987324808,328.35994213973146,0.01457349415659337,0.31818288740424805,0.1345213672607315,3.959512184977121E-8,
11.301717386558039,18.75960688820301,328.35994213973146,0.005211574929262497,0.10562985045069695,0.013470985628600829,6.532518251473231E-10,
11.300207808037953,18.757079552784447,328.35994213973146,0.015095785200855971,0.025273354185628705,0.02089768858240859,8.824562696996471E-10,
11.302774282374799,18.76138874660529,328.35994213973146,0.025664743368452037,0.043091938208448255,0.01120797809448959,3.574739533566024E-10,
11.306789499520164,18.772867748685087,328.35994213973146,0.04015217145365568,0.11479002079795464,0.023162841964676772,1.6319462052054897E-9,
11.308170512487663,18.776545996933194,328.35994213973146,0.013810129674993732,0.03678248248107252,0.021120380707202457,9.482833547469968E-10,
11.308953807039188,18.77710053977671,328.35994213973146,0.007832945515247047,0.005545428435169697,0.013205896015620056,3.212304148046607E-10,
11.309418556862852,18.777610615471787,328.35994213973146,0.004647498236636238,0.0051007569507532935,0.016241239362670967,4.705371759962531E-10,
11.309313237878087,18.777283688696812,328.35994213973146,0.0010531898476529022,0.003269267749743676,0.016257378268846878,4.5864133979061614E-10,
11.309675881380258,18.776879595499693,328.35994213973146,0.003626435021715224,0.004040931971189821,0.007037495727217902,9.229889074175702E-11,
11.310383955467842,18.776657952023825,328.35994213973146,0.007080740875835545,0.0022164347586794975,0.004173686493800233,3.4867413063663495E-11,
11.3107578063549,18.776798969287967,328.35994213973146,0.003738508870583246,0.0014101726414139648,0.007276702046397077,9.462689317146247E-11,
0.7097398961637964,1.696475424941255,328.27657318544146,0.0032724297750519327,0.0013981108764937744,0.008374173338552282,1.19929357616739E-10,
0.7017897714448509,1.6737093952591096,328.27657318544146,0.07950124718945517,0.22766029682145472,0.01522345272462644,4.621042535802757E-10,
0.39832298793203336,0.8343685074498239,328.27657318544146,3.0346678351281753,8.393408878092856,0.329913798524899,9.307199188261825E-8,
0.8555739668064462,2.00965751046121,328.27657318544146,12.538969547384795,28.44026017911034,0.29253122649436136,1.5967327910567173E-6,
3.2484112014486755,7.210394684590142,328.27657318544146,23.928372346422293,52.00737174128932,1.694860218066765,6.1809364879196375E-6,
6.2141030564724815,13.74826117787606,328.27657318544146,29.65691855023806,65.37866493285918,1.2250017851590655,1.823815583328884E-5,
8.388238442062402,18.704579417440755,328.27657318544146,21.741353855899206,49.56318239564695,0.47533448343642704,6.19528876305087E-7,
9.311881529880338,21.251038015087673,328.27657318544146,9.236430878179362,25.46458597646918,0.04406914094033709,1.1910529683044692E-6,
9.457832166419735,21.78135004636576,328.27657318544146,1.4595063653939633,5.303120312780862,1.0121270373667812,3.1511861948528407E-6,
9.318655048368214,21.520135798922638,328.27657318544146,1.3917711805152067,2.6121424744312094,1.0025242626466024,2.4495969271141366E-6,
9.338209195714057,21.518783612301746,328.27657318544146,0.19554147345843376,0.01352186620891871,0.30558491000306276,1.6452019244260942E-7,
9.373594220082964,21.605646730337867,328.27657318544146,0.3538502436890667,0.8686311803612057,0.5485142620409533,6.395248999625623E-7,
9.412562670128523,21.753637979414407,328.27657318544146,0.3896845004555871,1.4799124907654004,0.01799228660843255,2.5824993856458183E-8,
9.471379231993069,22.002263552767516,328.27657318544146,0.588165618645462,2.4862557335310953,0.2543369861962219,3.0998294889048455E-7,
9.533893666537779,22.25337764920951,328.27657318544146,0.6251443454470973,2.511140964419951,0.22250212756659948,2.7156902645925936E-7,
9.545685801026707,22.281151644744853,328.27657318544146,0.11792134488928241,0.277739955353411,0.017550617569099813,2.6570222976027316E-9,
9.549740718548946,22.286641043326412,328.27657318544146,0.040549175222395206,0.054893985815596125,0.00334671068571879,1.1464471339929571E-10,
9.552364915010799,22.291282430785145,328.27657318544146,0.026241964618520797,0.04641387458732993,0.007087800099725428,2.039688288692493E-10,
9.554709707370762,22.29605597900529,328.27657318544146,0.023447923599633214,0.04773548220143198,0.005232142304976151,1.4123472504922817E-10,
9.556795606232754,22.301171815088367,328.27657318544146,0.020858988619920638,0.05115836083078307,0.00924839332128613,2.994359317609533E-10,
