6.276496917914983,3.4285569356636216,329.1170186836613,229.40138812283408,371.0833018830458,1590.682945717551,1.0,
6.2690331947057985,3.425476287160919,329.1170186836613,0.07463723209184536,0.03080648502702843,0.016040221044022474,2.62233427723582E-8,
6.186602561663449,3.4325031080385457,329.1170186836613,0.8243063304234965,0.0702682087762696,1.1972229917637378,1.2293734405243237E-4,
5.086199876725004,3.4712415480434515,329.1170186836613,11.004026849384445,0.38738440004905783,14.681598298114977,0.01957714530720234,
4.570509567374756,4.740784775533285,329.1170186836613,5.156903093502478,12.695432274898337,27.481982149113264,0.07444234148091111,
2.081399455018868,7.807895611792517,329.1170186836613,24.891101123558883,30.67110836259232,25.13912750512418,0.053313387168878214,
1.6481234942360743,13.806790093478995,329.1170186836613,37.295229492549424,59.98894481686477,16.053673761464324,0.010656220707912233,
6.829101733473294,22.515509732864714,329.1170186836613,51.8097823923722,87.0871963938572,8.417650064658346,5.42515248596525E-6,
12.54350835191974,32.303273730039834,329.1170186836613,57.144066184464464,97.8776399717512,2.2197953476404564,0.0023563990658585316,
18.353696882464533,41.968236051545986,329.1170186836613,58.10188530544792,96.64962321506152,2.52812421221563,1.209649495573772E-4,
24.176428994829394,51.3513743437358,329.1170186836613,58.22732112364861,93.83138292189813,4.626871487649282,0.00203670203358553,
29.857293688283107,60.79578601380034,329.1170186836613,56.80864693453714,94.4441167006454,7.469765876448946,0.011283522137229912,
35.31739117055281,69.49112007791423,329.1170186836613,54.600974822697026,86.95334064113894,9.047626819601646,0.02551269401718986,
39.59357456151838,76.18151029242652,329.1170186836613,42.76183390965571,66.90390214512291,8.217261734337171,0.031793425177152744,
42.36202982600514,80.34300338690117,329.1170186836613,27.68455264486761,41.614930944746504,5.577051352225908,0.019646784290857956,
43.22754701278791,81.67436254191908,329.1170186836613,8.655171867827676,13.31359155017907,1.6480635202435678,0.0024370116026171318,
43.02924213003223,81.38047333686852,329.1170186836613,1.983048827556786,2.938892050505615,0.4855542687585057,1.5255893012481355E-4,
47.73438246110857,84.05311133713512,329.1170186836613,47.05140331076336,26.72638000266602,11.25650914365849,0.03460822490661842,
75.33046264616303,85.6884928802901,329.1170186836613,275.9608018505446,16.353815431549776,72.7201306444988,0.019431793739124643,
107.96878616053095,91.02445849128016,329.1170186836613,326.38323514367926,53.359656109900584,119.10074981392142,0.26911034902750414,
101.20150838760867,96.56028145228488,329.1170186836613,67.67277772922284,55.35822961004726,137.03596041350067,1.0,
53.062604883334416,88.72187929007559,329.1170186836613,481.38903504274253,78.38402162209292,85.73167720906866,1.0,
17.862549610316705,51.91941930467188,329.1170186836613,709.2515449365112,368.02459985403715,18.228130399915017,1.0,
67.29815516469739,24.34088216648813,329.1170186836613,494.35605554380686,275.7853713818375,24.962727446642532,1.0,
104.74060382527489,4.210769185823949,329.1170186836613,374.424486605775,201.3011298066418,23.8337720967354,1.0,
123.11414681654537,3.0147693024727857,329.1170186836613,183.73542991270483,72.25538488296735,9.888143990443723,0.029977043472701418,
119.7398474137591,0.3404621441989377,329.1170186836613,33.74299402786278,33.552314466717235,0.32802451485878237,0.005915012835054382,
142.8774721021889,63.17351346959555,329.3951479536222,289.50248054953136,145.1864460565598,123.31796057420178,1.0,
112.13175464338474,48.84904324590573,329.3951479536222,307.45717458804165,143.24470223689815,174.57144532212737,1.0,
84.25419446633566,34.36964853322107,329.3951479536222,278.77560177049077,144.79394712684666,198.98779920279821,1.0,
62.51191755522541,20.640737739296156,329.3951479536222,217.42276911110253,137.2891079392491,195.4554313035169,1.0,
39.120884340147654,9.107528274171045,329.3951479536222,233.91033215077755,115.33209465125111,166.9490343411337,0.38471147584755166,
15.090002466230658,1.3489247183207738,329.3951479536222,240.30881873916996,104.56452992491819,55.023680604821266,0.1049928108416407,
3.5615326860448704,6.16645691779911,329.3951479536222,186.51535152275528,48.17532199478336,430.76389158590246,1.0,
9.332596994019013,0.8078928736886724,329.3951479536222,128.94129680063884,69.74349791487782,854.4015672484054,1.0,
14.430981538771675,19.014066864369852,329.3951479536222,50.98384544752662,182.0617399068118,830.0391299645315,1.0,
17.348362273340285,20.24549848666996,329.3951479536222,29.1738073456861,12.314316223001072,302.3799301977846,1.0,
26.620807123123996,2.8475379069707287,329.3951479536222,92.7244484978371,173.9796057969923,411.4406366040697,1.0,
32.51098157233298,6.353382468083282,329.3951479536222,58.90174449208985,92.00920375054011,455.3967630110938,1.0,
34.87412328048822,9.616314243190288,329.3951479536222,23.6314170815524,32.62931775107006,322.6671977951298,1.0,
34.99654645927353,10.16463589719649,329.3951479536222,1.224231787853114,5.483216540062017,161.63268260436183,1.0,
34.49344798617574,9.898441278591775,329.3951479536222,5.030984730977934,2.661946186047146,121.35186745520684,1.0,
33.25687356537094,9.606729509145168,329.3951479536222,12.365744208048,2.9171176944660715,93.47257235278619,1.0,
31.77074161538326,9.30731817190943,329.3951479536222,14.8613194998768,2.99411337235739,70.24668500944671,0.6775774885161931,
30.004871369641478,8.675129022910767,329.3951479536222,17.658702457417803,6.321891489986626,52.80862449295512,0.34236050527138007,
26.930010274377196,8.516780854723578,329.3951479536222,30.74861095264282,1.5834816818718878,35.15485813624707,0.13655613970974373,
21.45111014462543,8.205020702364777,329.3951479536222,54.78900129751764,3.1176015235880072,4.863341711405269,0.0012961196574867706,
25.08450091359589,0.3401478675584997,329.3951479536222,36.333907689704574,85.45168569923277,133.90037207752243,1.0,
44.991331821758195,9.378025698815009,329.3951479536222,199.06830908162306,90.37877831256509,407.8375369677144,1.0,
45.08803299498413,25.320461231069174,329.3951479536222,0.9670117322593796,159.42435532254166,660.5731775308669,1.0,
16.856738618130635,34.79924483110801,329.3951479536222,282.312943768535,94.78783600038838,886.1302164519443,1.0,
15.693874853070497,13.40958958452967,329.3951479536222,11.628637650601377,213.89655246578343,12.919466912750579,0.127632707630769,
24.77729330395266,1.5804335248838584,329.3951479536222,90.83418450882164,118.29156059645811,338.6732049756168,1.0,
37.42046806602252,9.081565465510806,329.3951479536222,126.43174762069862,106.61998990394665,559.6864386064444,1.0,
44.62694798110658,13.494833814916944,329.3951479536222,72.0647991508406,44.13268349406138,440.3959773490533,1.0,
46.58273807296234,14.423910776445325,329.3951479536222,19.557900918557607,9.290769615283807,210.1587601180762,1.0,
46.731630163886734,14.254558406012961,329.3951479536222,1.488920909243916,1.6935237043236384,161.37762906617695,1.0,
45.092187205042364,13.175350050028669,329.3951479536222,16.3944295884437,10.792083559842922,124.50002298344913,1.0,
42.526296380161625,11.655203065134543,329.3951479536222,25.658908248807393,15.201469848941258,96.00083152172999,1.0,
39.42950643508084,10.330825782054887,329.3951479536222,30.967899450807863,13.243772830796559,73.51174780999571,0.7902065051045493,
36.138660393565374,9.484202817371823,329.3951479536222,32.90846041515465,8.46622964683064,58.59287879896158,0.45187347857367943,
32.80098836108414,9.054234542058595,329.3951479536222,33.37672032481237,4.299682753132288,45.22360477973734,0.24545586582078685,
28.456482385034178,7.680857348163471,329.3951479536222,43.44505976049959,13.733771938951236,9.028814944499572,0.008637485170876778,
29.0703492074407,1.4075627951189063,329.3951479536222,6.1386682240652135,90.88420143282377,129.82104582120996,1.0,
38.09821742251029,9.427801637651754,329.3951479536222,90.27868215069589,80.20238842532848,298.11402139059396,1.0,
40.16801963267585,20.010738390841993,329.3951479536222,20.698022101655624,105.82936753190239,438.8915104211057,1.0,
23.446469326647957,29.94139953230072,329.3951479536222,167.21550306027893,99.30661141458728,488.04132382877754,1.0,
11.801303400412166,29.36248903126591,329.3951479536222,352.47772727060124,5.789105010348123,577.6350686977537,1.0,
6.10707414254432,10.961400065520621,329.3951479536222,56.94229257867846,184.01088965745288,3.75445655474266,0.1179693604536548,
9.565452444977609,0.7056072827683408,329.3951479536222,156.7252658752193,116.67007348288962,293.7094215725949,1.0,
26.588941386981787,9.629844668902592,329.3951479536222,170.23488942004178,89.24237386134251,509.13968509882295,1.0,
36.130083454766236,12.946235139455496,329.3951479536222,95.41142067784449,33.163904705529035,399.2489761407549,1.0,
38.91177181452463,13.433632746826362,329.3951479536222,27.81688359758391,4.873976073708661,195.41713089501172,1.0,
40.026066831577054,13.038609308082926,329.3951479536222,11.142950170524273,3.9502343874343637,153.7140224928376,1.0,
39.57579592140394,12.062176378878263,329.3951479536222,4.5027091017311704,9.764329292046625,116.38534300357946,1.0,
38.098566471976824,11.047316194197691,329.3951479536222,14.772294494271137,10.148601846805718,90.21201587369575,1.0,
35.83237639272738,10.44130381327767,329.3951479536222,22.661900792494407,6.060123809200206,70.32783435501699,0.6943987423450818,
33.39976765716062,10.016252934321926,329.3951479536222,24.326087355667596,4.250508789557443,54.29827037600489,0.3714315149245178,
30.975327351742862,9.569566602103066,329.3951479536222,24.24440305417761,4.466863322188601,40.71801101474534,0.19203646078039266,
28.805487184931053,9.119944109701038,329.3951479536222,21.698401668118095,4.496224924020282,31.39745484555533,0.1080165341017028,
28.612958514907632,9.042508056025042,329.3951479536222,1.92528670023421,0.7743605367599571,8.406607408447826,0.006347889179214718,
28.83145997747897,9.100656164413294,329.3951479536222,2.185014625713393,0.5814810838825224,8.000953885355102,0.0057725403830551645,
28.814653271368456,9.059639518952366,329.3951479536222,0.16806706110514824,0.410166454609282,4.5411146739144215,0.001749046478850486,
28.037402120687602,8.520071471554985,329.3951479536222,7.7725115068085415,5.395680473973812,20.25241173418806,0.040853633554727216,
27.701622798740118,8.560599940159022,329.3951479536222,3.3577932194748428,0.4052846860403747,16.49107643453135,0.02550501831414812,
26.162696147986026,8.433409821009747,329.3951479536222,15.389266507540924,1.2719011914927592,3.5445635762823713,0.0016629773848302284,
30.05464942096421,5.489624351695511,329.3951479536222,38.91953272978185,139.23034172705258,120.87649236699235,1.0,
22.609419291028644,20.37676454226562,329.3951479536222,74.45230129935567,148.87140190570108,469.0198760280694,1.0,
2.3626140281478456,23.845599153598442,329.3951479536222,202.46805262880798,34.68834611332824,343.7537432179056,1.0,
4.409254587405826,11.748123185191218,329.3951479536222,67.71868615553672,120.97475968407224,25.891207756795893,7.044248404087025E-5,
3.6885175821433904,0.35045791834770057,329.3951479536222,80.97772169549216,113.97665266843518,175.81140028475886,1.0,
63.30273812622181,3.2625909248688174,329.3951479536222,596.1422054407842,29.12133006521117,276.0064230226976,1.0,
98.79749819470067,24.004762903858676,329.3951479536222,354.94760068478854,207.4217197898986,265.99182323221896,1.0,
85.45499051336287,31.977776476619823,329.3951479536222,133.42507681337793,79.73013572761147,133.21880551716248,1.0,
26.851021642334445,25.881407767558272,329.3951479536222,586.0396887102843,60.96368709061551,8.34728825179468,1.0,
39.10518409827921,2.23579358142743,329.43801300241665,659.9450731458103,274.4389146003243,28.062111218807217,1.0,
17.62576597222096,17.400220034742034,329.43801300241665,214.7941812605825,151.64426453314604,47.94077879606789,0.09850310936958603,
47.905737156179725,2.769014242633915,329.43801300241665,655.3150312840069,146.3120579210812,37.00503377514366,1.0,
101.94349485850819,29.08572858579643,329.43801300241665,540.3775770232846,318.54742828430346,27.35192892547417,1.0,
125.67056269179272,52.10387265367709,329.43801300241665,237.27067833284536,230.18144067880655,78.11792281250462,0.06961761315075314,
107.32086598433318,51.93296401879826,329.43801300241665,183.49696707459543,1.7090863487882757,95.86107760447305,1.0,
44.47967907292821,29.213379604086867,329.43801300241665,628.4118691140498,227.19584414711392,112.07660240037711,1.0,
18.573901323707105,6.448941653183908,329.43801300241665,630.5358039663531,227.6443795090296,244.1410889265157,1.0,
65.60602471026448,18.464422204154573,329.43801300241665,470.32123386557373,249.13363857338481,165.520597305283,1.0,
95.47754028067607,37.652399922147936,329.43801300241665,298.7151557041159,191.87977717993363,24.272525999241452,1.0,
93.59152199725509,46.06359481233372,329.43801300241665,18.86018283420981,84.11194890185783,114.55339915040668,1.0,
61.03788356095254,39.44334185311246,329.43801300241665,325.5363843630255,66.20252959221261,164.37930843630056,1.0,
17.712939597170816,20.042387775209136,329.43801300241665,433.2494396378172,194.00954077903322,106.76332697308595,1.0,
32.616598784783605,1.8286607404802453,329.43801300241665,503.2953838195442,218.7104851568938,19.569027784585558,1.0,
87.14137676147652,26.11227549283737,329.43801300241665,545.2477797669292,242.83614752357124,54.74146844921677,1.0,
134.65409055016323,52.35035912238217,329.43801300241665,475.1271378868671,262.38083629544803,72.30111248492506,1.0,
165.17394491755238,67.94028432744177,329.43801300241665,305.19854367389144,155.899252050596,41.498918932322795,0.1487933634603806,
173.6233903605156,73.48922869644514,329.43801300241665,84.49445442963224,55.48944369003365,58.56910721410031,0.9709753182797605,
152.44854489637794,66.04062217110997,329.43801300241665,211.7484546413766,74.48606525335165,110.53959215485747,1.0,
118.08329895636064,49.08069534069679,329.43801300241665,343.65245940017303,169.5992683041318,40.612605123497474,1.0,
85.4302989208112,30.303906608169797,329.43801300241665,326.5300003554944,187.76788732526995,21.296928911217776,1.0,
51.195572499645436,12.278445717548948,329.43801300241665,342.3472642116576,180.2546089062085,51.41850773406844,1.0,
13.514969761568523,2.5960712248869413,329.43801300241665,376.80602738076914,148.7451694243589,57.091446162649504,1.0,
31.57273276865817,15.000526723774044,329.43801300241665,450.87702530226693,124.04455498887103,49.421972091512316,1.0,
77.32703113893263,30.550827508560275,329.43801300241665,457.54298370274455,155.5030078478623,16.16106911023735,1.0,
117.23848964901424,45.85220892445133,329.43801300241665,399.11458510081616,153.01381415891058,92.07006747340245,1.0,
136.94953463177058,57.673751072933044,329.43801300241665,197.11044982756334,118.21542148481711,180.38196333680418,1.0,
133.18805705701993,59.8904227802789,329.43801300241665,37.61477574750643,22.16671707345853,203.34029501865047,1.0,
102.5222912315487,51.270792629238514,329.43801300241665,306.65765825471226,86.19630151040383,131.6464737300558,0.4277426909127058,
58.25939343730158,32.90153473171728,329.43801300241665,442.62897794247124,183.69257897521237,3.90862888602328,1.0,
11.175733110839928,14.86072758671719,329.43801300241665,470.83660326461654,180.40807145000088,89.89253370719211,1.0,
40.232007599845815,4.248341564246942,329.43801300241665,514.0774071068574,191.09069150964132,148.8725429531405,1.0,
88.34363072105191,23.177228852842575,329.43801300241665,481.11623121206094,189.28887288595632,176.31802687689486,1.0,
128.92413537408777,40.49588462931749,329.43801300241665,405.8050465303586,173.18655776474912,160.57140338639925,1.0,
161.3689504048084,55.52890687120478,329.43801300241665,324.44815030720633,150.33022241887295,100.06884307855415,1.0,
183.17459060557462,63.367183694800104,329.43801300241665,218.0564020076622,78.38276823595322,14.660099802872537,0.3801998307703784,
186.73556606968782,65.87326612539431,329.43801300241665,35.609754641131985,25.06082430594205,50.63494104574488,0.36765244172449724,
160.80911508610575,58.881132659989476,329.43801300241665,259.2645098358207,69.92133465404834,58.859192426946265,0.7493278021797865,
125.62501085604549,44.01728617062727,329.43801300241665,351.84104230060257,148.63846489362203,36.3714371579988,1.0,
99.09800733081613,29.309749682358074,329.43801300241665,265.2700352522936,147.07536488269199,93.78501450912495,0.10595480035285372,
81.74483102631064,16.882350569767766,329.43801300241665,173.53176304505496,124.27399112590308,102.70208574256401,0.6665571159292377,
67.05645451375779,4.416801343779696,329.43801300241665,146.8837651255285,124.6554922598807,108.39707018688443,0.6738849784730927,
45.50835947572841,4.206056756027493,329.43801300241665,215.48095038029373,86.22858099807189,59.77948766123859,9.897049078459435E-4,
4.794872251477386,13.572653738534683,329.43801300241665,407.13487224251026,93.6659698250719,111.75124657370247,1.0,
39.73164125912524,25.783389363552146,329.43801300241665,445.26513510602626,122.10735625017463,400.4763954544248,1.0,
66.24011783786466,29.198824982181378,329.43801300241665,265.0847657873942,34.15435618629232,611.6507533275555,1.0,
74.61591310385552,20.74561571584897,329.43801300241665,83.7579526599086,84.53209266332408,512.3253151930815,1.0,
33.80163080227737,12.102484221806748,329.43801300241665,408.14282301578146,86.43131494042223,138.3125875813073,1.0,
7.378862291953169,14.604422031831689,329.43801300241665,264.22768510324204,25.019378100249412,328.41454069992636,1.0,
12.014556074041934,15.972503419324255,329.43801300241665,193.93418365995103,13.680813874925661,489.7031382808373,1.0,
17.747116130592303,13.801099083776194,329.43801300241665,57.32560056550369,21.714043355480612,251.51904116209096,1.0,
20.030931354439076,11.498223002479051,329.43801300241665,22.83815223846773,23.028760812971427,175.7983280427561,1.0,
20.34381107745355,9.886164326279925,329.43801300241665,3.1287972301447553,16.120586761991262,128.9487526788875,1.0,
19.38203780296942,8.59636157394931,329.43801300241665,9.617732744841305,12.898027523306155,93.69226882884163,1.0,
18.30545227954258,7.706102293311858,329.43801300241665,10.765855234268429,8.902592806374514,68.56975762135562,0.6301359149333966,
17.37581439221117,7.31300550655925,329.43801300241665,9.296378873314097,3.9309678675260784,45.38219188360415,0.23360957570336544,
17.36538849876706,7.304303763062194,329.43801300241665,0.10425893444107714,0.08701743497056214,5.186093912017213,0.0022936751805493053,
16.983125239005858,7.080530868646292,329.43801300241665,3.822632597612028,2.2377289441590165,27.653900423003392,0.07643719436800858,
16.11214521717318,6.7271007276003445,329.43801300241665,8.70980021832679,3.534301410459477,14.592960009700846,0.020284790626909986,
15.614831276237965,6.427911644751504,329.43801300241665,4.973139409352143,2.9918908284884083,3.300503197715443,0.001059895449346446,
14.700951617851274,5.92530964533762,329.43801300241665,9.138796583866906,5.026019994138835,18.90924099076642,0.03453584662447299,
14.021064980004553,5.865581073346391,329.43801300241665,6.79886637846721,0.5972857199122927,31.604169576039,0.10263979426969386,
12.964694597777793,5.391906734022342,329.43801300241665,10.563703822267598,4.736743393240488,39.47256562415021,0.1692123987175997,
11.774476893351675,4.668074987904106,329.43801300241665,11.90217704426118,7.238317461182362,43.71328310975059,0.21287879901583195,
10.841151639737518,4.2007404882884885,329.43801300241665,9.333252536141572,4.673344996156175,39.13468677738422,0.1652321796376973,
10.293300111398139,3.939512298675197,329.43801300241665,5.47851528339379,2.612281896132913,27.112522023863335,0.07312828738236889,
9.885213615329008,3.685912221269149,329.43801300241665,4.080864960691315,2.536000774060483,12.500983979108469,0.014252623551595353,
9.59819617232938,3.432181216697984,329.43801300241665,2.8701744299962684,2.5373100457116493,0.9401952660590496,8.805731562971288E-5,
9.447043212410449,3.349040024309687,329.48414506026165,1.6420399616959003,0.8200604432752812,2.060388118258629,3.7353126358153634E-4,
9.427619910528165,3.347668754966236,329.48414506026165,0.1942330188228425,0.013712693434513312,0.28834502422171226,7.164911075546683E-6,
9.423602992384986,3.342188889364394,329.48414506026165,0.04016918143179282,0.05479865601841993,0.1254305105965159,1.3384348953102407E-6,
9.42023435893168,3.335955289972361,329.48414506026165,0.03368633453305847,0.06233599392032829,0.07644501541278714,5.041108186931872E-7,
9.417308795327813,3.3305204618478683,329.48414506026165,0.029255636038669763,0.054348281244926966,0.07705105546392588,5.092830187873729E-7,
9.414882617956664,3.326077998524113,329.48414506026165,0.024261773711486967,0.04442463323755419,0.059866874113367885,3.0808212328158384E-7,
9.412802956591236,3.3239156975109836,329.48414506026165,0.020796613654283647,0.021623010131293086,0.0365165031792003,1.1532737150229854E-7,
9.41118188469818,3.321964410937369,329.48414506026165,0.016210718930551593,0.019512865736146523,0.02861800625566957,7.094190069391394E-8,
9.409909096632987,3.320366087829825,329.48414506026165,0.012727880651937085,0.015983231075438198,0.026587514005314006,6.0835278181507E-8,
9.4087746088818,3.3186425532970816,329.48414506026165,0.011344877511874074,0.017235345327435425,0.021448820650107336,3.9859962348523924E-8,
9.407498948491593,3.3168907608935285,329.48414506026165,0.012756603902062125,0.01751792403553054,0.0247952420522779,5.3124078437643E-8,
9.406413037478842,3.315504354559806,329.48414506026165,0.010859110127512395,0.013864063337223342,0.020761208041903956,3.7232917999150605E-8,
9.40563829939208,3.3143817336947734,329.48414506026165,0.007747380867613174,0.011226208650327862,0.016581741546133344,2.368076216526358E-8,
9.404956646545998,3.313247932454402,329.48414506026165,0.00681652846083125,0.011338012403712128,0.012667910482946354,1.3935113202572735E-8,
9.40449605703293,3.31220100415473,329.48414506026165,0.004605895130680437,0.01046928299672345,0.010806105602227944,1.0091417947627071E-8,
9.404023317917108,3.3111520982523928,329.48414506026165,0.004727391158212413,0.010489059023370828,0.011974968640515726,1.234825932958192E-8,
9.403639169903272,3.310400183299265,329.48414506026165,0.0038414801383623853,0.0075191495312765255,0.01013790404044812,8.818941795526747E-9,
9.40294894247404,3.3096127684491137,329.48414506026165,0.006902274292315269,0.007874148501514355,0.011771937447520031,1.201240555559912E-8,
9.402492557571122,3.3088435181524574,329.48414506026165,0.004563849029182165,0.007692502966563097,0.009134753723856193,7.222626742634788E-9,
9.402164611299895,3.3079638386576846,329.48414506026165,0.0032794627122711972,0.008796794947727449,0.011435518817961565,1.1169131840397788E-8,
9.401513174222146,3.306940528785333,329.48414506026165,0.00651437077749506,0.010233098723517742,0.011903341729748718,1.2301015901210728E-8,
9.401064126638062,3.306031234902406,329.48414506026165,0.004490475840839281,0.009092938829269315,0.00900868187272863,7.047074558846136E-9,
9.361859691335212,3.414475779338204,329.48414506026165,0.3920443530284956,1.084445444357982,0.048298452554718097,3.902929730753447E-7,
4.665088740281021,9.228886639053968,329.48414506026165,46.96770951054191,58.14410859715764,11.836379597328346,0.002574233299276075,
13.869282587742418,2.0469111749528963,329.48414506026165,92.04193847461397,112.75797814006864,225.43212920337226,1.0,
53.50644306881259,41.36567769519809,329.48414506026165,396.3716048107017,393.1876652024519,726.6151195161935,1.0,
52.442390843049,62.27898340959959,329.48414506026165,10.640522257635894,209.13305714401503,735.0942186932284,1.0,
17.091062010413907,49.90038765749364,329.48414506026165,353.5132883263509,123.78595752105952,661.78841502897,1.0,
30.725925393231137,13.492178871932424,329.48414506026165,136.3486338281723,364.08208785561214,433.3383993834954,1.0,
48.38681866707111,2.7333510852325276,329.48414506026165,176.60893273839974,162.25529957164952,638.9577647838803,1.0,
55.61135702669287,8.953564999844929,329.48414506026165,72.24538359621761,62.20213914612401,443.5945507973298,1.0,
55.87579853862019,10.647481245702522,329.48414506026165,2.6444151192731624,16.939162458575936,208.42607672828422,1.0,
53.08761416162315,11.01377307776022,329.48414506026165,27.881843769970374,3.6629183205769777,161.048647133764,1.0,
48.7626608768785,10.716678529628808,329.48414506026165,43.24953284744652,2.970945481314118,121.57065814948993,1.0,
44.03064717461393,10.033436331899708,329.48414506026165,47.32013702264567,6.8324219772910055,91.01462100768344,1.0,
39.05940319539809,8.962152140575029,329.48414506026165,49.71243979215842,10.712841913246791,69.7024110444886,0.6883509505317975,
34.521910131462164,7.8895032727422745,329.48414506026165,45.37493063935926,10.726488678327541,48.59907906356966,0.2878440857338043,
30.310680601654326,7.373864562178426,329.48414506026165,42.11229529807838,5.156387105638487,37.86819761884772,0.1614787382516201,
26.625991178435925,7.07133784544817,329.48414506026165,36.84689423218401,3.025267167302559,29.544576012787047,0.09289452382038182,
23.48412728796484,6.771494558760708,329.48414506026165,31.41863890471086,2.998432866874623,23.802011204508062,0.0581492479747765,
20.895546400341345,6.352525253186855,329.48414506026165,25.885808876234933,4.18969305573853,17.568412224148346,0.030780631742519445,
20.511741853709623,6.3532466855680525,329.48414506026165,3.838045466317226,0.007214323811979284,6.347885903357451,0.0036919989602208357,
20.850591041726943,6.351669723988749,329.48414506026165,3.3884918801732056,0.015769615793033154,4.956971688620797,0.0022555268071567107,
20.81340780842754,6.354933979414142,329.48414506026165,0.37183233299401763,0.03264255425392548,4.757879829164722,0.0019348712136520111,
20.081838744682045,5.766369270910985,329.48414506026165,7.3156906374549635,5.8856470850315645,20.513863866626707,0.041158472435476316,
19.578381654417512,5.700098583423795,329.48414506026165,5.034570902645328,0.6627068748719012,20.762007494329282,0.041575546400467914,
18.933899383845528,5.367827717948359,329.48414506026165,6.444822705719844,3.322708654754365,13.191611769504448,0.016432091034578242,
18.190608506587864,4.940868497867257,329.48414506026165,7.4329087725766385,4.269592200811019,6.599683169705486,0.004175470504237078,
17.3266561291058,4.50152716567132,329.48414506026165,8.639523774820645,4.393413321959372,0.6286639152597218,8.314589200479581E-5,
16.395572846999812,3.9663870627853726,329.48414506026165,9.310832821059876,5.35140102885947,3.1856658177548525,0.001057195250487407,
15.490537284413449,3.432521857724396,329.48414506026165,9.05035562586363,5.338652050609767,5.528976792338085,0.002924719920573651,
14.65819570392091,2.882914736628038,329.48414506026165,8.32341580492539,5.496071210963578,7.685933734205719,0.0054925507433961915,
13.77540832038062,2.4323085217055507,329.48414506026165,8.827873835402897,4.506062149224874,9.655858454438544,0.008634373479208023,
12.92595145982466,2.0636382067212367,329.48414506026165,8.494568605559607,3.68670314984314,11.793452615041247,0.012877292172993176,
12.01307974250983,1.6592903686590432,329.48414506026165,9.128717173148289,4.043478380621934,14.569081355836033,0.019794857889492052,
11.029015748638926,1.3593806795661294,329.48414506026165,9.840639938709046,2.9990968909291382,15.19037268108832,0.021526226989078055,
10.142949994044898,1.1506395667290974,329.48414506026165,8.860657545940285,2.08741112837032,14.829250130783294,0.02040701605070735,
9.636578608936134,1.1844994698570588,329.48414506026165,5.063713851087641,0.3385990312796139,12.608419701570028,0.014493126247237842,
9.456947551675285,1.330887226168329,329.48414506026165,1.7963105726084905,1.4638775631127032,9.128023369563039,0.007377692415790523,
9.48662003571917,1.5501864490372839,329.48414506026165,0.2967248404388556,2.1929922286895476,4.519736728992143,0.0017470200663239096,
9.64842084057409,1.7099091323458708,329.48414506026165,1.6180080485491999,1.5972268330858697,1.4007147484289817,1.7523218392116784E-4,
9.693914887991923,1.7606323601905558,329.51341728310774,0.45861280889198497,0.4617031284161044,0.07222215825947842,6.344308540978495E-7,
9.711865985176928,1.7704273847131162,329.51341728310774,0.17951097185004983,0.09795024522560425,0.011391693566906724,2.4325684813724532E-8,
9.722116864459053,1.7766655402753315,329.51341728310774,0.10250879282125425,0.06238155562215297,0.023117972874047155,5.792584076452759E-8,
9.73366609780578,1.783353496965674,329.51341728310774,0.11549233346727306,0.06687956690342389,0.011372016954283026,1.8913904151438833E-8,
9.740749693511702,1.7873154818128967,329.51341728310774,0.07083595705921653,0.03961984847222766,0.015436382274742755,2.6027958704600343E-8,
9.749171291083258,1.789923505532613,329.51341728310774,0.0842159757155514,0.02608023719716357,0.003468060980367227,3.068380962828918E-9,
9.757870621447182,1.7911765896561462,329.51341728310774,0.08699330363924673,0.012530841235331991,0.004881811494783506,4.672141123531417E-9,
9.763938804493137,1.7902041702096199,329.51341728310774,0.06068183045954356,0.009724194465263736,0.0016366714163496,1.0030973805664145E-9,
9.811689993822824,1.7340354113463547,329.51341728310774,0.47751189329687804,0.5616875886326511,7.1259561707393E-4,2.4090306255008494E-8,
9.847416178272397,1.693664962747846,329.51341728310774,0.3572618444957243,0.403704485985088,0.0017053832527835766,1.625571894065425E-8,
9.849854715811944,1.695288666745455,329.51341728310774,0.024385375395468145,0.016237039976090273,0.002478307950468661,8.952837834900691E-10,
9.853000437002038,1.6969652412764162,329.51341728310774,0.03145721190094264,0.016765745309612612,0.001920528511050179,7.17867705330527E-10,
9.8553830316838,1.6978815714609539,329.51341728310774,0.023825946817623844,0.009163301845376282,1.2979535313206725E-4,6.533442777094847E-11,
9.85753490609693,1.6987442411246718,329.51341728310774,0.021518744131299172,0.00862669663717952,6.265789693316037E-4,1.4284926396484807E-10,
9.859340421031561,1.6992501843039634,329.51341728310774,0.018055149346309918,0.005059431792915348,0.003228878588288353,1.191388997817376E-9,
9.861557374615018,1.6995155716756472,329.51341728310774,0.022169535834564158,0.0026538737168380067,1.105939503531772E-4,5.124552061282929E-11,
9.86384949197452,1.699913768846244,329.51341728310774,0.022921173595022992,0.00398197170596859,6.558653268484704E-4,1.5341838163727836E-10,
9.865353182455806,1.700611117862934,329.51341728310774,0.015036904812859575,0.00697349016689941,0.0017103827724440634,3.990480146667225E-10,
9.866928506671684,1.7012601594886974,329.51341728310774,0.015753242158780267,0.006490416257634024,0.001863672680997297,4.64122637382676E-10,
9.868578026016394,1.7016233291367087,329.51341728310774,0.016495193447099155,0.003631696480113078,9.168516953650396E-5,3.0185587153260864E-11,
9.869665986231666,1.7023513303832374,329.51341728310774,0.010879602152726875,0.0072800124652872,0.0025776894261753114,7.155926264150911E-10,
9.871656204515034,1.7028343842295044,329.51341728310774,0.019902182833675397,0.00483053846267012,0.0010091740779216707,2.197525489062731E-10,
9.872937638659323,1.703066398835773,329.51341728310774,0.012814341442890509,0.00232014606268649,2.958947243314469E-4,3.957073274167973E-11,
9.874285826331857,1.703511072408503,329.51341728310774,0.013481876725336406,0.004446735727299256,0.0017818424799997956,4.0355771545144923E-10,
9.875461390751752,1.7039826566318652,329.51341728310774,0.011755644198956361,0.004715842233622425,0.001075163922905631,1.7434315853271247E-10,
9.879800970384167,1.7153431479223968,329.51341728310774,0.04339579632414825,0.11360491290531627,0.017403759428589183,3.073862860890941E-8,
9.227392420467595,2.729102957614572,329.5485634830891,6.55238985125834,10.10926498348681,1.0712431140700573,1.0418327307252678E-4,
6.729321483806984,4.491075758576272,329.5485634830891,24.980709366606106,17.619728009617006,12.186081040842964,0.01173809084406369,
1.5194420173879735,4.941475044204935,329.5485634830891,52.09879466419011,4.503992856286629,32.81593555161635,0.08111187363626632,
2.403069272270727,2.5520295206021046,329.5485634830891,8.836272548827537,74.9350456480704,58.167261132117574,0.2696054604877208,
19.823659551152446,27.171489919236677,329.5485634830891,174.20590278881718,246.19460398634573,71.73050761681623,0.10725169246282375,
52.29404465797495,75.32762412905736,329.5485634830891,324.70385106822505,481.56134209820675,97.30920423323425,1.0,
75.22520220562308,110.6899369498419,329.5485634830891,229.31157547648127,353.6231282078454,44.19013975721441,1.0,
89.8381880809726,139.3076058419711,329.5485634830891,146.12985875349523,286.176688921292,25.926872088026585,0.05588983695347157,
93.32888741046543,150.10719432508816,329.5485634830891,34.90699329492827,107.9958848311707,34.43431668686799,0.4804112091035367,
88.96626748268397,141.76594032447792,329.5485634830891,43.62619927781452,83.41254000610256,41.68202003606325,0.5343078313310502,
79.07494857283473,120.78768631699661,329.5485634830891,98.91318909849247,209.78254007481297,30.24314999081099,0.20220625991017535,
66.92784807876035,90.89098259397532,329.5485634830891,121.4710049407438,298.9670372302129,7.712956875872692,0.09023193848239021,
50.7242830064356,52.51756671191254,329.5485634830891,162.0356507232475,383.73415882062784,3.2160840043530925,1.0,
29.706160893786546,16.349976959514976,329.5485634830891,210.18122112649053,361.6758975239756,8.61688323228293,1.0,
0.07516104889532471,11.990495943453283,329.5485634830891,296.3099984489122,283.4047290296826,24.85087960823023,1.0,
45.67897913905813,37.09319537521256,329.5485634830891,457.54140187953453,251.02699431759277,34.675201749029725,1.0,
75.49203875044077,57.97963127358565,329.5485634830891,298.1305961138264,208.86435898373094,44.41776419760458,1.0,
85.47787031397763,66.07152673733276,329.5485634830891,99.85831563536863,80.91895463747107,61.729894334958715,0.7625881729436627,
84.6155554279801,62.700259317333206,329.5485634830891,8.623148859975345,33.71267419999555,60.600350477230904,0.4814956459854932,
68.45704031570085,52.062091548276186,329.5485634830891,161.58515112279247,106.3816776905702,47.62064037662924,0.14831158833633434,
42.15595240644109,33.90931457390451,329.5485634830891,263.01087909259763,181.52776974371676,16.313565423407397,0.3143021069724388,
10.87813020624651,9.90701389064148,329.5485634830891,312.7782220019458,240.0230068326303,20.446464818912773,1.0,
26.558385344391013,18.803161333061496,329.5485634830891,374.36515550637523,287.10175223702976,49.95774246189285,1.0,
61.683291470941185,45.47023390153589,329.5485634830891,351.2490612655017,266.67072568474396,61.38884392582497,1.0,
95.28685884914353,69.17693421358587,329.5485634830891,336.0356737820234,237.06700312049975,69.53697738929264,1.0,
126.15229227055295,89.60174395030458,329.5485634830891,308.6543342140942,204.24809736718714,64.52948112709691,1.0,
154.12547727957804,107.44590903289094,329.5485634830891,279.7318500902509,178.44165082586358,50.70600737706201,0.39033738083544167,
165.5966531535678,116.20437877291553,329.5485634830891,114.7117587398975,87.58469740024594,29.461676316464604,0.6314227220367934,
160.81588898242387,112.28185031347107,329.5485634830891,47.807641711439146,39.225284594444645,89.84521186644429,1.0,
142.60825598401595,97.83708560681238,329.5485634830891,182.07632998407917,144.44764706658688,108.81683716477426,1.0,
124.9423058059582,81.42988169956331,329.5485634830891,176.65950178057756,164.0720390724907,113.3355351968288,1.0,
108.34090331571042,68.92365978813174,329.5485634830891,166.0140249024778,125.06221911431567,158.67379921384583,1.0,
83.53421406383052,56.934888917821695,329.5485634830891,248.06689251879902,119.88770870310049,265.51883750501275,1.0,
46.444277372216675,43.08714524103945,329.5485634830891,370.89936691613843,138.47743676782244,379.7202280417889,1.0,
27.140057882078054,19.726640118012654,329.5485634830891,193.0421949013862,233.60505123026797,368.60281306963344,1.0,
49.48630056314926,3.1625687496556907,329.5485634830891,223.46242681071203,165.64071368356963,159.7644370273835,0.17580332681322583,
59.86364766074723,3.8241037464971726,329.5485634830891,103.77347097597976,69.86672496152863,446.52292638113437,1.0,
66.88003321931933,12.312823929415174,329.5485634830891,70.16385558572097,84.88720182918001,435.7594231183816,1.0,
59.91431780080791,12.737047055211917,329.5485634830891,69.65715418511422,4.242231257967433,221.05547502688466,1.0,
54.19273433360536,12.7464183790037,329.5485634830891,57.215834672025494,0.09371323791782515,165.96201921211787,1.0,
50.02502968281044,12.643826052869912,329.5485634830891,41.67704650794917,1.02592326133788,123.23770957509993,1.0,
45.2466488595428,11.894348914218796,329.5485634830891,47.78380823267639,7.494771386511161,95.82499479372387,1.0,
40.561116704184656,10.861070291031751,329.5485634830891,46.85532155358146,10.332786231870443,66.18105882663599,0.6132851283193388,
36.27297587989324,8.963662829583882,329.5485634830891,42.881408242914176,18.974074614478695,49.60675058658467,0.30357894319881246,
29.987971362092935,4.976431777890781,329.5485634830891,62.85004517800303,39.87231051693101,13.63197094686484,0.011486318890076664,
24.268999526550715,1.2225769266287898,329.5485634830891,57.1897183554222,37.53854851261991,5.90786605106814,8.133314673193549E-4,
20.643848108413067,2.66651018166732,329.5485634830891,36.25151418137648,38.8908710829611,90.03447240426169,1.0,
44.283436611641264,20.429604325648768,329.5485634830891,236.39588503228197,177.63094143981448,235.88106147450674,1.0,
81.20187737077936,39.93003251849939,329.5485634830891,369.18440759138093,195.0042819285062,284.4328387804916,1.0,
111.55051065175792,51.628442051062564,329.5485634830891,303.4863328097856,116.98409532563176,232.57781187791835,1.0,
133.52234137221274,52.34401973878687,329.5485634830891,219.71830720454818,7.155776877243056,110.68460544588845,1.0,
156.35304830026007,44.01913403332196,329.5485634830891,228.30706928047334,83.24885705464908,25.752845610780355,0.2529300270692781,
177.54169859288663,34.257366886596,329.5485634830891,211.88650292626562,97.61767146725958,127.31320587178203,1.0,
187.20476010478922,26.45191769570988,329.5485634830891,96.63061511902583,78.05449190886122,206.76767078120037,1.0,
181.7844881754994,17.60853230373354,329.5485634830891,54.20271929289811,88.43385391976341,248.81213617548212,1.0,
161.03423775080466,5.735099180661052,329.5485634830891,207.5025042469474,118.73433123072488,255.12948385396925,1.0,
130.7171585649894,7.7326488999884475,329.5485634830891,303.1707918581526,134.677480806495,243.86923955393343,1.0,
93.10220736270935,20.245528393778187,329.5485634830891,376.14951202280054,125.1287949378974,189.8144555346181,1.0,
54.81311457069569,32.85101235481281,329.5485634830891,382.8909279201366,126.05483961034622,117.46169200300017,1.0,
18.133168094326948,46.15109135329294,329.5485634830891,366.7994647636874,133.00078998480132,32.544832191246655,1.0,
8.670792991972917,57.89558711311304,329.5485634830891,268.03961086299864,117.44495759820097,79.13906528558925,0.0635295200681509,
9.666802708733258,59.04323257593359,329.5485634830891,9.960097167603408,11.476454628205488,218.75443296272408,1.0,
11.004323900161012,46.239125932125944,329.5485634830891,206.7112660889427,128.04106643807643,226.56487422527732,1.0,
51.4253905120969,26.888239958933156,329.5485634830891,404.21066611935885,193.50885973192788,181.75119491229907,1.0,
94.56367221021071,4.525110039745556,329.5485634830891,431.38281698113815,223.631299191876,84.65109720601419,1.0,
131.19037163965947,19.13804417917271,329.5485634830891,366.26699429448763,236.63154218918265,4.2342836188962,1.0,
165.08712898036697,40.14779326665118,329.5485634830891,338.96757340707495,210.09749087478468,50.017107215094825,1.0,
191.00983303820328,58.70144845292785,329.5485634830891,259.22704057836313,185.53655186276671,50.71682505188164,0.46810613415792424,
213.2652361023254,70.07252215263934,329.5485634830891,222.55403064122106,113.71073699711488,17.89896686735915,0.6393938328567401,
225.5141890396891,73.5042399665811,329.5485634830891,122.48952937363697,34.31717813941759,37.280990880716445,0.8093276742190448,
216.25758750154682,68.1583633374757,329.5485634830891,92.56601538142263,53.458766291053905,71.86512828971615,1.0,
193.84454389921586,53.28144148253034,329.5485634830891,224.13043602330958,148.76921854945365,15.195330534618279,0.2601944112248239,
163.42740490360677,35.486166665268,329.5485634830891,304.17138995609093,177.9527481726234,60.89843231901568,0.09526418839182417,
126.62396504086598,16.918615403655764,329.5485634830891,368.0343986274079,185.67551261612238,125.94138346125703,1.0,
87.80841286767156,4.246703948520604,329.5485634830891,388.1555217319442,211.65319352176368,155.94487758046057,1.0,
55.33823117141071,25.671686426245117,329.5485634830891,324.7018169626085,214.24982477724512,144.44415266170665,1.0,
24.422962461154725,46.387019658484235,329.5485634830891,309.15268710255987,207.15333232239118,116.0076378971479,1.0,
4.816088949333903,63.76490332911254,329.5485634830891,292.3905141048863,173.77883670628307,68.5063186813818,1.0,
33.64762248665056,77.64143854469933,329.5485634830891,288.3153353731666,138.76535215586784,16.09395645058612,0.2511058341513631,
62.218536838746445,88.55841095442435,329.5485634830891,285.70914352095883,109.1697240972502,38.052743566478284,0.029391364714336718,
92.81112938135084,95.21850082716435,329.5485634830891,305.92592542604393,66.60089872740002,98.92539057661907,0.14517636124922287,
97.72661541011803,96.5325641548655,329.5485634830891,49.15486028767191,13.140633277011489,172.16391297410723,1.0,
81.13717291809871,85.13233597198115,329.5485634830891,165.89442492019316,114.00228182884348,163.95963342439813,1.0,
52.22950186825426,64.46444090995277,329.5485634830891,289.0767104984445,206.67895062028379,106.22766191844164,1.0,
17.643244836128588,44.44536617705566,329.5485634830891,345.8625703212567,200.1907473289711,47.16926521646286,1.0,
28.597654276430603,26.26299412485878,329.5485634830891,462.4089911255919,181.82372052196882,4.491827971494615,1.0,
74.77162927713994,5.590758386886392,329.5485634830891,461.73975000709333,206.72235737972386,37.3204588690902,1.0,
118.08033259313811,18.025656429281355,329.5485634830891,433.08703315998173,236.16414816167747,50.13873128482089,1.0,
156.01312332003897,44.191804851775885,329.5485634830891,379.3279072690086,261.6614842249453,47.038036175358684,1.0,
182.23883353045358,62.01366744999589,329.5485634830891,262.25710210414604,178.21862598220008,16.373223649383135,0.11109637083338633,
197.20056891613524,68.5197428576914,329.5485634830891,149.61735385681664,65.06075407695505,64.96702748999724,1.0,
207.09101501540135,66.23782877448296,329.5485634830891,98.90446099266114,22.819140832084344,73.60031482620485,1.0,
207.12526356148226,60.33687637345054,329.5485634830891,0.34248546080903,59.00952401032427,71.3320956198973,0.3271415772498994,
195.04519850629435,50.426672448434516,329.5485634830891,120.80065055187902,99.1020392501602,69.83867691817522,1.0,
175.56144464826855,38.08719111013306,329.5485634830891,194.83753858025807,123.39481338301454,27.62462449569199,0.3388995640824819,
151.90870000905022,24.165278295222635,329.5485634830891,236.52744639218326,139.21912814910428,17.710731814694896,0.03275402428414702,
120.6862891724902,9.222593409313674,329.5485634830891,312.22410836560016,149.4268488590896,58.14512133119109,0.0062308735168984325,
79.39748649537387,8.840456978323374,329.5485634830891,412.88802677116337,180.63050387637048,112.33226693766085,1.0,
44.60773317330688,29.900707880410494,329.5485634830891,347.89753322066986,210.6025090208712,119.6949635716851,1.0,
15.522943129255282,51.34820380701419,329.5485634830891,290.847900440516,214.47495926603693,91.61643311964497,1.0,
13.204685211781225,65.95936308191574,329.5485634830891,287.27628341036507,146.11159274901553,66.80057080561824,0.15974399012730295,
40.46063171158005,75.84090325633326,329.5485634830891,272.55946499798824,98.81540174417523,31.868694777527367,0.0889388865648435,
63.19400779140574,83.72745165771613,329.5485634830891,227.3337607982569,78.86548401382868,23.317882645430927,2.0035760943887433E-4,
86.34010832490151,90.9845611672203,329.5485634830891,231.4610053349577,72.57109509504176,33.22112062782196,0.04040989948619544,
91.83193695473938,96.2567000376622,329.5485634830891,54.91828629837869,52.72138870441893,83.98018054889747,1.0,
74.91660758424109,88.38243247883378,329.5485634830891,169.15329370498284,78.74267558828421,106.50741947886672,1.0,
39.05911234329085,69.66162119991952,329.5485634830891,358.57495240950243,187.20811278914255,78.82948146477588,1.0,
8.710297086698574,47.28004013175965,329.5485634830891,477.69409429989423,223.81581068159875,16.381982652584668,1.0,
55.13129220916983,22.7207263904983,329.5485634830891,464.20995122471254,245.5931374126135,24.86398264859588,1.0,
99.08607100707457,0.7756258247117103,329.5485634830891,439.54778797904737,234.9635221521001,46.459273838308945,1.0,
140.24709825103594,27.424796163473616,329.5485634830891,411.6102724396137,266.49170338761905,62.79124783743754,1.0,
173.03817621454175,52.38420611238857,329.5485634830891,327.91077963505813,249.59409948914953,29.593420307285783,1.0,
196.51831353776925,65.64979354989765,329.5485634830891,234.80137323227495,132.65587437509083,7.760242486512539,0.27990918194837294,
206.57227976396518,67.42869722692748,329.5485634830891,100.53966226195939,17.78903677029831,52.012518438560846,0.8675687964560909,
202.37937362165746,60.952342651282265,329.5485634830891,41.9290614230772,64.76354575645217,70.40757060075208,0.7279077517595878,
188.04356136299714,49.848334171815765,329.5485634830891,143.35812258660326,111.040084794665,54.029022408569745,1.0,
167.00858645050585,36.326527812689704,329.5485634830891,210.34974912491293,135.2180635912606,14.049163671458587,0.11545793913652555,
139.6464996044083,21.248066185905884,329.5485634830891,273.62086846097554,150.7846162678382,34.278185688190774,0.0065014223193523,
107.97538176786816,3.7618909100717985,329.5485634830891,316.71117836540134,174.86175275834086,90.32355679603853,1.0,
56.5926479890702,21.56834546160877,329.5485634830891,513.8273377879796,253.3023637168057,208.86230621951995,1.0,
11.97839930141663,50.29795247064129,329.5485634830891,446.1424868765357,287.2960700903252,249.8334495775788,1.0,
12.423000458011757,75.48133285112016,329.5485634830891,244.01399759428386,251.83380380478866,178.2686117587292,1.0,
22.881978394039947,88.81645185790438,329.5485634830891,104.58977936028191,133.35119006784225,121.22485374470102,1.0,
26.57873419352063,92.71788981306707,329.5485634830891,36.96755799480684,39.01437955162692,120.69442337261876,1.0,
16.525143551856786,91.49912011743658,329.5485634830891,100.53590641663845,12.18769695630499,106.93731677885467,1.0,
4.203272731692209,80.23404529848352,329.5485634830891,207.28416283548995,112.65074818953053,86.81252441150036,0.039440435665677,
16.81771897688543,60.58079867851313,329.5485634830891,126.14446245193221,196.5324661997039,51.30728793364824,0.004185178947669276,
21.110894321528917,36.67746268602298,329.5485634830891,42.93175344643487,239.03335992490156,82.38693980572862,0.012807751780441788,
35.60745023409493,7.854539576500514,329.5485634830891,144.9655591256601,288.22923109522463,343.234736822497,1.0,
68.29572951759587,26.536165525486837,329.5485634830891,326.88279283500947,343.9070510198735,619.9786177029392,1.0,
95.40408005926452,55.554864778292256,329.5485634830891,271.0835054166864,290.1869925280542,756.7465219642179,1.0,
97.3895871746405,72.57356180769106,329.5485634830891,19.85507115375981,170.18697029398808,703.7871557262952,1.0,
87.06134204585214,53.39446447167052,329.5485634830891,103.28245128788353,191.79097336020547,476.29733915765286,1.0,
98.85170910360466,22.2713827856698,329.5485634830891,117.90367057752519,311.23081686000717,347.99687110782116,1.0,
115.86979456702215,3.3298299264114064,329.5485634830891,170.18085463417492,189.41552859258394,711.3076057233652,1.0,
118.42568140461219,11.047925986639115,329.5485634830891,25.558868375900374,143.7775591305052,674.3444961075588,1.0,
105.2765505059873,12.177389314993292,329.5485634830891,131.4913089862489,11.29463328354177,254.94541105101348,1.0,
93.46295394179288,12.319772478333704,329.5485634830891,118.13596564194427,1.4238316334041201,106.52235472621328,1.0,
84.37557620407404,12.241994904428566,329.5485634830891,90.87377737718839,0.7777757390513784,45.884246306282535,0.3553817220184919,
76.51999693968094,12.142862285022545,329.5485634830891,78.555792643931,0.9913261940602069,28.547440741944,0.1381508484796831,
69.81082392468477,12.143223238269258,329.5485634830891,67.09173014996168,0.0036095324671236995,18.31475376167475,0.060784551917651176,
64.32688764509669,12.156656315144886,329.5485634830891,54.83936279588079,0.13433076875628558,10.794398959544651,0.025139947153117813,
59.330107981785204,12.101811475926212,329.5485634830891,49.96779663311486,0.5484483921867422,5.015101783431533,0.008856779607422411,
54.54169229419131,12.411265989437993,329.5485634830891,47.88415687593897,3.094545135117812,3.6750741481404248,0.005674138530669804,
49.94278361533031,12.576063033729554,329.5485634830891,45.98908678860994,1.6479704429156072,4.336200279828972,0.005615604322373462,
45.11133439531034,12.196716580949243,329.5485634830891,48.314492200199766,3.79346452780311,4.037036429587602,0.004411709241939829,
41.0682525933488,11.96811587840125,329.5485634830891,40.430818019615344,2.2860070254799325,3.285317918334272,0.002946265616449854,
37.44719349011291,11.613707378723092,329.5485634830891,36.210591032358934,3.544084996781578,2.5278282481082215,0.0018976044435917866,
33.84657229374329,11.048240995142805,329.5485634830891,36.00621196369616,5.6546638358028645,1.7714506878650127,0.0011081624644066644,
30.636726228753446,10.38119746824492,329.5485634830891,32.09846064989847,6.670435268978849,1.4430308626776878,7.535989615787831E-4,
27.580136742728428,9.719641630336696,329.5485634830891,30.565894860250182,6.615558379082245,1.5835571370615753,6.796003862290669E-4,
24.95686551714266,9.003294522551897,329.5485634830891,26.232712255857678,7.163471077847987,1.2101331349163047,4.296898577257727E-4,
22.63105312612413,8.255394622848854,329.5485634830891,23.258123910185304,7.4789989970304305,1.6473910305103345,5.33745177130378E-4,
21.45958366855848,7.733953958848815,329.5485634830891,11.714694575656495,5.214406640000391,4.120580821539761,0.0019184007694574567,
21.810748395356313,7.885304455764327,329.5485634830891,3.511647267978333,1.5135049691551217,1.6701663732538918,3.053675615642008E-4,
21.98400662050642,8.020386784250661,329.5485634830891,1.7325822515010714,1.3508232848633384,1.6604715064971742,2.69426421213524E-4,
21.372163220549396,7.642310964690807,329.5485634830891,6.118433999570243,3.780758195598537,16.627110535430347,0.026534420000761737,
20.323924878142407,7.288020202509301,329.5485634830891,10.482383424069894,3.5429076218150612,22.425990088403864,0.05020562044606824,
19.644350060378656,7.023102540754991,329.5485634830891,6.795748177637506,2.6491766175431053,17.490021703006846,0.02940716870441079,
19.38933133181149,6.511178963223358,329.5485634830891,2.5501872856716545,5.1192357753163265,10.817356343466145,0.010697180952576862,
19.28445743923237,5.550007063935908,329.5485634830891,1.0487389257912128,9.6117189928745,6.535126233780488,0.0037513623436115236,
19.260430670385404,4.239779623399016,329.5485634830891,0.24026768846965751,13.102274405368917,4.325343559449379,0.0015224369362636075,
19.27257339339883,2.6786439292160935,329.5485634830891,0.12142723013425893,15.611356941829229,2.00782540747241,2.608012919660491E-4,
19.30825638093097,1.1209684337378292,329.5485634830891,0.3568298753214094,15.576754954782643,0.6337332110359739,9.470123165444746E-6,
19.399746468654257,0.43735401039586463,329.5485634830891,0.9149008772328671,15.583224441336938,0.725308330261214,1.5229815520742589E-5,
19.55394662471997,1.9654092567874955,329.5485634830891,1.542001560657127,15.280552463916308,2.143607708278523,3.2226844532269534E-4,
19.636266045054413,3.4416047740248814,329.5485634830891,0.8231942033444284,14.76195517237386,3.5224364615021386,9.66593287479957E-4,
19.657258390527204,4.834701425438766,329.5485634830891,0.20992345472791385,13.930966514138845,4.798489908903889,0.0018854956472116107,
19.7016626496428,6.317282697871519,329.5485634830891,0.4440425911559487,14.825812724327534,5.644024770707574,0.002687830677054076,
19.931304630874365,7.676561946453631,329.5485634830891,2.296419812315662,13.592792485821121,6.319990440169931,0.0036015215298584704,
19.938321580411753,9.059589710663829,329.5485634830891,0.07016949537387518,13.830277642101976,6.8715101230895925,0.004161027128956609,
20.267174184776422,10.3018106351428,329.5485634830891,3.288526043646698,12.422209244789713,6.9403699383121875,0.004557940360671472,
20.649582263108528,11.356288475593146,329.5485634830891,3.824080783321051,10.544778404503461,6.688642392314819,0.004329667093245641,
21.050509070285102,12.461538577479587,329.5485634830891,4.009268071765746,11.052501018864405,6.424515061982561,0.004067702915361512,
21.26238167920826,13.618290297417673,329.5485634830891,2.1187260892315862,11.567517199380859,6.014962602473588,0.003518677379406629,
21.347614145811463,14.830746180310996,329.5485634830891,0.8523246660320183,12.124558828933232,6.385010598509098,0.003908176016325468,
21.365059856610515,15.890739926360737,329.5485634830891,0.17445710799051994,10.599937460497415,7.054699113712104,0.0047042112220729215,
21.347570657999654,16.45367715321646,329.5485634830891,0.17489198610860512,5.629372268557233,5.950302131607259,0.003262913748250147,
21.32570677433523,16.732920725298413,329.5485634830891,0.21863883664423156,2.792435720819526,4.703374251907917,0.0019801154598784493,
21.1644661808034,16.79009034119167,329.5485634830891,1.612405935318293,0.571696158932582,3.2793660583206474,9.699741455916811E-4,
21.136824586707007,16.780724959553424,329.5485634830891,0.2764159409639433,0.09365381638247072,2.3764458202629157,4.774550553338949E-4,
21.142097707422295,16.63221250902103,329.5485634830891,0.05273120715287405,1.4851245053239381,1.0468853538384337,1.0366840612523213E-4,
9.221715455963363,3.2675475154309765,329.59312514373676,0.082633422833851,0.9135975606571378,0.4745435088045724,1.948300158551162E-5,
9.22437791993309,3.29101084080159,329.59312514373676,0.026624639697274688,0.23463325370613575,0.16417039803059197,2.313683220753884E-6,
9.225462444195273,3.321365136095409,329.59312514373676,0.0108452426218264,0.3035429529381872,0.1932536589532674,3.19641439844419E-6,
9.232563856770412,3.3293264964422633,329.59312514373676,0.07101412575138966,0.07961360346854462,0.11152655220541874,1.0812789469902675E-6,
9.241257469633865,3.3311904041289893,329.59312514373676,0.08693612863453382,0.01863907686725952,0.08779645120625901,6.763888900219187E-7,
9.248881121275417,3.3296757007298083,329.59312514373676,0.07623651641551987,0.015147033991809167,0.05966673693251323,3.1751496680258934E-7,
9.263694941530389,3.3120643940968364,329.59312514373676,0.14813820254971688,0.17611306632971946,0.023410655877569297,7.083733276412902E-8,
9.276859735798325,3.2964707086566136,329.59312514373676,0.13164794267936486,0.1559368544022277,0.019847336507723412,5.1901194315002664E-8,
9.282420899646922,3.2924602836540373,329.59312514373676,0.055611638485970616,0.04010425002576312,0.025541173718579557,6.255774976826993E-8,
9.289744870007098,3.2858640898205067,329.59312514373676,0.07323970360175736,0.06596193833530606,0.02406227722190124,5.927424764047535E-8,
9.306337822934893,3.2668479689499463,329.59312514373676,0.16592952927794613,0.1901612087056037,0.03036104575983245,1.1223511079388956E-7,
9.31117605664258,3.263380372755421,329.59312514373676,0.04838233707687323,0.03467596194525413,0.02193552508401808,4.6225447112809203E-8,
9.314313742769286,3.259989331093408,329.59312514373676,0.03137686126706285,0.033910416620130945,0.007809470691313436,6.741421253414459E-9,
9.316959020071863,3.2572158528049613,329.59312514373676,0.026452773025766874,0.027734782884465403,0.007184657501966285,5.566901492026864E-9,
9.319756628127607,3.253961879150239,329.59312514373676,0.027976080557436944,0.03253973654722131,0.005589542707866713,3.7115623893724727E-9,
9.32523916732157,3.2470676844051525,329.59312514373676,0.05482539193963021,0.06894194745086679,0.0067917330920863606,6.71457861965614E-9,
9.364086015718954,3.194432428882294,329.59312514373676,0.3884684839738384,0.5263525552285842,0.020926780367176434,1.0970121436214607E-7,
9.365829213365714,3.193375277929789,329.59312514373676,0.017431976467605637,0.01057150952505026,0.008791208920797544,7.2896903762915635E-9,
9.367164678518861,3.1921499563422913,329.59312514373676,0.013354651531471973,0.012253215874977741,0.004624575619800453,2.1699389929385925E-9,
9.367989445234457,3.192459951182883,329.59312514373676,0.008247667155956151,0.003099948405917985,0.009132500578061808,7.302838453682642E-9,
9.368527298773529,3.1931811698617594,329.59312514373676,0.005378535390718753,0.00721218678876312,0.009725998374960909,8.185716649650608E-9,
9.36970478653086,3.1929896203554904,329.59312514373676,0.01177487757331619,0.0019154950626898426,0.007715663882663648,5.384394909408375E-9,
9.370117038520789,3.193709126840929,329.59312514373676,0.004122519899283361,0.007195064854386146,0.00947428264055361,7.719370572126862E-9,
9.370514891697894,3.19472875418748,329.59312514373676,0.003978531771053895,0.01019627346551033,0.0096826126588212,8.096665380995983E-9,
9.371605416693,3.1942272968472025,329.59312514373676,0.010905249951065343,0.005014573402775113,0.006225871446190467,3.585453784100241E-9,
9.372359719727115,3.1945848697637587,329.59312514373676,0.007543030341139456,0.00357572916556137,0.009007965179534949,7.087111827842749E-9,
9.374286704540282,3.2037505958655004,329.62482601548135,0.01580256355509846,0.013565119234897338,0.006738212406958155,4.4291504165421815E-9,
9.416567503720444,3.143425591995026,329.62482601548135,0.4228079918016192,0.6032500387047435,0.036666089872596785,2.3830172290972872E-7,
9.975887755553913,2.2641364764338903,329.62482601548135,5.593202518334692,8.792891155611358,0.08611537995761864,1.8887502115865707E-6,
11.721007725854292,0.23965161821186598,329.62482601548135,17.451199703003795,25.037880946457562,0.763916754915499,1.0184230402717076E-8,
14.807108021529757,4.739897388103714,329.62482601548135,30.861002956754646,45.00245769891848,2.1204630704630745,1.1228106774538577E-5,
18.438454093561973,10.268020501984381,329.62482601548135,36.313460720322155,55.281231138806675,2.0760874606821744,5.3901279405251585E-5,
21.66108473694794,15.498659361338468,329.62482601548135,32.22630643385969,52.30638859354087,1.8213338464630624,3.670479393308391E-5,
23.33254314590181,18.24045777173359,329.62482601548135,16.714584089538675,27.4179841039512,1.6142119614954709,6.304414921616567E-4,
23.664055348690226,18.790546965753492,329.62482601548135,3.315122027884172,5.50089194019904,0.7652873252493464,1.2943386366047794E-4,
23.388369956924976,18.174359852767196,329.62482601548135,2.7568539176525064,6.161871129862959,1.1252857355924561,2.089547011745887E-4,
23.14809813897216,17.853663823144842,329.62482601548135,2.402718179528165,3.206960296223542,0.15209942614490046,1.8100793909779205E-5,
23.194163322195323,18.05490681265104,329.62482601548135,0.4606518322316333,2.0124298950619846,0.017052164453730256,1.9169477508741588E-6,
23.304567068898223,18.32103880365878,329.62482601548135,1.104037467029002,2.6613199100773954,0.41899155920020803,3.275460304637766E-5,
23.452743913176505,18.647599352239155,329.62482601548135,1.4817684427828226,3.2656054858037464,0.30853952705513166,2.7464624235652826E-5,
23.581352235386362,18.94059198276352,329.62482601548135,1.2860832220985685,2.9299263052436686,0.3841048548696335,3.2381302031471374E-5,
23.604307592340888,18.985904518343403,329.62482601548135,0.22955356954525996,0.45312535579881796,0.5444867637959305,2.8136231266764287E-5,
23.611726255026383,18.993769568903275,329.62482601548135,0.07418662685495292,0.07865050559871634,0.34071777750682486,1.0030472707138771E-5,
23.60658726716656,18.97130436625352,329.62482601548135,0.05138987859822919,0.22465202649755156,0.40106498797456425,1.4241012315903558E-5,
23.599836021563306,18.978322277930886,329.62482601548135,0.06751245603254574,0.07017911677365873,0.22142465176841597,4.325670822812338E-6,
23.60073710095844,19.019984410231217,329.62482601548135,0.009010793951347296,0.4166213230033122,0.050468610302232264,4.570752555440116E-7,
23.58531696899763,19.070739310279805,329.62482601548135,0.15420131960809158,0.5075490004858807,0.03755512053203347,4.898449218691385E-7,
23.580563471354935,19.123388259672595,329.62482601548135,0.047534976426959474,0.5264894939278975,0.018994606168689643,2.2472065690465648E-7,
23.57914843779588,19.16272961308735,329.62482601548135,0.014150335590557006,0.3934135341475553,0.04279205365037342,3.5970028044723094E-7,
23.574844396043773,19.187189835986516,329.62482601548135,0.043040417521069685,0.24460222899165274,0.07040590269980385,6.257624984688981E-7,
23.573667922925893,19.209898450707755,329.62482601548135,0.011764731178800503,0.22708614721238973,0.13213589037150086,1.7408177603464907E-6,
