716.129311995017,-195.38420016313617,312.262197229811,717.9989631594872,-187.82594222505287,-20.00066947937,717.9989631594872,-187.82594222505287,296.4915564756679,4.613476507481576E-4,1.3798011335498994E-5
716.129311995017,-195.38420016313617,312.262197229811,718.4939882187168,-188.2451184914248,-20.00066947937,718.4939882187168,-188.2451184914248,295.79223225358567,5.047815409015373E-4,8.443789291934592E-7
716.129311995017,-195.38420016313617,312.262197229811,718.9791387967906,-188.58538713134024,-20.00066947937,718.9791387967906,-188.58538713134024,295.2302729553936,5.413477287830356E-4,5.467813612267205E-7
716.129311995017,-195.38420016313617,312.262197229811,719.4027201438777,-188.6826897755947,-20.00066947937,719.4027201438777,-188.6826897755947,294.7171460085101,5.762974471934245E-4,4.490716584143962E-7
716.129311995017,-195.38420016313617,312.262197229811,719.8048845429377,-188.77182866398724,-20.00066947937,719.8048845429377,-188.77182866398724,294.3173737061723,6.0442787936006E-4,2.7428608331801855E-7
716.129311995017,-195.38420016313617,312.262197229811,720.1077333960362,-188.8453801311532,-20.00066947937,720.1077333960362,-188.8453801311532,293.9534982903797,6.306678425329925E-4,2.265622166574339E-7
716.129311995017,-195.38420016313617,312.262197229811,720.2741051966285,-189.06958858707804,-20.00066947937,720.2741051966285,-189.06958858707804,293.67428392914746,6.509538728395536E-4,1.35645682642499E-7
716.129311995017,-195.38420016313617,312.262197229811,720.3948445519352,-189.31144844171274,-20.00066947937,720.3948445519352,-189.31144844171274,293.4085084753271,6.705403531440814E-4,1.228426708988027E-7
716.129311995017,-195.38420016313617,312.262197229811,720.4965374131032,-189.4462897663786,-20.00066947937,720.4965374131032,-189.4462897663786,293.1451181383643,6.904031292737683E-4,1.1876562254696889E-7
716.129311995017,-195.38420016313617,312.262197229811,720.6861747405347,-189.4542397580663,-20.00066947937,720.6861747405347,-189.4542397580663,292.85939044989254,7.125812539372024E-4,1.3849778152629143E-7
716.129311995017,-195.38420016313617,312.262197229811,720.8700543229005,-189.3235117931243,-20.00066947937,720.8700543229005,-189.3235117931243,292.5397343982576,7.380246448183624E-4,1.7544544171220783E-7
716.129311995017,-195.38420016313617,312.262197229811,721.0705816480249,-189.13911076982004,-20.00066947937,721.0705816480249,-189.13911076982004,292.21006262032296,7.648836916919391E-4,1.8800882222474067E-7
716.129311995017,-195.38420016313617,312.262197229811,721.3603590372223,-188.8756140833558,-20.00066947937,721.3603590372223,-188.8756140833558,291.9664240797193,7.854494183524973E-4,1.0663805925711789E-7
716.129311995017,-195.38420016313617,312.262197229811,721.7634805035806,-188.5879094071064,-20.00066947937,721.7634805035806,-188.5879094071064,291.89462863613073,7.923066040685268E-4,1.1770531302210003E-8
716.129311995017,-195.38420016313617,312.262197229811,722.2477259670245,-188.31150159245647,-20.00066947937,722.2477259670245,-188.31150159245647,291.9680324954552,7.873726663745088E-4,1.279447488952607E-8
716.129311995017,-195.38420016313617,312.262197229811,723.0458321451939,-188.27862509204536,-20.00066947937,723.0458321451939,-188.27862509204536,292.1001862692473,7.77810817052349E-4,3.666498120985525E-8
716.129311995017,-195.38420016313617,312.262197229811,723.6590526557629,-188.05738014435997,-20.00066947937,723.6590526557629,-188.05738014435997,292.40354816734225,7.546492058575442E-4,1.7197164215267591E-7
716.129311995017,-195.38420016313617,312.262197229811,724.261022517518,-187.80592467761767,-20.00066947937,724.261022517518,-187.80592467761767,292.7669982297187,7.272779622733911E-4,2.4444932127369294E-7
716.129311995017,-195.38420016313617,312.262197229811,724.8946144079817,-187.58417234524782,-20.00066947937,724.8946144079817,-187.58417234524782,293.223986459181,6.934014247515813E-4,3.806956507862583E-7
716.129311995017,-195.38420016313617,312.262197229811,725.5588846752165,-187.49708844419942,-20.00066947937,725.5588846752165,-187.49708844419942,293.8320919859538,6.491635295997071E-4,6.576423076587947E-7
716.129311995017,-195.38420016313617,312.262197229811,726.153261412567,-187.34526439605915,-20.00066947937,726.153261412567,-187.34526439605915,294.47787181729234,6.039281373716276E-4,7.406197792306072E-7
716.129311995017,-195.38420016313617,312.262197229811,726.7431324042126,-187.25046596292253,-20.00066947937,726.7431324042126,-187.25046596292253,295.1351688049447,5.596926863322871E-4,7.653522237192091E-7
716.129311995017,-195.38420016313617,312.262197229811,727.359623507125,-187.18571736585474,-20.00066947937,727.359623507125,-187.18571736585474,295.79650900088484,5.171260866072725E-4,7.771307930505522E-7
716.129311995017,-195.38420016313617,312.262197229811,727.8699652983411,-187.06357929466975,-20.00066947937,727.8699652983411,-187.06357929466975,296.39331023352247,4.8035919824820407E-4,6.344004154525208E-7
716.129311995017,-195.38420016313617,312.262197229811,728.323633057926,-186.90739618492788,-20.00066947937,728.323633057926,-186.90739618492788,296.95482195778516,4.4717143210072505E-4,5.62945678187071E-7
716.129311995017,-195.38420016313617,312.262197229811,728.744983577818,-186.7301456622612,-20.00066947937,728.744983577818,-186.7301456622612,297.5211244238362,4.150071933163897E-4,5.721554263532074E-7
716.129311995017,-195.38420016313617,312.262197229811,729.1433261452385,-186.55011758194098,-20.00066947937,729.1433261452385,-186.55011758194098,298.0903113216437,3.839815420514888E-4,5.772743886522915E-7
716.129311995017,-195.38420016313617,312.262197229811,729.4414266779893,-186.31391048932522,-20.00066947937,729.4414266779893,-186.31391048932522,298.5930559453383,3.5768847249404475E-4,4.5080424567214016E-7
716.129311995017,-195.38420016313617,312.262197229811,729.7198045348547,-186.03730473898815,-20.00066947937,729.7198045348547,-186.03730473898815,299.0571600533465,3.344196609204196E-4,3.874527658083011E-7
716.129311995017,-195.38420016313617,312.262197229811,729.9430221969441,-185.78080901326078,-20.00066947937,729.9430221969441,-185.78080901326078,299.546416717612,3.10643808874117E-4,4.247530744240376E-7
716.129311995017,-195.38420016313617,312.262197229811,730.1256863660144,-185.61560546731442,-20.00066947937,730.1256863660144,-185.61560546731442,300.0213938232188,2.883037636356746E-4,3.943973247288018E-7
716.129311995017,-195.38420016313617,312.262197229811,730.2533899652889,-185.4862616064973,-20.00066947937,730.2533899652889,-185.4862616064973,300.5045089476547,2.663500653205297E-4,4.0234170815562917E-7
716.129311995017,-195.38420016313617,312.262197229811,730.3415909726248,-185.39933739703636,-20.00066947937,730.3415909726248,-185.39933739703636,300.9605814063658,2.4638154832659094E-4,3.5484102471272097E-7
716.129311995017,-195.38420016313617,312.262197229811,730.453070074721,-185.22462534510328,-20.00066947937,730.453070074721,-185.22462534510328,301.36605201074156,2.295054809200905E-4,2.8643315891503437E-7
716.129311995017,-195.38420016313617,312.262197229811,730.5768809007069,-185.01759219176628,-20.00066947937,730.5768809007069,-185.01759219176628,301.7219104489269,2.1533433679673717E-4,2.2406299893601318E-7
716.129311995017,-195.38420016313617,312.262197229811,730.6804787361256,-184.8415395892435,-20.00066947937,730.6804787361256,-184.8415395892435,302.03647890822947,2.0319583874765107E-4,1.7465918999873904E-7
716.129311995017,-195.38420016313617,312.262197229811,730.780081329717,-184.68377007215148,-20.00066947937,730.780081329717,-184.68377007215148,302.372295524388,1.906026031544009E-4,1.9753999798025593E-7
716.129311995017,-195.38420016313617,312.262197229811,730.9087637371665,-184.55373138840744,-20.00066947937,730.9087637371665,-184.55373138840744,302.6970101372562,1.7886100266755402E-4,1.855512999257141E-7
716.129311995017,-195.38420016313617,312.262197229811,731.0153742645919,-184.48226358827478,-20.00066947937,731.0153742645919,-184.48226358827478,303.0204495750878,1.6746368161058516E-4,1.8101923339565694E-7
716.129311995017,-195.38420016313617,312.262197229811,731.0753084276762,-184.44061585228005,-20.00066947937,731.0753084276762,-184.44061585228005,303.34470421379734,1.5633487910344084E-4,1.7857974193171273E-7
716.129311995017,-195.38420016313617,312.262197229811,731.1350297832265,-184.43250958995583,-20.00066947937,731.1350297832265,-184.43250958995583,303.61386512337236,1.4739054093026207E-4,1.226331989751252E-7
716.129311995017,-195.38420016313617,312.262197229811,731.1616175213915,-184.48921776175285,-20.00066947937,731.1616175213915,-184.48921776175285,303.8512422141456,1.3963066744946003E-4,9.57192235945323E-8
716.129311995017,-195.38420016313617,312.262197229811,731.1732476996917,-184.59200936820434,-20.00066947937,731.1732476996917,-184.59200936820434,304.0941893003061,1.31852066134624E-4,1.0086018998634198E-7
716.129311995017,-195.38420016313617,312.262197229811,731.1930826085849,-184.69800073635227,-20.00066947937,731.1930826085849,-184.69800073635227,304.308989572441,1.2516887587759391E-4,7.94755029890888E-8
716.129311995017,-195.38420016313617,312.262197229811,731.1411831375826,-184.8762589938355,-20.00066947937,731.1411831375826,-184.8762589938355,304.4805322107747,1.1978882213538078E-4,5.332504988000957E-8
716.129311995017,-195.38420016313617,312.262197229811,731.0372956191216,-185.09975682365305,-20.00066947937,731.0372956191216,-185.09975682365305,304.6365022897826,1.1488112219242661E-4,4.642815499843423E-8
716.129311995017,-195.38420016313617,312.262197229811,730.941573202219,-185.2718386631958,-20.00066947937,730.941573202219,-185.2718386631958,304.73209840798324,1.1185894682494871E-4,1.826339961831503E-8
716.129311995017,-195.38420016313617,312.262197229811,730.9067906122591,-185.44636866420424,-20.00066947937,730.9067906122591,-185.44636866420424,304.8434808492998,1.0850943860391016E-4,2.3090284121762923E-8
716.129311995017,-195.38420016313617,312.262197229811,730.7983487110771,-185.65968642886938,-20.00066947937,730.7983487110771,-185.65968642886938,304.9094533267633,1.0635812184954688E-4,9.793157615782941E-9
716.129311995017,-195.38420016313617,312.262197229811,730.6541507413928,-185.8465922179249,-20.00066947937,730.6541507413928,-185.8465922179249,304.9209329777249,1.0571995909805049E-4,8.804043896690757E-10
716.129311995017,-195.38420016313617,312.262197229811,730.4985289577036,-186.06963204124324,-20.00066947937,730.4985289577036,-186.06963204124324,304.9522525520181,1.0449904602678433E-4,3.232886531514659E-9
716.129311995017,-195.38420016313617,312.262197229811,730.3333826497653,-186.2084104736361,-20.00066947937,730.3333826497653,-186.2084104736361,304.8983225679806,1.0569631542504405E-4,6.9429201529173964E-9
716.129311995017,-195.38420016313617,312.262197229811,730.1544687435166,-186.2828855680609,-20.00066947937,730.1544687435166,-186.2828855680609,304.76159953171816,1.0926330766029335E-4,3.5443339209626103E-8
716.129311995017,-195.38420016313617,312.262197229811,729.9905996231206,-186.38039021095847,-20.00066947937,729.9905996231206,-186.38039021095847,304.63615821791404,1.1257168999629967E-4,3.013770417274869E-8
716.129311995017,-195.38420016313617,312.262197229811,729.7613682208619,-186.50693062027705,-20.00066947937,729.7613682208619,-186.50693062027705,304.48886368898843,1.1647448438393644E-4,4.241969409947583E-8
716.129311995017,-195.38420016313617,312.262197229811,729.4968967958996,-186.58252969280377,-20.00066947937,729.4968967958996,-186.58252969280377,304.27335672154993,1.2248929822344863E-4,8.623875561303615E-8
716.129311995017,-195.38420016313617,312.262197229811,729.2559203419187,-186.64798022636973,-20.00066947937,729.2559203419187,-186.64798022636973,304.0257767697831,1.2969633232517432E-4,1.1104932758830214E-7
716.129311995017,-195.38420016313617,312.262197229811,728.9269130599971,-186.6806359668352,-20.00066947937,728.9269130599971,-186.6806359668352,303.67604492107733,1.4032051125173172E-4,2.188878927285949E-7
716.129311995017,-195.38420016313617,312.262197229811,728.5813276616216,-186.70645212980725,-20.00066947937,728.5813276616216,-186.70645212980725,303.28640819632665,1.5272556959127303E-4,2.6986331155671934E-7
716.129311995017,-195.38420016313617,312.262197229811,728.2167008376565,-186.74033897921083,-20.00066947937,728.2167008376565,-186.74033897921083,302.83172969646944,1.6796672308392666E-4,3.649662381959147E-7
716.129311995017,-195.38420016313617,312.262197229811,727.8653849795439,-186.77590963166477,-20.00066947937,727.8653849795439,-186.77590963166477,302.3576516612965,1.847311497606162E-4,3.946160068988865E-7
716.129311995017,-195.38420016313617,312.262197229811,727.4067310217779,-186.7793319182775,-20.00066947937,727.4067310217779,-186.7793319182775,301.74556166974327,2.0769129990578982E-4,6.551002051165319E-7
716.129311995017,-195.38420016313617,312.262197229811,727.0289405378142,-186.78549574566645,-20.00066947937,727.0289405378142,-186.78549574566645,301.21084335557924,2.2897468486419084E-4,4.978413787731653E-7
716.129311995017,-195.38420016313617,312.262197229811,726.6345555029815,-186.79675989957812,-20.00066947937,726.6345555029815,-186.79675989957812,300.6349271127124,2.531765327337927E-4,5.762512704720504E-7
716.129311995017,-195.38420016313617,312.262197229811,726.2551522566717,-186.8593953200206,-20.00066947937,726.2551522566717,-186.8593953200206,300.0217860534451,2.8040175477491753E-4,6.525956803294012E-7
716.129311995017,-195.38420016313617,312.262197229811,725.9393511730196,-186.9678487239052,-20.00066947937,725.9393511730196,-186.9678487239052,299.37820171196404,3.106812843138584E-4,7.155513037953841E-7
716.129311995017,-195.38420016313617,312.262197229811,725.5640941941614,-187.0960480617823,-20.00066947937,725.5640941941614,-187.0960480617823,298.6478478557342,3.470738253070403E-4,9.224288245642744E-7
716.129311995017,-195.38420016313617,312.262197229811,725.2390905457185,-187.2679275956202,-20.00066947937,725.2390905457185,-187.2679275956202,297.8591649227088,3.889410792163591E-4,1.071378912756346E-6
716.129311995017,-195.38420016313617,312.262197229811,724.9428490952037,-187.46875433819417,-20.00066947937,724.9428490952037,-187.46875433819417,297.00279408280915,4.3744943872308425E-4,1.2593364486456359E-6
716.129311995017,-195.38420016313617,312.262197229811,724.6300177741166,-187.61992653388467,-20.00066947937,724.6300177741166,-187.61992653388467,296.0434383922294,4.956783147266407E-4,1.5732080667466137E-6
716.129311995017,-195.38420016313617,312.262197229811,724.3197773624114,-187.7289091841637,-20.00066947937,724.3197773624114,-187.7289091841637,295.03673088180153,5.612375882765125E-4,1.7264997318367164E-6
716.129311995017,-195.38420016313617,312.262197229811,723.9338284797717,-187.905831351545,-20.00066947937,723.9338284797717,-187.905831351545,294.0429948473739,6.301802264141379E-4,1.6922584020319606E-6
716.129311995017,-195.38420016313617,312.262197229811,723.568149955167,-188.06610042362095,-20.00066947937,723.568149955167,-188.06610042362095,293.04098873317776,7.043283084600668E-4,1.7160861855296742E-6
716.129311995017,-195.38420016313617,312.262197229811,723.1945779180667,-188.1174970457608,-20.00066947937,723.1945779180667,-188.1174970457608,291.9699608062664,7.889853039232954E-4,1.949279708329393E-6
716.129311995017,-195.38420016313617,312.262197229811,722.8893056041437,-188.18820811702835,-20.00066947937,722.8893056041437,-188.18820811702835,290.83074559137276,8.851633561299989E-4,2.1994699053809495E-6
716.129311995017,-195.38420016313617,312.262197229811,722.6267841938387,-188.21352708454125,-20.00066947937,722.6267841938387,-188.21352708454125,289.66044005758454,9.907283675191702E-4,2.3129339899715653E-6
716.129311995017,-195.38420016313617,312.262197229811,722.3160545619623,-187.96471044853726,-20.00066947937,722.3160545619623,-187.96471044853726,288.41730664406623,0.0011108548899665318,2.6328002940689553E-6
716.129311995017,-195.38420016313617,312.262197229811,721.9870846213553,-187.82760801874582,-20.00066947937,721.9870846213553,-187.82760801874582,287.22180376691676,0.0012336174842641102,2.426359650036429E-6
716.129311995017,-195.38420016313617,312.262197229811,721.8358169507705,-187.70965280430474,-20.00066947937,721.8358169507705,-187.70965280430474,286.1758881740593,0.0013474035176381358,1.8470669151752384E-6
716.129311995017,-195.38420016313617,312.262197229811,721.6928924985858,-187.67803142741997,-20.00066947937,721.6928924985858,-187.67803142741997,285.36050052446103,0.001439976843338601,1.1182486297035054E-6
716.129311995017,-195.38420016313617,312.262197229811,721.5140671037692,-187.67147235751645,-20.00066947937,721.5140671037692,-187.67147235751645,284.68002085585965,0.001519832522075302,7.791753009608076E-7
716.129311995017,-195.38420016313617,312.262197229811,721.3924425249869,-187.7854287850776,-20.00066947937,721.3924425249869,-187.7854287850776,284.2575938188471,0.0015703574541331199,3.035476273967642E-7
716.129311995017,-195.38420016313617,312.262197229811,721.341947334881,-187.90378249262233,-20.00066947937,721.341947334881,-187.90378249262233,284.05197100408,0.0015951605515221587,7.26948482085959E-8
716.129311995017,-195.38420016313617,312.262197229811,721.3138409427097,-187.97682906373257,-20.00066947937,721.3138409427097,-187.97682906373257,283.9368296179198,0.0016091347320926475,2.2834982020815646E-8
716.129311995017,-195.38420016313617,312.262197229811,721.3043963505935,-188.0044679237884,-20.00066947937,721.3043963505935,-188.0044679237884,283.92275608037653,0.0016107901459902986,3.6555771478411396E-10
716.129311995017,-195.38420016313617,312.262197229811,721.3033877073744,-188.01080150547898,-20.00066947937,721.3033877073744,-188.01080150547898,283.9274519503251,0.001610191221357205,3.911210609580465E-11
716.129311995017,-195.38420016313617,312.262197229811,721.2989523337762,-188.0273405617501,-20.00066947937,721.2989523337762,-188.0273405617501,283.9360628815615,0.0016090764459652965,1.3594280839113878E-10
716.129311995017,-195.38420016313617,312.262197229811,721.2898853629367,-188.0562269523565,-20.00066947937,721.2898853629367,-188.0562269523565,283.94975410314976,0.0016072951105430453,3.477704644449455E-10
716.129311995017,-195.38420016313617,312.262197229811,721.2868695812294,-188.0676213239856,-20.00066947937,721.2868695812294,-188.0676213239856,283.9558317919175,0.0016065101467173488,6.752394590700043E-11
717.9093997304967,-187.74247165168492,296.6637207306087,721.2857474916224,-188.07212100140214,-20.00066947937,721.2857474916224,-188.07212100140214,283.95823822839213,3.2184022981151356E-4,1.0751770345398264E-11
717.9093997304967,-187.74247165168492,296.6637207306087,721.2852558585088,-188.0760471688184,-20.00066947937,721.2852558585088,-188.0760471688184,283.95017544229574,3.222652889257199E-4,1.1932945491524572E-10
717.9093997304967,-187.74247165168492,296.6637207306087,721.1632038990466,-188.17605714726815,-20.00066947937,721.1632038990466,-188.17605714726815,283.5554791151252,3.4338699918099575E-4,2.8796584422088996E-7
717.9093997304967,-187.74247165168492,296.6637207306087,721.0915573050394,-188.0467759812143,-20.00066947937,721.0915573050394,-188.0467759812143,281.9682358735114,4.359562835026406E-4,4.665066917845735E-6
717.9093997304967,-187.74247165168492,296.6637207306087,721.1275689941658,-187.76494178661974,-20.00066947937,721.1275689941658,-187.76494178661974,279.23640421368873,6.241533896969468E-4,1.3908308707811663E-5
717.9093997304967,-187.74247165168492,296.6637207306087,721.5126102383169,-187.66288335079338,-20.00066947937,721.5126102383169,-187.66288335079338,276.1776069317755,8.804978893281468E-4,1.7517359620876333E-5
717.9093997304967,-187.74247165168492,296.6637207306087,721.831591480181,-187.5681706014085,-20.00066947937,721.831591480181,-187.5681706014085,273.7483540971041,0.0011201319239129877,1.100870571950048E-5
717.9093997304967,-187.74247165168492,296.6637207306087,721.9669266597953,-187.81196915536182,-20.00066947937,721.9669266597953,-187.81196915536182,272.41025104345215,0.0012663032181993168,3.31475048995866E-6
717.9093997304967,-187.74247165168492,296.6637207306087,722.0792359545494,-188.1387035933185,-20.00066947937,722.0792359545494,-188.1387035933185,271.9689106691384,0.0013169108455855676,3.604139278060156E-7
717.9093997304967,-187.74247165168492,296.6637207306087,722.1505569190917,-188.1457495330946,-20.00066947937,722.1505569190917,-188.1457495330946,271.9561923435716,0.0013184829121677154,3.424110429028107E-10
717.9093997304967,-187.74247165168492,296.6637207306087,722.0993528935882,-188.12014301218272,-20.00066947937,722.0993528935882,-188.12014301218272,271.6187728289834,0.0013577578616185988,2.0978390329380798E-7
717.9093997304967,-187.74247165168492,296.6637207306087,721.8486764858504,-187.8697293339498,-20.00066947937,721.8486764858504,-187.8697293339498,269.96020667384255,0.0015606369097102156,5.10900692432313E-6
717.9093997304967,-187.74247165168492,296.6637207306087,721.4630377931803,-187.4299678482265,-20.00066947937,721.4630377931803,-187.4299678482265,267.38242094555574,0.0019094159326137358,1.2410073388705477E-5
717.9093997304967,-187.74247165168492,296.6637207306087,721.2687912038899,-187.24554540432146,-20.00066947937,721.2687912038899,-187.24554540432146,264.50674094133706,0.0023490997812272906,1.544683298183469E-5
717.9093997304967,-187.74247165168492,296.6637207306087,721.2428017938829,-187.1110565752597,-20.00066947937,721.2428017938829,-187.1110565752597,262.24040578392834,0.0027350786675923106,9.546261234153619E-6
717.9093997304967,-187.74247165168492,296.6637207306087,721.3734596059711,-187.2207203332089,-20.00066947937,721.3734596059711,-187.2207203332089,261.1797643340646,0.002928292668455117,2.080084581610638E-6
717.9093997304967,-187.74247165168492,296.6637207306087,721.6220784784256,-187.20027043445504,-20.00066947937,721.6220784784256,-187.20027043445504,260.85049420932995,0.002990334713328143,2.0241365619552405E-7
717.9093997304967,-187.74247165168492,296.6637207306087,721.7860761723688,-187.01275951132618,-20.00066947937,721.7860761723688,-187.01275951132618,260.81765701338753,0.002996909436973637,2.266642136424665E-9
717.9093997304967,-187.74247165168492,296.6637207306087,721.6129298005523,-186.97338158788125,-20.00066947937,721.6129298005523,-186.97338158788125,260.3405662782492,0.0030873055143818503,4.217050381136927E-7
717.9093997304967,-187.74247165168492,296.6637207306087,721.0090925812408,-186.6655675083295,-20.00066947937,721.0090925812408,-186.6655675083295,258.55135500563205,0.0034415413079548476,5.971087404937499E-6
717.9093997304967,-187.74247165168492,296.6637207306087,720.4881990687711,-186.0809037294869,-20.00066947937,720.4881990687711,-186.0809037294869,256.0543730256578,0.003977634304441461,1.1660330018955899E-5
717.9093997304967,-187.74247165168492,296.6637207306087,720.174279769623,-185.55178639366488,-20.00066947937,720.174279769623,-185.55178639366488,253.41678160202133,0.004598535250441837,1.3008184052009009E-5
717.9093997304967,-187.74247165168492,296.6637207306087,720.1408708438784,-185.19308085336,-20.00066947937,720.1408708438784,-185.19308085336,251.4365801236612,0.005103331788008386,7.293068454649331E-6
717.9093997304967,-187.74247165168492,296.6637207306087,720.3143471912275,-185.28158568109572,-20.00066947937,720.3143471912275,-185.28158568109572,250.56641122178644,0.005335803688545616,1.4005306681579893E-6
717.9093997304967,-187.74247165168492,296.6637207306087,720.406047004995,-185.36734839756804,-20.00066947937,720.406047004995,-185.36734839756804,250.4373769051249,0.005370839265340515,3.115297142479633E-8
717.9093997304967,-187.74247165168492,296.6637207306087,720.2834216628681,-185.19911791367787,-20.00066947937,720.2834216628681,-185.19911791367787,249.79309597224844,0.005548022350478924,7.684898730974149E-7
717.9093997304967,-187.74247165168492,296.6637207306087,719.6100017292607,-184.64020546737592,-20.00066947937,719.6100017292607,-184.64020546737592,247.98956998618064,0.006063980813897871,6.078216818084849E-6
717.9093997304967,-187.74247165168492,296.6637207306087,718.8539316965843,-183.8736304820965,-20.00066947937,718.8539316965843,-183.8736304820965,245.56921902948005,0.006805541616608655,1.0982233985212574E-5
717.9093997304967,-187.74247165168492,296.6637207306087,718.3441045499875,-183.0461920736987,-20.00066947937,718.3441045499875,-183.0461920736987,243.088045093376,0.007626872803077863,1.1557743265420427E-5
717.9093997304967,-187.74247165168492,296.6637207306087,718.2774970549453,-182.70611358363004,-20.00066947937,718.2774970549453,-182.70611358363004,241.51198652530937,0.008181128287471718,4.624314229983679E-6
717.9093997304967,-187.74247165168492,296.6637207306087,718.4562356680759,-182.79833511957685,-20.00066947937,718.4562356680759,-182.79833511957685,240.99583933636245,0.00836750082621094,4.925346878533012E-7
717.9093997304967,-187.74247165168492,296.6637207306087,718.5447481170602,-182.79132726091737,-20.00066947937,718.5447481170602,-182.79132726091737,240.94893438643825,0.00838469356272041,4.07635435754021E-9
717.9093997304967,-187.74247165168492,296.6637207306087,718.4694083762287,-182.56666177401286,-20.00066947937,718.4694083762287,-182.56666177401286,240.4676947534055,0.008562662319348846,4.3187628032806383E-7
717.9093997304967,-187.74247165168492,296.6637207306087,717.7715997056416,-181.88846921008184,-20.00066947937,717.7715997056416,-181.88846921008184,238.78797352584226,0.009203675480225028,5.291180854193018E-6
717.9093997304967,-187.74247165168492,296.6637207306087,717.0114319497744,-180.99609908757736,-20.00066947937,717.0114319497744,-180.99609908757736,236.5602382810233,0.010104641655079395,9.370926490191482E-6
717.9093997304967,-187.74247165168492,296.6637207306087,716.3466068131485,-180.17004578963508,-20.00066947937,716.3466068131485,-180.17004578963508,234.22883001739288,0.011111208671407842,1.0279731427418242E-5
717.9093997304967,-187.74247165168492,296.6637207306087,716.0811210327167,-179.76381702165074,-20.00066947937,716.0811210327167,-179.76381702165074,232.60867435720726,0.011849156563282203,4.920206861946703E-6
717.9093997304967,-187.74247165168492,296.6637207306087,716.2056427345178,-179.6930101751041,-20.00066947937,716.2056427345178,-179.6930101751041,231.93084050614607,0.012166457545010476,8.501564070810902E-7
717.9093997304967,-187.74247165168492,296.6637207306087,716.3034199381266,-179.64463389554624,-20.00066947937,716.3034199381266,-179.64463389554624,231.80520391795693,0.01222611450572306,2.9690307496802342E-8
717.9093997304967,-187.74247165168492,296.6637207306087,716.0853672234114,-179.48682212178488,-20.00066947937,716.0853672234114,-179.48682212178488,231.2389354560968,0.012498322828742128,5.996257285920574E-7
717.9093997304967,-187.74247165168492,296.6637207306087,715.2920276372115,-178.78147496188828,-20.00066947937,715.2920276372115,-178.78147496188828,229.55690330607112,0.013335739117889031,5.385172606376491E-6
717.9093997304967,-187.74247165168492,296.6637207306087,714.5031079577524,-177.71653712188652,-20.00066947937,714.5031079577524,-177.71653712188652,227.4177049279924,0.014460700064435809,8.797081660135313E-6
717.9093997304967,-187.74247165168492,296.6637207306087,713.8467760359363,-176.70892176239695,-20.00066947937,713.8467760359363,-176.70892176239695,225.25903175982916,0.01566382379410274,8.966458022562472E-6
717.9093997304967,-187.74247165168492,296.6637207306087,713.6767658650576,-176.1365553232318,-20.00066947937,713.6767658650576,-176.1365553232318,223.86585593127694,0.016475879885546326,3.6941551854715175E-6
716.1911073274225,-179.70225585136805,231.9773482926036,713.8168463900448,-176.03086979263583,-20.00066947937,713.8168463900448,-176.03086979263583,223.32204794324082,2.3444632467485514E-4,8.675700339607918E-7
716.1911073274225,-179.70225585136805,231.9773482926036,713.9712316754932,-176.01654171263345,-20.00066947937,713.9712316754932,-176.01654171263345,223.31174680082788,2.349574750141695E-4,4.041828320733077E-10
716.1911073274225,-179.70225585136805,231.9773482926036,713.9765416583691,-176.01658764996523,-20.00066947937,713.9765416583691,-176.01658764996523,223.3048960697621,2.3533824270486337E-4,1.3757528897689733E-10
716.1911073274225,-179.70225585136805,231.9773482926036,713.9719383662365,-176.02390927042686,-20.00066947937,713.9719383662365,-176.02390927042686,223.28957423136148,2.3619317232777064E-4,6.919157681579321E-10
716.1911073274225,-179.70225585136805,231.9773482926036,713.9371154640183,-176.08667604251548,-20.00066947937,713.9371154640183,-176.08667604251548,223.19039705817698,2.4175793977738828E-4,2.9154745241235314E-8
716.1911073274225,-179.70225585136805,231.9773482926036,713.7147528697187,-176.48445842470252,-20.00066947937,713.7147528697187,-176.48445842470252,222.58700107654565,2.7713593004744885E-4,1.0820282106013172E-6
716.1911073274225,-179.70225585136805,231.9773482926036,713.3228890858053,-177.1786470954686,-20.00066947937,713.3228890858053,-177.1786470954686,221.53193457674166,3.454228085825626E-4,3.309119246856337E-6
716.1911073274225,-179.70225585136805,231.9773482926036,712.9834459785312,-177.77133978258365,-20.00066947937,712.9834459785312,-177.77133978258365,220.6260428487728,4.1074853654887874E-4,2.4324356737933708E-6
716.1911073274225,-179.70225585136805,231.9773482926036,712.6291692221942,-178.38628185804873,-20.00066947937,712.6291692221942,-178.38628185804873,219.68402221899223,4.854268163124761E-4,2.6252994026525074E-6
716.1911073274225,-179.70225585136805,231.9773482926036,712.2571920880184,-179.02555708557045,-20.00066947937,712.2571920880184,-179.02555708557045,218.69868388000802,5.711080666984993E-4,2.866670208032684E-6
716.1911073274225,-179.70225585136805,231.9773482926036,711.8937838481961,-179.64031468016069,-20.00066947937,711.8937838481961,-179.64031468016069,217.74157891409422,6.619555594579459E-4,2.6987237309504146E-6
716.1911073274225,-179.70225585136805,231.9773482926036,711.5674265160173,-180.19126469640668,-20.00066947937,711.5674265160173,-180.19126469640668,216.8825277027212,7.500641899330659E-4,2.179525899318314E-6
716.1911073274225,-179.70225585136805,231.9773482926036,711.2699696615457,-180.6863226364626,-20.00066947937,711.2699696615457,-180.6863226364626,216.10384417621813,8.354367770809606E-4,1.795961218336713E-6
716.1911073274225,-179.70225585136805,231.9773482926036,711.1215864457475,-180.93153468258728,-20.00066947937,711.1215864457475,-180.93153468258728,215.718750465841,8.796327545733825E-4,4.389894988845882E-7
716.1911073274225,-179.70225585136805,231.9773482926036,710.9115055593944,-181.27725381027355,-20.00066947937,710.9115055593944,-181.27725381027355,215.1745704183335,9.443502734673839E-4,8.794491057233629E-7
716.1911073274225,-179.70225585136805,231.9773482926036,710.5160865732262,-181.92310243710173,-20.00066947937,710.5160865732262,-181.92310243710173,214.15328505726126,0.0010730997392418135,3.119590932339822E-6
716.1911073274225,-179.70225585136805,231.9773482926036,709.9911150495749,-182.77420009510718,-20.00066947937,709.9911150495749,-182.77420009510718,212.80117254689583,0.0012586045702693358,5.509212728672168E-6
716.1911073274225,-179.70225585136805,231.9773482926036,709.394213685512,-183.72431151900494,-20.00066947937,709.394213685512,-183.72431151900494,211.27557631658016,0.0014892778626175588,7.063828073143328E-6
716.1911073274225,-179.70225585136805,231.9773482926036,708.8977038720144,-184.5080922305829,-20.00066947937,708.8977038720144,-184.5080922305829,210.0084397597003,0.0016987764057745372,4.888892011752095E-6
716.1911073274225,-179.70225585136805,231.9773482926036,708.591198434861,-184.9851800324225,-20.00066947937,708.591198434861,-184.9851800324225,209.23191642499114,0.0018354700208100777,1.8358289746764258E-6
716.1911073274225,-179.70225585136805,231.9773482926036,708.4968297183344,-185.12993159892352,-20.00066947937,708.4968297183344,-185.12993159892352,208.99496401210536,0.0018784673696567392,1.7052747372566056E-7
716.1911073274225,-179.70225585136805,231.9773482926036,708.3352150395968,-185.37744178826483,-20.00066947937,708.3352150395968,-185.37744178826483,208.59026551786988,0.0019533151354867023,4.987552581773257E-7
716.1911073274225,-179.70225585136805,231.9773482926036,707.9349221229994,-185.98895695555052,-20.00066947937,707.9349221229994,-185.98895695555052,207.58620710374925,0.0021467889961982083,3.092617913720482E-6
716.1911073274225,-179.70225585136805,231.9773482926036,707.3470825535652,-186.87721236834068,-20.00066947937,707.3470825535652,-186.87721236834068,206.11872121836913,0.0024500742761130677,6.660826662989394E-6
716.1911073274225,-179.70225585136805,231.9773482926036,706.6326931816369,-187.9403973889787,-20.00066947937,706.6326931816369,-187.9403973889787,204.34616146128147,0.002850200253153543,9.797438898464064E-6
716.1911073274225,-179.70225585136805,231.9773482926036,706.0549764926274,-188.79094570644676,-20.00066947937,706.0549764926274,-188.79094570644676,202.91463533367062,0.0032015025097729783,6.405571352264853E-6
716.1911073274225,-179.70225585136805,231.9773482926036,705.6946556828866,-189.31117246524354,-20.00066947937,705.6946556828866,-189.31117246524354,202.0303628057586,0.003431575264434953,2.442423516458323E-6
716.1911073274225,-179.70225585136805,231.9773482926036,705.5908435588074,-189.45956086405278,-20.00066947937,705.5908435588074,-189.45956086405278,201.7773851742486,0.0034992806746413554,1.9925971409954966E-7
716.1911073274225,-179.70225585136805,231.9773482926036,705.4285309438212,-189.69084896020868,-20.00066947937,705.4285309438212,-189.69084896020868,201.38310067339248,0.0036065033693472386,4.851630958212939E-7
716.1911073274225,-179.70225585136805,231.9773482926036,705.0129971058725,-190.2802602704042,-20.00066947937,705.0129971058725,-190.2802602704042,200.37320657464085,0.003890663250571201,3.2055918490823285E-6
716.1911073274225,-179.70225585136805,231.9773482926036,704.3941879886211,-191.14957169823978,-20.00066947937,704.3941879886211,-191.14957169823978,198.87477979682134,0.004338275676484994,7.113087573069368E-6
716.1911073274225,-179.70225585136805,231.9773482926036,703.6615199511459,-192.16248729111805,-20.00066947937,703.6615199511459,-192.16248729111805,197.11150321843292,0.004906364828597691,9.919226842243622E-6
716.1911073274225,-179.70225585136805,231.9773482926036,703.0307662390036,-193.02599566384993,-20.00066947937,703.0307662390036,-193.02599566384993,195.5937310964054,0.005432725962737255,7.367115810751051E-6
