718.0997890274438,-191.97242741154628,308.99133740378,731.872728558744,-199.63247402378053,-20.00066947937,731.872728558744,-199.63247402378053,286.4430195310341,0.0010279818929274708,1.3786444986259495E-4
718.0997890274438,-191.97242741154628,308.99133740378,731.8178630688549,-199.6849979991235,-20.00066947937,731.8178630688549,-199.6849979991235,286.4299998356314,0.0010291418083564383,4.6162304807550836E-10
718.0997890274438,-191.97242741154628,308.99133740378,731.7228161634346,-199.83518339475955,-20.00066947937,731.7228161634346,-199.83518339475955,286.4420090190479,0.0010279485503608273,6.415305823968442E-10
718.0997890274438,-191.97242741154628,308.99133740378,731.4875095610817,-200.16098916178302,-20.00066947937,731.4875095610817,-200.16098916178302,286.441888295754,0.0010278068733440744,5.209710806002818E-10
718.0997890274438,-191.97242741154628,308.99133740378,730.5087402535129,-200.84732872136462,-20.00066947937,730.5087402535129,-200.84732872136462,286.5686368105819,0.0010138016960935655,5.482651897673752E-8
718.0997890274438,-191.97242741154628,308.99133740378,722.9037065204192,-199.3138337807361,-20.00066947937,722.9037065204192,-199.3138337807361,284.91324043431484,0.001156499324399741,5.003800107054138E-6
718.0997890274438,-191.97242741154628,308.99133740378,706.3275034084289,-194.68510443300588,-20.00066947937,706.3275034084289,-194.68510443300588,278.11419988819387,0.001998795482249715,8.616318792773953E-5
718.0997890274438,-191.97242741154628,308.99133740378,696.6745421493706,-192.92981020647318,-20.00066947937,696.6745421493706,-192.92981020647318,268.9446411919598,0.0036522768394337862,1.6700029087357628E-4
718.0997890274438,-191.97242741154628,308.99133740378,667.3920680595413,-190.0901777145636,-20.00066947937,667.3920680595413,-190.0901777145636,250.73660993901612,0.009677463176067469,8.634396145356381E-4
718.0997890274438,-191.97242741154628,308.99133740378,642.7634928252478,-183.71928580121693,-20.00066947937,642.7634928252478,-183.71928580121693,235.92078670982997,0.018712767648780625,6.797744127082838E-4
718.0997890274438,-191.97242741154628,308.99133740378,660.9906901987804,-194.8055317257196,-20.00066947937,660.9906901987804,-194.8055317257196,226.71605641761707,0.022948502212369236,2.411272622505256E-4
718.0997890274438,-191.97242741154628,308.99133740378,700.2687240696257,-204.5668691793197,-20.00066947937,700.2687240696257,-204.5668691793197,227.68926409900678,0.020143184741677613,1.646039269644631E-6
718.0997890274438,-191.97242741154628,308.99133740378,748.8716643798248,-210.15713856870994,-20.00066947937,748.8716643798248,-210.15713856870994,235.39993857375896,0.016062435746401055,1.4048339852965904E-4
718.0997890274438,-191.97242741154628,308.99133740378,792.5177371077991,-218.6526735933791,-20.00066947937,792.5177371077991,-218.6526735933791,243.12931002531636,0.015012603258527098,4.014620899412649E-4
718.0997890274438,-191.97242741154628,308.99133740378,819.8888094464802,-225.0163898740008,-20.00066947937,819.8888094464802,-225.0163898740008,247.61150902301034,0.01574322760723144,2.355027144257815E-4
718.0997890274438,-191.97242741154628,308.99133740378,838.0810490698112,-229.22318232567162,-20.00066947937,838.0810490698112,-229.22318232567162,247.64138081018655,0.01831756276941387,5.9591948558538187E-5
718.0997890274438,-191.97242741154628,308.99133740378,852.0900344630572,-232.8748517422866,-20.00066947937,852.0900344630572,-232.8748517422866,243.35980338835535,0.023507694969710825,1.3421290583035613E-4
718.0997890274438,-191.97242741154628,308.99133740378,850.8353887206817,-233.106414500566,-20.00066947937,850.8353887206817,-233.106414500566,237.95433338760475,0.027153130265451925,4.4458082296820936E-5
718.0997890274438,-191.97242741154628,308.99133740378,833.8829372046979,-231.13020700754873,-20.00066947937,833.8829372046979,-231.13020700754873,233.7137388257801,0.02698485189018304,1.4141910873929423E-4
718.0997890274438,-191.97242741154628,308.99133740378,821.1858623683793,-228.09620015241467,-20.00066947937,821.1858623683793,-228.09620015241467,232.98231703343933,0.025179840570940807,3.277607206828089E-5
718.0997890274438,-191.97242741154628,308.99133740378,794.897333384629,-220.8829806085882,-20.00066947937,794.897333384629,-220.8829806085882,234.07017413725583,0.020557980308356993,7.218534960541367E-5
718.0997890274438,-191.97242741154628,308.99133740378,759.6528296620068,-212.59066899800735,-20.00066947937,759.6528296620068,-212.59066899800735,233.29635891729905,0.017843535205058162,2.3755697006144318E-5
718.0997890274438,-191.97242741154628,308.99133740378,719.9791115905094,-204.5889796791186,-20.00066947937,719.9791115905094,-204.5889796791186,227.5977156562084,0.01996942038067798,2.3875839243176152E-5
718.0997890274438,-191.97242741154628,308.99133740378,682.4892330266591,-197.61866592920617,-20.00066947937,682.4892330266591,-197.61866592920617,216.45320518564736,0.02934203870295067,3.1226816146914593E-4
718.0997890274438,-191.97242741154628,308.99133740378,658.7376742786763,-191.45017249847191,-20.00066947937,658.7376742786763,-191.45017249847191,198.62109429290152,0.051428157010716735,8.30490969941966E-4
718.0997890274438,-191.97242741154628,308.99133740378,664.3240194992716,-189.93472753885803,-20.00066947937,664.3240194992716,-189.93472753885803,179.53456088967772,0.08262431622191718,7.271831580989691E-4
718.0997890274438,-191.97242741154628,308.99133740378,699.1025084425542,-193.22752598008964,-20.00066947937,699.1025084425542,-193.22752598008964,174.48130347685432,0.0885817284133643,4.74533073786987E-5
718.0997890274438,-191.97242741154628,308.99133740378,748.0211667660554,-200.92115614040128,-20.00066947937,748.0211667660554,-200.92115614040128,186.90883788939576,0.06550163170144667,3.247226192489887E-4
718.0997890274438,-191.97242741154628,308.99133740378,813.3035690026366,-215.82518280324808,-20.00066947937,813.3035690026366,-215.82518280324808,214.0895111955647,0.03999083931390731,0.003175611119459222
718.0997890274438,-191.97242741154628,308.99133740378,871.534956004321,-226.56084470055737,-20.00066947937,871.534956004321,-226.56084470055737,242.1028940106928,0.028118864952208385,0.004236573154604778
718.0997890274438,-191.97242741154628,308.99133740378,899.7930041220311,-235.38166546698147,-20.00066947937,899.7930041220311,-235.38166546698147,254.65884936253994,0.02616709970056305,9.162641784256492E-4
718.0997890274438,-191.97242741154628,308.99133740378,871.5724239753736,-228.9010965159506,-20.00066947937,871.5724239753736,-228.9010965159506,265.9734644575656,0.013991083283469059,7.611342633467585E-4
718.0997890274438,-191.97242741154628,308.99133740378,844.8670004202448,-225.85924063328952,-20.00066947937,844.8670004202448,-225.85924063328952,290.23608829643547,0.0036875450863118765,0.0018090429485385392
718.0997890274438,-191.97242741154628,308.99133740378,823.8336767945339,-226.43941089819864,-20.00066947937,823.8336767945339,-226.43941089819864,312.92449718558413,3.4146554443578573E-4,0.0013776888138613145
718.0997890274438,-191.97242741154628,308.99133740378,790.4494544306691,-221.43135386990176,-20.00066947937,790.4494544306691,-221.43135386990176,323.3597997205921,4.247335788162876E-5,4.6980178040695764E-4
718.0997890274438,-191.97242741154628,308.99133740378,759.6120983433299,-216.0607731719979,-20.00066947937,759.6120983433299,-216.0607731719979,319.6611128824365,8.22409940437363E-5,7.230464244916797E-5
718.0997890274438,-191.97242741154628,308.99133740378,725.3349706386102,-210.0756724150005,-20.00066947937,725.3349706386102,-210.0756724150005,301.4753871021745,1.164063988331193E-4,5.674224108563839E-4
718.0997890274438,-191.97242741154628,308.99133740378,693.9516750150212,-207.8271615906022,-20.00066947937,693.9516750150212,-207.8271615906022,265.1201948051262,0.004603132265135843,0.0029623400082437446
718.0997890274438,-191.97242741154628,308.99133740378,669.2671173176963,-206.6682795681318,-20.00066947937,669.2671173176963,-206.6682795681318,186.13197227232627,0.06948820523900884,0.019230588674587615
718.0997890274438,-191.97242741154628,308.99133740378,701.6353075688014,-212.4267688472884,-20.00066947937,701.6353075688014,-212.4267688472884,127.66483327818688,0.28016112765071827,0.008577595415975223
718.0997890274438,-191.97242741154628,308.99133740378,772.3421668273159,-225.16183310909642,-20.00066947937,772.3421668273159,-225.16183310909642,132.7062001343272,0.26197353920971983,1.7626179908977337E-4
718.0997890274438,-191.97242741154628,308.99133740378,838.4855162706051,-232.96936470225992,-20.00066947937,838.4855162706051,-232.96936470225992,186.41532135400513,0.09226857483452487,0.01133432269014105
718.0997890274438,-191.97242741154628,308.99133740378,866.6913884190968,-230.4385919348807,-20.00066947937,866.6913884190968,-230.4385919348807,257.7509740262732,0.017316809359149032,0.013040642870126871
718.0997890274438,-191.97242741154628,308.99133740378,846.676327575371,-221.28539647612533,-20.00066947937,846.676327575371,-221.28539647612533,310.6910803539057,9.471567055567416E-4,0.006780071965570597
718.0997890274438,-191.97242741154628,308.99133740378,800.7903682110336,-209.33475487276434,-20.00066947937,800.7903682110336,-209.33475487276434,333.2400198147917,2.711332927284524E-4,0.0018494668274613682
718.0997890274438,-191.97242741154628,308.99133740378,773.2016963628661,-204.44003123331836,-20.00066947937,773.2016963628661,-204.44003123331836,331.15311393021784,4.4819600964991015E-4,5.462785789131167E-5
718.0997890274438,-191.97242741154628,308.99133740378,750.7925271689887,-203.49112292388622,-20.00066947937,750.7925271689887,-203.49112292388622,316.1195371833453,4.579208277295247E-5,5.067056236366859E-4
718.0997890274438,-191.97242741154628,308.99133740378,726.2415637754319,-201.41427255904796,-20.00066947937,726.2415637754319,-201.41427255904796,285.87221954649954,0.0010708633742205174,0.001838447436063293
718.0997890274438,-191.97242741154628,308.99133740378,701.5931255152165,-198.22613612149675,-20.00066947937,701.5931255152165,-198.22613612149675,240.85484538345054,0.012706246115628613,0.004681392369189083
718.0997890274438,-191.97242741154628,308.99133740378,690.5931398422533,-201.4645275558702,-20.00066947937,690.5931398422533,-201.4645275558702,172.22023412052883,0.09474410209946496,0.012961276498336703
718.0997890274438,-191.97242741154628,308.99133740378,713.4593035707157,-204.97071144538288,-20.00066947937,713.4593035707157,-204.97071144538288,125.88362177104153,0.2902780956430048,0.004813812915135466
718.0997890274438,-191.97242741154628,308.99133740378,775.0784957755036,-215.6431475459405,-20.00066947937,775.0784957755036,-215.6431475459405,126.15550500678603,0.3057484120324534,5.5476282690714E-5
718.0997890274438,-191.97242741154628,308.99133740378,847.0914614880901,-234.1126608174798,-20.00066947937,847.0914614880901,-234.1126608174798,169.0274357743681,0.14310493623058743,0.008558658385557912
718.0997890274438,-191.97242741154628,308.99133740378,882.0582593466996,-239.33284140978435,-20.00066947937,882.0582593466996,-239.33284140978435,233.48360819812854,0.03922315747739205,0.011167847186884437
718.0997890274438,-191.97242741154628,308.99133740378,859.0079700310879,-228.96523216762282,-20.00066947937,859.0079700310879,-228.96523216762282,297.1997642528455,0.003313464142730749,0.010085827494534507
718.0997890274438,-191.97242741154628,308.99133740378,818.6699739937592,-219.88699177454055,-20.00066947937,818.6699739937592,-219.88699177454055,339.85824179669964,3.068133542157618E-4,0.005764953578321433
718.0997890274438,-191.97242741154628,308.99133740378,770.8176669554259,-213.09692057966382,-20.00066947937,770.8176669554259,-213.09692057966382,344.42050670484764,0.0012919222820574191,1.4341059875149956E-4
718.0997890274438,-191.97242741154628,308.99133740378,745.1908327780495,-213.43170758633488,-20.00066947937,745.1908327780495,-213.43170758633488,321.20131628129036,1.7063307778954103E-4,0.0011542024771339103
718.0997890274438,-191.97242741154628,308.99133740378,728.3759983886641,-214.7914417875766,-20.00066947937,728.3759983886641,-214.7914417875766,279.6980701567587,0.0018704580102261825,0.0038188544317157803
718.0997890274438,-191.97242741154628,308.99133740378,719.0568180179198,-214.87621743463436,-20.00066947937,719.0568180179198,-214.87621743463436,192.7207132741572,0.05562920036645892,0.023260477407719315
718.0997890274438,-191.97242741154628,308.99133740378,710.0492687175895,-206.89395906217732,-20.00066947937,710.0492687175895,-206.89395906217732,105.27948340264243,0.48772391190006636,0.024233645563434467
718.0997890274438,-191.97242741154628,308.99133740378,724.1552785115989,-205.57053163442663,-20.00066947937,724.1552785115989,-205.57053163442663,49.39195965816282,1.0,0.007653664915250846
718.0997890274438,-191.97242741154628,308.99133740378,795.9480473350842,-223.6646739811079,-20.00066947937,795.9480473350842,-223.6646739811079,60.11187711818005,1.0,7.932740855566593E-4
718.0997890274438,-191.97242741154628,308.99133740378,839.5897407362413,-236.95113887453573,-20.00066947937,839.5897407362413,-236.95113887453573,100.188373779556,0.6926020282809404,0.00563137557724509
718.0997890274438,-191.97242741154628,308.99133740378,874.4585983691888,-243.97574078803177,-20.00066947937,874.4585983691888,-243.97574078803177,184.20107403230438,0.11811031455658223,0.019730134092661108
718.0997890274438,-191.97242741154628,308.99133740378,870.9049112186702,-244.8745797603424,-20.00066947937,870.9049112186702,-244.8745797603424,253.7868568339275,0.021099952644073654,0.007855729050712558
718.0997890274438,-191.97242741154628,308.99133740378,847.864247442713,-236.09683523776303,-20.00066947937,847.864247442713,-236.09683523776303,277.41003168015845,0.007225888494155887,0.0016662993553949743
718.0997890274438,-191.97242741154628,308.99133740378,823.0001609898071,-227.54499374197184,-20.00066947937,823.0001609898071,-227.54499374197184,242.21323691372,0.019266524782132845,0.0033752273340696523
718.0997890274438,-191.97242741154628,308.99133740378,798.7858630316164,-219.8394259646363,-20.00066947937,798.7858630316164,-219.8394259646363,177.83874684565,0.0946853761561199,0.011727384597967523
718.0997890274438,-191.97242741154628,308.99133740378,744.4731296230409,-202.44738737937604,-20.00066947937,744.4731296230409,-202.44738737937604,109.64962127182324,0.4395440365366724,0.012273608121725467
718.0997890274438,-191.97242741154628,308.99133740378,733.3352257152333,-196.45854983259076,-20.00066947937,733.3352257152333,-196.45854983259076,91.93074637577772,0.6931643195959301,6.189593265015318E-4
718.0997890274438,-191.97242741154628,308.99133740378,753.6015030914982,-205.4496838167385,-20.00066947937,753.6015030914982,-205.4496838167385,133.057333869532,0.24874333952984742,0.004061787093549508
718.0997890274438,-191.97242741154628,308.99133740378,767.7925208168687,-211.0556085456104,-20.00066947937,767.7925208168687,-211.0556085456104,181.23530479809753,0.07906981073537155,0.005695747426162052
718.0997890274438,-191.97242741154628,308.99133740378,770.2517512624596,-211.11980838069232,-20.00066947937,770.2517512624596,-211.11980838069232,217.7937132638325,0.029845343599509005,0.002756124588871001
718.0997890274438,-191.97242741154628,308.99133740378,766.3371815386182,-208.3300519112283,-20.00066947937,766.3371815386182,-208.3300519112283,242.9643107949299,0.01299524667888637,0.001271846513468802
718.0997890274438,-191.97242741154628,308.99133740378,759.850170103595,-204.37199725397022,-20.00066947937,759.850170103595,-204.37199725397022,260.6226091497068,0.0061235130066572266,6.346291316502106E-4
718.0997890274438,-191.97242741154628,308.99133740378,753.9420630805306,-201.24912759164417,-20.00066947937,753.9420630805306,-201.24912759164417,271.7901088499098,0.003328125625483335,2.499425124901671E-4
718.0997890274438,-191.97242741154628,308.99133740378,748.7406252465101,-199.5110871146044,-20.00066947937,748.7406252465101,-199.5110871146044,278.84758322304316,0.002060579959275957,9.93423289360345E-5
718.0997890274438,-191.97242741154628,308.99133740378,745.6089847702177,-198.4870421388035,-20.00066947937,745.6089847702177,-198.4870421388035,282.06322496672544,0.0015940875091046678,2.0729533457633753E-5
718.0997890274438,-191.97242741154628,308.99133740378,742.9950301678388,-197.59094426608613,-20.00066947937,742.9950301678388,-197.59094426608613,284.3046608584465,0.001307529334909815,1.0167669521229518E-5
718.0997890274438,-191.97242741154628,308.99133740378,740.7033008106592,-196.8482979834242,-20.00066947937,740.7033008106592,-196.8482979834242,285.9507864987595,0.0011163420119506453,5.544606901817381E-6
718.0997890274438,-191.97242741154628,308.99133740378,740.436094788091,-196.6983654698295,-20.00066947937,740.436094788091,-196.6983654698295,286.52099125162977,0.0010577974038194226,5.879412927433092E-7
718.0997890274438,-191.97242741154628,308.99133740378,740.7151161186796,-196.82807905604966,-20.00066947937,740.7151161186796,-196.82807905604966,285.9954498723165,0.001111888361055577,5.03556818941681E-7
718.0997890274438,-191.97242741154628,308.99133740378,740.7793937796605,-196.84625473130885,-20.00066947937,740.7793937796605,-196.84625473130885,285.6743026918226,0.0011449325149760219,1.78749758889783E-7
718.0997890274438,-191.97242741154628,308.99133740378,739.7916446468141,-196.6412755604898,-20.00066947937,739.7916446468141,-196.6412755604898,283.52903442037905,0.0013695193591645406,8.340707342593941E-6
718.0997890274438,-191.97242741154628,308.99133740378,738.6944561892844,-196.38777504077322,-20.00066947937,738.6944561892844,-196.38777504077322,281.11961364515554,0.0016505728101565886,1.0509810063036969E-5
718.0997890274438,-191.97242741154628,308.99133740378,737.7657440424912,-195.7590271592585,-20.00066947937,737.7657440424912,-195.7590271592585,279.5678156429883,0.0018460268021902725,4.425275243417333E-6
718.0997890274438,-191.97242741154628,308.99133740378,736.9055803658398,-194.98305115298155,-20.00066947937,736.9055803658398,-194.98305115298155,278.98858441245824,0.0019180447711158893,6.792239530654636E-7
718.0997890274438,-191.97242741154628,308.99133740378,735.7735589244146,-194.35072178224155,-20.00066947937,735.7735589244146,-194.35072178224155,279.34478648253054,0.0018607390919026395,2.970818766325907E-7
718.0997890274438,-191.97242741154628,308.99133740378,734.4486388575837,-193.6174643182381,-20.00066947937,734.4486388575837,-193.6174643182381,280.30064315633155,0.0017248086062990977,1.7748918729448698E-6
718.0997890274438,-191.97242741154628,308.99133740378,733.1383876664885,-192.83389083602495,-20.00066947937,733.1383876664885,-192.83389083602495,281.7425176667151,0.0015359763263891684,3.839810638224068E-6
718.0997890274438,-191.97242741154628,308.99133740378,731.7195418821613,-192.1690256815635,-20.00066947937,731.7195418821613,-192.1690256815635,283.47897638984057,0.0013268810684103826,5.491292785072488E-6
718.0997890274438,-191.97242741154628,308.99133740378,730.3842377360261,-191.55216834834178,-20.00066947937,730.3842377360261,-191.55216834834178,285.3333529773323,0.001124186088545378,6.1931908039436075E-6
718.0997890274438,-191.97242741154628,308.99133740378,729.1485808891894,-191.22873767282454,-20.00066947937,729.1485808891894,-191.22873767282454,287.4286592653038,9.19251319228669E-4,7.820988244462586E-6
718.0997890274438,-191.97242741154628,308.99133740378,728.0467220696491,-191.12202207287007,-20.00066947937,728.0467220696491,-191.12202207287007,289.35838668270753,7.512178474318363E-4,6.596353510095207E-6
718.0997890274438,-191.97242741154628,308.99133740378,727.2542466667766,-191.37545018556406,-20.00066947937,727.2542466667766,-191.37545018556406,290.949735487337,6.271181147531707E-4,4.451293515055088E-6
718.0997890274438,-191.97242741154628,308.99133740378,726.790568964637,-191.6960091830229,-20.00066947937,726.790568964637,-191.6960091830229,292.0431370956326,5.491998980319725E-4,2.084918849066252E-6
718.0997890274438,-191.97242741154628,308.99133740378,726.417326438672,-191.83275943767663,-20.00066947937,726.417326438672,-191.83275943767663,292.4497412520733,5.213665573964392E-4,2.938550808404822E-7
718.0997890274438,-191.97242741154628,308.99133740378,726.1388286856833,-191.81437087232337,-20.00066947937,726.1388286856833,-191.81437087232337,292.41923530119476,5.229475744219218E-4,2.346357958109306E-9
717.5118447286328,-191.53388332933187,309.1583419469224,725.5993961238338,-191.54566723241635,-20.00066947937,725.5993961238338,-191.54566723241635,292.19154208443194,5.488744483029667E-4,9.80088157758975E-8
717.5118447286328,-191.53388332933187,309.1583419469224,725.5800806645192,-191.54423564543825,-20.00066947937,725.5800806645192,-191.54423564543825,292.1651586194921,5.506353626867155E-4,1.2214639987263322E-9
717.5118447286328,-191.53388332933187,309.1583419469224,725.5807227970322,-191.54498284969782,-20.00066947937,725.5807227970322,-191.54498284969782,292.1626922004807,5.508040091848921E-4,1.0432480197385357E-11
717.5118447286328,-191.53388332933187,309.1583419469224,725.5813358632241,-191.5448226743992,-20.00066947937,725.5813358632241,-191.5448226743992,292.16008791762323,5.509820088034863E-4,1.1617058762334251E-11
717.5118447286328,-191.53388332933187,309.1583419469224,725.581702379101,-191.54493468329736,-20.00066947937,725.581702379101,-191.54493468329736,292.1596725649001,5.510108254320637E-4,3.04892085966709E-13
717.5118447286328,-191.53388332933187,309.1583419469224,725.5822249193768,-191.54445356746476,-20.00066947937,725.5822249193768,-191.54445356746476,292.158998767199,5.510574592415595E-4,7.982756810362571E-13
717.5118447286328,-191.53388332933187,309.1583419469224,725.5828203577139,-191.543696881957,-20.00066947937,725.5828203577139,-191.543696881957,292.15846529641954,5.510946689805349E-4,5.086527422786319E-13
717.5118447286328,-191.53388332933187,309.1583419469224,725.5832880731573,-191.54317933437977,-20.00066947937,725.5832880731573,-191.54317933437977,292.1580330634405,5.511247954052865E-4,3.333680579767115E-13
717.5118447286328,-191.53388332933187,309.1583419469224,725.5834956375344,-191.54305849109326,-20.00066947937,725.5834956375344,-191.54305849109326,292.15807094867796,5.511225472638165E-4,3.1276187378708947E-15
717.5118447286328,-191.53388332933187,309.1583419469224,725.5839614719083,-191.54263628869788,-20.00066947937,725.5839614719083,-191.54263628869788,292.15798497008075,5.511291286248675E-4,1.60674763499215E-14
717.5118447286328,-191.53388332933187,309.1583419469224,725.5844163634055,-191.54210855505008,-20.00066947937,725.5844163634055,-191.54210855505008,292.157785242676,5.511434268655496E-4,7.5309525222794E-14
717.5118447286328,-191.53388332933187,309.1583419469224,725.5846965469663,-191.5419064377546,-20.00066947937,725.5846965469663,-191.5419064377546,292.15771651176163,5.511485426872868E-4,9.679232622799597E-15
717.5118447286328,-191.53388332933187,309.1583419469224,725.5850416020905,-191.54170902784568,-20.00066947937,725.5850416020905,-191.54170902784568,292.1578154174945,5.511423627355305E-4,1.9521140361372664E-14
717.5118447286328,-191.53388332933187,309.1583419469224,725.5856393723428,-191.54126269760678,-20.00066947937,725.5856393723428,-191.54126269760678,292.15767015047754,5.511531842922649E-4,4.3313136754037055E-14
717.5118447286328,-191.53388332933187,309.1583419469224,725.5859216023734,-191.54103162531425,-20.00066947937,725.5859216023734,-191.54103162531425,292.15781200118727,5.511439850276974E-4,3.7479432540056286E-14
717.5118447286328,-191.53388332933187,309.1583419469224,725.5863500458256,-191.5406373290987,-20.00066947937,725.5863500458256,-191.5406373290987,292.1579291477797,5.511366965157998E-4,2.7596307132092234E-14
717.5118447286328,-191.53388332933187,309.1583419469224,725.5868086018718,-191.54005812352185,-20.00066947937,725.5868086018718,-191.54005812352185,292.157884115617,5.511404826159703E-4,5.365359923981779E-15
717.5118447286328,-191.53388332933187,309.1583419469224,725.5898406498347,-191.53243108241338,-20.00066947937,725.5898406498347,-191.53243108241338,292.15610478354495,5.51266265163952E-4,5.818133496652174E-12
717.5118447286328,-191.53388332933187,309.1583419469224,726.0514944602202,-190.45187972907306,-20.00066947937,726.0514944602202,-190.45187972907306,292.0070145541712,5.623306699220745E-4,4.476386618153781E-8
717.5118447286328,-191.53388332933187,309.1583419469224,724.4105762256102,-186.540669859251,-20.00066947937,724.4105762256102,-186.540669859251,289.7193969440391,7.317470431994286E-4,9.520823076041282E-6
717.5118447286328,-191.53388332933187,309.1583419469224,703.8782071929942,-174.8001608140016,-20.00066947937,703.8782071929942,-174.8001608140016,283.5025366053205,0.0013858022229466076,8.165545188914414E-5
717.5118447286328,-191.53388332933187,309.1583419469224,664.5477415347435,-158.14725217641308,-20.00066947937,664.5477415347435,-158.14725217641308,270.554245874618,0.00430941580341984,5.999283777862453E-4
717.5118447286328,-191.53388332933187,309.1583419469224,641.194731463848,-151.51946023086012,-20.00066947937,641.194731463848,-151.51946023086012,251.02544939615478,0.01198271839883092,0.001091757832912022
717.5118447286328,-191.53388332933187,309.1583419469224,662.8986873517028,-164.9047038220833,-20.00066947937,662.8986873517028,-164.9047038220833,234.378420084651,0.018321257473399962,7.576949329977993E-4
717.5118447286328,-191.53388332933187,309.1583419469224,707.6143064526618,-180.65852167932493,-20.00066947937,707.6143064526618,-180.65852167932493,232.43652874186137,0.017111430157436103,2.5373642484776446E-7
717.5118447286328,-191.53388332933187,309.1583419469224,738.870857885142,-188.8108597955944,-20.00066947937,738.870857885142,-188.8108597955944,236.6406546351004,0.014950881536992634,3.856676017690735E-5
717.5118447286328,-191.53388332933187,309.1583419469224,783.4179082560238,-200.77657087224267,-20.00066947937,783.4179082560238,-200.77657087224267,245.28524280855729,0.01298401991796486,3.784985419459034E-4
717.5118447286328,-191.53388332933187,309.1583419469224,825.5030609528303,-205.98372312528377,-20.00066947937,825.5030609528303,-205.98372312528377,251.81899251240426,0.01394704815560448,5.068556855665132E-4
717.5118447286328,-191.53388332933187,309.1583419469224,838.0288808004569,-201.76605401047036,-20.00066947937,838.0288808004569,-201.76605401047036,249.11936643010029,0.016868706373148766,7.112602868171596E-5
717.5118447286328,-191.53388332933187,309.1583419469224,832.6501164252625,-188.56481257470145,-20.00066947937,832.6501164252625,-188.56481257470145,237.47639678607783,0.02306986041638295,2.5896855233302116E-4
717.5118447286328,-191.53388332933187,309.1583419469224,793.5264379410361,-172.80754502936864,-20.00066947937,793.5264379410361,-172.80754502936864,237.9330553684765,0.017849231776386323,9.59812217854133E-5
717.5118447286328,-191.53388332933187,309.1583419469224,745.2239474853717,-157.75017999119515,-20.00066947937,745.2239474853717,-157.75017999119515,245.29504136508444,0.011627872690572688,1.44135711523692E-4
717.5118447286328,-191.53388332933187,309.1583419469224,700.3668745770066,-141.42225545935776,-20.00066947937,700.3668745770066,-141.42225545935776,252.0456092881611,0.009339877403503404,1.1207336969379088E-4
717.5118447286328,-191.53388332933187,309.1583419469224,664.3440899406178,-126.91693902544947,-20.00066947937,664.3440899406178,-126.91693902544947,251.47960971493953,0.01157402619860363,7.655220642990654E-5
717.5118447286328,-191.53388332933187,309.1583419469224,647.8128387355868,-124.51464099005713,-20.00066947937,647.8128387355868,-124.51464099005713,242.47779169856506,0.017314465272308364,2.4782779650298753E-4
717.5118447286328,-191.53388332933187,309.1583419469224,659.6135154641902,-135.61478087029838,-20.00066947937,659.6135154641902,-135.61478087029838,234.34418611949343,0.020279168517707297,2.2494733436732988E-4
717.5118447286328,-191.53388332933187,309.1583419469224,691.4023257015507,-154.59673264466758,-20.00066947937,691.4023257015507,-154.59673264466758,234.77168409970122,0.016987229223627814,1.5064577600847561E-5
717.5118447286328,-191.53388332933187,309.1583419469224,730.8026129833361,-174.64957222114214,-20.00066947937,730.8026129833361,-174.64957222114214,240.50924710928862,0.013016293203618008,5.031302777427566E-5
717.5118447286328,-191.53388332933187,309.1583419469224,773.8984216668952,-193.47609183495103,-20.00066947937,773.8984216668952,-193.47609183495103,245.7898527263638,0.012082021071032215,1.530233722146692E-4
717.5118447286328,-191.53388332933187,309.1583419469224,799.1135505883153,-204.76091168667796,-20.00066947937,799.1135505883153,-204.76091168667796,247.42742019036672,0.013296239711197502,8.231085422685564E-5
717.5118447286328,-191.53388332933187,309.1583419469224,822.3028741214918,-215.48366728986247,-20.00066947937,822.3028741214918,-215.48366728986247,247.21740501763927,0.016073109829055725,8.02368540293563E-5
717.5118447286328,-191.53388332933187,309.1583419469224,851.5668243122996,-230.51884122818717,-20.00066947937,851.5668243122996,-230.51884122818717,245.48249495149426,0.022085263674107156,2.583366577902238E-4
717.5118447286328,-191.53388332933187,309.1583419469224,873.2801525666375,-241.73384889020883,-20.00066947937,873.2801525666375,-241.73384889020883,243.89102268673452,0.02836734161672824,1.9232414629695037E-4
717.5118447286328,-191.53388332933187,309.1583419469224,884.2787422719086,-249.10940511892312,-20.00066947937,884.2787422719086,-249.10940511892312,242.55971524203972,0.032767404904567,6.80218890077444E-5
717.5118447286328,-191.53388332933187,309.1583419469224,879.1417678411271,-249.56622475072314,-20.00066947937,879.1417678411271,-249.56622475072314,241.0752716924559,0.03271817170993894,1.763484729956001E-5
717.5118447286328,-191.53388332933187,309.1583419469224,865.2055579615054,-244.95715788671433,-20.00066947937,865.2055579615054,-244.95715788671433,241.08270125514048,0.02893529249945792,5.2805206304191456E-5
717.5118447286328,-191.53388332933187,309.1583419469224,833.4060462334706,-234.11606558593772,-20.00066947937,833.4060462334706,-234.11606558593772,246.09335867506564,0.018945401120584827,3.7375977796983345E-4
717.5118447286328,-191.53388332933187,309.1583419469224,793.9262504154904,-216.86785727713908,-20.00066947937,793.9262504154904,-216.86785727713908,255.90391877876138,0.009563248615336894,5.304617155661122E-4
717.5118447286328,-191.53388332933187,309.1583419469224,751.2837811088411,-196.47360427938088,-20.00066947937,751.2837811088411,-196.47360427938088,265.9454660858437,0.004544361509669234,2.2996531609080536E-4
717.5118447286328,-191.53388332933187,309.1583419469224,710.6500652368161,-179.26268215287678,-20.00066947937,710.6500652368161,-179.26268215287678,269.32543834499916,0.003534068833228999,6.160433215752132E-6
717.5118447286328,-191.53388332933187,309.1583419469224,683.1816183286303,-168.25774358662545,-20.00066947937,683.1816183286303,-168.25774358662545,268.2903750945969,0.004176203877910408,1.8961447469544684E-5
717.5118447286328,-191.53388332933187,309.1583419469224,656.8362514041453,-159.63342506897047,-20.00066947937,656.8362514041453,-159.63342506897047,264.1933466140189,0.006155741102275417,1.242733833341453E-4
717.5118447286328,-191.53388332933187,309.1583419469224,622.7419992747384,-150.81704165650143,-20.00066947937,622.7419992747384,-150.81704165650143,253.07715415113262,0.012720258876115756,6.662750233835156E-4
717.5118447286328,-191.53388332933187,309.1583419469224,606.0641059735273,-148.4051699658549,-20.00066947937,606.0641059735273,-148.4051699658549,236.98131730722017,0.024157859744381522,7.148147965009963E-4
717.5118447286328,-191.53388332933187,309.1583419469224,627.3962026722282,-159.18662129968328,-20.00066947937,627.3962026722282,-159.18662129968328,222.07760631994347,0.03179754121441331,7.34197678996981E-4
717.5118447286328,-191.53388332933187,309.1583419469224,668.5444078512204,-171.5658481130332,-20.00066947937,668.5444078512204,-171.5658481130332,221.88490465924642,0.02627938724574645,3.0381545130365997E-5
717.5118447286328,-191.53388332933187,309.1583419469224,723.2134699520586,-186.02798229436684,-20.00066947937,723.2134699520586,-186.02798229436684,231.65444006791046,0.017464282048642286,6.347074429200489E-5
717.5118447286328,-191.53388332933187,309.1583419469224,773.6475062320228,-200.5004261975743,-20.00066947937,773.6475062320228,-200.5004261975743,241.9731756642484,0.013896160929426016,4.113259115623569E-4
717.5118447286328,-191.53388332933187,309.1583419469224,821.0605904530793,-215.98878833295865,-20.00066947937,821.0605904530793,-215.98878833295865,246.35200712259615,0.016394074129727966,4.439476815800451E-4
717.5118447286328,-191.53388332933187,309.1583419469224,862.7308630444027,-230.80501950000692,-20.00066947937,862.7308630444027,-230.80501950000692,245.0864141741143,0.024501674756520358,4.5634884465722635E-4
717.5118447286328,-191.53388332933187,309.1583419469224,891.732042787836,-243.7708320458243,-20.00066947937,891.732042787836,-243.7708320458243,242.01256447975143,0.03480372597412672,4.0941099299644985E-4
717.5118447286328,-191.53388332933187,309.1583419469224,903.1415470144208,-251.6131815789374,-20.00066947937,903.1415470144208,-251.6131815789374,239.01524531888631,0.04184094554066126,1.1130269045579798E-4
717.5118447286328,-191.53388332933187,309.1583419469224,892.5767892733317,-249.9236414028,-20.00066947937,892.5767892733317,-249.9236414028,238.73047599935995,0.03861454012013024,3.721884727443996E-5
717.5118447286328,-191.53388332933187,309.1583419469224,873.0003567884102,-236.34219423812337,-20.00066947937,873.0003567884102,-236.34219423812337,267.08860776862133,0.014153566264703751,0.002073656668492922
717.5118447286328,-191.53388332933187,309.1583419469224,848.6319758129238,-222.0341566387813,-20.00066947937,848.6319758129238,-222.0341566387813,312.6675330803592,8.745962209769568E-4,0.005432208846801376
717.5118447286328,-191.53388332933187,309.1583419469224,826.675917546917,-219.26533743190623,-20.00066947937,826.675917546917,-219.26533743190623,335.70238908107933,8.848488221621737E-5,0.0014753017710105755
717.5118447286328,-191.53388332933187,309.1583419469224,827.146783978137,-225.90266945219489,-20.00066947937,827.146783978137,-225.90266945219489,323.50313783507914,4.0991975533978686E-5,2.4394080960104663E-4
717.5118447286328,-191.53388332933187,309.1583419469224,816.0876896918294,-223.6629827719857,-20.00066947937,816.0876896918294,-223.6629827719857,289.53454936605317,0.0024249692600088173,0.0024550779445730924
717.5118447286328,-191.53388332933187,309.1583419469224,797.0384236311489,-218.42524911155726,-20.00066947937,797.0384236311489,-218.42524911155726,214.2020713142812,0.03726582567948146,0.016245006065003748
717.5118447286328,-191.53388332933187,309.1583419469224,788.4139402637456,-216.48953136847857,-20.00066947937,788.4139402637456,-216.48953136847857,171.62363217679084,0.10663464926285507,0.004009046515066998
717.5118447286328,-191.53388332933187,309.1583419469224,794.1636826220116,-214.12562871741065,-20.00066947937,794.1636826220116,-214.12562871741065,175.88718095666115,0.09765312237753472,5.1226849207925714E-5
717.5118447286328,-191.53388332933187,309.1583419469224,835.2824295222385,-223.08629413318658,-20.00066947937,835.2824295222385,-223.08629413318658,216.11998671767944,0.04348819153673919,0.005366494201153173
717.5118447286328,-191.53388332933187,309.1583419469224,864.5674807313663,-230.33258527375588,-20.00066947937,864.5674807313663,-230.33258527375588,284.2239533617422,0.006761884400937162,0.012271216200274928
717.5118447286328,-191.53388332933187,309.1583419469224,842.8318829110991,-221.90678311812144,-20.00066947937,842.8318829110991,-221.90678311812144,319.71895473172594,3.0290750901653573E-4,0.0032220205036623388
717.5118447286328,-191.53388332933187,309.1583419469224,814.817383857228,-218.25567808897185,-20.00066947937,814.817383857228,-218.25567808897185,304.84452392661404,6.573737485948804E-4,8.247228942750089E-4
717.5118447286328,-191.53388332933187,309.1583419469224,802.9136896333365,-218.11904665581278,-20.00066947937,802.9136896333365,-218.11904665581278,281.6175248926472,0.0031464341561291344,0.0011837942634664775
717.5118447286328,-191.53388332933187,309.1583419469224,783.924688056257,-220.310009748129,-20.00066947937,783.924688056257,-220.310009748129,233.93185645762708,0.019665746224071103,0.005665148683548416
717.5118447286328,-191.53388332933187,309.1583419469224,776.8674760406408,-225.32618932942634,-20.00066947937,776.8674760406408,-225.32618932942634,182.12967801720916,0.0807706904253818,0.006280736139237506
717.5118447286328,-191.53388332933187,309.1583419469224,781.2410658150193,-232.0137662313134,-20.00066947937,781.2410658150193,-232.0137662313134,146.44897178200543,0.19443601835445717,0.002678160446363261
717.5118447286328,-191.53388332933187,309.1583419469224,812.1224358856366,-242.04185798277234,-20.00066947937,812.1224358856366,-242.04185798277234,146.4633374161308,0.2141065853228864,1.1631550332498266E-4
717.5118447286328,-191.53388332933187,309.1583419469224,858.9623660822106,-249.97834160661913,-20.00066947937,858.9623660822106,-249.97834160661913,183.71605850284485,0.11228928996718433,0.0051386045664451015
717.5118447286328,-191.53388332933187,309.1583419469224,868.4922881419109,-242.258008003105,-20.00066947937,868.4922881419109,-242.258008003105,235.3474519944952,0.03428428534521298,0.0048729429070167906
717.5118447286328,-191.53388332933187,309.1583419469224,846.1611871597862,-231.8006143075654,-20.00066947937,846.1611871597862,-231.8006143075654,261.3403673114855,0.012828283526053103,0.001926648506885996
717.5118447286328,-191.53388332933187,309.1583419469224,806.9044659580811,-223.1978268339691,-20.00066947937,806.9044659580811,-223.1978268339691,248.98505278273302,0.013737294656864534,7.813499881758092E-4
717.5118447286328,-191.53388332933187,309.1583419469224,777.944450904956,-215.32268372274882,-20.00066947937,777.944450904956,-215.32268372274882,227.94461609921305,0.022905734910164257,0.0012295932372459073
717.5118447286328,-191.53388332933187,309.1583419469224,737.6375382184737,-202.1056002537497,-20.00066947937,737.6375382184737,-202.1056002537497,190.20349720529273,0.05959840975647053,0.0030777645709395398
717.5118447286328,-191.53388332933187,309.1583419469224,712.517923710823,-190.49884604947192,-20.00066947937,712.517923710823,-190.49884604947192,155.59066745086,0.14056050419942892,0.0024009643815580003
717.5118447286328,-191.53388332933187,309.1583419469224,706.3045021646673,-184.81281689708388,-20.00066947937,706.3045021646673,-184.81281689708388,134.4790704522253,0.23554537620074237,8.802799085000399E-4
717.5118447286328,-191.53388332933187,309.1583419469224,723.5544579127729,-193.40111841870757,-20.00066947937,723.5544579127729,-193.40111841870757,144.75077331469305,0.18304273968117485,1.8266421467542804E-4
717.5118447286328,-191.53388332933187,309.1583419469224,737.4016874496447,-201.67281768674437,-20.00066947937,737.4016874496447,-201.67281768674437,180.90022595851724,0.07574581003275255,0.002901743484957576
717.5118447286328,-191.53388332933187,309.1583419469224,746.62131551401,-204.4533695367709,-20.00066947937,746.62131551401,-204.4533695367709,217.1728482802152,0.028559281712807624,0.002908029962101531
717.5118447286328,-191.53388332933187,309.1583419469224,749.1903718590878,-203.71646761285126,-20.00066947937,749.1903718590878,-203.71646761285126,241.6572488005475,0.012863873641121305,0.0011876450091281117
717.5118447286328,-191.53388332933187,309.1583419469224,747.9237576586021,-202.15443180058207,-20.00066947937,747.9237576586021,-202.15443180058207,257.4441316582754,0.006775340581050307,4.670275090421206E-4
717.5118447286328,-191.53388332933187,309.1583419469224,745.309987709326,-200.76835623417335,-20.00066947937,745.309987709326,-200.76835623417335,267.7933898301181,0.004036834804816922,2.0016786714102387E-4
717.5118447286328,-191.53388332933187,309.1583419469224,742.6581062232748,-199.5152234219705,-20.00066947937,742.6581062232748,-199.5152234219705,274.13087538382405,0.0027642043980537693,7.499587945388704E-5
717.5118447286328,-191.53388332933187,309.1583419469224,742.0141567627996,-199.1672154890227,-20.00066947937,742.0141567627996,-199.1672154890227,276.03835807619583,0.002439718060415943,6.530702148637258E-6
717.5118447286328,-191.53388332933187,309.1583419469224,741.3614023154133,-198.89596848393563,-20.00066947937,741.3614023154133,-198.89596848393563,274.3994648892031,0.0027014759764775725,4.845869974729599E-6
717.5118447286328,-191.53388332933187,309.1583419469224,740.9391462720336,-198.9938445287652,-20.00066947937,740.9391462720336,-198.9938445287652,271.6399392784162,0.0031901588873840966,1.3289305153742752E-5
717.5118447286328,-191.53388332933187,309.1583419469224,740.0426143978494,-198.50857749538127,-20.00066947937,740.0426143978494,-198.50857749538127,270.3587177193041,0.0034238892017497183,3.0903862989250575E-6
717.5118447286328,-191.53388332933187,309.1583419469224,738.703412827351,-197.84293112980373,-20.00066947937,738.703412827351,-197.84293112980373,270.94706572728626,0.0032923034413853717,7.895424937528478E-7
717.5118447286328,-191.53388332933187,309.1583419469224,737.3724394424925,-197.4914264024459,-20.00066947937,737.3724394424925,-197.4914264024459,273.1940325014291,0.0028647957005296003,9.271392201934644E-6
717.5118447286328,-191.53388332933187,309.1583419469224,735.8017894154875,-197.2160941518528,-20.00066947937,735.8017894154875,-197.2160941518528,276.61140833915863,0.0022878137126013972,2.1149323785037712E-5
717.5118447286328,-191.53388332933187,309.1583419469224,733.8647653280442,-196.77219240906862,-20.00066947937,733.8647653280442,-196.77219240906862,280.7571546442631,0.0016899249922069442,3.116829417128989E-5
717.5118447286328,-191.53388332933187,309.1583419469224,731.949113237618,-196.39870257548674,-20.00066947937,731.949113237618,-196.39870257548674,284.7261407057502,0.001215033385842654,2.8433107345531593E-5
717.5118447286328,-191.53388332933187,309.1583419469224,730.1651181111646,-195.76073652644095,-20.00066947937,730.1651181111646,-195.76073652644095,287.9152738362608,8.965946590880939E-4,1.83307358069255E-5
717.5118447286328,-191.53388332933187,309.1583419469224,728.639075700882,-194.91422883781334,-20.00066947937,728.639075700882,-194.91422883781334,290.0162244375383,7.153604567616461E-4,7.971475039481673E-6
717.5118447286328,-191.53388332933187,309.1583419469224,727.889342295094,-194.1715617652615,-20.00066947937,727.889342295094,-194.1715617652615,290.75882100483364,6.561320211680259E-4,1.009157438521481E-6
717.4981702395349,-191.5382601287343,309.2964133654209,727.2983863757735,-193.56082563351694,-20.00066947937,727.2983863757735,-193.56082563351694,290.5234046434332,6.822262793127802E-4,1.1069143623204482E-7
717.4981702395349,-191.5382601287343,309.2964133654209,727.1821448192383,-193.47226717628564,-20.00066947937,727.1821448192383,-193.47226717628564,290.33527025116086,6.964123995495688E-4,6.242978303286257E-8
717.4981702395349,-191.5382601287343,309.2964133654209,727.1745582447467,-193.44905620257816,-20.00066947937,727.1745582447467,-193.44905620257816,290.3028363435303,6.98898354499252E-4,1.8183534216719479E-9
717.4981702395349,-191.5382601287343,309.2964133654209,727.1154204992243,-193.40482536425117,-20.00066947937,727.1154204992243,-193.40482536425117,290.27612748617446,7.008256095374341E-4,1.3908926764183155E-9
717.4981702395349,-191.5382601287343,309.2964133654209,727.112472619518,-193.40224805836957,-20.00066947937,727.112472619518,-193.40224805836957,290.2640747693072,7.017544829311965E-4,2.4976239506179333E-10
717.4981702395349,-191.5382601287343,309.2964133654209,727.1122513557558,-193.40044015216256,-20.00066947937,727.1122513557558,-193.40044015216256,290.2622516605413,7.0189493851302E-4,5.723254146053795E-12
717.4981702395349,-191.5382601287343,309.2964133654209,727.1131901325963,-193.39838758210584,-20.00066947937,727.1131901325963,-193.39838758210584,290.25855428158934,7.021834729287593E-4,2.3605544561279433E-11
717.4981702395349,-191.5382601287343,309.2964133654209,727.113191481085,-193.3982997890557,-20.00066947937,727.113191481085,-193.3982997890557,290.2548763953863,7.024693674623839E-4,2.2878915435237523E-11
717.4981702395349,-191.5382601287343,309.2964133654209,727.1135866295399,-193.397250991712,-20.00066947937,727.1135866295399,-193.397250991712,290.2532982042453,7.025924909009472E-4,4.305081086668372E-12
717.4981702395349,-191.5382601287343,309.2964133654209,727.1141098683942,-193.39640639207647,-20.00066947937,727.1141098683942,-193.39640639207647,290.2529861981359,7.026175218490049E-4,1.8642753448076233E-13
717.4981702395349,-191.5382601287343,309.2964133654209,727.1144409585122,-193.3954115315757,-20.00066947937,727.1144409585122,-193.3954115315757,290.251731453515,7.027153920676043E-4,2.7272739658725787E-12
717.4981702395349,-191.5382601287343,309.2964133654209,727.1150578359608,-193.3938014177545,-20.00066947937,727.1150578359608,-193.3938014177545,290.2512468328247,7.027537342161925E-4,4.4273344980442055E-13
717.4981702395349,-191.5382601287343,309.2964133654209,727.1158577607345,-193.39256025772593,-20.00066947937,727.1158577607345,-193.39256025772593,290.2512135736826,7.027575191917748E-4,6.841123708007305E-15
717.4981702395349,-191.5382601287343,309.2964133654209,727.1166449726699,-193.39148758349725,-20.00066947937,727.1166449726699,-193.39148758349725,290.2509226909648,7.027813822620028E-4,1.7304563818990643E-13
717.4981702395349,-191.5382601287343,309.2964133654209,727.1176388091759,-193.3898867812319,-20.00066947937,727.1176388091759,-193.3898867812319,290.2504697824766,7.028180717593084E-4,4.075249941551028E-13
717.4981702395349,-191.5382601287343,309.2964133654209,727.1186128553774,-193.38834906815504,-20.00066947937,727.1186128553774,-193.38834906815504,290.2504294591649,7.028226582930379E-4,1.0133199931920518E-14
