716.8368457508,-193.6553165507568,309.96337942484,725.7401752166573,-198.90220456328353,-20.00066947937,725.7401752166573,-198.90220456328353,293.3051895945481,5.293715352167786E-4,0.007520352767614692
716.8368457508,-193.6553165507568,309.96337942484,725.698560301292,-198.9293318285946,-20.00066947937,725.698560301292,-198.9293318285946,293.28533647108594,5.306458647674635E-4,7.712190108971793E-10
716.8368457508,-193.6553165507568,309.96337942484,725.4031301431287,-198.85941756021253,-20.00066947937,725.4031301431287,-198.85941756021253,292.9481082215953,5.527293678533212E-4,2.0185866237324104E-7
716.8368457508,-193.6553165507568,309.96337942484,723.8593864986407,-198.5149615353544,-20.00066947937,723.8593864986407,-198.5149615353544,291.40997407910686,6.597576403014663E-4,4.205530365129511E-6
716.8368457508,-193.6553165507568,309.96337942484,723.4691539190915,-199.06013151829006,-20.00066947937,723.4691539190915,-199.06013151829006,289.3887482230382,8.210487652352238E-4,7.080502421402578E-6
716.8368457508,-193.6553165507568,309.96337942484,723.3930549725104,-199.67866008323614,-20.00066947937,723.3930549725104,-199.67866008323614,287.1716126399375,0.001021887098253387,8.486957793142962E-6
716.8368457508,-193.6553165507568,309.96337942484,723.2727981316228,-198.9934370145897,-20.00066947937,723.2727981316228,-198.9934370145897,285.63509566386796,0.0011739099919334777,4.082217454427161E-6
716.8368457508,-193.6553165507568,309.96337942484,723.734015265825,-198.2989996966765,-20.00066947937,723.734015265825,-198.2989996966765,284.9363367816854,0.001247592935006189,8.703237386916273E-7
716.8368457508,-193.6553165507568,309.96337942484,724.1517917984157,-197.86142597269273,-20.00066947937,724.1517917984157,-197.86142597269273,284.7621875060649,0.0012667022520527326,5.989580903273455E-8
716.8368457508,-193.6553165507568,309.96337942484,724.2321478845666,-197.89647646838412,-20.00066947937,724.2321478845666,-197.89647646838412,284.86742369286003,0.001255546113836147,1.9473560330939963E-8
716.8368457508,-193.6553165507568,309.96337942484,723.2114895195213,-199.3768904022561,-20.00066947937,723.2114895195213,-199.3768904022561,284.57575817146005,0.001287338711790406,1.862871150168206E-7
716.8368457508,-193.6553165507568,309.96337942484,714.5526063689697,-203.82951987170196,-20.00066947937,714.5526063689697,-203.82951987170196,274.5698579476382,0.002676384194512607,1.8130010409215714E-4
716.8368457508,-193.6553165507568,309.96337942484,705.3856310195551,-218.46750697481139,-20.00066947937,705.3856310195551,-218.46750697481139,249.99597380282574,0.009405253451878119,0.0012816858324775147
716.8368457508,-193.6553165507568,309.96337942484,713.6468886815062,-218.2962740574956,-20.00066947937,713.6468886815062,-218.2962740574956,246.0274946615907,0.010921432871380364,2.6757381539902206E-5
716.8368457508,-193.6553165507568,309.96337942484,724.6563114971563,-212.89470033704933,-20.00066947937,724.6563114971563,-212.89470033704933,255.55492994097327,0.007333676700191568,1.7377103486911007E-4
716.8368457508,-193.6553165507568,309.96337942484,730.3539332844638,-209.94872253558194,-20.00066947937,730.3539332844638,-209.94872253558194,263.32234937284295,0.005123450995777501,1.1509597903610716E-4
716.8368457508,-193.6553165507568,309.96337942484,733.0564234375294,-208.08662958143566,-20.00066947937,733.0564234375294,-208.08662958143566,268.4773579680565,0.003930384690895165,4.9566983711972685E-5
716.8368457508,-193.6553165507568,309.96337942484,733.3313891505021,-207.74927580231687,-20.00066947937,733.3313891505021,-207.74927580231687,269.18983339395083,0.0037799196517125508,9.209647874203164E-7
716.8368457508,-193.6553165507568,309.96337942484,733.2904311604258,-208.1499395360464,-20.00066947937,733.2904311604258,-208.1499395360464,267.6212753520433,0.004118602437050045,4.2577074005922315E-6
716.8368457508,-193.6553165507568,309.96337942484,724.352104663457,-211.9589412213036,-20.00066947937,724.352104663457,-211.9589412213036,264.7087099826042,0.004762906360764558,1.7342941957412943E-5
716.8368457508,-193.6553165507568,309.96337942484,694.7499996420133,-209.47964199311352,-20.00066947937,694.7499996420133,-209.47964199311352,258.53318035511995,0.006537111330639437,8.395655836550018E-5
716.8368457508,-193.6553165507568,309.96337942484,688.6145847505752,-219.4497867408564,-20.00066947937,688.6145847505752,-219.4497867408564,246.1354858786858,0.01130826306335889,3.2684974495680077E-4
716.8368457508,-193.6553165507568,309.96337942484,706.362235623313,-220.6199525231688,-20.00066947937,706.362235623313,-220.6199525231688,243.10637015451923,0.012313005853912014,1.745814198443283E-5
716.8368457508,-193.6553165507568,309.96337942484,714.1136488500198,-215.02786615384204,-20.00066947937,714.1136488500198,-215.02786615384204,245.6884859632599,0.010985644508222646,1.4041462902881126E-5
716.8368457508,-193.6553165507568,309.96337942484,722.5305733681837,-211.43310602003476,-20.00066947937,722.5305733681837,-211.43310602003476,249.5120783302083,0.00940258459532874,2.801189141460533E-5
716.8368457508,-193.6553165507568,309.96337942484,727.2908467057719,-210.21436201954614,-20.00066947937,727.2908467057719,-210.21436201954614,251.6758125175401,0.008623891678159978,9.305998629073724E-6
716.8368457508,-193.6553165507568,309.96337942484,728.0678453648003,-210.09639148903298,-20.00066947937,728.0678453648003,-210.09639148903298,251.96462328370222,0.008527055950579886,1.720740550406566E-7
716.8368457508,-193.6553165507568,309.96337942484,726.8195828593532,-210.07426825188776,-20.00066947937,726.8195828593532,-210.07426825188776,250.1781991824507,0.009162521232524102,5.6311247039992495E-6
716.8368457508,-193.6553165507568,309.96337942484,725.3695891325159,-210.35964030508075,-20.00066947937,725.3695891325159,-210.35964030508075,247.9879747170363,0.00999278668734799,8.518776439803325E-6
716.8368457508,-193.6553165507568,309.96337942484,714.2693217217743,-208.14760031653014,-20.00066947937,714.2693217217743,-208.14760031653014,246.7145695042362,0.01043636743214855,2.6999365351449467E-6
716.8368457508,-193.6553165507568,309.96337942484,677.8759280262383,-197.26700633832303,-20.00066947937,677.8759280262383,-197.26700633832303,244.16901041826074,0.012208266247523705,3.890706880542832E-5
716.8368457508,-193.6553165507568,309.96337942484,650.0334185244416,-197.3564081504756,-20.00066947937,650.0334185244416,-197.3564081504756,240.81468422074803,0.015539827559616026,1.0152623114882553E-4
716.8368457508,-193.6553165507568,309.96337942484,649.4844089971942,-198.7786199511071,-20.00066947937,649.4844089971942,-198.7786199511071,238.21587528203568,0.017014396544335626,1.1768432350148211E-5
716.8368457508,-193.6553165507568,309.96337942484,651.0639315422686,-196.12450831645995,-20.00066947937,651.0639315422686,-196.12450831645995,236.59158444143162,0.017797235455977625,5.976953559029194E-6
716.8368457508,-193.6553165507568,309.96337942484,650.7810501293312,-194.63823871211525,-20.00066947937,650.7810501293312,-194.63823871211525,235.6841159282913,0.0183550841860031,1.4609197996170338E-6
716.8368457508,-193.6553165507568,309.96337942484,645.7057537304959,-192.26433244374155,-20.00066947937,645.7057537304959,-192.26433244374155,233.58576082156,0.020134602953188526,1.5694613591680902E-5
716.8368457508,-193.6553165507568,309.96337942484,651.3878377227275,-199.49280090556044,-20.00066947937,651.3878377227275,-199.49280090556044,223.51488208948896,0.02674739373223132,2.1029253808782522E-4
716.8368457508,-193.6553165507568,309.96337942484,682.1472223172283,-208.86511277352514,-20.00066947937,682.1472223172283,-208.86511277352514,216.679539449511,0.02987317172975868,1.4007750609934633E-4
716.8368457508,-193.6553165507568,309.96337942484,711.2925896075815,-215.1631406306494,-20.00066947937,711.2925896075815,-215.1631406306494,213.40624357717562,0.031921178283679866,1.3543546815133145E-5
716.8368457508,-193.6553165507568,309.96337942484,737.5677993033014,-221.39043676137575,-20.00066947937,737.5677993033014,-221.39043676137575,210.09881891333418,0.03586377457231722,3.264720102683789E-5
716.8368457508,-193.6553165507568,309.96337942484,750.8118504709263,-221.4257568829265,-20.00066947937,750.8118504709263,-221.4257568829265,205.8597295807287,0.04122907847199592,4.8243443437864586E-5
716.8368457508,-193.6553165507568,309.96337942484,753.6541050762859,-220.33424621612318,-20.00066947937,753.6541050762859,-220.33424621612318,204.80940292986682,0.042603551242582055,3.4127301251853506E-6
716.8368457508,-193.6553165507568,309.96337942484,753.5574634813461,-220.79032349562618,-20.00066947937,753.5574634813461,-220.79032349562618,205.09069395341058,0.04229710315555113,1.7643242516606968E-7
716.8368457508,-193.6553165507568,309.96337942484,754.0812273944471,-221.11980723565233,-20.00066947937,754.0812273944471,-221.11980723565233,205.22766008153448,0.04220514738344467,8.077636168710289E-8
716.8368457508,-193.6553165507568,309.96337942484,765.686086892418,-226.02924011787798,-20.00066947937,765.686086892418,-226.02924011787798,203.39052505446313,0.04595202998840595,2.356892152716982E-5
716.8368457508,-193.6553165507568,309.96337942484,771.6780585531478,-222.59098769780786,-20.00066947937,771.6780585531478,-222.59098769780786,196.95707469257803,0.05505498069631272,9.720642146666939E-5
716.8368457508,-193.6553165507568,309.96337942484,774.4352050665304,-222.30113254478158,-20.00066947937,774.4352050665304,-222.30113254478158,192.40115081693472,0.06237224444592312,4.124282622812691E-5
716.8368457508,-193.6553165507568,309.96337942484,770.2459311793019,-220.97949329916509,-20.00066947937,770.2459311793019,-220.97949329916509,188.90294459392845,0.06731767135739807,2.9482434356947426E-5
716.8368457508,-193.6553165507568,309.96337942484,761.7825386327138,-219.52111452076926,-20.00066947937,761.7825386327138,-219.52111452076926,186.8606439319613,0.06939684625809142,1.683759796389093E-5
716.8368457508,-193.6553165507568,309.96337942484,739.707664944923,-217.05750652586065,-20.00066947937,739.707664944923,-217.05750652586065,184.37952874596618,0.0711474461315873,2.006683103547613E-5
716.8368457508,-193.6553165507568,309.96337942484,704.5430253812744,-209.32619349324236,-20.00066947937,704.5430253812744,-209.32619349324236,181.40238328924255,0.07554072463494708,1.2296150527557328E-5
716.8368457508,-193.6553165507568,309.96337942484,670.7433068775309,-202.31036367512752,-20.00066947937,670.7433068775309,-202.31036367512752,176.34895994319444,0.08932810112102253,1.1492077075708732E-4
716.8368457508,-193.6553165507568,309.96337942484,643.4366189756943,-196.53165328602495,-20.00066947937,643.4366189756943,-196.53165328602495,169.21241257013796,0.1136361650948334,2.4568667135461454E-4
716.8368457508,-193.6553165507568,309.96337942484,660.8146123159498,-206.22681548412413,-20.00066947937,660.8146123159498,-206.22681548412413,163.5854411348158,0.12481051469061906,1.1797117585350745E-4
716.8368457508,-193.6553165507568,309.96337942484,707.442897544972,-213.01545060552556,-20.00066947937,707.442897544972,-213.01545060552556,170.08899569630574,0.10044945855133101,4.0289473219080756E-5
716.8368457508,-193.6553165507568,309.96337942484,765.8784438224167,-222.67687771256996,-20.00066947937,765.8784438224167,-222.67687771256996,183.20812734029704,0.0770789955392312,5.434138870834719E-4
716.8368457508,-193.6553165507568,309.96337942484,821.8478638838358,-234.89268488986062,-20.00066947937,821.8478638838358,-234.89268488986062,195.25362825619396,0.07061026453903967,0.0011658521161238243
716.8368457508,-193.6553165507568,309.96337942484,850.638537175604,-243.47002311975828,-20.00066947937,850.638537175604,-243.47002311975828,193.8201607015389,0.08529246046210176,2.2533331184196664E-4
716.8368457508,-193.6553165507568,309.96337942484,860.9706990960282,-247.76363783751827,-20.00066947937,860.9706990960282,-247.76363783751827,185.80815213276492,0.10866890346733515,2.105334711232672E-4
716.8368457508,-193.6553165507568,309.96337942484,850.6370654773748,-246.43828641538738,-20.00066947937,850.6370654773748,-246.43828641538738,174.078946176116,0.1341622055645814,3.3523883241380387E-4
716.8368457508,-193.6553165507568,309.96337942484,827.7256267521846,-245.3390924674077,-20.00066947937,827.7256267521846,-245.3390924674077,148.63383038020993,0.21696199992199797,0.0017055314088664606
716.8368457508,-193.6553165507568,309.96337942484,787.968826891433,-239.29652605255933,-20.00066947937,787.968826891433,-239.29652605255933,105.53242414189066,0.5391891243725099,0.0052698707173934834
716.8368457508,-193.6553165507568,309.96337942484,801.5730419749505,-245.5209495972307,-20.00066947937,801.5730419749505,-245.5209495972307,97.21241643114146,0.6912110080750008,2.4049365093878051E-4
716.8368457508,-193.6553165507568,309.96337942484,850.8685820711443,-255.86240700479306,-20.00066947937,850.8685820711443,-255.86240700479306,129.09899044999585,0.37287504034171165,0.0041697847469018305
716.8368457508,-193.6553165507568,309.96337942484,843.80432691922,-251.44791891121548,-20.00066947937,843.80432691922,-251.44791891121548,132.73826299658276,0.33249230126641877,6.295340679930316E-5
716.8368457508,-193.6553165507568,309.96337942484,790.6110149331223,-243.4143012234162,-20.00066947937,790.6110149331223,-243.4143012234162,95.0468220527901,0.713205754420023,0.004398825848035622
716.8368457508,-193.6553165507568,309.96337942484,845.2971529230051,-263.0252452855978,-20.00066947937,845.2971529230051,-263.0252452855978,106.16283392160625,0.6353912568516049,0.0014871127800759579
716.8368457508,-193.6553165507568,309.96337942484,810.3291260445881,-242.89942456273238,-20.00066947937,810.3291260445881,-242.89942456273238,124.61762819898803,0.3578232089606629,0.0014393943497173602
716.8368457508,-193.6553165507568,309.96337942484,781.8689147568393,-250.08933813972007,-20.00066947937,781.8689147568393,-250.08933813972007,107.11981686786484,0.5200064690093302,9.238576303783856E-4
716.8368457508,-193.6553165507568,309.96337942484,866.0179812753937,-267.0604911550628,-20.00066947937,866.0179812753937,-267.0604911550628,125.87903418812155,0.43154209476471656,0.0038236619914402137
716.8368457508,-193.6553165507568,309.96337942484,765.3111392268587,-238.29677648725283,-20.00066947937,765.3111392268587,-238.29677648725283,116.03265705932512,0.39879907716957724,2.400874760052194E-4
716.8368457508,-193.6553165507568,309.96337942484,776.6631610057404,-253.23768975894154,-20.00066947937,776.6631610057404,-253.23768975894154,113.15085110911764,0.44581761938073317,7.94916933311829E-5
716.8368457508,-193.6553165507568,309.96337942484,784.0987076471928,-241.55635248550035,-20.00066947937,784.0987076471928,-241.55635248550035,148.92361967240342,0.18868934518329067,0.002862479612846258
716.8368457508,-193.6553165507568,309.96337942484,781.2384542815096,-236.93344830488095,-20.00066947937,781.2384542815096,-236.93344830488095,168.9437533682688,0.11579138114360955,7.701428515531312E-4
716.8368457508,-193.6553165507568,309.96337942484,776.4206587561605,-232.3374412764608,-20.00066947937,776.4206587561605,-232.3374412764608,179.9436356237223,0.08696418025473178,2.540524304818193E-4
716.8368457508,-193.6553165507568,309.96337942484,771.2641796688238,-228.62884715849265,-20.00066947937,771.2641796688238,-228.62884715849265,186.47514384486567,0.07255406250570554,9.801626521060997E-5
716.8368457508,-193.6553165507568,309.96337942484,767.1788784870322,-226.08268728616622,-20.00066947937,767.1788784870322,-226.08268728616622,190.35969693771315,0.06484739634333084,3.642307978794053E-5
716.8368457508,-193.6553165507568,309.96337942484,763.7249348718007,-224.0080578358709,-20.00066947937,763.7249348718007,-224.0080578358709,192.83299780445216,0.06017757606764773,1.5968599695914415E-5
716.8368457508,-193.6553165507568,309.96337942484,763.6878383780504,-223.94390110459977,-20.00066947937,763.6878383780504,-223.94390110459977,192.85687131931908,0.06012962963080132,1.956217643369721E-9
716.8368457508,-193.6553165507568,309.96337942484,763.5257317960717,-223.73639611074293,-20.00066947937,763.5257317960717,-223.73639611074293,192.6471676340283,0.06041493888501364,1.0104077152912498E-7
716.8368457508,-193.6553165507568,309.96337942484,762.9250470760439,-223.00913165868806,-20.00066947937,762.9250470760439,-223.00913165868806,191.30572344762282,0.06238786856610848,3.5757517202859087E-6
716.8368457508,-193.6553165507568,309.96337942484,762.7440931414857,-222.45575115046546,-20.00066947937,762.7440931414857,-222.45575115046546,189.50877311949256,0.06525186331213775,5.656760134389354E-6
716.8368457508,-193.6553165507568,309.96337942484,762.7283066471155,-222.43911900647578,-20.00066947937,762.7283066471155,-222.43911900647578,189.4683271551431,0.06531559266857186,3.1106069251517687E-9
716.8368457508,-193.6553165507568,309.96337942484,762.9740153529664,-222.07563828851488,-20.00066947937,762.9740153529664,-222.07563828851488,189.48051454876384,0.06529809452155295,9.628502059759327E-9
716.8368457508,-193.6553165507568,309.96337942484,763.3798443976558,-221.480653498999,-20.00066947937,763.3798443976558,-221.480653498999,189.3584420645696,0.06550861019263635,8.38127287996088E-8
716.8368457508,-193.6553165507568,309.96337942484,763.2441856244286,-220.76851713341188,-20.00066947937,763.2441856244286,-220.76851713341188,188.0159538972034,0.06770654778615949,3.253160059205824E-6
716.8368457508,-193.6553165507568,309.96337942484,763.4160454237555,-212.73634718446579,-20.00066947937,763.4160454237555,-212.73634718446579,178.8657027556682,0.08453644438470112,1.5559627779426828E-4
716.8368457508,-193.6553165507568,309.96337942484,766.8353851157001,-201.88175447843994,-20.00066947937,766.8353851157001,-201.88175447843994,159.5487715345304,0.1356163218369268,7.224544890768233E-4
716.8368457508,-193.6553165507568,309.96337942484,766.4694643356179,-194.5578439924542,-20.00066947937,766.4694643356179,-194.5578439924542,148.4079327103701,0.17688811736480897,2.1369245249872265E-4
716.8368457508,-193.6553165507568,309.96337942484,769.7347663670823,-192.7930013403413,-20.00066947937,769.7347663670823,-192.7930013403413,137.81309838846727,0.22939274361656295,2.1176041670154105E-4
716.8368457508,-193.6553165507568,309.96337942484,768.1991314873752,-199.5853417051602,-20.00066947937,768.1991314873752,-199.5853417051602,137.4236417285221,0.23105583859540005,7.407010159315704E-7
716.8368457508,-193.6553165507568,309.96337942484,771.1937582033918,-209.54600916895262,-20.00066947937,771.1937582033918,-209.54600916895262,152.203147377147,0.16372730499979188,4.2652791274072063E-4
716.8368457508,-193.6553165507568,309.96337942484,768.5866804536778,-214.29488470428663,-20.00066947937,768.5866804536778,-214.29488470428663,163.94641062607403,0.12325801275961044,2.651862142047593E-4
716.8368457508,-193.6553165507568,309.96337942484,759.5632942423099,-220.30628006854647,-20.00066947937,759.5632942423099,-220.30628006854647,164.4934283918385,0.120266670734859,6.709486640729196E-6
716.8368457508,-193.6553165507568,309.96337942484,756.4206422237507,-226.88936400761494,-20.00066947937,756.4206422237507,-226.88936400761494,159.9227613893228,0.13467088971043198,5.10563578333967E-5
716.8368457508,-193.6553165507568,309.96337942484,756.4441894617185,-237.1370476100102,-20.00066947937,756.4441894617185,-237.1370476100102,147.9625521159807,0.18201223776049716,2.9851985535515603E-4
716.8368457508,-193.6553165507568,309.96337942484,764.6465551256136,-246.25629949352276,-20.00066947937,764.6465551256136,-246.25629949352276,142.93009519162473,0.2109320779802125,9.029680422868953E-5
716.8368457508,-193.6553165507568,309.96337942484,778.517304815041,-246.62679567715603,-20.00066947937,778.517304815041,-246.62679567715603,156.74836801672814,0.1563712400405529,4.36416303549692E-4
716.8368457508,-193.6553165507568,309.96337942484,775.7754258294012,-240.97060151736878,-20.00066947937,775.7754258294012,-240.97060151736878,160.78238335711907,0.13981080156266013,4.395844326021704E-5
716.8368457508,-193.6553165507568,309.96337942484,750.9829823654853,-214.95742530987246,-20.00066947937,750.9829823654853,-214.95742530987246,117.58600776182763,0.36827556183150606,0.004607713321478736
716.8368457508,-193.6553165507568,309.96337942484,733.883759594193,-206.54525051143264,-20.00066947937,733.883759594193,-206.54525051143264,64.62917747704662,1.0,0.0068782074986641255
716.8368457508,-193.6553165507568,309.96337942484,746.5743768462033,-214.44548975028934,-20.00066947937,746.5743768462033,-214.44548975028934,60.40634028981697,1.0,5.235702796202581E-5
716.8368457508,-193.6553165507568,309.96337942484,761.3464395995554,-219.02609462038177,-20.00066947937,761.3464395995554,-219.02609462038177,90.53512054956161,0.7501303324012475,0.002048386860198278
716.8368457508,-193.6553165507568,309.96337942484,762.9551435917517,-216.78760980209952,-20.00066947937,762.9551435917517,-216.78760980209952,130.51161874553048,0.2728920305056404,0.0033710642162157753
716.8368457508,-193.6553165507568,309.96337942484,742.8443178132198,-203.13315525755067,-20.00066947937,742.8443178132198,-203.13315525755067,103.16907981832372,0.5235643411534857,0.0016184677017445012
716.8368457508,-193.6553165507568,309.96337942484,739.6896775010139,-208.31747328828754,-20.00066947937,739.6896775010139,-208.31747328828754,55.694301849694796,1.0,0.005215726470097078
716.8368457508,-193.6553165507568,309.96337942484,758.9441414388822,-217.77981739094557,-20.00066947937,758.9441414388822,-217.77981739094557,76.22537142307993,1.0,9.975491108440715E-4
716.8368457508,-193.6553165507568,309.96337942484,771.0830792425194,-224.08268999534053,-20.00066947937,771.0830792425194,-224.08268999534053,111.04559082544557,0.4482849629746064,0.0027603793446917017
716.8368457508,-193.6553165507568,309.96337942484,774.0971229916678,-227.14499454133542,-20.00066947937,774.0971229916678,-227.14499454133542,146.15570003117415,0.1931968077173419,0.0025094927932679143
716.8368457508,-193.6553165507568,309.96337942484,773.4785859891618,-226.5577065943278,-20.00066947937,773.4785859891618,-226.5577065943278,162.7305915397417,0.12990025145131584,4.830419948966037E-4
716.8368457508,-193.6553165507568,309.96337942484,772.0934759888257,-225.687233741577,-20.00066947937,772.0934759888257,-225.687233741577,170.94409321465622,0.10612769006007872,1.1994285147125127E-4
716.8368457508,-193.6553165507568,309.96337942484,771.0488751121368,-225.00937137565236,-20.00066947937,771.0488751121368,-225.00937137565236,175.01745167429834,0.09579142765249123,2.9933545938311295E-5
716.8368457508,-193.6553165507568,309.96337942484,770.187085665818,-224.6200623090054,-20.00066947937,770.187085665818,-224.6200623090054,177.1263490670057,0.09073784051308703,8.329471754650895E-6
716.8368457508,-193.6553165507568,309.96337942484,769.6408386456217,-224.2837660690289,-20.00066947937,769.6408386456217,-224.2837660690289,178.2864647640342,0.08803325876839813,2.5973486382668316E-6
716.8368457508,-193.6553165507568,309.96337942484,769.4681558615122,-224.05476096532044,-20.00066947937,769.4681558615122,-224.05476096532044,178.8270639864934,0.08680603963496612,5.497079323006646E-7
716.8368457508,-193.6553165507568,309.96337942484,769.0159865032969,-223.8960958409929,-20.00066947937,769.0159865032969,-223.8960958409929,178.52903682544343,0.08733848725782498,2.332239458654587E-7
716.8368457508,-193.6553165507568,309.96337942484,767.8880766060511,-223.5813893499622,-20.00066947937,767.8880766060511,-223.5813893499622,177.62715822607734,0.08904112426620578,1.9404630114523152E-6
716.8368457508,-193.6553165507568,309.96337942484,768.799581748435,-223.35704179887082,-20.00066947937,768.799581748435,-223.35704179887082,176.07838657383263,0.09266067724948195,4.680518186773901E-6
716.8368457508,-193.6553165507568,309.96337942484,768.9125543581503,-223.16039123683424,-20.00066947937,768.9125543581503,-223.16039123683424,174.93621359078895,0.0952939366266175,2.2078553853684745E-6
716.8368457508,-193.6553165507568,309.96337942484,769.1081013021014,-223.1298016583217,-20.00066947937,769.1081013021014,-223.1298016583217,174.64109432949252,0.09602318579228496,1.712152809025449E-7
716.8368457508,-193.6553165507568,309.96337942484,769.1563243264702,-223.01941848811907,-20.00066947937,769.1563243264702,-223.01941848811907,174.17572038238578,0.0971201819729937,3.695644738741753E-7
716.8368457508,-193.6553165507568,309.96337942484,769.2819290477884,-222.75567564441707,-20.00066947937,769.2819290477884,-222.75567564441707,173.13118943762004,0.09962670582976467,1.8822579269958403E-6
716.8368457508,-193.6553165507568,309.96337942484,769.3152232381707,-222.47105839297905,-20.00066947937,769.3152232381707,-222.47105839297905,171.97624302121724,0.10244541701754148,2.2358841755578855E-6
716.8368457508,-193.6553165507568,309.96337942484,769.3736372451983,-222.2750761981237,-20.00066947937,769.3736372451983,-222.2750761981237,171.30557560321185,0.10412133921486764,7.712235778149928E-7
716.8368457508,-193.6553165507568,309.96337942484,769.4069718448237,-222.20074294731347,-20.00066947937,769.4069718448237,-222.20074294731347,171.03818224132868,0.10479942913572136,1.234102868666452E-7
716.8368457508,-193.6553165507568,309.96337942484,769.2954109235031,-222.26134456285223,-20.00066947937,769.2954109235031,-222.26134456285223,170.67181153238408,0.10571943687305231,2.4031079305298395E-7
716.8368457508,-193.6553165507568,309.96337942484,768.9810676273663,-222.4917580871226,-20.00066947937,768.9810676273663,-222.4917580871226,169.64429366687617,0.1083481332924483,1.917193210404964E-6
716.8368457508,-193.6553165507568,309.96337942484,768.6879335661422,-222.52279034610086,-20.00066947937,768.6879335661422,-222.52279034610086,168.4346994647062,0.11150888465270493,2.5250946066492587E-6
716.8368457508,-193.6553165507568,309.96337942484,768.2956042288694,-222.64406191212015,-20.00066947937,768.2956042288694,-222.64406191212015,166.88486852369704,0.11569399696657394,4.205069905986989E-6
716.8368457508,-193.6553165507568,309.96337942484,767.935167278493,-222.793692577624,-20.00066947937,767.935167278493,-222.793692577624,165.55371080850787,0.11940859947906075,3.1323398213094715E-6
716.8368457508,-193.6553165507568,309.96337942484,767.7689293051338,-222.9112769597035,-20.00066947937,767.7689293051338,-222.9112769597035,165.02930306355992,0.12090545996722568,4.995291217206404E-7
716.8368457508,-193.6553165507568,309.96337942484,767.7071048897445,-222.95492620439754,-20.00066947937,767.7071048897445,-222.95492620439754,164.83312407546464,0.12147011398490123,6.971021217458845E-8
716.8368457508,-193.6553165507568,309.96337942484,767.5843164144654,-223.03007531107272,-20.00066947937,767.5843164144654,-223.03007531107272,164.47585074102562,0.12250186114883183,2.3287173543114754E-7
716.8368457508,-193.6553165507568,309.96337942484,767.2503809722544,-223.2714748725167,-20.00066947937,767.2503809722544,-223.2714748725167,163.43987575034177,0.12555082439747217,1.9616923833981675E-6
716.8368457508,-193.6553165507568,309.96337942484,766.9335988368053,-223.43535316036105,-20.00066947937,766.9335988368053,-223.43535316036105,162.36459102017352,0.12878785558214065,2.068825396859173E-6
716.8368457508,-193.6553165507568,309.96337942484,766.8147366181012,-223.4714116276871,-20.00066947937,766.8147366181012,-223.4714116276871,161.88824206554366,0.13024751946455884,3.9404951188719283E-7
716.8368457508,-193.6553165507568,309.96337942484,766.7803650620261,-223.48520904653842,-20.00066947937,766.7803650620261,-223.48520904653842,161.72973347401785,0.1307383691155739,4.322106802574122E-8
716.8368457508,-193.6553165507568,309.96337942484,766.6710675195559,-223.54888417511867,-20.00066947937,766.6710675195559,-223.54888417511867,161.40451426959137,0.13174659091655008,1.920208518155278E-7
716.8368457508,-193.6553165507568,309.96337942484,766.3448425963486,-223.77659569380884,-20.00066947937,766.3448425963486,-223.77659569380884,160.40184102364861,0.13491079562272687,1.8370844630017271E-6
716.8368457508,-193.6553165507568,309.96337942484,766.0243762889246,-223.95587851247726,-20.00066947937,766.0243762889246,-223.95587851247726,159.35672015965076,0.13828392120192154,1.9671050202702096E-6
716.8368457508,-193.6553165507568,309.96337942484,765.8870871757036,-224.01814500473716,-20.00066947937,765.8870871757036,-224.01814500473716,158.88979651529993,0.1398161420360498,3.87268614170668E-7
716.8368457508,-193.6553165507568,309.96337942484,765.8436640649734,-224.04211680175217,-20.00066947937,765.8436640649734,-224.04211680175217,158.7339361876765,0.14033244914652937,4.303510986116622E-8
716.8368457508,-193.6553165507568,309.96337942484,765.7171413672786,-224.11953005211058,-20.00066947937,765.7171413672786,-224.11953005211058,158.37380114787098,0.14152931015443773,2.3726677896600316E-7
716.8368457508,-193.6553165507568,309.96337942484,765.3874932026573,-224.3470177963656,-20.00066947937,765.3874932026573,-224.3470177963656,157.3854981078922,0.1448730609966357,1.7896670732100922E-6
716.8368457508,-193.6553165507568,309.96337942484,765.1216958922561,-224.40267115801302,-20.00066947937,765.1216958922561,-224.40267115801302,156.39990636458947,0.14827285077783492,1.6957837867788538E-6
716.8368457508,-193.6553165507568,309.96337942484,765.1671997269609,-224.05095861211643,-20.00066947937,765.1671997269609,-224.05095861211643,155.8675248159511,0.15012749230466868,5.208207159319478E-7
716.8368457508,-193.6553165507568,309.96337942484,765.2272044243684,-224.003391464287,-20.00066947937,765.2272044243684,-224.003391464287,155.58659235613635,0.15114921501539222,1.3779295789218719E-7
716.8368457508,-193.6553165507568,309.96337942484,765.1001602776537,-224.06206176741205,-20.00066947937,765.1001602776537,-224.06206176741205,155.21597511485984,0.152471632737098,2.482290978308102E-7
716.8368457508,-193.6553165507568,309.96337942484,764.582477434432,-224.4080308044838,-20.00066947937,764.582477434432,-224.4080308044838,153.68149697604255,0.15809153042106844,4.329251926757013E-6
716.8368457508,-193.6553165507568,309.96337942484,764.5925997591695,-224.38067109383982,-20.00066947937,764.5925997591695,-224.38067109383982,153.7814406948329,0.1577118230670136,1.720778770369155E-8
716.8368457508,-193.6553165507568,309.96337942484,765.9217129342322,-221.63946976472477,-20.00066947937,765.9217129342322,-221.63946976472477,153.48292446639178,0.15874757559512684,8.180499162055148E-7
716.8368457508,-193.6553165507568,309.96337942484,772.7573747788991,-212.79295740806478,-20.00066947937,772.7573747788991,-212.79295740806478,153.53865403221147,0.15942053692647687,3.797006190664588E-6
716.8368457508,-193.6553165507568,309.96337942484,775.6272647386311,-208.75869168310444,-20.00066947937,775.6272647386311,-208.75869168310444,152.07888803854632,0.16565486230887452,7.1963449405847365E-6
716.8368457508,-193.6553165507568,309.96337942484,782.0034229908222,-201.1399025957961,-20.00066947937,782.0034229908222,-201.1399025957961,151.31373070478062,0.17060300107206644,6.659044814224255E-6
716.8368457508,-193.6553165507568,309.96337942484,781.8715789880919,-198.17659843376464,-20.00066947937,781.8715789880919,-198.17659843376464,147.27777026658754,0.18761550885026482,2.6760323304069583E-5
716.8368457508,-193.6553165507568,309.96337942484,777.7184674120739,-207.81310648629687,-20.00066947937,777.7184674120739,-207.81310648629687,145.7898728235375,0.19321362643908105,1.002465655944448E-5
716.8368457508,-193.6553165507568,309.96337942484,772.726236095357,-216.95425565065972,-20.00066947937,772.726236095357,-216.95425565065972,147.53919096871564,0.18453876259643215,1.530492829786255E-5
716.8368457508,-193.6553165507568,309.96337942484,769.9789871273929,-220.7975326451433,-20.00066947937,769.9789871273929,-220.7975326451433,148.6101970312807,0.17954574894386277,5.172740430850406E-6
716.8368457508,-193.6553165507568,309.96337942484,768.254433595386,-222.39629405713643,-20.00066947937,768.254433595386,-222.39629405713643,149.16021528927197,0.1769156536172241,1.439441609547695E-6
716.8368457508,-193.6553165507568,309.96337942484,768.0902660858914,-219.35134028772947,-20.00066947937,768.0902660858914,-219.35134028772947,147.99011394870732,0.1813337292804997,3.2299722290069875E-6
716.8368457508,-193.6553165507568,309.96337942484,760.3102205531168,-212.75154575308352,-20.00066947937,760.3102205531168,-212.75154575308352,143.1035893897443,0.20014029757385435,6.366651173983991E-5
716.8368457508,-193.6553165507568,309.96337942484,736.6721353584583,-206.86610174048775,-20.00066947937,736.6721353584583,-206.86610174048775,133.13664574169036,0.24728174594439714,2.0599597161630322E-4
716.8368457508,-193.6553165507568,309.96337942484,720.4452478470788,-204.7381457067162,-20.00066947937,720.4452478470788,-204.7381457067162,126.64158167846875,0.28769406932890307,7.01991630417261E-5
716.8368457508,-193.6553165507568,309.96337942484,728.5855626113582,-209.13781373459372,-20.00066947937,728.5855626113582,-209.13781373459372,128.6361050289113,0.27507767271725847,9.493529786589014E-6
716.8368457508,-193.6553165507568,309.96337942484,752.0157244839457,-213.4069198540337,-20.00066947937,752.0157244839457,-213.4069198540337,138.0659886794766,0.223477166320259,2.2737603157778758E-4
716.8368457508,-193.6553165507568,309.96337942484,784.4741125586877,-217.3570325382691,-20.00066947937,784.4741125586877,-217.3570325382691,149.68911249706846,0.17996525313542883,5.016959619207562E-4
716.8368457508,-193.6553165507568,309.96337942484,809.4712099078876,-222.26411848217532,-20.00066947937,809.4712099078876,-222.26411848217532,159.60220806630574,0.1537256243702909,4.3358249647070896E-4
716.8368457508,-193.6553165507568,309.96337942484,810.4096064325327,-226.09164976471507,-20.00066947937,810.4096064325327,-226.09164976471507,165.3833969957087,0.13531958588084375,6.039988852362461E-5
716.8368457508,-193.6553165507568,309.96337942484,804.2199173423081,-227.8823598715471,-20.00066947937,804.2199173423081,-227.8823598715471,169.35947448901737,0.12099344744653803,4.950374452967378E-5
716.8368457508,-193.6553165507568,309.96337942484,795.8800730174248,-227.01410544402077,-20.00066947937,795.8800730174248,-227.01410544402077,170.46413288241567,0.11463572514097435,1.4434801024173198E-5
716.8368457508,-193.6553165507568,309.96337942484,789.3702090716664,-225.15027104190912,-20.00066947937,789.3702090716664,-225.15027104190912,169.08275536865236,0.11593542508964079,1.3174518115233864E-5
716.8368457508,-193.6553165507568,309.96337942484,786.3499631028794,-224.62294166235154,-20.00066947937,786.3499631028794,-224.62294166235154,168.87194455079324,0.11546751102976595,1.1929177267741665E-6
716.8368457508,-193.6553165507568,309.96337942484,784.4280170056944,-223.98924683469198,-20.00066947937,784.4280170056944,-223.98924683469198,169.23399828130823,0.1137869793988827,1.0042305750903038E-6
716.8368457508,-193.6553165507568,309.96337942484,784.7740495551524,-224.07999912540535,-20.00066947937,784.7740495551524,-224.07999912540535,169.09442864489668,0.11428737906053346,7.337482771631991E-8
716.8368457508,-193.6553165507568,309.96337942484,787.0545056843536,-223.49066992495216,-20.00066947937,787.0545056843536,-223.49066992495216,171.00690712651007,0.10976945633120316,9.22187104575939E-6
716.8368457508,-193.6553165507568,309.96337942484,790.7976790583757,-220.9864052824157,-20.00066947937,790.7976790583757,-220.9864052824157,178.5643059753526,0.0922068753925949,1.1715809905420808E-4
716.8368457508,-193.6553165507568,309.96337942484,791.2249202960725,-219.1157825876677,-20.00066947937,791.2249202960725,-219.1157825876677,182.41639960628555,0.08387443172232596,2.5855430106037427E-5
716.8368457508,-193.6553165507568,309.96337942484,788.6449932423678,-217.7929717085508,-20.00066947937,788.6449932423678,-217.7929717085508,182.41599958691938,0.08307595757675838,6.38601320178864E-7
716.8368457508,-193.6553165507568,309.96337942484,788.3352943677032,-217.23705962654282,-20.00066947937,788.3352943677032,-217.23705962654282,182.9800208918698,0.08180519866626985,6.876887820165052E-7
716.8368457508,-193.6553165507568,309.96337942484,788.7298160323292,-215.45807649818437,-20.00066947937,788.7298160323292,-215.45807649818437,186.61833083706043,0.07472514373027202,2.2965280998852013E-5
716.8368457508,-193.6553165507568,309.96337942484,791.8884814925615,-212.138735442651,-20.00066947937,791.8884814925615,-212.138735442651,191.68169168107238,0.06633550586270874,5.551518453624831E-5
716.8368457508,-193.6553165507568,309.96337942484,792.7672880674194,-208.9332623502922,-20.00066947937,792.7672880674194,-208.9332623502922,193.33892944097215,0.06365499065515448,6.086835227259445E-6
716.8368457508,-193.6553165507568,309.96337942484,793.2183921290086,-208.23400744226095,-20.00066947937,793.2183921290086,-208.23400744226095,194.36842165321087,0.06208600125447457,2.0656432436201577E-6
716.8368457508,-193.6553165507568,309.96337942484,793.3901662212924,-208.05685065362542,-20.00066947937,793.3901662212924,-208.05685065362542,196.00145951289346,0.05958898561364137,4.316243909830209E-6
716.8368457508,-193.6553165507568,309.96337942484,793.524255798251,-207.85154355153998,-20.00066947937,793.524255798251,-207.85154355153998,197.27355577792764,0.05770220932233837,2.624544103775694E-6
716.8368457508,-193.6553165507568,309.96337942484,793.7669418469405,-207.75788269584527,-20.00066947937,793.7669418469405,-207.75788269584527,198.423776834224,0.05607008416524305,2.2325585414823585E-6
716.8368457508,-193.6553165507568,309.96337942484,793.9083849058658,-207.58018382984687,-20.00066947937,793.9083849058658,-207.58018382984687,199.13543251368063,0.05507417440231051,8.590173953238869E-7
716.8368457508,-193.6553165507568,309.96337942484,794.7406688692259,-206.21528655367854,-20.00066947937,794.7406688692259,-206.21528655367854,201.13694441263198,0.052413989182047545,7.721957835196457E-6
716.8368457508,-193.6553165507568,309.96337942484,797.8167764167979,-200.7266972951154,-20.00066947937,797.8167764167979,-200.7266972951154,208.90190995748665,0.04313385324472196,1.1632568000015788E-4
716.8368457508,-193.6553165507568,309.96337942484,800.3804276558876,-196.3794316880873,-20.00066947937,800.3804276558876,-196.3794316880873,217.51991501738138,0.03445006754724711,1.3517695625538616E-4
716.8368457508,-193.6553165507568,309.96337942484,800.9643913030598,-193.15514565365058,-20.00066947937,800.9643913030598,-193.15514565365058,223.5053270260076,0.029153939029583867,5.7736936297933036E-5
716.8368457508,-193.6553165507568,309.96337942484,797.8603136403711,-190.71344287779854,-20.00066947937,797.8603136403711,-190.71344287779854,221.53160990115865,0.03039006977726936,1.1433170681622956E-5
716.8368457508,-193.6553165507568,309.96337942484,796.509271043712,-189.02994147641985,-20.00066947937,796.509271043712,-189.02994147641985,220.65730468368423,0.030969664224610685,2.2494817445062344E-6
716.8368457508,-193.6553165507568,309.96337942484,787.2059769092946,-181.06394678092926,-20.00066947937,787.2059769092946,-181.06394678092926,220.33784523422898,0.030092044181567794,8.901601515311585E-6
716.8368457508,-193.6553165507568,309.96337942484,776.6261382260434,-174.31630028004668,-20.00066947937,776.6261382260434,-174.31630028004668,220.5545557348562,0.02885090107642983,8.410799429884008E-6
716.8368457508,-193.6553165507568,309.96337942484,761.8413153649253,-168.80645871937477,-20.00066947937,761.8413153649253,-168.80645871937477,221.92488423698182,0.02657299201130794,1.9412542510085537E-5
716.8368457508,-193.6553165507568,309.96337942484,737.235820180154,-159.6290699400838,-20.00066947937,737.235820180154,-159.6290699400838,226.28911500887685,0.0224213695402536,5.7271953220446E-5
716.8368457508,-193.6553165507568,309.96337942484,726.5294231084158,-155.12413045427172,-20.00066947937,726.5294231084158,-155.12413045427172,226.93172141571046,0.021976568312238223,2.708465978404349E-6
716.8368457508,-193.6553165507568,309.96337942484,739.9445429995816,-159.36385466948045,-20.00066947937,739.9445429995816,-159.36385466948045,223.98993856229558,0.024194682571206348,2.7250068252028163E-5
716.8368457508,-193.6553165507568,309.96337942484,787.0500369522471,-168.45882348196452,-20.00066947937,787.0500369522471,-168.45882348196452,222.55190225878223,0.02861609118508552,1.2379507976825364E-4
716.8368457508,-193.6553165507568,309.96337942484,833.320215159471,-174.8378802685197,-20.00066947937,833.320215159471,-174.8378802685197,226.9323391938939,0.032263714374474006,4.849329197943828E-4
716.8368457508,-193.6553165507568,309.96337942484,858.3044930361114,-179.13338425385905,-20.00066947937,858.3044930361114,-179.13338425385905,232.83966044235862,0.03256617212406607,3.388544160601716E-4
716.8368457508,-193.6553165507568,309.96337942484,853.944403890536,-176.47569641556206,-20.00066947937,853.944403890536,-176.47569641556206,239.2530012842809,0.02650023546990175,8.896168048779909E-5
716.8368457508,-193.6553165507568,309.96337942484,840.1180885470161,-175.1059439647355,-20.00066947937,840.1180885470161,-175.1059439647355,253.99041016873346,0.015168934248577277,5.691353084261767E-4
716.8368457508,-193.6553165507568,309.96337942484,827.5014032243582,-171.70473568642439,-20.00066947937,827.5014032243582,-171.70473568642439,267.618282712893,0.008288778858725296,4.8341062711480267E-4
716.8368457508,-193.6553165507568,309.96337942484,816.7160178148882,-167.2007404024639,-20.00066947937,816.7160178148882,-167.2007404024639,277.1111882130575,0.004924819856570515,2.547372895132606E-4
716.8368457508,-193.6553165507568,309.96337942484,811.1189255673897,-163.28716212027825,-20.00066947937,811.1189255673897,-163.28716212027825,282.19430729472083,0.003601430862528831,7.236803403917593E-5
716.8368457508,-193.6553165507568,309.96337942484,803.513539318931,-160.36352845697627,-20.00066947937,803.513539318931,-160.36352845697627,281.9523185061415,0.003357703945438842,8.761181034740299E-6
716.8368457508,-193.6553165507568,309.96337942484,798.2156737143755,-159.1776727141327,-20.00066947937,798.2156737143755,-159.1776727141327,279.5970231843614,0.0036093003410935832,2.1128810242544965E-5
716.8368457508,-193.6553165507568,309.96337942484,794.7917676234474,-158.92008261648465,-20.00066947937,794.7917676234474,-158.92008261648465,277.64566428927515,0.003864806063491222,1.1592253394570114E-5
716.8368457508,-193.6553165507568,309.96337942484,793.2231745835891,-158.3058669771371,-20.00066947937,793.2231745835891,-158.3058669771371,277.2303092677473,0.0038977667273001997,1.0562085672132475E-6
716.8368457508,-193.6553165507568,309.96337942484,793.7331686654901,-158.50790695289427,-20.00066947937,793.7331686654901,-158.50790695289427,277.51639977835947,0.003855807573401573,2.704203099042184E-7
716.8368457508,-193.6553165507568,309.96337942484,793.877270990332,-158.68914355319544,-20.00066947937,793.877270990332,-158.68914355319544,277.277689734876,0.003907399930870658,1.264292289235866E-7
716.8368457508,-193.6553165507568,309.96337942484,797.3285518301457,-156.13540310413634,-20.00066947937,797.3285518301457,-156.13540310413634,284.80998221422396,0.0026910847448670125,1.1549761463964563E-4
716.8368457508,-193.6553165507568,309.96337942484,802.8581811669874,-149.41614762563495,-20.00066947937,802.8581811669874,-149.41614762563495,296.75962416947175,0.0013433960094892336,3.147774513962163E-4
716.8368457508,-193.6553165507568,309.96337942484,806.0963854266532,-138.46607233112806,-20.00066947937,806.0963854266532,-138.46607233112806,313.45221215445946,2.7054163841080557E-4,5.775390715053271E-4
716.8368457508,-193.6553165507568,309.96337942484,806.2002128037274,-136.51772278476778,-20.00066947937,806.2002128037274,-136.51772278476778,316.76497374829336,1.564136903497237E-4,1.909350509607117E-5
716.8368457508,-193.6553165507568,309.96337942484,806.199810412821,-136.51831260892655,-20.00066947937,806.199810412821,-136.51831260892655,316.7648123389546,1.5641258052823324E-4,1.9231117726319702E-13
716.8368457508,-193.6553165507568,309.96337942484,806.199846585777,-136.51829900972706,-20.00066947937,806.199846585777,-136.51829900972706,316.7647365678442,1.5641543110352224E-4,1.0712769102121152E-14
716.8368457508,-193.6553165507568,309.96337942484,806.1997729884041,-136.5184260635175,-20.00066947937,806.1997729884041,-136.5184260635175,316.76471454571765,1.5641488180092987E-4,5.668258400159793E-15
716.8368457508,-193.6553165507568,309.96337942484,806.1997570864673,-136.51840708833836,-20.00066947937,806.1997570864673,-136.51840708833836,316.7646370265222,1.564173904788617E-4,1.0038734883179833E-14
716.8368457508,-193.6553165507568,309.96337942484,806.1996879539699,-136.51857276245144,-20.00066947937,806.1996879539699,-136.51857276245144,316.7646917392942,1.564141612380706E-4,1.4452923508150844E-14
716.8368457508,-193.6553165507568,309.96337942484,806.1996038028137,-136.51872370711163,-20.00066947937,806.1996038028137,-136.51872370711163,316.76460226554934,1.5641560973411208E-4,2.6545083413279318E-14
716.8368457508,-193.6553165507568,309.96337942484,806.1996171344215,-136.51876162836214,-20.00066947937,806.1996171344215,-136.51876162836214,316.764670771592,1.5641327583313676E-4,8.579537199575117E-15
716.8368457508,-193.6553165507568,309.96337942484,806.19962950648,-136.5187400998583,-20.00066947937,806.19962950648,-136.5187400998583,316.76467399478344,1.564133847518949E-4,1.470695183478151E-16
716.8368457508,-193.6553165507568,309.96337942484,806.1996171344215,-136.51876162836214,-20.00066947937,806.1996171344215,-136.51876162836214,316.764670771592,1.5641327583313676E-4,1.4706947513011628E-16
716.8368457508,-193.6553165507568,309.96337942484,806.1996228093832,-136.51876876825625,-20.00066947937,806.1996228093832,-136.51876876825625,316.7646786841409,1.5641302572070426E-4,1.5824032115885215E-16
716.8368457508,-193.6553165507568,309.96337942484,806.1996520233461,-136.5187116886082,-20.00066947937,806.1996520233461,-136.5187116886082,316.7646493363979,1.5641452647560482E-4,3.0799680459914993E-15
716.8368457508,-193.6553165507568,309.96337942484,806.1998002148134,-136.51853062071376,-20.00066947937,806.1998002148134,-136.51853062071376,316.76456910957626,1.5641932124753412E-4,3.18975321328116E-14
716.8368457508,-193.6553165507568,309.96337942484,806.1999326771303,-136.5184880959925,-20.00066947937,806.1999326771303,-136.5184880959925,316.7646165595994,1.5641907705136549E-4,1.139725693369539E-14
716.8368457508,-193.6553165507568,309.96337942484,806.1999786736001,-136.51866639404895,-20.00066947937,806.1999786736001,-136.51866639404895,316.7646972660376,1.5641587487384492E-4,2.1321025931976946E-14
716.8368457508,-193.6553165507568,309.96337942484,806.199928501775,-136.51869982807028,-20.00066947937,806.199928501775,-136.51869982807028,316.7646720617385,1.5641611336640493E-4,2.7543088157926106E-15
716.8368457508,-193.6553165507568,309.96337942484,806.1999596147474,-136.51871660403245,-20.00066947937,806.1999596147474,-136.51871660403245,316.76469874658494,1.564154064643139E-4,2.002783503922598E-15
716.8368457508,-193.6553165507568,309.96337942484,806.1999034105497,-136.51878884876572,-20.00066947937,806.1999034105497,-136.51878884876572,316.76472520067824,1.5641369940573387E-4,4.0688208853226E-15
716.8368457508,-193.6553165507568,309.96337942484,806.1997967411999,-136.51865722170206,-20.00066947937,806.1997967411999,-136.51865722170206,316.7645936915674,1.5641782303849467E-4,4.6505865203335646E-14
716.8368457508,-193.6553165507568,309.96337942484,806.199744096965,-136.51864528567882,-20.00066947937,806.199744096965,-136.51864528567882,316.76456092365095,1.5641852712197044E-4,3.3398451222403805E-15
716.8368457508,-193.6553165507568,309.96337942484,806.1997540447193,-136.5187038806352,-20.00066947937,806.1997540447193,-136.5187038806352,316.7646179760768,1.564164321717372E-4,6.769661182842099E-15
716.8368457508,-193.6553165507568,309.96337942484,806.1997080859813,-136.51852554569209,-20.00066947937,806.1997080859813,-136.51852554569209,316.7645372655139,1.5641963499466992E-4,2.1321151328680375E-14
716.8368457508,-193.6553165507568,309.96337942484,806.1996928194824,-136.5186863524329,-20.00066947937,806.1996928194824,-136.5186863524329,316.7646469007979,1.5641507404959645E-4,2.7792084487084496E-14
716.8368457508,-193.6553165507568,309.96337942484,806.1996367050343,-136.51865266989142,-20.00066947937,806.1996367050343,-136.51865266989142,316.76463731924724,1.5641510415290437E-4,1.298566219117591E-15
716.8368457508,-193.6553165507568,309.96337942484,806.1997046140218,-136.5186414621397,-20.00066947937,806.1997046140218,-136.5186414621397,316.76460369225856,1.5641682197831792E-4,4.034903885539036E-15
716.8368457508,-193.6553165507568,309.96337942484,806.1997289207429,-136.5185766959965,-20.00066947937,806.1997289207429,-136.5185766959965,316.7646552288967,1.56415672941618E-4,6.6619257091338605E-15
716.8368457508,-193.6553165507568,309.96337942484,806.199651945987,-136.51849184781935,-20.00066947937,806.199651945987,-136.51849184781935,316.76452767962996,1.5641966511174845E-4,3.685935881564692E-14
716.8368457508,-193.6553165507568,309.96337942484,806.199654260047,-136.51858757514253,-20.00066947937,806.199654260047,-136.51858757514253,316.76453864246275,1.5641882259945312E-4,1.099367789118382E-15
716.8368457508,-193.6553165507568,309.96337942484,806.1997088318151,-136.51856751917487,-20.00066947937,806.1997088318151,-136.51856751917487,316.76459141054875,1.5641764698557463E-4,6.989855573339334E-15
716.8368457508,-193.6553165507568,309.96337942484,806.1996599125257,-136.5185947541894,-20.00066947937,806.1996599125257,-136.5185947541894,316.7645465491634,1.5641857228386946E-4,5.469915736181078E-15
716.8368457508,-193.6553165507568,309.96337942484,806.1996897851604,-136.5186176769372,-20.00066947937,806.1996897851604,-136.5186176769372,316.76459288255177,1.5641717922726378E-4,4.7252289000397995E-15
716.8368457508,-193.6553165507568,309.96337942484,806.1996659937564,-136.51850027995306,-20.00066947937,806.1996659937564,-136.51850027995306,316.76453007828,1.564196575756446E-4,1.1119521757843051E-14
716.8368457508,-193.6553165507568,309.96337942484,806.1997917175119,-136.51891872529376,-20.00066947937,806.1997917175119,-136.51891872529376,316.76515562474947,1.5639800052220438E-4,7.426577774108478E-13
716.8368457508,-193.6553165507568,309.96337942484,806.1606774077134,-136.52312250183016,-20.00066947937,806.1606774077134,-136.52312250183016,316.6302871021916,1.605013762711091E-4,2.9641918301063348E-8
716.8368457508,-193.6553165507568,309.96337942484,804.0317399204,-135.0256925857243,-20.00066947937,804.0317399204,-135.0256925857243,310.5924685229221,4.1407193759905256E-4,6.810390865173149E-5
716.8368457508,-193.6553165507568,309.96337942484,804.1632546048628,-133.87162804203066,-20.00066947937,804.1632546048628,-133.87162804203066,301.9455096083509,0.0010701215861118113,1.1501275146974331E-4
716.8368457508,-193.6553165507568,309.96337942484,808.1867490210238,-134.24419153409022,-20.00066947937,808.1867490210238,-134.24419153409022,297.7563701444743,0.0016083988091817245,4.055253444030182E-5
716.8368457508,-193.6553165507568,309.96337942484,813.8907027196407,-133.67751091345374,-20.00066947937,813.8907027196407,-133.67751091345374,299.58350133995583,0.001570085181068017,1.749283936321295E-5
716.8368457508,-193.6553165507568,309.96337942484,817.7047185649445,-131.62899429503335,-20.00066947937,817.7047185649445,-131.62899429503335,305.7889256210519,0.00106246802485134,8.294561771012052E-5
716.8368457508,-193.6553165507568,309.96337942484,814.8692156935963,-125.94920727473833,-20.00066947937,814.8692156935963,-125.94920727473833,314.1534680112685,4.565789783794101E-4,1.4958901802680178E-4
716.8368457508,-193.6553165507568,309.96337942484,805.6046877451586,-118.45788225949306,-20.00066947937,805.6046877451586,-118.45788225949306,324.37355220653956,4.681812726523654E-5,2.9620760958126306E-4
716.8368457508,-193.6553165507568,309.96337942484,790.8031458010603,-110.60459868756658,-20.00066947937,790.8031458010603,-110.60459868756658,334.92321518094144,6.587854198536713E-5,3.60123672809582E-4
716.8368457508,-193.6553165507568,309.96337942484,771.6925556642497,-103.77028271290007,-20.00066947937,771.6925556642497,-103.77028271290007,343.8139513353433,4.228082461237668E-4,2.7037718529336884E-4
716.8368457508,-193.6553165507568,309.96337942484,750.8631747095217,-99.15024637812311,-20.00066947937,750.8631747095217,-99.15024637812311,349.09305181634386,7.883085515286384E-4,9.724867050564223E-5
716.8368457508,-193.6553165507568,309.96337942484,730.2865176361908,-97.22881214389898,-20.00066947937,730.2865176361908,-97.22881214389898,350.2679614429949,9.224916066260559E-4,5.381335237338407E-6
716.8368457508,-193.6553165507568,309.96337942484,708.3347902802258,-96.8977159741882,-20.00066947937,708.3347902802258,-96.8977159741882,347.56768584356325,7.575107505395075E-4,1.0037994692937766E-5
716.8368457508,-193.6553165507568,309.96337942484,685.211382667491,-98.53548288676835,-20.00066947937,685.211382667491,-98.53548288676835,341.1286225990955,3.730635687367985E-4,1.0324081497467854E-4
716.8368457508,-193.6553165507568,309.96337942484,667.5646658364375,-105.28638157304056,-20.00066947937,667.5646658364375,-105.28638157304056,331.04850649927937,5.226113295912961E-5,3.0363430802589965E-4
716.8368457508,-193.6553165507568,309.96337942484,665.2715119471704,-119.89018298236644,-20.00066947937,665.2715119471704,-119.89018298236644,318.00600213171265,2.5873086055151057E-5,4.353802315408826E-4
716.8368457508,-193.6553165507568,309.96337942484,676.8473772323034,-137.13848294713588,-20.00066947937,676.8473772323034,-137.13848294713588,304.7338556345908,2.6844805553627617E-4,5.032226373784828E-4
716.8368457508,-193.6553165507568,309.96337942484,694.6445343585704,-150.99458245495103,-20.00066947937,694.6445343585704,-150.99458245495103,293.676089986525,7.298351826401907E-4,3.1278581413045115E-4
716.8368457508,-193.6553165507568,309.96337942484,699.1778023669422,-157.68885724588768,-20.00066947937,699.1778023669422,-157.68885724588768,285.2507282495097,0.0014515705463109996,1.5060010109009414E-4
716.8368457508,-193.6553165507568,309.96337942484,700.3962781349286,-165.0243289806382,-20.00066947937,700.3962781349286,-165.0243289806382,282.54688016669877,0.0016950148140548707,1.8627776297371654E-5
716.8368457508,-193.6553165507568,309.96337942484,701.9432425476132,-172.1107428987555,-20.00066947937,701.9432425476132,-172.1107428987555,283.08295969365145,0.0015584708503501514,1.6423018499798928E-6
716.8368457508,-193.6553165507568,309.96337942484,702.9315335892808,-176.68806106391173,-20.00066947937,702.9315335892808,-176.68806106391173,284.37955523715345,0.001372555283522192,4.010295455529777E-6
716.8368457508,-193.6553165507568,309.96337942484,704.7920057747484,-179.61296969904123,-20.00066947937,704.7920057747484,-179.61296969904123,285.8802508909365,0.0011881190821636618,4.755441409427361E-6
716.8368457508,-193.6553165507568,309.96337942484,707.0905352651872,-181.73865111611178,-20.00066947937,707.0905352651872,-181.73865111611178,287.2186993521452,0.0010387450668252005,3.656111580014911E-6
716.8368457508,-193.6553165507568,309.96337942484,709.4356913530976,-183.34367601479198,-20.00066947937,709.4356913530976,-183.34367601479198,288.26232251805897,9.308475783754806E-4,2.1796226947751993E-6
716.8208976918022,-192.92461841483927,310.24979147668387,712.348765914059,-185.3195003923502,-20.00066947937,712.348765914059,-185.3195003923502,289.10449936404564,8.691360830548119E-4,1.3957908774115198E-6
716.8208976918022,-192.92461841483927,310.24979147668387,713.8227221475639,-187.00568407981146,-20.00066947937,713.8227221475639,-187.00568407981146,289.3932777935953,8.399960762320453E-4,1.7788893900932835E-7
716.8208976918022,-192.92461841483927,310.24979147668387,699.129888596033,-183.28712644545175,-20.00066947937,699.129888596033,-183.28712644545175,290.7629845364398,7.684370674865993E-4,6.235779461300543E-6
716.8208976918022,-192.92461841483927,310.24979147668387,666.6580318351603,-171.5581339069342,-20.00066947937,666.6580318351603,-171.5581339069342,299.1325552358419,4.382032182829014E-4,2.6327891272588926E-4
716.8208976918022,-192.92461841483927,310.24979147668387,645.2589848543195,-166.96038631735777,-20.00066947937,645.2589848543195,-166.96038631735777,308.45437219762766,1.8612987850461817E-4,3.104688295501506E-4
716.8208976918022,-192.92461841483927,310.24979147668387,644.0015341801058,-172.633202883146,-20.00066947937,644.0015341801058,-172.633202883146,311.88893570488307,7.943503593635747E-5,2.5082839923299875E-5
716.8208976918022,-192.92461841483927,310.24979147668387,668.2244767445726,-183.28457854142974,-20.00066947937,668.2244767445726,-183.28457854142974,312.077583834138,5.810139587430122E-6,1.4929968335893126E-5
716.8208976918022,-192.92461841483927,310.24979147668387,678.5580736988097,-182.81510327163207,-20.00066947937,678.5580736988097,-182.81510327163207,309.57842112100883,1.5567563469349845E-5,2.116977548432452E-5
716.8208976918022,-192.92461841483927,310.24979147668387,684.3257876728383,-182.1058686507821,-20.00066947937,684.3257876728383,-182.1058686507821,306.6659457072801,4.935757411107664E-5,2.011635796021356E-5
716.8208976918022,-192.92461841483927,310.24979147668387,685.2088268396469,-182.417377305601,-20.00066947937,685.2088268396469,-182.417377305601,305.4377899527568,7.299846865460893E-5,2.9054520184844048E-6
716.8208976918022,-192.92461841483927,310.24979147668387,709.0981788624844,-192.43333857300829,-20.00066947937,709.0981788624844,-192.43333857300829,291.57349202877197,6.663629864267297E-4,3.28271468760414E-4
716.8208976918022,-192.92461841483927,310.24979147668387,731.126348920513,-196.44353048707956,-20.00066947937,731.126348920513,-196.44353048707956,258.3648929292578,0.006462164186399867,0.0023256871128690313
716.8208976918022,-192.92461841483927,310.24979147668387,749.7568288596492,-192.47209858153357,-20.00066947937,749.7568288596492,-192.47209858153357,191.94239719307788,0.05882737679236961,0.012038980757809029
716.8208976918022,-192.92461841483927,310.24979147668387,753.9173594321437,-189.87572308091282,-20.00066947937,753.9173594321437,-189.87572308091282,117.28257949493246,0.3707998633349434,0.015406755754982652
716.8208976918022,-192.92461841483927,310.24979147668387,750.2979277025888,-194.15781284745066,-20.00066947937,750.2979277025888,-194.15781284745066,63.450646452972705,1.0,0.0069029200237766064
716.8208976918022,-192.92461841483927,310.24979147668387,749.1930634148167,-199.1237134488352,-20.00066947937,749.1930634148167,-199.1237134488352,77.19686446859336,1.0,3.479980462320073E-4
716.8208976918022,-192.92461841483927,310.24979147668387,749.0705971162183,-203.58173787550163,-20.00066947937,749.0705971162183,-203.58173787550163,112.66675923028535,0.4146115792044811,0.0026168261332502143
716.8208976918022,-192.92461841483927,310.24979147668387,754.8126064763239,-208.40177147971463,-20.00066947937,754.8126064763239,-208.40177147971463,159.55761601845302,0.13375965637318776,0.0050669250273852355
716.8208976918022,-192.92461841483927,310.24979147668387,756.7649429263994,-209.3079646165364,-20.00066947937,756.7649429263994,-209.3079646165364,197.1692377692876,0.05230505110324991,0.0029674803491470825
716.8208976918022,-192.92461841483927,310.24979147668387,752.1446854399373,-207.09253898341592,-20.00066947937,752.1446854399373,-207.09253898341592,223.93365218209706,0.024177209502518254,0.0014546617982641524
716.8208976918022,-192.92461841483927,310.24979147668387,744.1868722009257,-203.57343485058612,-20.00066947937,744.1868722009257,-203.57343485058612,243.71138319013505,0.012155574027390132,7.889291519060711E-4
716.8208976918022,-192.92461841483927,310.24979147668387,736.368063152885,-200.63965576280145,-20.00066947937,736.368063152885,-200.63965576280145,257.3284767777887,0.00685820790898129,3.601356685227757E-4
716.8208976918022,-192.92461841483927,310.24979147668387,729.08225355647,-198.36608258377458,-20.00066947937,729.08225355647,-198.36608258377458,266.5173043784267,0.004332546044572949,1.576245198229121E-4
716.8208976918022,-192.92461841483927,310.24979147668387,721.8941775298447,-196.72839316940454,-20.00066947937,721.8941775298447,-196.72839316940454,273.18260709634114,0.0029455904973991545,7.90198942520552E-5
716.8208976918022,-192.92461841483927,310.24979147668387,715.6881685011119,-195.15702121907404,-20.00066947937,715.6881685011119,-195.15702121907404,277.76382203589856,0.002187489195437491,3.585151506050033E-5
716.8208976918022,-192.92461841483927,310.24979147668387,712.0770462544021,-194.0442352777947,-20.00066947937,712.0770462544021,-194.0442352777947,279.9104387502095,0.0018840960888672586,8.113009989294873E-6
716.8208976918022,-192.92461841483927,310.24979147668387,709.0531329300223,-192.9689443605262,-20.00066947937,709.0531329300223,-192.9689443605262,281.5650929283373,0.0016724165271676022,4.973820922696495E-6
716.8208976918022,-192.92461841483927,310.24979147668387,706.4542610730776,-192.04396955317603,-20.00066947937,706.4542610730776,-192.04396955317603,282.92130042222124,0.0015128922040583796,3.4621611902702756E-6
716.8208976918022,-192.92461841483927,310.24979147668387,706.3114811382924,-191.86331695952137,-20.00066947937,706.3114811382924,-191.86331695952137,283.45615471307906,0.0014500182973459733,4.915043902849085E-7
716.8208976918022,-192.92461841483927,310.24979147668387,706.6275659262748,-192.06241310300294,-20.00066947937,706.6275659262748,-192.06241310300294,282.9328565152285,0.0015109068568944016,4.797337126599366E-7
716.8208976918022,-192.92461841483927,310.24979147668387,706.6410001207239,-192.1285514961385,-20.00066947937,706.6410001207239,-192.1285514961385,282.5976973738897,0.0015513597216875482,1.8983778187654493E-7
716.8208976918022,-192.92461841483927,310.24979147668387,705.6010522239575,-191.94358617930789,-20.00066947937,705.6010522239575,-191.94358617930789,280.46767557630824,0.0018278539633693257,7.975191978145377E-6
716.8208976918022,-192.92461841483927,310.24979147668387,705.04623125178,-192.01262175522382,-20.00066947937,705.04623125178,-192.01262175522382,278.5036596733503,0.0021051516803512987,6.689512907774769E-6
716.8208976918022,-192.92461841483927,310.24979147668387,705.2266179040502,-192.102057876166,-20.00066947937,705.2266179040502,-192.102057876166,277.7472859595972,0.0022163074526301884,9.822118900812222E-7
716.8208976918022,-192.92461841483927,310.24979147668387,706.3320272119375,-192.1432359800258,-20.00066947937,706.3320272119375,-192.1432359800258,278.29368989236286,0.002130116600740666,5.669963690964185E-7
716.8208976918022,-192.92461841483927,310.24979147668387,708.3506801301734,-192.3828874171717,-20.00066947937,708.3506801301734,-192.3828874171717,280.0592573980849,0.0018728530469986372,5.581431045786676E-6
716.8208976918022,-192.92461841483927,310.24979147668387,710.741644697181,-192.8447799093826,-20.00066947937,710.741644697181,-192.8447799093826,282.3995149112515,0.0015641731208943812,9.636075000307147E-6
716.8208976918022,-192.92461841483927,310.24979147668387,713.4112534314922,-193.31692898376045,-20.00066947937,713.4112534314922,-193.31692898376045,285.0529526031713,0.001254875753388392,1.2204651084493396E-5
716.8208976918022,-192.92461841483927,310.24979147668387,715.9336789368404,-193.74617795666452,-20.00066947937,715.9336789368404,-193.74617795666452,287.6239800861517,9.937965081636183E-4,1.1288595134872767E-5
716.8208976918022,-192.92461841483927,310.24979147668387,717.9455256904099,-193.86528547190645,-20.00066947937,717.9455256904099,-193.86528547190645,290.18066073303817,7.691536239669844E-4,1.1189347987016463E-5
716.8208976918022,-192.92461841483927,310.24979147668387,719.7730135481544,-194.00998353430205,-20.00066947937,719.7730135481544,-194.00998353430205,292.48494038656673,5.946227664965325E-4,9.16014137614556E-6
716.8208976918022,-192.92461841483927,310.24979147668387,721.1815643095312,-194.18702590115365,-20.00066947937,721.1815643095312,-194.18702590115365,294.0243785732987,4.922412628264314E-4,4.113097672041543E-6
716.8208976918022,-192.92461841483927,310.24979147668387,721.8666559047713,-194.29616430638634,-20.00066947937,721.8666559047713,-194.29616430638634,294.65619919722303,4.5348911225620754E-4,6.965383649158454E-7
716.8208976918022,-192.92461841483927,310.24979147668387,721.8895066572123,-194.25682215409068,-20.00066947937,721.8895066572123,-194.25682215409068,294.567234566646,4.58935087377816E-4,1.3481590604212755E-8
716.7963057170214,-192.91421125763313,310.3069476613748,721.7308250513267,-194.19285103232704,-20.00066947937,721.7308250513267,-194.19285103232704,294.3092116219533,4.781677327746288E-4,1.1445446714120381E-7
716.7963057170214,-192.91421125763313,310.3069476613748,721.5431688255223,-194.1269774472785,-20.00066947937,721.5431688255223,-194.1269774472785,294.10706423244085,4.907483397228261E-4,7.082450206920047E-8
716.7963057170214,-192.91421125763313,310.3069476613748,721.4232604005816,-193.98967893995135,-20.00066947937,721.4232604005816,-193.98967893995135,293.92096272247545,5.025250538857089E-4,5.965780201604286E-8
716.7963057170214,-192.91421125763313,310.3069476613748,721.2910282469196,-193.96881575072342,-20.00066947937,721.2910282469196,-193.96881575072342,293.79342012577706,5.106601574468063E-4,2.819217862266955E-8
716.7963057170214,-192.91421125763313,310.3069476613748,721.2563251679467,-193.96433300708202,-20.00066947937,721.2563251679467,-193.96433300708202,293.7565228343099,5.130309123427573E-4,2.3516901441081615E-9
716.7963057170214,-192.91421125763313,310.3069476613748,721.2471557153973,-193.96183982584563,-20.00066947937,721.2471557153973,-193.96183982584563,293.7466650406027,5.136651967692149E-4,1.6792835404176885E-10
716.7963057170214,-192.91421125763313,310.3069476613748,721.2405783493267,-193.96195145195145,-20.00066947937,721.2405783493267,-193.96195145195145,293.7410098092248,5.140284814011355E-4,5.552521026994828E-11
716.7963057170214,-192.91421125763313,310.3069476613748,721.2338911253287,-193.96585678461992,-20.00066947937,721.2338911253287,-193.96585678461992,293.7376750223318,5.142411914887611E-4,1.9879465777581078E-11
716.7963057170214,-192.91421125763313,310.3069476613748,721.2284012375003,-193.9704870769028,-20.00066947937,721.2284012375003,-193.9704870769028,293.7361994244673,5.143338015545089E-4,4.116390784525622E-12
716.7963057170214,-192.91421125763313,310.3069476613748,721.2270631120017,-193.96911301502954,-20.00066947937,721.2270631120017,-193.96911301502954,293.7342238745672,5.144613080663165E-4,6.717214824571739E-12
716.7963057170214,-192.91421125763313,310.3069476613748,721.2244195269958,-193.96816372172057,-20.00066947937,721.2244195269958,-193.96816372172057,293.73116571410446,5.146584818076201E-4,1.6137181927794122E-11
716.7963057170214,-192.91421125763313,310.3069476613748,721.2230324220468,-193.96744622501154,-20.00066947937,721.2230324220468,-193.96744622501154,293.7296724772357,5.147546431615911E-4,3.858013651506914E-12
716.7963057170214,-192.91421125763313,310.3069476613748,721.2224026550009,-193.96684177368545,-20.00066947937,721.2224026550009,-193.96684177368545,293.72879622271904,5.148111937179792E-4,1.3228798179383302E-12
716.7963057170214,-192.91421125763313,310.3069476613748,721.2221182001077,-193.9658248444707,-20.00066947937,721.2221182001077,-193.9658248444707,293.72764733843303,5.148857495337814E-4,2.2485984135118744E-12
716.7963057170214,-192.91421125763313,310.3069476613748,721.2215919193019,-193.96536066424622,-20.00066947937,721.2215919193019,-193.96536066424622,293.7270324958506,5.149253568377099E-4,6.539398542479954E-13
716.7963057170214,-192.91421125763313,310.3069476613748,721.2206117141712,-193.96445276074476,-20.00066947937,721.2206117141712,-193.96445276074476,293.7253031389325,5.150372627239626E-4,5.126541291039213E-12
716.7963057170214,-192.91421125763313,310.3069476613748,721.2195042008271,-193.9637260535127,-20.00066947937,721.2195042008271,-193.9637260535127,293.7239812331724,5.151225079758719E-4,3.0174310721703074E-12
716.7963057170214,-192.91421125763313,310.3069476613748,721.2188419059813,-193.96316112874732,-20.00066947937,721.2188419059813,-193.96316112874732,293.72304035420143,5.151832822362408E-4,1.52370495318777E-12
716.7963057170214,-192.91421125763313,310.3069476613748,721.2180046220624,-193.96289885686852,-20.00066947937,721.2180046220624,-193.96289885686852,293.72218234552616,5.15238563309886E-4,1.273896627538442E-12
716.7963057170214,-192.91421125763313,310.3069476613748,721.2176618534334,-193.96183197938853,-20.00066947937,721.2176618534334,-193.96183197938853,293.7210716811868,5.153105999331119E-4,2.1058341782929722E-12
