99.99682538871085, 9.999926324392213, 0.0100005750216403;
100.28854081831042, 10.023977023137421, 0.01003670420065199;
100.5813084162605, 10.048105662111043, 0.01007298404986382;
100.87513242688723, 10.072312525553217, 0.010109415259287793;
101.17001711325923, 10.096597898858484, 0.010145998522340638;
101.46596675727602, 10.120962068580825, 0.010182734535861614;
101.76298565975789, 10.145405322438787, 0.010219624000130564;
102.0610781405352, 10.169927949320567, 0.010256667618885884;
102.36024853853914, 10.194530239289168, 0.010293866099342791;
102.66050121189195, 10.219212483587553, 0.010331220152211521;
102.96184053799868, 10.243974974643843, 0.010368730491715748;
103.26427091363799, 10.268818006076511, 0.010406397835611009;
103.56779675505521, 10.293741872699643, 0.010444222905203353;
103.87242249805406, 10.31874687052817, 0.010482206425367931;
104.17815259809028, 10.343833296783187, 0.010520349124567853;
104.48499153036472, 10.369001449897217, 0.010558651734873026;
104.79294378991763, 10.39425162951961, 0.010597114991979188;
105.1020138917228, 10.419584136521836, 0.010635739635226958;
105.4122063707828, 10.444999273002932, 0.010674526407621085;
105.72352578222403, 10.470497342294854, 0.010713476055849708;
106.03597670139301, 10.496078648967977, 0.010752589330303845;
106.34956372395233, 10.5217434988365, 0.010791866985096826;
106.66429146597795, 10.547492198963983, 0.010831309778084023;
106.98016456405617, 10.57332505766881, 0.010870918470882498;
107.29718767538169, 10.59924238452979, 0.010910693828890945;
107.61536547785583, 10.625244490391662, 0.01095063662130958;
107.93470267018567, 10.651331687370739, 0.010990747621160273;
108.25520397198278, 10.677504288860492, 0.011031027605306679;
108.57687412386373, 10.703762609537229, 0.011071477354474599;
108.89971788755008, 10.730106965365716, 0.011112097653272321;
109.22374004596941, 10.756537673604944, 0.011152889290211217;
109.54894540335633, 10.783055052813795, 0.011193853057726319;
109.875338785355, 10.809659422856836, 0.011234989752197128;
110.20292503912084, 10.836351104910072, 0.011276300173968423;
110.53170903342412, 10.863130421466787, 0.011317785127371329;
110.86169565875278, 10.889997696343336, 0.011359445420744334;
111.19288982741703, 10.916953254685051, 0.01140128186645458;
111.52529647365323, 10.9439974229721, 0.011443295280919153;
111.85892055372946, 10.971130529025436, 0.011485486484626597;
112.19376704605077, 10.998352902012705, 0.011527856302158414;
112.52984095126546, 11.025664872454273, 0.011570405562210857;
112.86714729237148, 11.053066772229172, 0.01161313509761666;
113.20569111482412, 11.080558934581191, 0.011656045745367074;
113.54547748664307, 11.108141694124875, 0.011699138346633836;
113.88651149852139, 11.135815386851684, 0.011742413746791438;
114.22879826393371, 11.163580350136037, 0.011785872795439382;
114.57234291924625, 11.191436922741534, 0.011829516346424682;
114.91715062382623, 11.219385444827072, 0.011873345257864336;
115.26322656015279, 11.247426257953089, 0.011917360392168116;
115.61057593392766, 11.275559705087778, 0.011961562616061296;
115.95920397418742, 11.303786130613378, 0.012005952800607688;
116.3091159334149, 11.332105880332428, 0.012050531821232611;
116.66031708765279, 11.360519301474154, 0.012095300557746195;
117.01281273661627, 11.389026742700745, 0.012140259894366621;
117.3666082038076, 11.417628554113824, 0.012185410719743675;
117.72170883663007, 11.44632508726079, 0.01223075392698226;
118.07812000650377, 11.47511669514133, 0.012276290413666189;
118.4358471089804, 11.504003732213821, 0.012322021081881986;
118.79489556386052, 11.532986554401932, 0.012367946838242952;
119.15527081530963, 11.562065519101065, 0.012414068593913207;
119.51697833197632, 11.591240985185014, 0.012460387264632045;
119.88002360710982, 11.620513313012491, 0.012506903770738263;
120.2444121586791, 11.649882864433835, 0.01255361903719474;
120.61014952949168, 11.679350002797598, 0.012600533993613085;
120.97724128731424, 11.708915092957312, 0.01264764957427849;
121.34569302499246, 11.738578501278168, 0.012694966718174628;
121.71551036057261, 11.768340595643815, 0.012742486369008826;
122.08669893742301, 11.798201745463116, 0.012790209475237202;
122.45926442435679, 11.828162321677018, 0.012838136990090147;
122.83321251575435, 11.85822269676536, 0.012886269871597744;
123.20854893168779, 11.888383244753818, 0.012934609082615525;
123.58527941804424, 11.91864434122078, 0.012983155590850202;
123.96340974665173, 11.949006363304349, 0.013031910368885692;
124.34294571540397, 11.979469689709287, 0.01308087439420914;
124.7238931483872, 12.010034700714087, 0.013130048649237256;
125.10625789600641, 12.04070177817799, 0.01317943412134261;
125.49004583511352, 12.07147130554812, 0.01322903180288028;
125.8752628691348, 12.10234366786655, 0.01327884269121445;
126.2619149282006, 12.133319251777541, 0.013328867788745334;
126.65000796927382, 12.16439844553465, 0.013379108102936112;
127.03954797628099, 12.195581639008033, 0.013429564646340127;
127.43054096024234, 12.226869223691663, 0.013480238436628149;
127.82299295940396, 12.258261592710655, 0.013531130496615862;
128.21691003936937, 12.289759140828576, 0.013582241854291422;
128.6122982932328, 12.32136226445484, 0.013633573542843318;
129.0091638417125, 12.353071361652082, 0.01368512660068819;
129.40751283328518, 12.384886832143632, 0.013736902071499002;
129.8073514443206, 12.416809077320957, 0.0137889010042332;
130.20868587921757, 12.448838500251211, 0.013841124453161203;
130.6115223705398, 12.480975505684732, 0.013893573477894858;
131.0158671791536, 12.513220500062678, 0.013946249143416294;
131.42172659436483, 12.545573891524612, 0.013999152520106656;
131.82910693405796, 12.578036089916178, 0.014052284683775309;
132.23801454483467, 12.610607506796784, 0.014105646715688898;
132.64845580215444, 12.643288555447343, 0.014159239702600895;
133.06043711047423, 12.67607965087803, 0.014213064736780962;
133.47396490339068, 12.708981209836102, 0.014267122916044837;
133.88904564378154, 12.741993650813718, 0.014321415343784083;
134.30568582394886, 12.775117394055865, 0.014375943128996222;
134.72389196576205, 12.808352861568213, 0.014430707386314905;
135.14367062080288, 12.84170047712514, 0.014485709236040369;
135.56502837050945, 12.875160666277669, 0.014540949804169893;
135.9879718263232, 12.908733856361556, 0.01459643022242869;
136.41250762983412, 12.942420476505301, 0.014652151628300652;
136.8386424529293, 12.976220957638342, 0.014708115165059606;
137.2663829979398, 13.01013573249912, 0.014764321981800424;
137.69573599779048, 13.044165235643337, 0.01482077323347061;
138.12670821614864, 13.078309903452142, 0.01487747008090179;
138.5593064475754, 13.112570174140439, 0.014934413690841641;
138.99353751767563, 13.14694648776515, 0.014991605235985759;
139.42940828325112, 13.181439286233628, 0.01504904589500992;
139.8669256324523, 13.21604901331198, 0.015106736852602354;
140.30609648493223, 13.250776114633565, 0.015164679299496341;
140.74692779200066, 13.285621037707397, 0.015222874432502856;
141.1894265367796, 13.320584231926729, 0.015281323454543576;
141.63359973435848, 13.355666148577543, 0.015340027574683843;
142.0794544319515, 13.39086724084721, 0.015398988008166067;
142.5269977090548, 13.426187963833055, 0.015458205976443108;
142.97623667760507, 13.461628774551116, 0.015517682707211997;
143.4271784821383, 13.497190131944793, 0.015577419434447726;
143.8798302999504, 13.532872496893672, 0.01563741739843738;
144.33419934125746, 13.568676332222276, 0.015697677845814266;
144.79029284935774, 13.604602102708974, 0.015758202029592477;
145.2481181007939, 13.640650275094812, 0.01581899120920139;
145.707682405517, 13.67682131809251, 0.01588004665052062;
146.1689931070496, 13.713115702395372, 0.015941369625914945;
146.6320575826521, 13.74953390068639, 0.016002961414269632;
147.09688324348753, 13.786076387647228, 0.016064823301025752;
147.5634775347893, 13.822743639967403, 0.016126956578215966;
148.031847936028, 13.859536136353379, 0.016189362544500173;
148.50200196108065, 13.896454357537824, 0.01625204250520175;
148.97394715839945, 13.933498786288792, 0.016314997772343617;
149.447691111183, 13.97066990741909, 0.01637822966468485;
149.92324143754615, 14.00796820779552, 0.01644173950775722;
150.40060579069356, 14.045394176348347, 0.016505528633902155;
150.87979185909145, 14.082948304080654, 0.016569598382307756;
151.36080736664238, 14.120631084077877, 0.016633950099046182;
151.84366007285928, 14.15844301151725, 0.016698585137111033;
152.32835777304186, 14.196384583677444, 0.016763504856455225;
152.81490829845265, 14.234456299948116, 0.016828710624028808;
153.30331951649498, 14.272658661839612, 0.016894203813817215;
153.7935993308911, 14.310992172992636, 0.016959985806879543;
154.28575568186213, 14.349457339188037, 0.017026057991387296;
154.77979654630744, 14.388054668356572, 0.017092421762663044;
155.2757299379872, 14.426784670588784, 0.017159078523219594;
155.7735639077033, 14.465647858144873, 0.017226029682799168;
156.273306543484, 14.504644745464669, 0.017293276658412994;
156.77496597076657, 14.54377584917759, 0.017360820874380893;
157.2785503525838, 14.583041688112717, 0.01742866376237137;
157.78406788974877, 14.622442783308848, 0.017496806761441677;
158.29152682104325, 14.661979658024691, 0.0175652513180783;
158.80093542340455, 14.701652837748982, 0.017633998886237554;
159.31230201211562, 14.741462850210796, 0.017703050927386485;
159.82563494099398, 14.781410225389779, 0.017772408910543956;
160.34094260258405, 14.82149549552654, 0.017842074312322025;
160.8582334283477, 14.861719195132975, 0.017912048616967484;
161.37751588885877, 14.902081861002799, 0.017982333316403757;
161.8987984939957, 14.942584032221932, 0.018052929910272866;
162.42208979313804, 14.983226250179154, 0.018123839905977844;
162.9473983753612, 15.024009058576588, 0.018195064818725206;
163.47473286963472, 15.064933003440458, 0.018266606171567782;
164.00410194501936, 15.105998633131694, 0.018338465495447747;
164.5355143108676, 15.14720649835676, 0.018410644329239962;
165.0689787170224, 15.18855715217839, 0.018483144219795394;
165.60450395401998, 15.230051150026524, 0.018555966721985073;
166.1420988532909, 15.271689049709133, 0.018629113398743975;
166.6817722873646, 15.313471411423272, 0.018702585821115492;
167.22353317007304, 15.355398797766018, 0.018776385568295795;
167.7673904567569, 15.397471773745616, 0.018850514227678836;
168.31335314447196, 15.439690906792531, 0.018924973394901266;
168.86143027219694, 15.482056766770727, 0.01899976467388788;
169.41163092104208, 15.524569925988787, 0.019074889676897123;
169.9639642144598, 15.567230959211331, 0.019150350024567043;
170.5184393184549, 15.61004044367024, 0.019226147345961307;
171.07506544179762, 15.652998959076177, 0.019302283278615686;
171.633851836236, 15.696107087629947, 0.019378759468584653;
172.19480779671125, 15.739365414034102, 0.019455577570488342;
172.75794266157234, 15.782774525504427, 0.019532739247559727;
173.32326581279395, 15.826335011781666, 0.019610246171692148;
173.89078667619282, 15.870047465143106, 0.01968810002348694;
174.46051472164814, 15.913912480414433, 0.019766302492301643;
175.03245946332066, 15.957930654981427, 0.019844855276298107;
175.60663045987482, 16.002102588801918, 0.019923760082491245;
176.18303731470044, 16.046428884417633, 0.02000301862679775;
176.76168967613722, 16.09091014696624, 0.0200826326340854;
177.34259723769875, 16.135546984193326, 0.020162603838222336;
177.92576973829964, 16.180340006464537, 0.020242933982126936;
178.51121696248129, 16.225289826777715, 0.02032362481781765;
179.09894874064196, 16.27039706077514, 0.020404678106463504;
179.68897494926495, 16.315662326755756, 0.020486095618434494;
180.28130551115078, 16.361086245687588, 0.020567879133352625;
180.8759503956481, 16.406669441220064, 0.020650030440142998;
181.47291961888808, 16.452412539696542, 0.02073255133708535;
182.07222324401795, 16.49831617016677, 0.020815443631865764;
182.673871381438, 16.544380964399544, 0.020898709141628852;
183.2778741890373, 16.590607556895268, 0.020982349693030016;
183.88424187243334, 16.636996584898757, 0.021066367122288245;
184.49298468521047, 16.683548688411925, 0.021150763275239008;
185.1041129291618, 16.73026451020671, 0.021235540007387654;
185.71763695453026, 16.777144695837862, 0.02132069918396304;
186.33356716025318, 16.824189893656037, 0.021406242679971186;
186.95191399420597, 16.871400754820698, 0.021492172380249964;
187.57268795344896, 16.91877793331332, 0.021578490179523274;
188.19589958447403, 16.966322085950456, 0.021665197982456152;
188.82155948345408, 17.014033872397036, 0.02175229770370973;
189.44967829649207, 17.061913955179584, 0.02183979126799703;
190.0802667198732, 17.10996299969965, 0.021927680610138625;
190.71333550031676, 17.158181674247157, 0.022015967675118868;
191.34889543523093, 17.206570650013948, 0.022104654418142227;
191.98695737296717, 17.25513060110729, 0.022193742804690407;
192.6275322130781, 17.30386220456356, 0.022283234810579255;
193.27063090657435, 17.352766140361858, 0.022373132422016436;
193.91626445618522, 17.40184309143785, 0.02246343763565895;
194.56444391661793, 17.4510937436975, 0.02255415245867166;
195.21518039482197, 17.500518786031062, 0.022645278908785642;
195.86848505025054, 17.550118910326958, 0.022736819014356965;
196.52436909512718, 17.599894811485907, 0.022828774814425867;
197.1828437947114, 17.64984718743491, 0.02292114835877651;
197.84392046756685, 17.699976739141565, 0.0230139417079966;
198.5076104858304, 17.750284170628166, 0.02310715693353782;
199.17392527548344, 17.80077018898615, 0.02320079611777617;
199.84287631662312, 17.85143550439038, 0.023294861354073233;
200.51447514373697, 17.902280830113693, 0.023389354746837246;
201.18873334597714, 17.95330688254135, 0.023484278411584823;
201.86566256743788, 18.004514381185725, 0.02357963447500292;
202.54527450743268, 18.055904048700896, 0.023675425075011275;
203.2275809207748, 18.107476610897468, 0.023771652360825242;
203.91259361805703, 18.159232796757333, 0.02386831849301873;
204.60032446593573, 18.211173338448646, 0.02396542564358772;
205.29078538741356, 18.263298971340706, 0.02406297599601428;
205.98398836212604, 18.3156104340191, 0.02416097174533061;
206.67994542662808, 18.36810846830072, 0.02425941509818384;
207.3786686746831, 18.420793819249088, 0.024358308272900756;
208.08017025755234, 18.47366723518949, 0.02445765349955344;
208.78446238428802, 18.52672946772447, 0.024557453020024916;
209.49155732202522, 18.579981271749112, 0.024657709088075314;
210.2014673962781, 18.633423405466683, 0.024758423969408232;
210.9142049912351, 18.687056630404115, 0.02485959994173798;
211.62978255005814, 18.740881711427726, 0.02496123929485666;
212.34821257518124, 18.794899416758916, 0.025063344330701974;
213.0695076286132, 18.849110517990045, 0.025165917363425164;
213.7936803322387, 18.903515790100236, 0.025268960719459835;
214.52074336812467, 18.958116011471468, 0.025372476737590605;
215.25070947882503, 19.012911963904514, 0.025476467769022605;
215.98359146768942, 19.067904432635224, 0.025580936177450976;
216.71940219917198, 19.123094206350558, 0.025685884339131278;
217.4581545991433, 19.178482077205082, 0.02579131464294986;
218.19986165520217, 19.234068840837196, 0.025897229490494975;
218.94453641699138, 19.289855296385703, 0.026003631296127934;
219.69219199651272, 19.345842246506283, 0.026110522487055164;
220.44284156844557, 19.40203049738819, 0.02621790550340035;
221.19649837046612, 19.458420858770882, 0.026325782798277117;
221.95317570356931, 19.515014143960933, 0.026434156837861898;
222.71288693239086, 19.571811169848793, 0.026543030101467857;
223.4756454855335, 19.62881275692588, 0.026652405081618542;
224.24146485589182, 19.686019729301513, 0.02676228428412239;
225.01035860098244, 19.743432914720145, 0.02687267022814742;
225.78234034327215, 19.80105314457854, 0.02698356544629676;
226.55742377051175, 19.85888125394311, 0.027094972484684152;
227.33562263606808, 19.91691808156728, 0.027206893903010208;
228.1169507592607, 19.975164469909032, 0.02731933227463891;
228.90142202569803, 20.03362126514841, 0.02743229018667487;
229.68905038761773, 20.092289317205267, 0.027545770240040766;
230.4798498642265, 20.151169479756938, 0.027659775049555312;
231.27383454204372, 20.210262610256148, 0.027774307244011594;
232.07101857524518, 20.26956956994888, 0.027889369466256204;
232.87141618601086, 20.32909122389249, 0.028004964373268503;
233.67504166487186, 20.3888284409737, 0.028121094636240518;
234.48190937106182, 20.448782093926948, 0.028237762940657045;
235.29203373286836, 20.50895305935254, 0.028354971986376806;
236.10542924798756, 20.56934221773517, 0.028472724487713492;
236.92211048387966, 20.629950453462293, 0.028591023173517596;
237.74209207812734, 20.690778654842816, 0.028709870787258524;
238.56538873879498, 20.751827714125646, 0.02882927008710758;
239.39201524479128, 20.813098527518566, 0.028949223846020982;
240.22198644623208, 20.874591995207023, 0.0290697348518237;
241.05531726480712, 20.93630902137312, 0.02919080590729347;
241.89202269414665, 20.99825051421465, 0.029312439830245868;
242.7321178001923, 21.06041738596428, 0.029434639453619175;
243.57561772156774, 21.12281055290872, 0.029557407625560365;
244.42253766995367, 21.18543093540819, 0.029680747209511044;
245.27289293046178, 21.248279457915704, 0.02980466108429451;
246.1266988620148, 21.31135704899677, 0.029929152144202886;
246.98397089772428, 21.3746646413489, 0.030054223299084894;
247.84472454527426, 21.438203171821446, 0.03017987747443409;
248.7089753873036, 21.50197358143536, 0.03030611761147783;
249.5767390817942, 21.56597681540321, 0.03043294666726657;
250.44803136245665, 21.630213823149145, 0.030560367614763877;
251.32286803912297, 21.69468555832911, 0.03068838344293647;
252.20126499813713, 21.759392978851007, 0.030816997156845664;
253.08323820275135, 21.824337046895156, 0.030946211777738698;
253.968803693521, 21.889518728934636, 0.0310760303431407;
254.85797758870518, 21.954938995755917, 0.03120645590694728;
255.7507760846664, 22.020598822479464, 0.03133749153951788;
256.6472154562752, 22.086499188580575, 0.03146914032776935;
257.5473120573141, 22.152641077910157, 0.0316014053752703;
258.4510823208867, 22.2190254787158, 0.031734289802335704;
259.3585427598262, 22.28565338366277, 0.031867796746122584;
260.269709967109, 22.35252578985531, 0.0320019293607259;
261.18460061626746, 22.41964369885779, 0.03213669081727505;
262.10323146180804, 22.487008116716297, 0.03227208430403094;
263.02561933962875, 22.554620053979985, 0.03240811302648376;
263.9517811674421, 22.62248052572281, 0.03254478020745132;
264.8817339451966, 22.690590551565197, 0.03268208908717794;
265.8154947555043, 22.758951155695993, 0.03282004292343356;
266.75308076406765, 22.82756336689427, 0.032958644991614314;
267.69450922011123, 22.896428218551552, 0.03309789858484294;
268.639797456813, 22.965546748693885, 0.033237807014070024;
269.5889628917412, 23.03492000000424, 0.0333783736081758;
270.54202302729055, 23.104549019844786, 0.03351960171407283;
271.4989954511232, 23.174434860279575, 0.03366149469680902;
272.4598978366103, 23.24457857809703, 0.033804055939671326;
273.424747943278, 23.31498123483288, 0.03394728884428985;
274.39356361725265, 23.38564389679283, 0.03409119683074327;
275.36636279171336, 23.456567635075714, 0.03423578333766405;
276.3431634873412, 23.527753525596513, 0.03438105182234487;
277.32398381277625, 23.59920264910966, 0.03452700576084517;
278.3088419650728, 23.670916091232264, 0.034673648648099104;
279.2977562301609, 23.74289494246773, 0.03482098399802339;
280.29074498330687, 23.815140298229174, 0.034969015343626175;
281.2878266895788, 23.88765325886333, 0.03511774623711636;
282.28901990431365, 23.960434929674165, 0.03526718025001398;
283.2943432735876, 24.033486420947018, 0.035417320973260696;
284.3038155346869, 24.106808847972495, 0.0355681720173315;
285.3174555165854, 24.180403331070856, 0.03571973701234642;
286.33528214041917, 24.25427099561615, 0.03587201960818369;
287.35731441996944, 24.328412972060818, 0.03602502347459307;
288.3835714621436, 24.402830395960127, 0.03617875230130999;
289.41407246746166, 24.477524407997002, 0.03633320979817013;
290.44883673054386, 24.55249615400671, 0.0364883996952254;
291.48788364060283, 24.627746785001957, 0.03664432574285984;
292.5312326819352, 24.70327745719784, 0.03680099171190666;
293.5789034344196, 24.779089332037138, 0.036958401393765536;
294.6309155740146, 24.85518357621559, 0.03711655860052151;
295.6872888732616, 24.931561361707438, 0.03727546716506356;
296.7480432017881, 25.008223865790963, 0.03743513094120467;
297.81319852681645, 25.085172271074253, 0.03759555380380184;
298.88277491367234, 25.16240776552101, 0.03775673964887786;
299.95679252629947, 25.239931542476665, 0.03791869239374295;
301.0352716277737, 25.317744800694342, 0.038081415977117554;
302.11823258082353, 25.39584874436131, 0.03824491435925532;
303.2056958483492, 25.47424458312521, 0.03840919152206804;
304.2976819939498, 25.552933532120736, 0.03857425146924985;
305.3942116824478, 25.631916811996202, 0.03874009822640336;
306.4953056804217, 25.71119564894044, 0.03890673584116572;
307.6009848567369, 25.790771274709634, 0.03907416838333605;
308.711270183084, 25.87064492665458, 0.03924239994500338;
309.82618273451567, 25.95081784774775, 0.0394114346406753;
310.94574368999, 26.03129128661076, 0.03958127660740735;
312.0699743329149, 26.112066497541797, 0.03975193000493365;
313.1988960516971, 26.19314474054344, 0.0399233990157977;
314.33253034029104, 26.274527281350213, 0.040095687845484396;
315.4708987987556, 26.356215391456743, 0.040268800722552484;
316.61402313380904, 26.43821034814572, 0.04044274189876836;
317.76192515939124, 26.520513434516165, 0.04061751564924022;
318.91462679722474, 26.60312593951178, 0.040793126272553076;
320.07215007738347, 26.68604915794956, 0.04096957809090459;
321.23451713886055, 26.769284390548314, 0.04114687545024221;
322.4017502301429, 26.852832943957637, 0.041325022720400395;
323.57387170978467, 26.93669613078672, 0.04150402429523919;
324.75090404698966, 27.02087526963367, 0.04168388459278318;
325.9328698221899, 27.105371685114537, 0.04186460805536199;
327.11979172763495, 27.190186707892966, 0.042046199149751017;
328.31169256797756, 27.27532167470958, 0.042228662367313395;
329.5085952608685, 27.360777928411867, 0.04241200222414213;
330.71052283754926, 27.446556817983907, 0.04259622326120437;
331.9174984434534, 27.532659698576552, 0.0427813300444853;
333.1295453388063, 27.61908793153748, 0.042967327165133656;
334.34668689923245, 27.705842884441704, 0.0431542192396076;
335.5689466163624, 27.792925931121882, 0.043342010909822135;
336.7963480984465, 27.880338451699174, 0.04353070684329679;
338.0289150709692, 27.96808183261392, 0.04372031173330468;
339.26667137726895, 28.05615746665673, 0.04391083029902186;
340.50964097915954, 28.144566752999516, 0.04410226728567845;
341.7578479575576, 28.23331109722694, 0.044294627464709996;
343.0113165131097, 28.322391911367728, 0.044487915633910045;
344.2700709668276, 28.411810613926466, 0.04468213661758323;
345.5341357607225, 28.501568629915223, 0.04487729526670024;
346.8035354584468, 28.591667390885696, 0.04507339645905271;
348.0782947459362, 28.68210833496117, 0.0452704450994096;
349.3584384320577, 28.772892906868982, 0.04546844611967423;
350.6439914492596, 28.864022557972802, 0.04566740447904281;
351.9349788542267, 28.955498746305448, 0.04586732516416319;
353.231425828537, 29.047322936601567, 0.04606821318929539;
354.53335767932515, 29.139496600330677, 0.04627007359647194;
355.84079983994553, 29.232021215730256, 0.046472911455660924;
357.15377787064364, 29.32489826783916, 0.046676731864928246;
358.4723174592271, 29.418129248530978, 0.046881539950602166;
359.7964444217434, 29.511715656547864, 0.04708734086743785;
361.126184703159, 29.605658997534213, 0.047294139798784066;
362.4615643780456, 29.699960784070864, 0.04750194195674973;
363.8026096512652, 29.79462253570909, 0.047710752582372326;
365.1493468586647, 29.889645779005214, 0.04792057694578678;
366.5018024677694, 29.98503204755496, 0.04813142034639583;
367.8600030784846, 30.080782882028345, 0.04834328811304114;
369.22397542379696, 30.176899830204427, 0.048556185604175746;
370.59374637048404, 30.273384447006656, 0.048770118208036756;
371.9693429198239, 30.3702382945379, 0.04898509134282048;
373.3507922083122, 30.467462942116118, 0.04920111045685755;
374.7381215083794, 30.565059966309853, 0.0494181810287893;
376.13135822911715, 30.663030950974264, 0.04963630856774535;
377.5305299170026, 30.761377487286953, 0.049855498613522585;
378.93566425663266, 30.860101173784383, 0.05007575673676474;
380.3467890714576, 30.959203616398096, 0.05029708853914338;
381.76393232452295, 31.0586864284915, 0.05051949965353951;
383.1871221192108, 31.158551230896503, 0.05074299574422722;
384.6163866999908, 31.258799651950614, 0.05096758250705767;
386.05175445317, 31.359433327534063, 0.051193265669644474;
387.4932539076518, 31.460453901107215, 0.05142005099155003;
388.9409137356941, 31.56186302374807, 0.05164794426447345;
390.3947627536769, 31.663662354190176, 0.05187695131243921;
391.85482992286967, 31.765853558860396, 0.05210707799198735;
393.32114435020736, 31.868438311917284, 0.052338330192363926;
394.79373528906495, 31.971418295289247, 0.05257071383571413;
396.2726321400445, 32.07479519871335, 0.05280423487727545;
397.75786445175754, 32.17857071977382, 0.053038899305572235;
399.2494619216198, 32.282746563941295, 0.053274713142611514;
400.7474543966441, 32.38732444461174, 0.053511682444080444;
402.25187187424376, 32.49230608314609, 0.05374981329954434;
403.76274450303345, 32.597693208909625, 0.05398911183264636;
405.28010258364253, 32.703487559311924, 0.05422958420130774;
406.80397656952556, 32.80969087984676, 0.05447123659793064;
408.3343970677829, 32.91630492413251, 0.054714075249600556;
409.8713948399821, 33.0233314539523, 0.05495810641829155;
411.41500080298704, 33.130772239294984, 0.055203336401071036;
412.9652460297893, 33.23862905839571, 0.055449771530307806;
414.5221617503457, 33.34690369777724, 0.055697418173879736;
416.08577935241925, 33.45559795229105, 0.05594628273538349;
417.65613038242765, 33.56471362515901, 0.056196371654345226;
419.23324654629124, 33.67425252801494, 0.05644769140643317;
420.81715971029337, 33.784216480946796, 0.05670024850367069;
422.4079019019372, 33.89460731253855, 0.05695404949465148;
424.00550531081467, 34.005426859912895, 0.0572091009647551;
425.6100022894747, 34.116676968773604, 0.057465409536365065;
427.2214253543018, 34.22835949344858, 0.0577229818690874;
428.83980718639333, 34.34047629693274, 0.057981824659970815;
430.46518063244815, 34.4530292509315, 0.05824194464372797;
432.0975787056538, 34.56602023590417, 0.05850334859295878;
433.7370345865865, 34.67945114110779, 0.058766043318374525;
435.3835816241075, 34.79332386464104, 0.05903003566902368;
437.0372533362719, 34.90764031348863, 0.05929533253251826;
438.69808341123803, 35.02240240356547, 0.059561940835263304;
440.3661057081844, 35.13761205976174, 0.059829867542686134;
442.0413542582303, 35.253271215987475, 0.06009911965946781;
443.72386326536326, 35.36938181521796, 0.06036970422977565;
445.41366710736935, 35.48594580953897, 0.06064162833749785;
447.1108003367723, 35.602965160192646, 0.06091489910647889;
448.81529768177313, 35.720441837623085, 0.061189523700756546;
450.5271940472017, 35.83837782152279, 0.0614655093248003;
452.24652451546507, 35.95677510087879, 0.06174286322375206;
453.97332434751104, 36.07563567401943, 0.06202159268366692;
455.7076289837874, 36.194961548661134, 0.0623017050317568;
457.4494740452155, 36.31475474195568, 0.06258320763663426;
459.1988953341617, 36.43501728053733, 0.06286610790855951;
460.95592883542145, 36.555751200570754, 0.0631504132996873;
462.72061071720157, 36.6769585477986, 0.0634361313043164;
464.49297733211495, 36.798641377589895, 0.06372326945913989;
466.2730652181763, 36.92080175498823, 0.06401183534349782;
468.06091109980616, 37.043441754760565, 0.06430183657963097;
469.85655188883806, 37.16656346144599, 0.06459328083293608;
471.66002468553546, 37.29016896940503, 0.06488617581222263;
473.4713667796091, 37.41426038286888, 0.06518052926997196;
475.2906156512456, 37.53883981598936, 0.06547634900259702;
477.11780897213777, 37.66390939288861, 0.06577364285070454;
478.95298460652316, 37.78947124770949, 0.0660724186993578;
480.79618061222726, 37.91552752466594, 0.0663726844783425;
482.6474352417138, 38.04208037809387, 0.06667444816243315;
484.5067869431394, 38.169131972502, 0.06697771777166146;
486.374274361417, 38.29668448262344, 0.06728250137158608;
488.24993633928085, 38.4247400934669, 0.0675888070735651;
490.13381191836396, 38.553301000368954, 0.06789664303502894;
492.0259403402742, 38.68236940904572, 0.0682060174597557;
493.9263610476835, 38.81194753564568, 0.06851693859814771;
495.83511368541815, 38.94203760680204, 0.06882941474751073;
497.7522381015597, 39.072641859685966, 0.06914345425233384;
499.67777434854594, 39.20376254205955, 0.06945906550457172;
501.6117626842872, 39.335401912329594, 0.06977625694392815;
503.5542435732791, 39.46756223960125, 0.07009503705814221;
505.5052576877299, 39.600245803732314, 0.07041541438327542;
507.46484590868823, 39.73345489538734, 0.070737397504001;
509.4330493271831, 39.867191816092664, 0.07106099505389427;
511.40990924536305, 40.00145887829107, 0.07138621571572669;
513.3954671776506, 40.13625840539736, 0.07171306822175967;
515.3897648518949, 40.27159273185364, 0.07204156135404143;
517.3928442105376, 40.407464203185405, 0.07237170394470478;
519.4047474117802, 40.54387517605757, 0.07270350487626837;
521.4255168307636, 40.68082801833108, 0.07303697308193807;
523.4551950607474, 40.81832510911947, 0.07337211754591132;
525.4938249143044, 40.95636883884616, 0.07370894730368246;
527.5414494245124, 41.0949616093017, 0.07404747144235152;
529.5981118461633, 41.23410583370155, 0.07438769910093344;
531.6638556569691, 41.37380393674391, 0.07472963947066974;
533.7387245587827, 41.514058354668336, 0.07507330179534205;
535.8227624788201, 41.65487153531396, 0.07541869537158832;
537.9160135708946, 41.79624593817885, 0.07576582954921998;
540.0185222166522, 41.93818403447891, 0.0761147137315419;
542.130333026821, 42.080688307207716, 0.07646535737567303;
544.2514908424606, 42.223761251196194, 0.07681776999287154;
546.3820407362257, 42.367405373173035, 0.07717196114885944;
548.5220280136306, 42.51162319182508, 0.07752794046415074;
550.6714982143263, 42.65641723785824, 0.07788571761438055;
552.8304971133804, 42.8017900540588, 0.07824530233063802;
554.9990707225685, 42.94774419535469, 0.07860670439979947;
557.1772652916701, 43.09428222887753, 0.07896993366486463;
559.3651273097724, 43.24140673402483, 0.07933500002529503;
561.5627035065829, 43.38912030252243, 0.07970191343735365;
563.7700408537492, 43.537425538487305, 0.08007068391444803;
565.9871865661855, 43.686325058490915, 0.08044132152747487;
568.2141881034066, 43.83582149162262, 0.08081383640516562;
570.4510931708708, 43.985917479553706, 0.08118823873443719;
572.6979497213312, 44.13661567660137, 0.08156453876074161;
574.9548059561923, 44.28791874979349, 0.0819427467884202;
577.2217103268756, 44.4398293789335, 0.08232287318105883;
579.4987115361928, 44.59235025666572, 0.08270492836184554;
581.78585853973, 44.74548408854072, 0.08308892281393096;
584.0832005472348, 44.899233593081625, 0.08347486708079095;
586.3907870240141, 45.053601501850245, 0.08386277176658999;
588.70866769234, 45.208590559513944, 0.0842526475365496;
591.0368925328639, 45.36420352391244, 0.0846445051173167;
593.3755117860397, 45.52044316612537, 0.08503835529733539;
595.724575953551, 45.67731227054015, 0.0854342089272211;
598.0841357997506, 45.83481363492002, 0.0858320769201362;
600.4542423531097, 45.99295007047249, 0.08623197025216947;
602.8349469076704, 46.151724401918315, 0.08663389996271716;
605.2263010245098, 46.31113946756084, 0.08703787715486519;
607.6283565332117, 46.471198119355485, 0.08744391299577695;
610.0411655333493, 46.6319032229798, 0.08785201871708011;
612.4647803959724, 46.793257657903865, 0.08826220561525817;
614.8992537651048, 46.95526431746107, 0.08867448505204382;
617.3446385592522, 47.11792610891934, 0.08908886845481365;
619.8009879729171, 47.281245953552535, 0.08950536731698787;
622.2683554781232, 47.44522678671236, 0.0899239931984303;
624.7467948259463, 47.60987155790097, 0.09034475772585131;
627.236360048057, 47.77518323084339, 0.09076767259321475;
629.7371054582738, 47.941164783560694, 0.09119274956214561;
632.2490856541199, 48.1078192084435, 0.09162000046234149;
634.7723555183927, 48.27514951232605, 0.0920494371919859;
637.306970220741, 48.443158716560326, 0.09248107171816446;
639.8529852192543, 48.611849857090746, 0.0929149160772844;
642.4104562620573, 48.781225984529314, 0.09335098237549595;
644.9794393889158, 48.951290164231295, 0.09378928278911583;
647.5599909328504, 49.12204547637098, 0.09422982956505524;
650.152167521764, 49.29349501601805, 0.09467263502124906;
652.7560260800728, 49.46564189321433, 0.09511771154708819;
655.3716238303497, 49.6384892330511, 0.09556507160385479;
657.9990182949778, 49.8120401757466, 0.09601472772515995;
660.638267297813, 49.986297876724, 0.09646669251738461;
663.289428965857, 50.16126550668988, 0.09692097866012353;
665.952561730937, 50.3369462517132, 0.0973775989066301;
668.6277243313972, 50.51334331330461, 0.09783656608426725;
671.3149758138035, 50.69045990849595, 0.09829789309495834;
674.0143755346536, 50.868299269920655, 0.09876159291564263;
676.7259831620944, 51.04686464589434, 0.09922767859873258;
679.4498586776598, 51.22615930049582, 0.09969616327257445;
682.1860623780094, 51.40618651364854, 0.10016706014191297;
684.9346548766795, 51.58694958120257, 0.10064038248835679;
687.6956971058468, 51.76845181501702, 0.10111614367084819;
690.4692503180968, 51.950696543042866, 0.10159435712613649;
693.2553760882129, 52.13368710940616, 0.10207503636925258;
696.0541363149656, 52.317426874491815, 0.10255819499398806;
698.8655932229119, 52.50191921502786, 0.10304384667337725;
701.6898093642192, 52.6871675241701, 0.10353200516018043;
704.5268476204814, 52.87317521158709, 0.1040226842873736;
707.3767712045591, 53.05994570354588, 0.10451589796863836;
710.2396436624242, 53.24748244299806, 0.10501166019885548;
713.1155288750131, 53.435788889666256, 0.10550998505460348;
716.0044910601009, 53.624868520131095, 0.10601088669465822;
718.9065947741784, 53.814724827918674, 0.10651437936049626;
721.8219049143352, 54.00536132358867, 0.10702047737680258;
724.7504867201718, 54.196781534822655, 0.10752919515197928;
727.6924057757013, 54.38898900651298, 0.10804054717866024;
730.6477280112782, 54.58198730085227, 0.10855454803422744;
733.6165197055335, 54.77577999742334, 0.10907121238132986;
736.598847487312, 54.97037069328962, 0.10959055496840803;
739.5947783376407, 55.165763003085836, 0.11011259063022001;
742.6043795916933, 55.36196055910957, 0.1106373342883714;
745.6277189407634, 55.55896701141327, 0.11116480095184877;
748.6648644342679, 55.75678602789644, 0.11169500571755596;
751.7158844817421, 55.95542129439858, 0.11222796377085527;
754.7808478548595, 56.1548765147926, 0.11276369038611048;
757.8598236894576, 56.355155411078876, 0.11330220092723352;
760.9528814875723, 56.556261723479615, 0.11384351084823634;
764.0600911194967, 56.75819921053376, 0.11438763569378452;
767.181522825842, 56.96097164919246, 0.1149345910997547;
770.3172472196052, 57.16458283491522, 0.11548439279379656;
773.4673352882688, 57.369036581766466, 0.11603705659589682;
776.6318583958914, 57.57433672251236, 0.1165925984189492;
779.8108882852232, 57.78048710871853, 0.11715103426932551;
783.00449707983, 57.9874916108484, 0.11771238024745144;
786.2127572862275, 58.195354118361685, 0.11827665254838753;
789.435741796037, 58.40407853981361, 0.11884386746241078;
792.6735238881428, 58.61366880295469, 0.11941404137560317;
795.9261772308661, 58.824128854831145, 0.11998719077044172;
799.1937758841583, 59.035462661885816, 0.12056333222639254;
802.4763943017973, 59.24767421005939, 0.12114248242051086;
805.7741073336016, 59.46076750489246, 0.12172465812804277;
809.0869902276603, 59.674746571628255, 0.12230987622303005;
812.4151186325652, 59.889615455315685, 0.12289815367892248;
815.758568599675, 60.10537822091288, 0.1234895075691903;
819.1174165853744, 60.32203895339154, 0.12408395506794304;
822.4917394533514, 60.53960175784192, 0.12468151345055117;
825.8816144768989, 60.75807075957814, 0.1252822000942715;
829.2871193412157, 60.97745010424405, 0.12588603247887828;
832.7083321457277, 61.19774395792001, 0.126493028187297;
836.1453314064262, 61.41895650723006, 0.12710320490624152;
839.5981960582039, 61.64109195944967, 0.12771658042685805;
843.0670054572345, 61.86415454261395, 0.12833317264537;
846.5518393833347, 62.088148505626776, 0.1289529995637299;
850.0527780423571, 62.31307811837045, 0.12957607929027343;
853.5699020685987, 62.538947671815706, 0.13020243004037782;
857.1032925272149, 62.7657614781325, 0.13083207013712678;
860.653030916652, 62.99352387080145, 0.13146501801197738;
864.2191991710982, 63.222239204725966, 0.13210129220543068;
867.8018796629389, 63.45191185634481, 0.1327409113677099;
871.4011552052375, 63.682546223745256, 0.13338389425944022;
875.0171090542273, 63.91414672677702, 0.13403025975233318;
878.6498249118081, 64.14671780716702, 0.13468002682987734;
882.2993869280792, 64.38026392863429, 0.13533321458803044;
885.965879703866, 64.61478957700577, 0.1359898422359198;
889.6493882932729, 64.85029926033283, 0.1366499290965443;
893.3499982062491, 65.08679750900845, 0.13731349460748082;
897.0677954111661, 65.32428887588485, 0.13798055832159803;
900.8028663374204, 65.56277793639184, 0.13865113990777223;
904.5552978780403, 65.80226928865589, 0.13932525915160837;
908.3251773923108, 66.04276755362004, 0.14000293595616703;
912.1125927084227, 66.28427737516402, 0.14068419034269306;
915.9176321261252, 66.52680342022548, 0.1413690424513534;
919.7403844194038, 66.77035037892144, 0.14205751254197643;
923.5809388391692, 67.01492296467113, 0.1427496209947954;
927.4393851159579, 67.26052591431883, 0.1434453883112008;
931.3158134626649, 67.50716398825743, 0.14414483511449316;
935.2103145772762, 67.75484197055326, 0.14484798215064368;
939.1229796456176, 68.00356466907098, 0.1455548502890584;
943.0539003441393, 68.25333691559975, 0.14626546052334677;
947.0031688426901, 68.50416356597927, 0.14697983397209805;
950.9708778073327, 68.75604950022742, 0.14769799187965962;
954.9571204031564, 69.00899962266818, 0.14841995561692098;
958.9619902971154, 69.2630188620603, 0.1491457466821048;
962.9855816608889, 69.51811217172654, 0.14987538670156117;
967.0279891737525, 69.77428452968384, 0.15060889743056727;
971.0893080254549, 70.03154093877441, 0.1513463007541335;
975.1696339191404, 70.28988642679704, 0.1520876186878119;
979.2690630742646, 70.5493260466395, 0.15283287337851434;
983.3876922295323, 70.8098648764115, 0.1535820871053327;
987.525618645862, 71.07150801957866, 0.1543352822803636;
991.6829401093562, 71.33426060509703, 0.15509248144954266;
995.8597549342995, 71.5981277875482, 0.1558537072934803;
1000.0561619661717, 71.86311474727536, 0.15661898262830465;
1004.2722605846673, 72.1292266905205, 0.15738833040650974;
1008.5081507067582, 72.39646884956154, 0.15816177371780843;
1012.7639327897496, 72.66484648285089, 0.15893933578999275;
1017.0397078343663, 72.93436487515443, 0.15972103998979867;
1021.3355773878598, 73.20502933769163, 0.160506909823775;
1025.6516435471203, 73.47684520827613, 0.16129696893916176;
1029.9880089618287, 73.74981785145714, 0.16209124112477066;
1034.344776837608, 74.0239526586617, 0.16288975031187286;
1038.7220509392002, 74.29925504833794, 0.16369252057509343;
1043.1199355936703, 74.57573046609889, 0.16449957613330815;
1047.5385356936151, 74.8533843848669, 0.16531094135055172;
1051.9779567004036, 75.13222230501933, 0.16612664073692754;
1056.4383046474295, 75.41224975453498, 0.16694669894952327;
1060.9196861433832, 75.69347228914104, 0.16777114079333622;
1065.4222083755492, 75.97589549246095, 0.16859999122220135;
1069.945979113123, 76.25952497616339, 0.1694332753397262;
1074.4911067105318, 76.54436638011185, 0.17027101840023282;
1079.0577001108047, 76.83042537251502, 0.1711132458097037;
1083.6458688489358, 77.1177076500781, 0.17195998312673724;
1088.2557230552795, 77.40621893815494, 0.17281125606350717;
1092.887373458971, 77.69596499090116, 0.17366709048672713;
1097.540931391349, 77.98695159142802, 0.17452751241862557;
1102.2165087894252, 78.27918455195694, 0.17539254803792306;
1106.9142181993527, 78.57266971397532, 0.17626222368081768;
1111.6341727799215, 78.867412948393, 0.17713656584197787;
1116.3764863060842, 79.16342015569958, 0.17801560117553814;
1121.1412731724906, 79.46069726612268, 0.17889935649610736;
1125.9286483970493, 79.75925023978698, 0.17978785877977765;
1130.7387276245115, 80.05908506687454, 0.18068113516514253;
1135.5716271300662, 80.36020776778554, 0.18157921295432314;
1140.427463822981, 80.66262439330006, 0.18248211961399813;
1145.3063552502406, 80.96634102474097, 0.18338988277644294;
1150.2084196002086, 81.27136377413771, 0.1843025302405745;
1155.1337757063363, 81.57769878439073, 0.18522008997300193;
1160.082543050864, 81.88535222943699, 0.1861425901090878;
1165.0548417685588, 82.19433031441653, 0.18707005895401232;
1170.050792650481, 82.50463927583992, 0.1880025249838454;
1175.0705171477473, 82.81628538175671, 0.18894001684662867;
1180.1141373753594, 83.12927493192423, 0.18988256336346093;
1185.1817761160137, 83.44361425797844, 0.19083019352959232;
1190.2735568239539, 83.75930972360491, 0.1917829365155268;
1195.3896036288506, 84.07636772471116, 0.19274082166812798;
1200.5300413396958, 84.39479468959948, 0.19370387851173881;
1205.6949954487204, 84.71459707914129, 0.19467213674930214;
1210.8845921353434, 85.03578138695256, 0.1956456262634913;
1216.098958270129, 85.35835413956958, 0.19662437711784977;
1221.3382214187955, 85.68232189662601, 0.19760841955793595;
1226.6025098462212, 86.00769125103126, 0.19859778401247544;
1231.891952520479, 86.33446882914964, 0.19959250109452392;
1237.206679116917, 86.66266129098038, 0.20059260160263245;
1242.546820022237, 86.99227533033874, 0.20159811652202617;
1247.9125063386098, 87.32331767503833, 0.20260907702578843;
1253.303869887821, 87.65579508707441, 0.20362551447604887;
1258.7210432154232, 87.98971436280813, 0.20464746042518758;
1264.1641595949372, 88.3250823331516, 0.2056749466170395;
1269.6333530320676, 88.66190586375454, 0.20670800498811165;
1275.1287582689254, 89.00019185519174, 0.2077466676688051;
1280.6505107883206, 89.33994724315137, 0.20879096698464694;
1286.1987468180337, 89.68117899862459, 0.20984093545753107;
1291.7736033351441, 90.02389412809616, 0.21089660580696581;
1297.3752180703725, 90.36809967373644, 0.2119580109513277;
1303.003729512447, 90.71380271359389, 0.2130251840091301;
1308.6592769125052, 91.06101036178902, 0.21409815830029263;
1314.3420002885246, 91.4097297687095, 0.21517696734742423;
1320.0520404297533, 91.7599681212063, 0.21626164487711264;
1325.7895389012122, 92.11173264279101, 0.21735222482122105;
1331.5546380481842, 92.46503059383389, 0.21844874131819797;
1337.3474810007517, 92.81986927176348, 0.21955122871439128;
1343.1682116783609, 93.17625601126758, 0.2206597215653709;
1349.0169747943967, 93.53419818449477, 0.22177425463726513;
1354.893915860814, 93.89370320125707, 0.2228948629081001;
1360.7991811927786, 94.25477850923423, 0.22402158156915206;
1366.732917913322, 94.61743159417937, 0.225154446026306;
1372.6952739580702, 94.98166998012479, 0.22629349190142428;
1378.6863980799512, 95.34750122958981, 0.22743875503372615;
1384.706439853963, 95.71493294378946, 0.22859027148117403;
1390.7555496819596, 96.08397276284477, 0.22974807752186827;
1396.8338787974599, 96.45462836599359, 0.23091220965545467;
1402.9415792705065, 96.82690747180297, 0.2320827046045391;
1409.0788040125337, 97.20081783838289, 0.23325959931611004;
1415.2457067812638, 97.57636726360104, 0.2344429309629752;
1421.442442185661, 97.95356358529897, 0.23563273694520084;
1427.669165690883, 98.332414681509, 0.23682905489156875;
1433.9260336232778, 98.71292847067294, 0.23803192266103673;
1440.213203175417, 99.09511291186205, 0.23924137834420955;
1446.5308324111384, 99.47897600499786, 0.24045746026482412;
1452.8790802706471, 99.86452579107427, 0.2416802069812392;
1459.2581065756324, 100.25177035238134, 0.2429096572879376;
1465.668072034405, 100.64071781273022, 0.2441458502170391;
1472.1091382470934, 101.03137633767913, 0.24538882503982004;
1478.5814677108515, 101.42375413476063, 0.24663862126824806;
1485.0852238251018, 101.8178594537105, 0.24789527865652375;
1491.6205708968155, 102.21370058669784, 0.24915883720263035;
1498.187674145812, 102.61128586855655, 0.2504293371499016;
1504.7866997101169, 103.01062367701739, 0.25170681898859104;
1511.4178146513311, 103.41172243294255, 0.2529913234574576;
1518.0811869600234, 103.814590600561, 0.25428289154536066;
1524.7769855611932, 104.219236687705, 0.25558156449286185;
1531.5053803197325, 104.62566924604816, 0.25688738379384524;
1538.2665420459327, 105.03389687134477, 0.25820039119714144;
1545.0606425010349, 105.44392820367108, 0.2595206287081638;
1551.8878544027887, 105.85577192766708, 0.26084813859056005;
1558.7483514310784, 106.26943677278003, 0.26218296336786917;
1565.6423082335643, 106.68493151350957, 0.2635251458251932;
1572.569900431347, 107.10226496965436, 0.26487472901087794;
1579.5313046246972, 107.5214460065596, 0.2662317562382054;
1586.5266983987985, 107.94248353536608, 0.2675962710870998;
1593.556260329531, 108.36538651326119, 0.2689683174058427;
1600.6201699892893, 108.79016394373109, 0.2703479393127979;
1607.7186079528349, 109.216824876814, 0.2717351811981529;
1614.8517558031976, 109.64537840935517, 0.27313008772566805;
1622.019796137596, 110.07583368526359, 0.2745327038344385;
1629.2229125733925, 110.50819989577002, 0.2759430747406686;
1636.4612897541137, 110.94248627968636, 0.2773612459394551;
1643.7351133554725, 111.37870212366617, 0.2787872632065889;
1651.0445700914481, 111.81685676246781, 0.28022117260036317;
1658.389847720401, 112.25695957921806, 0.2816630204633921;
1665.7711350512072, 112.69902000567772, 0.28311285342445;
1673.1886219494672, 113.14304752250834, 0.2845707184003145;
1680.642499343723, 113.58905165954103, 0.286036662597626;
1688.1329592317106, 114.03704199604681, 0.2875107335147601;
1695.6601946866806, 114.48702816100793, 0.28899297894370835;
1703.2243998637307, 114.93901983339106, 0.2904834469719783;
1710.8257700061865, 115.3930267424222, 0.29198218598450165;
1718.4645014520247, 115.84905866786339, 0.29348924466555365;
1726.1407916403223, 116.30712544029055, 0.2950046720006919;
1733.8548391177724, 116.7672369413727, 0.2965285172787022;
1741.6068435452155, 117.2294031041536, 0.2980608300935599;
1749.3970057042086, 117.69363391333461, 0.2996016603464047;
1757.2255275036666, 118.15993940555933, 0.3011510582475256;
1765.0926119865137, 118.62832966969906, 0.302709074318366;
1772.9984633363797, 119.09881484714121, 0.30427575939353624;
1780.9432868843583, 119.57140513207885, 0.3058511646228385;
1788.9272891157746, 120.04611077180141, 0.3074353414733134;
1796.950677677029, 120.52294206698778, 0.309028341731292;
1805.0136613824668, 121.00190937200064, 0.31063021750446623;
1813.1164502212712, 121.48302309518299, 0.31224102122397235;
1821.259255364447, 121.96629369915605, 0.3138608056464845;
1829.442289171796, 122.45173170111859, 0.315489623856332;
1837.6657651989692, 122.93934767314863, 0.31712752926762133;
1845.9298982045575, 123.42915224250679, 0.3187745756263736;
1854.2349041571974, 123.92115609194086, 0.32043081701268505;
1862.581000242773, 124.4153699599927, 0.32209630784288984;
1870.968404871625, 124.9118046413065, 0.3237711028717481;
1879.3973376857934, 125.4104709869394, 0.3254552571946413;
1887.8680195663562, 125.9113799046736, 0.32714882624978436;
1896.3806726407608, 126.41454235932956, 0.32885186582045733;
1904.9355202902336, 126.91996937308241, 0.33056443203724706;
1913.5327871572213, 127.4276720257794, 0.3322865813803018;
1922.1726991528703, 127.93766145525926, 0.3340183706816101;
1930.8554834645843, 128.4499488576731, 0.3357598571272862;
1939.5813685635999, 128.96454548780778, 0.3375110982598756;
1948.3505842126056, 129.4814626594113, 0.3392721519806752;
1957.1633614734392, 130.00071174551957, 0.34104307655206545;
1966.0199327148073, 130.52230417878386, 0.34282393059986765;
1974.9205316200532, 131.046251451804, 0.344614773115708;
1983.8653931949943, 131.5725651174589, 0.34641566345939795;
1992.8547537757672, 132.10125678924226, 0.34822666136133995;
2001.8888510367785, 132.6323381415988, 0.3500478269249391;
2010.9679239986642, 133.16582091026228, 0.35187922062903576;
2020.0922130362883, 133.701716892597, 0.35372090333035533;
2029.2619598868453, 134.24003794793964, 0.35557293626597036;
2038.4774076579563, 134.78079599794304, 0.3574353810557865;
2047.738800835851, 135.3240030269243, 0.35930829970504036;
2057.046385293585, 135.86967108221188, 0.3611917546068105;
2066.400408299299, 136.41781227449704, 0.363085808544557;
2075.801118524571, 136.96843877818569, 0.3649905246946666;
2085.2487660527686, 137.52156283175293, 0.36690596662902203;
2094.743602387477, 138.0771967381011, 0.36883219831758657;
2104.2858804609978, 138.6353528649172, 0.37076928413100363;
2113.8758546428676, 139.1960436450337, 0.3727172888432205;
2123.5137807484484, 139.75928157679314, 0.3746762776341246;
2133.1999160475684, 140.32507922441135, 0.37664631609219673;
2142.934519273209, 140.89344921834603, 0.37862747021718834;
2152.7178506302694, 141.46440425566573, 0.38061980642281107;
2162.550171804359, 142.03795710042075, 0.3826233915394487;
2172.4317459706494, 142.61412058401845, 0.3846382928168839;
2182.362837802806, 143.19290760559792, 0.386664577927044;
2192.3437134819414, 143.77433113240832, 0.3887023149667715;
2202.37464070565, 144.35840420018948, 0.3907515724606065;
2212.455888697091, 144.94513991355504, 0.39281241936358663;
2222.587728214109, 145.534551446376, 0.39488492506407613;
2232.770431558456, 146.1266520421693, 0.3969691593866033;
2243.0042725850353, 146.7214550144854, 0.39906519259472395;
2253.2895267111967, 147.31897374730167, 0.4011730953939019;
2263.6264709261354, 147.91922169541593, 0.40329293893440643;
2274.0153838003007, 148.5222123848415, 0.40542479481423827;
2284.4565454948856, 149.1279594132074, 0.4075687350820653;
2294.9502377713893, 149.73647645015862, 0.40972483224018263;
2305.496744001189, 150.3477772377593, 0.41189315924749653;
2316.09634917525, 150.96187559089861, 0.41407378952252244;
2326.7493399138352, 151.57878539769828, 0.41626679694640645;
2337.4560044762734, 152.19852061992407, 0.41847225586596803;
2348.216632770846, 152.82109529339803, 0.42069024109676073;
2359.0315163646815, 153.446523528413, 0.42292082792615887;
2369.900948493724, 154.0748195101522, 0.4251640921164605;
2380.825224072786, 154.70599749910787, 0.4274201099080102;
2391.804639705625, 155.34007183150467, 0.42968895802235346;
2402.8394936951386, 155.977056919725, 0.43197071366539863;
2413.9300860535723, 156.61696725273535, 0.4342654545306111;
2425.076718512801, 157.2598173965182, 0.43657325880222475;
2436.27969453472, 157.90562199450437, 0.4388942051584736;
2447.5393193216287, 158.55439576800694, 0.44122837277485233;
2458.85589982675, 159.20615351666083, 0.4435758413273938;
2470.229744764762, 159.86091011886248, 0.44593669099596617;
2481.6611646224205, 160.51868053221287, 0.4483110024676031;
2493.1504716692584, 161.17947979396325, 0.4506988569398456;
2504.6979799683318, 161.84332302146296, 0.4531003361241131;
2516.304005387031, 162.5102254126114, 0.45551552224909575;
2527.9688656079907, 163.1802022463108, 0.45794449806416887;
2539.692880140042, 163.85326888292232, 0.4603873468428351;
2551.476370329226, 164.52944076472593, 0.4628441523861856;
2563.319659369916, 165.2087334163813, 0.46531499902638424;
2575.2230723159505, 165.89116244539238, 0.4677999716301831;
2587.1869360919104, 166.57674354257517, 0.4702991556024525;
2599.211579504407, 167.26549248252587, 0.47281263688974295;
2611.297333253446, 167.9574251240962, 0.4753405019838673;
2623.4445299439167, 168.65255741086713, 0.47788283792550557;
2635.6535040970884, 169.3509053716269, 0.480439732307844;
2647.9245921622146, 170.05248512085348, 0.48301127328022925;
2660.258132528214, 170.75731285919798, 0.48559754955184703;
2672.6544655353837, 171.46540487397138, 0.48819865039543897;
2685.113933487256, 172.17677753963451, 0.49081466565103;
2697.6368806624782, 172.89144731828995, 0.4934456857296889;
2710.223653326752, 173.60943076017912, 0.49609180161731614;
2722.87459974493, 174.3307445041796, 0.4987531048784485;
2735.5900701930927, 175.05540527830647, 0.5014296876601042;
2748.3704169707667, 175.78342990021798, 0.5041216426956449;
2761.2159944131963, 176.5148352777219, 0.5068290633086594;
2774.1271589036755, 177.24963840928612, 0.5095520434168908;
2787.104268886014, 177.98785638455308, 0.5122906775361753;
2800.147684877025, 178.7295063848543, 0.5150450607844144;
2813.257769479098, 179.4746056837325, 0.5178152888855749;
2826.4348873929043, 180.22317164746298, 0.5206014581737116;
2839.679405430118, 180.97522173557854, 0.5234036655970261;
2852.9916925262523, 181.73077350140022, 0.5262220087219501;
2866.372119753573, 182.48984459256857, 0.5290565857372462;
2879.8210603340785, 183.25245275157855, 0.5319074954581587;
2893.3388896525953, 184.0186158163192, 0.5347748373305737;
2906.925985269931, 184.78835172061272, 0.537658711435216;
2920.5827269360852, 185.56167849476236, 0.5405592184918775;
2934.3094966036283, 186.33861426609946, 0.5434764598636634;
2948.1066784410677, 187.1191772595329, 0.5464105375612873;
2961.9746588463668, 187.90338579810702, 0.5493615542473761;
2975.913826460521, 188.6912583035572, 0.5523296132408118;
2989.924572181205, 189.4828132968723, 0.5553148185211135;
3004.0072891765685, 190.2780693988592, 0.558317274732832;
3018.1623728990526, 191.07704533070927, 0.5613370871899881;
3032.3902210993037, 191.87975991457242, 0.564374361880536;
3046.6912338402344, 192.68623207413052, 0.5674292054708555;
3061.0658135111003, 193.49648083517448, 0.5705017253102848;
3075.5143648417043, 194.3105253261881, 0.5735920294356746;
3090.0372949167, 195.12838477893226, 0.5767002265759742;
3104.6350131899367, 195.95007852903322, 0.5798264261568606;
3119.3079314989686, 196.77562601657618, 0.5829707383053854;
3134.0564640796106, 197.60504678669815, 0.586133273854662;
3148.8810275805567, 198.43836049019058, 0.589314144348586;
3163.7820410781815, 199.27558688410113, 0.592513462046579;
3178.7599260913594, 200.1167458323379, 0.5957313399283803;
3193.8151065964003, 200.96185730628295, 0.5989678916988619;
3208.948009042096, 201.81094138540453, 0.6022232317928709;
3224.1590623648217, 202.6640182578737, 0.6054974753801257;
3239.4486980038046, 203.5211082211872, 0.6087907383701242;
3254.8173499164227, 204.38223168279, 0.6121031374171008;
3270.2654545936102, 205.24740916070658, 0.6154347899250113;
3285.7934510754185, 206.11666128417193, 0.6187858140525502;
3301.4017809666057, 206.99000879426637, 0.6221563287182142;
3317.09088845236, 207.86747254455858, 0.625546453605389;
3332.861220314135, 208.74907350174644, 0.6289563091674709;
3348.713225945538, 209.6348327463071, 0.6323860166330395;
3364.647357368387, 210.52477147314679, 0.6358356980110471;
3380.6640692488318, 211.41891099225646, 0.6393054760960558;
3396.7638189135378, 212.3172727293724, 0.6427954744735105;
3412.9470663660927, 213.21987822663885, 0.6463058175250372;
3429.214274303379, 214.12674914327437, 0.6498366304338006;
3445.565908132152, 215.03790725624523, 0.6533880391898755;
3462.0024359856807, 215.95337446093907, 0.6569601705956668;
3478.524328740475, 216.8731727718454, 0.6605531522713706;
3495.1320600332006, 217.79732432323888, 0.6641671126604661;
3511.826106277611, 218.72585136986555, 0.6678021810352482;
3528.60694668163, 219.65877628763738, 0.6714584875024009;
3545.475063264552, 220.59612157432642, 0.6751361630086021;
3562.4309408743366, 221.53790985026407, 0.6788353393461825;
3579.475067205023, 222.4841638590481, 0.6825561491588087;
3596.6079328142523, 223.43490646824856, 0.6862987259472092;
3613.8300311408657, 224.39016067012284, 0.690063204074949;
3631.141858522724, 225.34994958233125, 0.693849718774238;
3648.5439142145106, 226.31429644865847, 0.6976584061517752;
3666.036700405718, 227.28322463974087, 0.7014894031946466;
3683.620722238761, 228.25675765379557, 0.7053428477762456;
3701.296487827173, 229.23491911735456, 0.7092188786622601;
3719.0645082739297, 230.2177327860051, 0.7131176355166773;
3736.925297689897, 231.20522254513287, 0.717039258907841;
3754.8793732123695, 232.1974124106687, 0.720983890314556;
3772.9272550237984, 233.19432652984298, 0.7249516721322262;
3791.0694663705613, 234.19598918194075, 0.7289427476790399;
3809.306533581881, 235.20242477906478, 0.732957261202199;
3827.638986088883, 236.21365786690197, 0.7369953578841849;
3846.067356443775, 237.22971312549183, 0.7410571838490845;
3864.5921803391075, 238.25061537000533, 0.7451428861689432;
3883.21399662722, 239.27638955152295, 0.7492526128701659;
3901.9333473397423, 240.30706075781978, 0.7533865129399755;
3920.750777707304, 241.34265421415643, 0.7575447363329013;
3939.66683617932, 242.38319528407112, 0.7617274339773183;
3958.682074443858, 243.42870947018162, 0.7659347577820385;
3977.7970474477765, 244.47922241498785, 0.7701668606429335;
3997.0123134168307, 245.5347599016803, 0.7744238964496227;
4016.328433876018, 246.59534785495552, 0.7787060200921965;
4035.7459736700225, 247.66101234183435, 0.7830133874679789;
4055.265500983737, 248.73177957248447, 0.7873461554883646;
4074.887587363041, 249.807675901051, 0.7917044820856731;
4094.6128077355975, 250.8887278264885, 0.7960885262200709;
4114.441740431813, 251.97496199340105, 0.8004984478865382;
4134.374967205991, 253.06640519288632, 0.8049344081218732;
4154.413073257547, 254.16308436338304, 0.8093965690117673;
4174.556647252402, 255.2650265915269, 0.813885093697912;
4194.806281344515, 256.37225911300925, 0.8184001463851563;
4215.16257119749, 257.48480931344136, 0.8229418923487314;
4235.626116006462, 258.60270472922565, 0.827510497941506;
4256.197518519993, 259.72597304842805, 0.8321061306013028;
4276.877385062122, 260.85464211166135, 0.8367289588582685;
4297.666325554676, 261.98873991297063, 0.8413791523422844;
4318.564953539574, 263.1282946007212, 0.8460568817904455;
4339.5738862013695, 264.27333447850026, 0.8507623190545814;
4360.693744389929, 265.42388800601503, 0.8554956371088236;
4381.925152643183, 266.57998380000225, 0.8602570100572496;
4403.268739210162, 267.741650635141, 0.8650466131415565;
4424.7251360740565, 268.90891744496935, 0.8698646227488003;
4446.29497897546, 270.08181332281214, 0.87471121641919;
4467.978907435827, 271.2603675227089, 0.8795865728539274;
4489.777564780998, 272.4446094603476, 0.884490871923121;
4511.691598164911, 273.63456871400984, 0.8894242946737373;
4533.721658593491, 274.8302750255149, 0.8943870233376097;
4555.868400948633, 276.03175830117317, 0.8993792413395217;
4578.132484012419, 277.23904861274576, 0.9044011333053252;
4600.514570491449, 278.4521761984062, 0.9094528850701299;
4623.015327041295, 279.671171463714, 0.9145346836865463;
4645.635424291199, 280.89606498258985, 0.9196467174329784;
4668.3755368688735, 282.1268874982947, 0.9247891758219994;
4691.236343425462, 283.36366992442356, 0.9299622496087611;
4714.218526660692, 284.60644334589495, 0.9351661307994656;
4737.3227733481535, 285.85523901995344, 0.9404010126599216;
4760.549774360797, 287.11008837717617, 0.9456670897241275;
4783.900224696549, 288.37102302248263, 0.950964557802939;
4807.374823504082, 289.63807473615765, 0.956293613992791;
4830.9742741088385, 290.911275474874, 0.9616544566844698;
4854.699284039119, 292.190657372722, 0.967047285571973;
4878.550565052416, 293.4762527422509, 0.9724723016614094;
4902.528833161881, 294.76809407550985, 0.9779297072799642;
4926.634808662953, 296.06621404509985, 0.9834197060849459;
4950.869216160224, 297.37064550522916, 0.9889425030728749;
4975.232784594426, 298.6814214927764, 0.9944983045886512;
5000.0, 300.0, 1.0;
