717.1682581736289,-192.19802798300523,309.8647728693395,727.0858202515118,-198.04627631101312,-20.00066947937,727.0858202515118,-198.04627631101312,292.74805724942576,6.257307136810192E-5,3.7871888917870133E-7
717.1682581736289,-192.19802798300523,309.8647728693395,727.0547052563168,-198.0403917505994,-20.00066947937,727.0547052563168,-198.0403917505994,292.71832658126345,6.279253200767163E-5,1.5942051343616961E-9
717.1682581736289,-192.19802798300523,309.8647728693395,727.057621030832,-198.0347118499052,-20.00066947937,727.057621030832,-198.0347118499052,292.7176143917507,6.279787918171768E-5,1.3641139703512098E-12
717.1682581736289,-192.19802798300523,309.8647728693395,727.074697191904,-198.02496467748222,-20.00066947937,727.074697191904,-198.02496467748222,292.72617781575565,6.273491703790914E-5,1.4402110165153056E-10
717.1682581736289,-192.19802798300523,309.8647728693395,727.1116550797359,-197.99515062968212,-20.00066947937,727.1116550797359,-197.99515062968212,292.7400098428219,6.263356191790642E-5,4.0285745655182177E-10
717.1682581736289,-192.19802798300523,309.8647728693395,727.4666425159414,-197.63824485243083,-20.00066947937,727.4666425159414,-197.63824485243083,292.82255532803987,6.204002048416192E-5,1.6557840371994848E-8
717.1682581736289,-192.19802798300523,309.8647728693395,727.1073412085021,-196.0304420734391,-20.00066947937,727.1073412085021,-196.0304420734391,292.275520544374,6.601932542077634E-5,5.539603294671728E-7
717.1682581736289,-192.19802798300523,309.8647728693395,719.957467046854,-195.46173946023995,-20.00066947937,719.957467046854,-195.46173946023995,290.8323608067352,7.673814244972232E-5,3.486666119409444E-6
717.1682581736289,-192.19802798300523,309.8647728693395,686.7062965614953,-205.23713218083606,-20.00066947937,686.7062965614953,-205.23713218083606,295.12855423062524,5.524808081134494E-5,6.088258686271473E-5
717.1682581736289,-192.19802798300523,309.8647728693395,667.2720744693377,-217.55134716796405,-20.00066947937,667.2720744693377,-217.55134716796405,302.34225062823594,2.9410859032660856E-5,1.8275217848248148E-4
717.1682581736289,-192.19802798300523,309.8647728693395,662.4961498812462,-216.82644888941428,-20.00066947937,662.4961498812462,-216.82644888941428,303.192928723438,2.8499888691531588E-5,4.4225483797983885E-6
717.1682581736289,-192.19802798300523,309.8647728693395,695.2423280397762,-200.96628659166288,-20.00066947937,695.2423280397762,-200.96628659166288,280.3600279243826,2.083548743316803E-4,0.0010653937416341137
717.1682581736289,-192.19802798300523,309.8647728693395,736.606194040612,-173.15537359574495,-20.00066947937,736.606194040612,-173.15537359574495,234.4239952302641,0.001848005944601171,0.004803803357228801
717.1682581736289,-192.19802798300523,309.8647728693395,750.4720676018737,-151.48647677493952,-20.00066947937,750.4720676018737,-151.48647677493952,172.2944359223684,0.011087586508992319,0.010687922975718564
717.1682581736289,-192.19802798300523,309.8647728693395,740.6931512521732,-149.06343956023923,-20.00066947937,740.6931512521732,-149.06343956023923,134.45119066712923,0.027427036583044555,0.003098608032899
717.1682581736289,-192.19802798300523,309.8647728693395,742.1292701663826,-169.41427066204312,-20.00066947937,742.1292701663826,-169.41427066204312,119.36352875281656,0.03882706913330694,4.675956716985025E-4
717.1682581736289,-192.19802798300523,309.8647728693395,752.555105239327,-184.37584791493862,-20.00066947937,752.555105239327,-184.37584791493862,136.07224991759696,0.02588658835298324,5.77461674963818E-4
717.1682581736289,-192.19802798300523,309.8647728693395,765.6264554261081,-196.7149637656759,-20.00066947937,765.6264554261081,-196.7149637656759,165.31130573527787,0.013039174557913532,0.0018798204949994042
717.1682581736289,-192.19802798300523,309.8647728693395,780.7282225205425,-207.43124261841928,-20.00066947937,780.7282225205425,-207.43124261841928,203.00536300728064,0.005265241361916756,0.003363315085029102
717.1682581736289,-192.19802798300523,309.8647728693395,786.1328643751662,-213.69749776242347,-20.00066947937,786.1328643751662,-213.69749776242347,243.56738908714016,0.0016137100029218145,0.003524919796198099
717.1682581736289,-192.19802798300523,309.8647728693395,782.0557724459704,-215.95943796725834,-20.00066947937,782.0557724459704,-215.95943796725834,276.73556616055373,3.762200681292461E-4,0.002222378316787946
717.1682581736289,-192.19802798300523,309.8647728693395,772.7793649029442,-216.23890355651196,-20.00066947937,772.7793649029442,-216.23890355651196,301.631540257117,3.730279049488734E-5,0.0012971739521790574
717.1682581736289,-192.19802798300523,309.8647728693395,760.6605037561067,-213.62061074657947,-20.00066947937,760.6605037561067,-213.62061074657947,315.0233619307759,4.7412400647785193E-7,3.9794643124299E-4
717.1682581736289,-192.19802798300523,309.8647728693395,749.0863376637726,-207.46140626027062,-20.00066947937,749.0863376637726,-207.46140626027062,313.9115835751172,8.499462594052487E-7,8.556724942358268E-6
717.1682581736289,-192.19802798300523,309.8647728693395,742.1390205653947,-197.89101204517584,-20.00066947937,742.1390205653947,-197.89101204517584,297.84371961901195,3.4212504967935614E-5,5.072791987595722E-4
717.1682581736289,-192.19802798300523,309.8647728693395,745.5929533488759,-178.12104658721228,-20.00066947937,745.5929533488759,-178.12104658721228,255.88591998374264,8.259141705459317E-4,0.003941560763510685
717.1682581736289,-192.19802798300523,309.8647728693395,760.8420771204717,-155.97711551319924,-20.00066947937,760.8420771204717,-155.97711551319924,193.00579901127654,0.006662272347831834,0.011016733886905012
717.1682581736289,-192.19802798300523,309.8647728693395,757.0108224258198,-142.47299485907803,-20.00066947937,757.0108224258198,-142.47299485907803,141.83488232808295,0.023626050637194963,0.006336625561671509
717.1682581736289,-192.19802798300523,309.8647728693395,738.8065919013638,-153.6426165367561,-20.00066947937,738.8065919013638,-153.6426165367561,107.78896877362524,0.05253256365797723,0.002653564429348032
717.1682581736289,-192.19802798300523,309.8647728693395,749.6006016934667,-184.37001200257774,-20.00066947937,749.6006016934667,-184.37001200257774,132.34638484772117,0.02823698701002697,0.0011817199673035453
717.1682581736289,-192.19802798300523,309.8647728693395,762.5590073937925,-206.1584647666423,-20.00066947937,762.5590073937925,-206.1584647666423,187.17011167707494,0.007560424665819704,0.007559755218028306
717.1682581736289,-192.19802798300523,309.8647728693395,760.6073746538905,-222.35251056540633,-20.00066947937,760.6073746538905,-222.35251056540633,248.22057065240077,0.0012302842637993737,0.009432891725693546
717.1682581736289,-192.19802798300523,309.8647728693395,762.6283705304684,-228.94346587324895,-20.00066947937,762.6283705304684,-228.94346587324895,283.5102338303933,2.1973622647900615E-4,0.002616409877048888
717.1682581736289,-192.19802798300523,309.8647728693395,761.3913555066499,-226.9543711918522,-20.00066947937,761.3913555066499,-226.9543711918522,310.0690748097195,3.889594662140789E-6,0.001363185572948017
717.1682581736289,-192.19802798300523,309.8647728693395,758.5039798513642,-217.72490997626116,-20.00066947937,758.5039798513642,-217.72490997626116,322.0991998265024,1.3126158282469899E-5,2.954489099196528E-4
717.1682581736289,-192.19802798300523,309.8647728693395,758.4256635377737,-203.2371988955615,-20.00066947937,758.4256635377737,-203.2371988955615,318.997821703708,7.2278918519139156E-6,1.790735740792284E-5
717.1682581736289,-192.19802798300523,309.8647728693395,760.7645226228342,-189.5475114496324,-20.00066947937,760.7645226228342,-189.5475114496324,304.06285246294976,1.4644549736038493E-5,4.054096028580272E-4
717.1682581736289,-192.19802798300523,309.8647728693395,767.4716765900874,-174.75252219650787,-20.00066947937,767.4716765900874,-174.75252219650787,285.5745968658663,1.7826510313394161E-4,7.216840536593443E-4
717.1682581736289,-192.19802798300523,309.8647728693395,780.1291448582248,-153.96362835463756,-20.00066947937,780.1291448582248,-153.96362835463756,269.1457685186828,5.823453094291955E-4,7.314733457326395E-4
717.1682581736289,-192.19802798300523,309.8647728693395,795.6073324994599,-127.71002520076468,-20.00066947937,795.6073324994599,-127.71002520076468,258.4050099273601,0.0011726400669775023,5.319590102546077E-4
717.1682581736289,-192.19802798300523,309.8647728693395,815.9435811853459,-92.786705985914,-20.00066947937,815.9435811853459,-92.786705985914,252.8426278802259,0.0020067022872612924,5.484995604075628E-4
717.1682581736289,-192.19802798300523,309.8647728693395,831.315057408865,-64.36006449580378,-20.00066947937,831.315057408865,-64.36006449580378,251.32308183995872,0.0027947978695450413,3.1261967292246036E-4
717.1682581736289,-192.19802798300523,309.8647728693395,837.4074859734201,-49.01889248016947,-20.00066947937,837.4074859734201,-49.01889248016947,252.8230588523353,0.0031008019730368276,1.0294709023297338E-4
717.1682581736289,-192.19802798300523,309.8647728693395,834.2944379622209,-43.44749173403422,-20.00066947937,834.2944379622209,-43.44749173403422,253.69205325199695,0.003098525722921348,1.9271347431040588E-5
717.1682581736289,-192.19802798300523,309.8647728693395,821.8271525972873,-55.75330260738052,-20.00066947937,821.8271525972873,-55.75330260738052,247.9341634457282,0.0030784513724004367,2.3677880374381907E-4
717.1682581736289,-192.19802798300523,309.8647728693395,804.0629177865646,-81.48535543689101,-20.00066947937,804.0629177865646,-81.48535543689101,234.8796049986024,0.003381806022097119,8.964678244405208E-4
717.1682581736289,-192.19802798300523,309.8647728693395,787.287220146503,-125.0499341246638,-20.00066947937,787.287220146503,-125.0499341246638,217.1547650339625,0.004131129345119943,0.001261184994489685
717.1682581736289,-192.19802798300523,309.8647728693395,776.2147388726515,-184.46183211460567,-20.00066947937,776.2147388726515,-184.46183211460567,205.53079094029727,0.004825431129457191,1.4754092676291084E-4
717.1682581736289,-192.19802798300523,309.8647728693395,765.4358538205705,-235.55141731119556,-20.00066947937,765.4358538205705,-235.55141731119556,209.91749126728297,0.004359678963797467,1.2249307763228772E-4
717.1682581736289,-192.19802798300523,309.8647728693395,758.2651228203707,-271.725981492493,-20.00066947937,758.2651228203707,-271.725981492493,226.50490957811982,0.0030496752845673636,0.0010213011907103144
717.1682581736289,-192.19802798300523,309.8647728693395,751.8871371939649,-286.5967332863758,-20.00066947937,751.8871371939649,-286.5967332863758,243.41569530363446,0.0019508415359594468,7.502329209008265E-4
717.1682581736289,-192.19802798300523,309.8647728693395,748.9875423196681,-273.96432643441614,-20.00066947937,748.9875423196681,-273.96432643441614,250.39291448558248,0.001404777922768486,1.6266343893244934E-4
717.1682581736289,-192.19802798300523,309.8647728693395,755.3683456181956,-230.54233070033627,-20.00066947937,755.3683456181956,-230.54233070033627,242.41449132424944,0.0015304390347373928,2.0398701357632275E-4
717.1682581736289,-192.19802798300523,309.8647728693395,768.6377950278453,-167.61760729169882,-20.00066947937,768.6377950278453,-167.61760729169882,225.11132657608675,0.0027299823402868466,5.619768403677909E-4
717.1682581736289,-192.19802798300523,309.8647728693395,789.2355538977157,-105.18691262985962,-20.00066947937,789.2355538977157,-105.18691262985962,209.08637519680306,0.005561529391737145,0.0015918653065029236
717.1682581736289,-192.19802798300523,309.8647728693395,801.6969692943464,-49.443342970656374,-20.00066947937,801.6969692943464,-49.443342970656374,204.41259121400714,0.008499244404563677,9.66844637824376E-4
717.1682581736289,-192.19802798300523,309.8647728693395,809.0879391755411,-22.48855883964466,-20.00066947937,809.0879391755411,-22.48855883964466,206.43537504153815,0.009654651070371289,2.9600241324207165E-4
717.1682581736289,-192.19802798300523,309.8647728693395,810.4638324537543,-23.5751881510105,-20.00066947937,810.4638324537543,-23.5751881510105,201.9548040347283,0.010615268067386134,2.8285466284110235E-5
717.1682581736289,-192.19802798300523,309.8647728693395,804.591588916792,-51.9328417657846,-20.00066947937,804.591588916792,-51.9328417657846,183.36072310860416,0.013531880614289704,0.0012651436281979741
717.1682581736289,-192.19802798300523,309.8647728693395,797.6847229662343,-101.62089081013842,-20.00066947937,797.6847229662343,-101.62089081013842,158.93298091938095,0.018964696933901373,0.0021893918649647692
717.1682581736289,-192.19802798300523,309.8647728693395,786.2859597945961,-157.06768983052393,-20.00066947937,786.2859597945961,-157.06768983052393,138.20490201389342,0.026609261463498388,0.0010405721313026285
717.1682581736289,-192.19802798300523,309.8647728693395,777.8035297555972,-203.00329538672324,-20.00066947937,777.8035297555972,-203.00329538672324,129.28078009852996,0.03177944609653412,1.2473493028948985E-4
717.1682581736289,-192.19802798300523,309.8647728693395,776.9073473970111,-243.64845678726948,-20.00066947937,776.9073473970111,-243.64845678726948,138.88848289279986,0.026269357278484083,3.087957427967086E-4
717.1682581736289,-192.19802798300523,309.8647728693395,778.3637274785527,-258.17989938578245,-20.00066947937,778.3637274785527,-258.17989938578245,154.14998466725945,0.01894009160673733,5.401393939043486E-4
717.1682581736289,-192.19802798300523,309.8647728693395,786.401393632085,-233.64101506491542,-20.00066947937,786.401393632085,-233.64101506491542,156.68884320551066,0.017347295415652917,6.277733164518363E-5
717.1682581736289,-192.19802798300523,309.8647728693395,797.9662257292294,-180.45500334851926,-20.00066947937,797.9662257292294,-180.45500334851926,145.64529842090815,0.022563550382767437,2.0345489366107935E-4
717.1682581736289,-192.19802798300523,309.8647728693395,806.3030341449787,-129.1347156066503,-20.00066947937,806.3030341449787,-129.1347156066503,134.23903819336272,0.032029319869172526,5.947569273427385E-4
717.1682581736289,-192.19802798300523,309.8647728693395,815.678175121608,-84.32266402116834,-20.00066947937,815.678175121608,-84.32266402116834,128.75965259764655,0.04145023171825526,5.364422809906824E-4
717.1682581736289,-192.19802798300523,309.8647728693395,815.5390845718541,-53.28356183367865,-20.00066947937,815.5390845718541,-53.28356183367865,123.1248178228119,0.05182055066303178,3.558496200533179E-4
717.1682581736289,-192.19802798300523,309.8647728693395,803.8092319879428,-53.471019340765714,-20.00066947937,803.8092319879428,-53.471019340765714,106.92808032219111,0.07373183298393746,4.4109870920209425E-4
717.1682581736289,-192.19802798300523,309.8647728693395,801.545690783696,-131.18047281089235,-20.00066947937,801.545690783696,-131.18047281089235,85.26972484646754,0.10664157454127644,0.0012658885633356823
717.1682581736289,-192.19802798300523,309.8647728693395,800.7539337431393,-224.196953216221,-20.00066947937,800.7539337431393,-224.196953216221,104.51140637146096,0.062146946553174175,3.6487517464666824E-4
717.1682581736289,-192.19802798300523,309.8647728693395,793.6844760032966,-245.670142412997,-20.00066947937,793.6844760032966,-245.670142412997,125.10819531496222,0.037885767331485964,0.0010632032525150343
717.1682581736289,-192.19802798300523,309.8647728693395,813.1265255451273,-166.89883191944836,-20.00066947937,813.1265255451273,-166.89883191944836,123.96828397071673,0.039581971511777454,1.1866588474721883E-5
717.1682581736289,-192.19802798300523,309.8647728693395,824.5321893254486,-97.13482855256464,-20.00066947937,824.5321893254486,-97.13482855256464,125.75302994544913,0.04396674745552702,4.4793741270969246E-4
717.1682581736289,-192.19802798300523,309.8647728693395,828.2799038947034,-53.9075249911033,-20.00066947937,828.2799038947034,-53.9075249911033,121.61632461168523,0.055208153585393584,5.040302704065994E-4
717.1682581736289,-192.19802798300523,309.8647728693395,826.0104013245285,-57.93347865778692,-20.00066947937,826.0104013245285,-57.93347865778692,110.10284433562649,0.07078393302881784,2.14647249659758E-4
717.1682581736289,-192.19802798300523,309.8647728693395,819.9182072992447,-169.4792880512018,-20.00066947937,819.9182072992447,-169.4792880512018,97.97668455971737,0.0763996744651508,9.362340559467086E-6
717.1682581736289,-192.19802798300523,309.8647728693395,802.811253894834,-241.45944349356597,-20.00066947937,802.811253894834,-241.45944349356597,107.18478324447861,0.05949519669307903,4.1681660274337553E-4
717.1682581736289,-192.19802798300523,309.8647728693395,790.3055542769476,-253.6363722352874,-20.00066947937,790.3055542769476,-253.6363722352874,125.09556614980181,0.03812643031201522,8.462805721718191E-4
717.1682581736289,-192.19802798300523,309.8647728693395,812.3439890360253,-153.9444018867794,-20.00066947937,812.3439890360253,-153.9444018867794,135.07658151298202,0.03075383271632054,2.2195476407354755E-4
717.1682581736289,-192.19802798300523,309.8647728693395,829.433015459826,-90.56234542621266,-20.00066947937,829.433015459826,-90.56234542621266,135.9802260037581,0.03593682901535444,5.227375997943384E-4
717.1682581736289,-192.19802798300523,309.8647728693395,840.8815336516918,-79.20885437270277,-20.00066947937,840.8815336516918,-79.20885437270277,117.93024530089585,0.05776010202180682,8.32161475081749E-4
717.1682581736289,-192.19802798300523,309.8647728693395,800.4931419962892,-188.1762242711699,-20.00066947937,800.4931419962892,-188.1762242711699,95.15122891276695,0.0779843424310815,2.8517545491195916E-4
717.1682581736289,-192.19802798300523,309.8647728693395,759.5813242977383,-254.90631172416496,-20.00066947937,759.5813242977383,-254.90631172416496,120.10217303919165,0.04089998986864437,0.0022161602586181503
717.1682581736289,-192.19802798300523,309.8647728693395,786.0617837699692,-205.36416244428787,-20.00066947937,786.0617837699692,-205.36416244428787,145.3994764480473,0.022028268629659942,0.0014580450934912354
717.1682581736289,-192.19802798300523,309.8647728693395,833.3883359504707,-90.07844427905503,-20.00066947937,833.3883359504707,-90.07844427905503,147.3909478519691,0.02825270597476874,0.0013789411457964735
717.1682581736289,-192.19802798300523,309.8647728693395,848.3141863648877,-67.6978428585092,-20.00066947937,848.3141863648877,-67.6978428585092,118.7747008873911,0.05972476166792084,0.002255156957425396
717.1682581736289,-192.19802798300523,309.8647728693395,798.6266558239666,-140.22716494185568,-20.00066947937,798.6266558239666,-140.22716494185568,73.29982179476113,0.14702582768682484,0.007206624074205201
717.1682581736289,-192.19802798300523,309.8647728693395,759.6041734650615,-225.55155232935397,-20.00066947937,759.6041734650615,-225.55155232935397,89.25309445433021,0.0865545223826657,4.672088356903166E-4
717.1682581736289,-192.19802798300523,309.8647728693395,764.2812798929192,-241.62024520664707,-20.00066947937,764.2812798929192,-241.62024520664707,135.96869758508518,0.027450388605474583,0.0052234892720253055
717.1682581736289,-192.19802798300523,309.8647728693395,808.5479546084665,-162.61162910282127,-20.00066947937,808.5479546084665,-162.61162910282127,175.1330009792463,0.01180836684039734,0.0041623489225267665
717.1682581736289,-192.19802798300523,309.8647728693395,829.4539706375447,-98.97862481123228,-20.00066947937,829.4539706375447,-98.97862481123228,150.02702552258646,0.02566665270985854,0.0030489677850454246
717.1682581736289,-192.19802798300523,309.8647728693395,780.1859233703585,-122.90442650553527,-20.00066947937,780.1859233703585,-122.90442650553527,83.14522458958129,0.11026846015372793,0.014733286198602551
717.1682581736289,-192.19802798300523,309.8647728693395,741.344413063108,-181.57872241041423,-20.00066947937,741.344413063108,-181.57872241041423,84.22197751730911,0.09655506276824771,4.712709691416E-6
717.1682581736289,-192.19802798300523,309.8647728693395,775.9336967283647,-208.38914553207442,-20.00066947937,775.9336967283647,-208.38914553207442,135.9238474813184,0.027053756526481065,0.007387265038208576
717.1682581736289,-192.19802798300523,309.8647728693395,779.1453698366414,-206.7971974982569,-20.00066947937,779.1453698366414,-206.7971974982569,192.59808354638068,0.006870718091060832,0.007416261974360033
717.1682581736289,-192.19802798300523,309.8647728693395,778.4262015244292,-206.69176632681456,-20.00066947937,778.4262015244292,-206.69176632681456,227.3486469008675,0.0026107354371492056,0.0023637045702805445
717.1682581736289,-192.19802798300523,309.8647728693395,774.1527655675582,-205.50762206749707,-20.00066947937,774.1527655675582,-205.50762206749707,244.05241399950643,0.001473947301004113,5.391221159660845E-4
717.1682581736289,-192.19802798300523,309.8647728693395,768.8210916491373,-203.91376885208732,-20.00066947937,768.8210916491373,-203.91376885208732,256.39109780349645,8.893787553941247E-4,3.0316666263488804E-4
717.1682581736289,-192.19802798300523,309.8647728693395,763.6358813720908,-202.41745493188608,-20.00066947937,763.6358813720908,-202.41745493188608,265.628295439601,5.679704459751647E-4,1.7165563062244236E-4
717.1682581736289,-192.19802798300523,309.8647728693395,758.4271155729223,-200.7643315637744,-20.00066947937,758.4271155729223,-200.7643315637744,272.4971969646232,3.8258194617563513E-4,9.699940485884228E-5
717.1682581736289,-192.19802798300523,309.8647728693395,753.7602952157131,-199.19239551895538,-20.00066947937,753.7602952157131,-199.19239551895538,277.5137631370993,2.736010961008893E-4,5.220168239918571E-5
717.1682581736289,-192.19802798300523,309.8647728693395,749.0781710831844,-198.15928399102663,-20.00066947937,749.0781710831844,-198.15928399102663,281.7694224493804,1.9753154953696403E-4,3.759973792474286E-5
717.1682581736289,-192.19802798300523,309.8647728693395,745.3769094078314,-197.61031559462913,-20.00066947937,745.3769094078314,-197.61031559462913,284.8346426158225,1.516590194677724E-4,1.929947138655797E-5
717.1682581736289,-192.19802798300523,309.8647728693395,742.3575128105001,-197.02506374392075,-20.00066947937,742.3575128105001,-197.02506374392075,287.20421210798565,1.2101385199790506E-4,1.1417487304447932E-5
717.1682581736289,-192.19802798300523,309.8647728693395,740.3102565080679,-196.69439723067615,-20.00066947937,740.3102565080679,-196.69439723067615,288.7448175214524,1.0325683367699497E-4,4.780589323000584E-6
717.1682581736289,-192.19802798300523,309.8647728693395,740.7231872598878,-196.63641672604712,-20.00066947937,740.7231872598878,-196.63641672604712,288.60740356316677,1.0491503245969171E-4,4.6871306268663473E-8
717.1682581736289,-192.19802798300523,309.8647728693395,740.9525886062381,-196.72365110867966,-20.00066947937,740.9525886062381,-196.72365110867966,288.24246662114433,1.0883120035111412E-4,2.450207868632979E-7
717.1682581736289,-192.19802798300523,309.8647728693395,740.7527946627318,-196.49037836695553,-20.00066947937,740.7527946627318,-196.49037836695553,287.2467730920817,1.1926571762293962E-4,1.7242525900654792E-6
717.1682581736289,-192.19802798300523,309.8647728693395,740.6113060810202,-192.4484769256523,-20.00066947937,740.6113060810202,-192.4484769256523,284.1095555831404,1.5598762964644532E-4,1.6635039737600847E-5
717.1682581736289,-192.19802798300523,309.8647728693395,726.7015322997634,-204.23898891415973,-20.00066947937,726.7015322997634,-204.23898891415973,277.59633751048887,2.45283405737036E-4,8.219263371549742E-5
717.1682581736289,-192.19802798300523,309.8647728693395,701.7595311225681,-234.22622490041545,-20.00066947937,701.7595311225681,-234.22622490041545,274.89964745146176,3.3865636101273344E-4,4.91873920910798E-5
717.1682581736289,-192.19802798300523,309.8647728693395,717.0049170607401,-218.41799271142617,-20.00066947937,717.0049170607401,-218.41799271142617,271.0102511155496,3.835501180534502E-4,3.358802132882666E-5
717.1682581736289,-192.19802798300523,309.8647728693395,735.7928758553887,-188.01140719516945,-20.00066947937,735.7928758553887,-188.01140719516945,264.64227710959153,5.277741780476958E-4,5.9855597165750994E-5
717.1682581736289,-192.19802798300523,309.8647728693395,708.9494131043896,-210.25367190072032,-20.00066947937,708.9494131043896,-210.25367190072032,264.1008987913852,5.434269566518401E-4,5.76812683793711E-7
717.1682581736289,-192.19802798300523,309.8647728693395,713.4974857053188,-216.68585793666216,-20.00066947937,713.4974857053188,-216.68585793666216,267.34094922520023,4.6668515305327307E-4,2.3096072640859264E-5
717.1682581736289,-192.19802798300523,309.8647728693395,750.8281070895001,-185.29757040402424,-20.00066947937,750.8281070895001,-185.29757040402424,267.2397134866186,4.8783124743603627E-4,1.5401218182808086E-6
717.1682581736289,-192.19802798300523,309.8647728693395,757.3672181161766,-169.92521373568738,-20.00066947937,757.3672181161766,-169.92521373568738,265.25607826905457,5.729159886407961E-4,1.9239957906710523E-5
717.1682581736289,-192.19802798300523,309.8647728693395,748.0217081414295,-178.53390922592598,-20.00066947937,748.0217081414295,-178.53390922592598,269.24346619343663,4.3735352552105216E-4,4.2367287796992E-5
717.1682581736289,-192.19802798300523,309.8647728693395,741.553152275882,-186.0537293458175,-20.00066947937,741.553152275882,-186.0537293458175,274.9056889090923,3.027032995061215E-4,6.528828574521898E-5
717.1682581736289,-192.19802798300523,309.8647728693395,738.1636043305527,-189.9680900097397,-20.00066947937,738.1636043305527,-189.9680900097397,279.4945252273956,2.1928786309199333E-4,3.9602908976864214E-5
717.1682581736289,-192.19802798300523,309.8647728693395,736.2236083825428,-192.52121660851364,-20.00066947937,736.2236083825428,-192.52121660851364,282.6170312220878,1.7220151102324068E-4,1.775558758330833E-5
717.4061642905211,-191.67594924793528,310.09280642418815,734.5626384868083,-193.26405793547758,-20.00066947937,734.5626384868083,-193.26405793547758,285.31591763369886,1.3931845052477461E-4,1.3219858324452647E-5
717.4061642905211,-191.67594924793528,310.09280642418815,718.7898621632704,-213.48036940542917,-20.00066947937,718.7898621632704,-213.48036940542917,284.9477503517886,1.4684319921573583E-4,1.0069914431752213E-6
717.4061642905211,-191.67594924793528,310.09280642418815,686.532456995572,-259.4349005517661,-20.00066947937,686.532456995572,-259.4349005517661,286.77135213037786,2.167577006060233E-4,1.4966867256754692E-4
717.4061642905211,-191.67594924793528,310.09280642418815,688.4861638465208,-253.77628016321995,-20.00066947937,688.4861638465208,-253.77628016321995,285.7856243821003,2.1437867865260887E-4,7.405999792001333E-6
717.4061642905211,-191.67594924793528,310.09280642418815,724.7013689494597,-201.00614650711248,-20.00066947937,724.7013689494597,-201.00614650711248,279.2645086056302,2.195607266027642E-4,1.1137441261294853E-5
717.4061642905211,-191.67594924793528,310.09280642418815,754.1614383032937,-162.07916413502872,-20.00066947937,754.1614383032937,-162.07916413502872,276.24312337611775,3.2190402386944367E-4,6.513164657192997E-5
717.4061642905211,-191.67594924793528,310.09280642418815,749.7934770039017,-167.73595420441376,-20.00066947937,749.7934770039017,-167.73595420441376,277.90128704677386,2.7592962043153764E-4,9.758683684183408E-6
717.4061642905211,-191.67594924793528,310.09280642418815,743.0630585267417,-177.31680385941934,-20.00066947937,743.0630585267417,-177.31680385941934,280.21267217252307,2.2023696052030493E-4,1.5716908828053728E-5
717.4061642905211,-191.67594924793528,310.09280642418815,738.9040461299871,-183.9495569776282,-20.00066947937,738.9040461299871,-183.9495569776282,282.43518884269236,1.8055710831328434E-4,1.1097067890041523E-5
717.4061642905211,-191.67594924793528,310.09280642418815,736.5980484549001,-188.1153597404999,-20.00066947937,736.5980484549001,-188.1153597404999,284.1881934816072,1.546655326983824E-4,6.102872352179204E-6
717.4061642905211,-191.67594924793528,310.09280642418815,739.1135232889068,-188.01107930925843,-20.00066947937,739.1135232889068,-188.01107930925843,284.34657286592005,1.5448461635419433E-4,1.6659343559381592E-7
717.4061642905211,-191.67594924793528,310.09280642418815,764.7964926243533,-190.9776605531057,-20.00066947937,764.7964926243533,-190.9776605531057,271.3623866268596,4.264042674217333E-4,4.4349968112675334E-4
717.4061642905211,-191.67594924793528,310.09280642418815,748.6221866913977,-227.66026847002348,-20.00066947937,748.6221866913977,-227.66026847002348,251.07482753677485,0.0010827205648359303,0.0010401589555118142
717.4061642905211,-191.67594924793528,310.09280642418815,703.7845855833855,-274.27665841525607,-20.00066947937,703.7845855833855,-274.27665841525607,246.55972888642353,0.0015721069058156308,2.2431001340609454E-4
717.4061642905211,-191.67594924793528,310.09280642418815,685.8540999517465,-297.07276182059013,-20.00066947937,685.8540999517465,-297.07276182059013,258.8378931267846,0.0012535315545456492,6.326536924977333E-4
717.4061642905211,-191.67594924793528,310.09280642418815,714.9688381613071,-265.60907805318976,-20.00066947937,714.9688381613071,-265.60907805318976,278.3096550719365,3.663879672907883E-4,0.0010364668693635232
717.4061642905211,-191.67594924793528,310.09280642418815,754.0178043800856,-201.56870380742964,-20.00066947937,754.0178043800856,-201.56870380742964,275.79035220524383,3.1031193130368485E-4,9.334458280099496E-8
717.4061642905211,-191.67594924793528,310.09280642418815,799.1379251922659,-113.3394248560123,-20.00066947937,799.1379251922659,-113.3394248560123,256.67807004215035,0.0013931415714346252,0.0023827397113290656
717.4061642905211,-191.67594924793528,310.09280642418815,837.3974747441017,-43.99105080657257,-20.00066947937,837.3974747441017,-43.99105080657257,228.63386447134724,0.00578511175294527,0.00602948763996158
717.4061642905211,-191.67594924793528,310.09280642418815,845.1096422442884,-26.891176463700198,-20.00066947937,845.1096422442884,-26.891176463700198,201.86860137337766,0.01177728844362715,0.0014983685059234441
717.4061642905211,-191.67594924793528,310.09280642418815,831.2298367275616,-89.45472600098825,-20.00066947937,831.2298367275616,-89.45472600098825,171.620668856778,0.01648115447606071,0.003711400887672389
717.4061642905211,-191.67594924793528,310.09280642418815,810.9829581810673,-173.69861309331534,-20.00066947937,810.9829581810673,-173.69861309331534,164.67652191602727,0.015107586891696858,5.126578088968381E-5
717.4061642905211,-191.67594924793528,310.09280642418815,777.5507384008254,-244.97590958138113,-20.00066947937,777.5507384008254,-244.97590958138113,174.54222832351022,0.011367368051339862,5.676894947062726E-4
717.4061642905211,-191.67594924793528,310.09280642418815,753.9046255445722,-295.3427704845576,-20.00066947937,753.9046255445722,-295.3427704845576,195.30001927617405,0.007742021336016796,0.0021200715927255334
717.4061642905211,-191.67594924793528,310.09280642418815,753.1904565206602,-319.9543678221573,-20.00066947937,753.1904565206602,-319.9543678221573,220.35688736721124,0.0047197322013429015,0.0017765309446336952
717.4061642905211,-191.67594924793528,310.09280642418815,764.9026661841134,-300.84374163706775,-20.00066947937,764.9026661841134,-300.84374163706775,254.6619699539607,0.0015725778554873948,0.0029802508660407754
717.4061642905211,-191.67594924793528,310.09280642418815,778.6277378167335,-249.19144701929235,-20.00066947937,778.6277378167335,-249.19144701929235,278.8279451866672,3.9903034174554867E-4,0.001836853196964718
717.4061642905211,-191.67594924793528,310.09280642418815,799.0685185325527,-184.64363430785568,-20.00066947937,799.0685185325527,-184.64363430785568,291.5275898139096,1.7187530726927796E-4,2.3709434542162563E-4
717.4061642905211,-191.67594924793528,310.09280642418815,812.0492138502519,-124.43684635379532,-20.00066947937,812.0492138502519,-124.43684635379532,284.9976494533424,4.4260190196242184E-4,4.2896748275213367E-4
717.4061642905211,-191.67594924793528,310.09280642418815,815.8359273890147,-85.1644978730242,-20.00066947937,815.8359273890147,-85.1644978730242,244.77553698198474,0.002670057549034314,0.004393128744254407
717.4061642905211,-191.67594924793528,310.09280642418815,808.7717763118709,-78.82281114179193,-20.00066947937,808.7717763118709,-78.82281114179193,163.15667364111675,0.01915836817949689,0.01373484519267781
717.4061642905211,-191.67594924793528,310.09280642418815,777.1747989505021,-123.23746923380334,-20.00066947937,777.1747989505021,-123.23746923380334,92.42655934595928,0.08536969823060661,0.01728802220366277
717.4061642905211,-191.67594924793528,310.09280642418815,756.0331686904875,-217.2959308178691,-20.00066947937,756.0331686904875,-217.2959308178691,78.75539037568345,0.1151444050737604,1.4537271774736719E-4
717.4061642905211,-191.67594924793528,310.09280642418815,759.422259974504,-291.43939767395045,-20.00066947937,759.422259974504,-291.43939767395045,118.2733086243432,0.04667642163479446,0.005990623451332068
717.4061642905211,-191.67594924793528,310.09280642418815,778.2743540510534,-320.8589505311585,-20.00066947937,778.2743540510534,-320.8589505311585,184.31967793564777,0.011796196869900038,0.012445368471830474
717.4061642905211,-191.67594924793528,310.09280642418815,804.0131674818183,-280.9186132297963,-20.00066947937,804.0131674818183,-280.9186132297963,257.45843764831693,0.0015024341555663436,0.0180081079059097
717.4061642905211,-191.67594924793528,310.09280642418815,826.5846840661848,-229.07544244982702,-20.00066947937,826.5846840661848,-229.07544244982702,293.9275501477174,2.647810705187371E-4,0.003652009619233766
717.4061642905211,-191.67594924793528,310.09280642418815,841.8284191695114,-163.2079480777881,-20.00066947937,841.8284191695114,-163.2079480777881,312.89964488577607,8.129387017419471E-5,8.128289805521492E-4
717.4061642905211,-191.67594924793528,310.09280642418815,843.0066327005181,-106.689875928369,-20.00066947937,843.0066327005181,-106.689875928369,310.39446127567203,2.0196340668619353E-4,2.0296619417227102E-4
717.4061642905211,-191.67594924793528,310.09280642418815,837.7952945264911,-63.990242556367974,-20.00066947937,837.7952945264911,-63.990242556367974,284.2430456523334,0.0010680096903037462,0.002335399054736288
717.4061642905211,-191.67594924793528,310.09280642418815,837.4779913149539,-49.9281201027979,-20.00066947937,837.4779913149539,-49.9281201027979,239.58858275763848,0.004302171769648383,0.0031618153619800797
717.4061642905211,-191.67594924793528,310.09280642418815,834.4216864591567,-72.40311214259427,-20.00066947937,834.4216864591567,-72.40311214259427,191.3037166080269,0.011507244754454434,0.004685899555621976
717.4061642905211,-191.67594924793528,310.09280642418815,831.3845174701888,-121.75584865690493,-20.00066947937,831.3845174701888,-121.75584865690493,156.85461047009562,0.020974637641605027,0.0028915902709437955
717.4061642905211,-191.67594924793528,310.09280642418815,811.1624633204865,-189.57745420298943,-20.00066947937,811.1624633204865,-189.57745420298943,140.20239860482337,0.02661602232227892,3.60881561856088E-4
717.4061642905211,-191.67594924793528,310.09280642418815,769.8293239506403,-257.62057306526265,-20.00066947937,769.8293239506403,-257.62057306526265,148.84839566364155,0.021133798512803885,6.428125573593292E-4
717.4061642905211,-191.67594924793528,310.09280642418815,739.9156506243045,-302.4449037829372,-20.00066947937,739.9156506243045,-302.4449037829372,177.25798641546905,0.01206212772392911,0.003082099042692061
717.4061642905211,-191.67594924793528,310.09280642418815,735.4517834109835,-322.7042231945754,-20.00066947937,735.4517834109835,-322.7042231945754,212.15547567017722,0.005770666698668568,0.002953620088052372
717.4061642905211,-191.67594924793528,310.09280642418815,753.5967117789518,-309.596877867577,-20.00066947937,753.5967117789518,-309.596877867577,245.98615742355435,0.002153355972537631,0.0026224712890735957
717.4061642905211,-191.67594924793528,310.09280642418815,777.4641697982652,-271.3847608417005,-20.00066947937,777.4641697982652,-271.3847608417005,276.7937884232009,5.350520758908057E-4,0.0032601256672264746
717.4061642905211,-191.67594924793528,310.09280642418815,801.595658728175,-225.218008765566,-20.00066947937,801.595658728175,-225.218008765566,304.05724859262745,6.472614027251961E-5,0.002136119036822368
717.4061642905211,-191.67594924793528,310.09280642418815,812.075338502474,-183.812536840513,-20.00066947937,812.075338502474,-183.812536840513,320.6285574067325,1.4400828291208835E-6,5.062223468111637E-4
717.4061642905211,-191.67594924793528,310.09280642418815,812.1640199310201,-148.91607226615827,-20.00066947937,812.1640199310201,-148.91607226615827,310.64193537731984,4.446876299952525E-5,2.4407226255037344E-4
717.4061642905211,-191.67594924793528,310.09280642418815,811.4939112559905,-109.24795624499939,-20.00066947937,811.4939112559905,-109.24795624499939,271.71345458283616,9.007440245629115E-4,0.0037708412767950214
717.4061642905211,-191.67594924793528,310.09280642418815,814.6347522881327,-82.71406537934921,-20.00066947937,814.6347522881327,-82.71406537934921,207.55963135155474,0.00701264061465551,0.009564687760008666
717.4061642905211,-191.67594924793528,310.09280642418815,798.5649413650043,-93.33670815529884,-20.00066947937,798.5649413650043,-93.33670815529884,133.02795652384114,0.03515077144239582,0.013712040753257639
717.4061642905211,-191.67594924793528,310.09280642418815,759.7864427963987,-161.76865773635478,-20.00066947937,759.7864427963987,-161.76865773635478,76.35485254724188,0.12428892996502207,0.008102545176118225
717.4061642905211,-191.67594924793528,310.09280642418815,749.8697762839297,-237.9148352749298,-20.00066947937,749.8697762839297,-237.9148352749298,85.75177376518451,0.09581394848768382,2.5443612011091874E-4
717.4061642905211,-191.67594924793528,310.09280642418815,785.8045881797838,-286.1921302223635,-20.00066947937,785.8045881797838,-286.1921302223635,138.40700734510682,0.029887016432405916,0.010276857700620895
717.4061642905211,-191.67594924793528,310.09280642418815,823.0588113983667,-282.1323436717917,-20.00066947937,823.0588113983667,-282.1323436717917,211.0931784829721,0.006173815616081233,0.014325231461623433
717.4061642905211,-191.67594924793528,310.09280642418815,839.5493115131314,-232.06943551487853,-20.00066947937,839.5493115131314,-232.06943551487853,273.50423914866053,8.749503462732473E-4,0.009748645534011077
717.4061642905211,-191.67594924793528,310.09280642418815,836.4440189416501,-175.2470908049171,-20.00066947937,836.4440189416501,-175.2470908049171,298.88388923955506,2.1069620714805713E-4,8.823940412102954E-4
717.4061642905211,-191.67594924793528,310.09280642418815,819.9111782340519,-128.5450542484977,-20.00066947937,819.9111782340519,-128.5450542484977,304.0015428378997,1.4551202327324633E-4,3.553865854216955E-4
717.4061642905211,-191.67594924793528,310.09280642418815,804.8064667671177,-100.38984919877437,-20.00066947937,804.8064667671177,-100.38984919877437,284.7806067671015,5.205926729316229E-4,0.0013708419674787987
717.4061642905211,-191.67594924793528,310.09280642418815,802.4330327661597,-90.50709930925674,-20.00066947937,802.4330327661597,-90.50709930925674,232.68343499790944,0.0033831154010520986,0.005272457870033833
717.4061642905211,-191.67594924793528,310.09280642418815,802.0925383886814,-92.17513107760465,-20.00066947937,802.0925383886814,-92.17513107760465,160.2098164438255,0.01920157381935399,0.009874942328488673
717.4061642905211,-191.67594924793528,310.09280642418815,785.9409379747108,-143.42410113159036,-20.00066947937,785.9409379747108,-143.42410113159036,83.70833887021135,0.10645175904993406,0.018239355409986887
717.4061642905211,-191.67594924793528,310.09280642418815,776.6808452907453,-225.1342101334875,-20.00066947937,776.6808452907453,-225.1342101334875,68.91089042323279,0.15894018648022176,3.5398337776666006E-4
717.4061642905211,-191.67594924793528,310.09280642418815,801.2840295136313,-289.2480564548801,-20.00066947937,801.2840295136313,-289.2480564548801,112.19071840599187,0.0576060133308131,0.007484404237339314
717.4061642905211,-191.67594924793528,310.09280642418815,841.9691788895209,-291.04223561328644,-20.00066947937,841.9691788895209,-291.04223561328644,192.1621168724711,0.010805126587703065,0.016876904716998486
717.4061642905211,-191.67594924793528,310.09280642418815,853.3861384207245,-248.13696703337578,-20.00066947937,853.3861384207245,-248.13696703337578,268.1914823876965,0.0013184070721143414,0.013982494639773616
717.4061642905211,-191.67594924793528,310.09280642418815,841.8045382222696,-216.09247023868386,-20.00066947937,841.8045382222696,-216.09247023868386,307.7651065478168,1.2678302887477073E-4,0.0033100772014586013
717.4061642905211,-191.67594924793528,310.09280642418815,820.7666885445924,-191.62361130524758,-20.00066947937,820.7666885445924,-191.62361130524758,334.4124456847676,1.1781836907787419E-5,0.0017221091828174342
717.4061642905211,-191.67594924793528,310.09280642418815,794.3941271198363,-172.39145584096974,-20.00066947937,794.3941271198363,-172.39145584096974,345.6162861084214,1.0412914877254877E-4,4.866050223031115E-4
717.4061642905211,-191.67594924793528,310.09280642418815,767.1075799237547,-155.8974565890809,-20.00066947937,767.1075799237547,-155.8974565890809,331.68379609401813,4.202161682449657E-5,6.0241460200479E-4
717.4061642905211,-191.67594924793528,310.09280642418815,747.9108683449243,-145.18665032673115,-20.00066947937,747.9108683449243,-145.18665032673115,281.60446089886636,2.4637682926656793E-4,0.006276896053747853
717.4061642905211,-191.67594924793528,310.09280642418815,746.2808105188095,-149.62133912669267,-20.00066947937,746.2808105188095,-149.62133912669267,204.04491110914617,0.004916449547914471,0.01662122644748824
717.4061642905211,-191.67594924793528,310.09280642418815,746.218514978468,-155.65032125653684,-20.00066947937,746.218514978468,-155.65032125653684,135.4121798139774,0.026737769027398103,0.0123179853198328
717.4061642905211,-191.67594924793528,310.09280642418815,749.7883772606401,-172.97647540322595,-20.00066947937,749.7883772606401,-172.97647540322595,95.59820462671905,0.07165344704379832,0.0035396604548542667
717.4061642905211,-191.67594924793528,310.09280642418815,764.7259159026672,-198.34606569595732,-20.00066947937,764.7259159026672,-198.34606569595732,126.09236009590359,0.03359517565144977,0.0020133586223704944
717.4061642905211,-191.67594924793528,310.09280642418815,787.3709374380796,-218.34281533437672,-20.00066947937,787.3709374380796,-218.34281533437672,185.09772246683866,0.008631046460569938,0.009685437035248058
717.4061642905211,-191.67594924793528,310.09280642418815,793.945172955585,-225.2305622764435,-20.00066947937,793.945172955585,-225.2305622764435,243.07215539517512,0.0017681974678886087,0.007830948676863094
717.4061642905211,-191.67594924793528,310.09280642418815,790.793893514762,-223.0372003890598,-20.00066947937,790.793893514762,-223.0372003890598,271.7363202688838,5.494099826744466E-4,0.0015685759352127718
717.4061642905211,-191.67594924793528,310.09280642418815,783.9368527092884,-217.96085979991142,-20.00066947937,783.9368527092884,-217.96085979991142,289.58806625613687,1.6893302952817604E-4,6.640120103645427E-4
717.4061642905211,-191.67594924793528,310.09280642418815,771.9986696736263,-210.1077657840932,-20.00066947937,771.9986696736263,-210.1077657840932,294.3311874467561,8.895770849966173E-5,7.832854392606025E-5
717.4061642905211,-191.67594924793528,310.09280642418815,763.8230604922304,-206.59004015866444,-20.00066947937,763.8230604922304,-206.59004015866444,293.82441931384164,8.164378898906411E-5,4.708954332611727E-6
717.4061642905211,-191.67594924793528,310.09280642418815,756.2158217986587,-204.07830740583339,-20.00066947937,756.2158217986587,-204.07830740583339,292.5050251779718,8.43656902788469E-5,8.135758775854723E-6
717.4061642905211,-191.67594924793528,310.09280642418815,750.8519165488135,-202.36008549979624,-20.00066947937,750.8519165488135,-202.36008549979624,291.5819517967185,8.724959511156135E-5,3.623055604429619E-6
717.4061642905211,-191.67594924793528,310.09280642418815,746.4851519058824,-200.90770646562513,-20.00066947937,746.4851519058824,-200.90770646562513,291.0829649538311,8.790700978104213E-5,1.328767351065335E-6
717.4061642905211,-191.67594924793528,310.09280642418815,743.1332159082269,-199.65722618628308,-20.00066947937,743.1332159082269,-199.65722618628308,290.90569542024446,8.68693500997111E-5,3.3718963940233793E-7
717.4061642905211,-191.67594924793528,310.09280642418815,742.2371647940608,-199.30615602332264,-20.00066947937,742.2371647940608,-199.30615602332264,290.9539637659161,8.577583606909267E-5,2.4964523235313623E-8
717.4061642905211,-191.67594924793528,310.09280642418815,741.6273638088119,-198.8899745196045,-20.00066947937,741.6273638088119,-198.8899745196045,288.9707076714369,1.0430044635629387E-4,6.995746031952184E-6
717.4061642905211,-191.67594924793528,310.09280642418815,740.8721161559408,-198.58408880847662,-20.00066947937,740.8721161559408,-198.58408880847662,286.569016008579,1.2958478116804607E-4,1.0250898818035542E-5
717.4061642905211,-191.67594924793528,310.09280642418815,740.1347568379751,-198.30038245131263,-20.00066947937,740.1347568379751,-198.30038245131263,284.92421345114644,1.4856438706312012E-4,4.87499945838265E-6
717.4061642905211,-191.67594924793528,310.09280642418815,739.1610340291143,-197.7994323469918,-20.00066947937,739.1610340291143,-197.7994323469918,284.10611673416696,1.5801796099324263E-4,1.3296984765200563E-6
717.4061642905211,-191.67594924793528,310.09280642418815,737.9912166481346,-197.21073616091496,-20.00066947937,737.9912166481346,-197.21073616091496,284.0062507628849,1.582947937423003E-4,5.429678958409086E-8
717.4061642905211,-191.67594924793528,310.09280642418815,736.5421466719362,-196.5173547362259,-20.00066947937,736.5421466719362,-196.5173547362259,284.30107275016576,1.5338754202411594E-4,2.48891141835567E-7
717.4061642905211,-191.67594924793528,310.09280642418815,735.0783051920413,-195.69103527983992,-20.00066947937,735.0783051920413,-195.69103527983992,284.9112651744858,1.4474351797775207E-4,8.115646878298043E-7
717.4061642905211,-191.67594924793528,310.09280642418815,733.6992727472236,-194.9282053515914,-20.00066947937,733.6992727472236,-194.9282053515914,285.83667872711453,1.3283168670123887E-4,1.6786930165055626E-6
717.4061642905211,-191.67594924793528,310.09280642418815,732.1474297456482,-194.30057637461056,-20.00066947937,732.1474297456482,-194.30057637461056,287.00965412729425,1.187864789141061E-4,2.6145267680906866E-6
717.4061642905211,-191.67594924793528,310.09280642418815,730.6060625691197,-193.77203371387543,-20.00066947937,730.6060625691197,-193.77203371387543,288.44140511758656,1.0308886418441691E-4,3.7791431440020796E-6
717.4061642905211,-191.67594924793528,310.09280642418815,728.9925127786198,-193.34851759263597,-20.00066947937,728.9925127786198,-193.34851759263597,290.0183222891627,8.734715994424118E-5,4.521518991711685E-6
717.4061642905211,-191.67594924793528,310.09280642418815,727.71463777944,-193.12225410299322,-20.00066947937,727.71463777944,-193.12225410299322,291.6502255871113,7.27452216584147E-5,4.742121401069643E-6
717.4061642905211,-191.67594924793528,310.09280642418815,727.0187447308251,-193.22639105908075,-20.00066947937,727.0187447308251,-193.22639105908075,292.924612875263,6.246048952701576E-5,2.8419029105162806E-6
717.4061642905211,-191.67594924793528,310.09280642418815,726.7455245698745,-193.43399255654217,-20.00066947937,726.7455245698745,-193.43399255654217,293.7951394744531,5.597826744727457E-5,1.30782317212786E-6
717.4061642905211,-191.67594924793528,310.09280642418815,726.7460052641123,-193.61927811414867,-20.00066947937,726.7460052641123,-193.61927811414867,294.1621111565503,5.338831530887512E-5,2.28439065122043E-7
717.4061642905211,-191.67594924793528,310.09280642418815,726.5237483293852,-193.49741404262608,-20.00066947937,726.5237483293852,-193.49741404262608,294.27340312141115,5.256851785021864E-5,2.3454166686109948E-8
717.0016876756554,-192.2393985026491,310.1472963438652,726.5320555930579,-193.48795160590947,-20.00066947937,726.5320555930579,-193.48795160590947,294.2776733043495,5.295794529597282E-5,3.475966668697815E-11
717.0016876756554,-192.2393985026491,310.1472963438652,726.534702208522,-193.48971635163062,-20.00066947937,726.534702208522,-193.48971635163062,294.2811020327317,5.293465823496988E-5,2.0747516590140457E-11
717.0016876756554,-192.2393985026491,310.1472963438652,726.5390784883292,-193.49220555208768,-20.00066947937,726.5390784883292,-193.49220555208768,294.2841250870682,5.2914544690213996E-5,1.678681511494792E-11
717.0016876756554,-192.2393985026491,310.1472963438652,726.5452080781118,-193.49345781184803,-20.00066947937,726.5452080781118,-193.49345781184803,294.28948466242366,5.287850632136774E-5,5.166001558307267E-11
717.0016876756554,-192.2393985026491,310.1472963438652,726.5501995621645,-193.49529082762425,-20.00066947937,726.5501995621645,-193.49529082762425,294.2947777268088,5.284274127627124E-5,4.986529208530949E-11
717.0016876756554,-192.2393985026491,310.1472963438652,726.5534861041954,-193.49547908200404,-20.00066947937,726.5534861041954,-193.49547908200404,294.297154353573,5.282687077971988E-5,1.0283440337365783E-11
717.0016876756554,-192.2393985026491,310.1472963438652,726.5562865015416,-193.49571338612984,-20.00066947937,726.5562865015416,-193.49571338612984,294.29924865130323,5.281287138284562E-5,7.967126265190131E-12
717.0016876756554,-192.2393985026491,310.1472963438652,726.5573309591393,-193.4963614906753,-20.00066947937,726.5573309591393,-193.4963614906753,294.30076204171843,5.280258134279388E-5,4.0212461314325044E-12
717.0016876756554,-192.2393985026491,310.1472963438652,726.5584237053637,-193.49666691778586,-20.00066947937,726.5584237053637,-193.49666691778586,294.30181122661577,5.2795515090660885E-5,1.9693756557448135E-12
717.0016876756554,-192.2393985026491,310.1472963438652,726.5607261910545,-193.4966054481624,-20.00066947937,726.5607261910545,-193.4966054481624,294.3031990458359,5.2786321086039666E-5,3.5599685847022557E-12
717.0016876756554,-192.2393985026491,310.1472963438652,726.5636991991429,-193.4974089234533,-20.00066947937,726.5636991991429,-193.4974089234533,294.306204359532,5.276605359949392E-5,1.6108997342577716E-11
717.0016876756554,-192.2393985026491,310.1472963438652,726.5650264052657,-193.49708381457535,-20.00066947937,726.5650264052657,-193.49708381457535,294.3072288162622,5.275919072361458E-5,1.9049621031513158E-12
717.0016876756554,-192.2393985026491,310.1472963438652,726.565925644739,-193.49631997579453,-20.00066947937,726.565925644739,-193.49631997579453,294.30726544709887,5.275908928682024E-5,7.236493572385128E-15
717.0016876756554,-192.2393985026491,310.1472963438652,726.5673766781629,-193.49639648769602,-20.00066947937,726.5673766781629,-193.49639648769602,294.30838390748465,5.2751608549762594E-5,2.266724306951337E-12
717.0016876756554,-192.2393985026491,310.1472963438652,726.5686031503866,-193.49591626373365,-20.00066947937,726.5686031503866,-193.49591626373365,294.3092186541962,5.274603976309419E-5,1.2794830630386687E-12
717.0016876756554,-192.2393985026491,310.1472963438652,726.5693208432497,-193.49522656245614,-20.00066947937,726.5693208432497,-193.49522656245614,294.30924331930737,5.274598857729566E-5,3.88973697583779E-15
717.0016876756554,-192.2393985026491,310.1472963438652,726.5704319849631,-193.4949792505296,-20.00066947937,726.5704319849631,-193.4949792505296,294.3101472572632,5.2739923976599216E-5,1.4772163033736284E-12
717.0016876756554,-192.2393985026491,310.1472963438652,726.5709603431324,-193.49473596893174,-20.00066947937,726.5709603431324,-193.49473596893174,294.3107241475001,5.273601706536817E-5,5.91816834750378E-13
717.0016876756554,-192.2393985026491,310.1472963438652,726.5714453127006,-193.49426523317663,-20.00066947937,726.5714453127006,-193.49426523317663,294.31051305648265,5.2737562321314126E-5,8.663601399906624E-14
717.0016876756554,-192.2393985026491,310.1472963438652,726.5719967665746,-193.49382650771207,-20.00066947937,726.5719967665746,-193.49382650771207,294.3108260426587,5.2735485661136926E-5,1.839048983012771E-13
717.0016876756554,-192.2393985026491,310.1472963438652,726.5725339661475,-193.49376814969935,-20.00066947937,726.5725339661475,-193.49376814969935,294.3113467765022,5.273197480841096E-5,4.842545778484329E-13
717.0016876756554,-192.2393985026491,310.1472963438652,726.5730450503809,-193.49334925296844,-20.00066947937,726.5730450503809,-193.49334925296844,294.3113242179238,5.273221854853026E-5,2.55420279890417E-15
717.0016876756554,-192.2393985026491,310.1472963438652,726.5734353693625,-193.49265654008198,-20.00066947937,726.5734353693625,-193.49265654008198,294.3114590658936,5.273134048540698E-5,3.724357037690507E-14
717.0016876756554,-192.2393985026491,310.1472963438652,726.5737796006291,-193.4925768410867,-20.00066947937,726.5737796006291,-193.4925768410867,294.3116335256124,5.273019421287035E-5,5.741439807014591E-14
717.0016876756554,-192.2393985026491,310.1472963438652,726.5741724171542,-193.49215876670678,-20.00066947937,726.5741724171542,-193.49215876670678,294.311503876393,5.273115819247991E-5,3.421971459648829E-14
717.0016876756554,-192.2393985026491,310.1472963438652,726.5745183595016,-193.49181285490164,-20.00066947937,726.5745183595016,-193.49181285490164,294.311578145954,5.2730700549962805E-5,1.232986760394621E-14
717.0016876756554,-192.2393985026491,310.1472963438652,726.5749652070023,-193.4914637775387,-20.00066947937,726.5749652070023,-193.4914637775387,294.3118985944009,5.272855456354821E-5,1.8848392690067098E-13
717.0016876756554,-192.2393985026491,310.1472963438652,726.5752766249191,-193.4912955708079,-20.00066947937,726.5752766249191,-193.4912955708079,294.31194236746694,5.272830631501671E-5,4.80439349301551E-15
717.0016876756554,-192.2393985026491,310.1472963438652,726.5755214104686,-193.49101256737168,-20.00066947937,726.5755214104686,-193.49101256737168,294.3119048590212,5.2728606237981955E-5,3.510189718032491E-15
717.0016876756554,-192.2393985026491,310.1472963438652,726.5757611672693,-193.49082754592104,-20.00066947937,726.5757611672693,-193.49082754592104,294.3121912051424,5.272666133007205E-5,1.4540599274696472E-13
717.0016876756554,-192.2393985026491,310.1472963438652,726.575988131539,-193.49070196263648,-20.00066947937,726.575988131539,-193.49070196263648,294.31210932325587,5.272726956065346E-5,1.3306946661927709E-14
717.0016876756554,-192.2393985026491,310.1472963438652,726.5764321850089,-193.48998405956291,-20.00066947937,726.5764321850089,-193.48998405956291,294.31217667250587,5.272686943444396E-5,1.1573764842600788E-14
717.0016876756554,-192.2393985026491,310.1472963438652,726.5767148340816,-193.4898539929537,-20.00066947937,726.5767148340816,-193.4898539929537,294.31233909303955,5.272579370257084E-5,4.925384149511216E-14
717.0016876756554,-192.2393985026491,310.1472963438652,726.5771050314142,-193.4897471010672,-20.00066947937,726.5771050314142,-193.4897471010672,294.31234819256207,5.2725802582155914E-5,7.292828931606596E-16
717.0016876756554,-192.2393985026491,310.1472963438652,726.5775095782101,-193.48940137180307,-20.00066947937,726.5775095782101,-193.48940137180307,294.31256528364423,5.27243656120353E-5,8.909353852608255E-14
717.0016876756554,-192.2393985026491,310.1472963438652,726.5778009738168,-193.48916028883843,-20.00066947937,726.5778009738168,-193.48916028883843,294.3126556765774,5.272378839328735E-5,1.6740825908416003E-14
