775.0504380694126,2.424303303166243E-14,133.50802000499522,785.4281905073804,-9.550524099539858,-20.00066947937,785.4281905073804,-9.550524099539858,93.93502742668247,0.0025430673220615354,1.0
775.0504380694126,2.424303303166243E-14,133.50802000499522,785.4177954484825,-9.595527093202122,-20.00066947937,785.4177954484825,-9.595527093202122,93.92933061713376,0.0025443072184380177,6.494808191245851E-10
775.0504380694126,2.424303303166243E-14,133.50802000499522,785.040195300463,-9.587538389706824,-20.00066947937,785.040195300463,-9.587538389706824,93.70385953455869,0.0025798757214273065,4.813111622297642E-7
775.0504380694126,2.424303303166243E-14,133.50802000499522,783.23112476238,-9.578201182111822,-20.00066947937,783.23112476238,-9.578201182111822,92.56601759027185,0.002768212485928272,1.1721947552161345E-5
775.0504380694126,2.424303303166243E-14,133.50802000499522,781.6914764703073,-9.787319743393866,-20.00066947937,781.6914764703073,-9.787319743393866,90.86374986867028,0.0030843173457161767,2.4838879570683498E-5
775.0504380694126,2.424303303166243E-14,133.50802000499522,781.2119582428805,-10.930238383721726,-20.00066947937,781.2119582428805,-10.930238383721726,89.57846180831396,0.0033567999645374067,1.4949599165955392E-5
775.0504380694126,2.424303303166243E-14,133.50802000499522,781.5650752441932,-14.535090221022493,-20.00066947937,781.5650752441932,-14.535090221022493,89.7265506435482,0.0033725191543718604,1.6401919293019681E-6
775.0504380694126,2.424303303166243E-14,133.50802000499522,782.1299255779801,-21.463039870990247,-20.00066947937,782.1299255779801,-21.463039870990247,92.03599929691794,0.0030239723479478084,7.772497062313429E-5
775.0504380694126,2.424303303166243E-14,133.50802000499522,783.4364629612169,-31.475879676412127,-20.00066947937,783.4364629612169,-31.475879676412127,96.53199926698483,0.0024521210242063594,3.1180368776444537E-4
775.0504380694126,2.424303303166243E-14,133.50802000499522,784.0198488817372,-43.58365177134954,-20.00066947937,784.0198488817372,-43.58365177134954,102.92113552340751,0.0018396627519176318,6.76563750665629E-4
775.0504380694126,2.424303303166243E-14,133.50802000499522,783.2031678218419,-56.02644301847036,-20.00066947937,783.2031678218419,-56.02644301847036,110.87580319615873,0.0012771380925738444,0.0010498190760193336
775.0504380694126,2.424303303166243E-14,133.50802000499522,781.7227690798073,-67.98037175196211,-20.00066947937,781.7227690798073,-67.98037175196211,119.83317956416491,8.291923206467816E-4,0.0012711161528935777
775.0504380694126,2.424303303166243E-14,133.50802000499522,779.9463430073907,-79.15532269918492,-20.00066947937,779.9463430073907,-79.15532269918492,129.2781973496118,5.059969355992868E-4,0.0013101543793924302
775.0504380694126,2.424303303166243E-14,133.50802000499522,778.3372445050426,-89.948806216833,-20.00066947937,778.3372445050426,-89.948806216833,139.03476278284705,2.887011187761907E-4,0.001305879964777934
775.0504380694126,2.424303303166243E-14,133.50802000499522,776.3539048798,-100.19141310188958,-20.00066947937,776.3539048798,-100.19141310188958,149.0525275641064,1.4527699078951446E-4,0.0012484118069466955
775.0504380694126,2.424303303166243E-14,133.50802000499522,774.0572955530165,-109.91506762791802,-20.00066947937,774.0572955530165,-109.91506762791802,159.1575876540055,5.9165342128062466E-5,0.0011533790682536254
775.0504380694126,2.424303303166243E-14,133.50802000499522,771.4084968355421,-119.82719234040171,-20.00066947937,771.4084968355421,-119.82719234040171,170.18328864429657,1.1885162725119404E-5,0.0012455077035496344
775.0504380694126,2.424303303166243E-14,133.50802000499522,768.5228136519513,-128.7809018563155,-20.00066947937,768.5228136519513,-128.7809018563155,180.67602384412174,1.9696651835238247E-8,0.001013734218445623
775.0504380694126,2.424303303166243E-14,133.50802000499522,765.2642974288711,-137.3287652678277,-20.00066947937,765.2642974288711,-137.3287652678277,191.2074366139548,1.1458444032930123E-5,9.257298070237339E-4
775.0504380694126,2.424303303166243E-14,133.50802000499522,761.8912620471266,-145.58161209049197,-20.00066947937,761.8912620471266,-145.58161209049197,202.08771489629825,4.234588834328348E-5,8.817446893092075E-4
775.0504380694126,2.424303303166243E-14,133.50802000499522,758.1311054410975,-153.54645747662283,-20.00066947937,758.1311054410975,-153.54645747662283,213.10579085945616,8.823385813071907E-5,8.206428861605053E-4
775.0504380694126,2.424303303166243E-14,133.50802000499522,754.0059304999596,-161.05543315327662,-20.00066947937,754.0059304999596,-161.05543315327662,224.23070739905782,1.4722542935191032E-4,7.474643095182223E-4
775.0504380694126,2.424303303166243E-14,133.50802000499522,749.7054986574879,-168.0482449951283,-20.00066947937,749.7054986574879,-168.0482449951283,235.32935903364003,2.16787763519142E-4,6.651710196552656E-4
775.0504380694126,2.424303303166243E-14,133.50802000499522,745.196324162366,-174.73121907047704,-20.00066947937,745.196324162366,-174.73121907047704,246.48694832365115,2.941650686576556E-4,6.126549837022422E-4
775.0504380694126,2.424303303166243E-14,133.50802000499522,740.6205174088301,-180.9427581339451,-20.00066947937,740.6205174088301,-180.9427581339451,257.7109153187988,3.8089102852702944E-4,5.52599591271273E-4
775.0504380694126,2.424303303166243E-14,133.50802000499522,736.2703822797682,-186.21443832952934,-20.00066947937,736.2703822797682,-186.21443832952934,268.3050611955931,4.727185882701322E-4,4.311925216537607E-4
775.0504380694126,2.424303303166243E-14,133.50802000499522,732.6331895146578,-190.17119086791308,-20.00066947937,732.6331895146578,-190.17119086791308,277.269660478043,5.594675334190735E-4,2.69551096274998E-4
775.0504380694126,2.424303303166243E-14,133.50802000499522,730.3593353089905,-192.53400348390304,-20.00066947937,730.3593353089905,-192.53400348390304,283.6233420765689,6.303478318748141E-4,1.1437901995381196E-4
775.0504380694126,2.424303303166243E-14,133.50802000499522,729.6736604126285,-193.3335807948988,-20.00066947937,729.6736604126285,-193.3335807948988,287.4162064694434,1.0,2.7738328516291116E-5
775.0504380694126,2.424303303166243E-14,133.50802000499522,728.8568519730322,-192.2955575721306,-20.00066947937,728.8568519730322,-192.2955575721306,288.57198423130757,1.0,8.144125076977177E-6
775.0504380694126,2.424303303166243E-14,133.50802000499522,728.7080186402658,-192.13379111953412,-20.00066947937,728.7080186402658,-192.13379111953412,288.25647419246854,1.0,3.50517439796992E-7
775.0504380694126,2.424303303166243E-14,133.50802000499522,728.7391067029187,-192.18906719786514,-20.00066947937,728.7391067029187,-192.18906719786514,288.02958538596613,1.0,1.0302088545322486E-7
775.0504380694126,2.424303303166243E-14,133.50802000499522,728.8066505264464,-192.07353867099528,-20.00066947937,728.8066505264464,-192.07353867099528,288.0264020956697,1.0,3.1225129017057796E-8
775.0504380694126,2.424303303166243E-14,133.50802000499522,728.9964584522575,-191.69056892807222,-20.00066947937,728.9964584522575,-191.69056892807222,288.3110458374046,1.0,7.49301868814349E-7
775.0504380694126,2.424303303166243E-14,133.50802000499522,729.2965342704305,-191.0109550358323,-20.00066947937,729.2965342704305,-191.0109550358323,288.9227207355033,1.0,2.7018148277319667E-6
775.0504380694126,2.424303303166243E-14,133.50802000499522,729.5341266262561,-190.02937793248083,-20.00066947937,729.5341266262561,-190.02937793248083,289.9808699429209,1.0,6.308047508649862E-6
775.0504380694126,2.424303303166243E-14,133.50802000499522,729.6570973656283,-188.6297106760491,-20.00066947937,729.6570973656283,-188.6297106760491,291.255286387827,1.0,1.0773640164306315E-5
775.0504380694126,2.424303303166243E-14,133.50802000499522,729.7957352344989,-187.2472948087395,-20.00066947937,729.7957352344989,-187.2472948087395,292.61168518678244,1.0,1.1353348908875432E-5
775.0504380694126,2.424303303166243E-14,133.50802000499522,729.8497604900143,-185.7778561881962,-20.00066947937,729.8497604900143,-185.7778561881962,293.9438232935599,1.0,1.1890508724275657E-5
775.0504380694126,2.424303303166243E-14,133.50802000499522,729.9683690077926,-184.37137912712066,-20.00066947937,729.9683690077926,-184.37137912712066,295.2552089165084,1.0,1.1406923648923068E-5
775.0504380694126,2.424303303166243E-14,133.50802000499522,730.0855090233673,-182.84985035917575,-20.00066947937,730.0855090233673,-182.84985035917575,296.5354855286789,1.0,1.2347366988435144E-5
775.0504380694126,2.424303303166243E-14,133.50802000499522,730.2316120577044,-181.39185584550094,-20.00066947937,730.2316120577044,-181.39185584550094,297.80919241860204,1.0,1.1878868814691743E-5
775.0504380694126,2.424303303166243E-14,133.50802000499522,730.3174796440771,-179.93660800575987,-20.00066947937,730.3174796440771,-179.93660800575987,299.05227986037664,1.0,1.158131632905202E-5
775.0504380694126,2.424303303166243E-14,133.50802000499522,730.3867199029871,-178.45326380252666,-20.00066947937,730.3867199029871,-178.45326380252666,300.31818182365555,1.0,1.2094892430961746E-5
775.0504380694126,2.424303303166243E-14,133.50802000499522,730.504945465384,-176.96697379338377,-20.00066947937,730.504945465384,-176.96697379338377,301.5394873944756,1.0,1.1988296568013575E-5
775.0504380694126,2.424303303166243E-14,133.50802000499522,730.5722032395983,-175.43515741012493,-20.00066947937,730.5722032395983,-175.43515741012493,302.74044282986597,1.0,1.2239495565741647E-5
775.0504380694126,2.424303303166243E-14,133.50802000499522,730.7008991667516,-173.89662521318536,-20.00066947937,730.7008991667516,-173.89662521318536,303.91609014155534,1.0,1.2354497535996381E-5
775.0504380694126,2.424303303166243E-14,133.50802000499522,730.7232251931911,-172.40870406460388,-20.00066947937,730.7232251931911,-172.40870406460388,305.0325932124473,1.0,1.123781682386914E-5
775.0504380694126,2.424303303166243E-14,133.50802000499522,730.8538649924035,-171.17465560388175,-20.00066947937,730.8538649924035,-171.17465560388175,305.91566610488167,1.0,7.695138453563467E-6
775.0504380694126,2.424303303166243E-14,133.50802000499522,730.8753095252433,-170.28029166906472,-20.00066947937,730.8753095252433,-170.28029166906472,306.5204740361255,1.0,3.7762581361128967E-6
775.0504380694126,2.424303303166243E-14,133.50802000499522,730.8749192824848,-169.75367188226753,-20.00066947937,730.8749192824848,-169.75367188226753,306.8253444478828,1.0,1.159978294798148E-6
775.0504380694126,2.424303303166243E-14,133.50802000499522,730.9053108995595,-169.56213402185952,-20.00066947937,730.9053108995595,-169.56213402185952,306.88659847023916,1.0,1.1669254715522322E-7
775.0504380694126,2.424303303166243E-14,133.50802000499522,730.9155821964796,-169.5068993261492,-20.00066947937,730.9155821964796,-169.5068993261492,306.9070946891311,1.0,1.0492488983317017E-8
775.0504380694126,2.424303303166243E-14,133.50802000499522,730.9195354865881,-169.48547555810438,-20.00066947937,730.9195354865881,-169.48547555810438,306.9124372366801,1.0,1.3361154721567785E-9
730.4256883037364,-169.14843363668552,308.0004455348345,730.9199204318071,-169.4750725631821,-20.00066947937,730.9199204318071,-169.4750725631821,306.9161655841996,2.2471945266363627E-7,2.3869437871477716E-11
730.4256883037364,-169.14843363668552,308.0004455348345,730.9195507472119,-169.47184744796715,-20.00066947937,730.9195507472119,-169.47184744796715,306.9199232566465,2.2315866553220723E-7,2.4154629150595115E-11
730.4256883037364,-169.14843363668552,308.0004455348345,730.9098806789622,-169.47386843658637,-20.00066947937,730.9098806789622,-169.47386843658637,306.8896804215826,2.3585755605284887E-7,1.563440628307725E-9
730.4256883037364,-169.14843363668552,308.0004455348345,730.9075178268203,-169.4786133329838,-20.00066947937,730.9075178268203,-169.4786133329838,306.88782154938815,2.3665049381409642E-7,5.9514440409546534E-12
730.4256883037364,-169.14843363668552,308.0004455348345,730.9784692100579,-169.4005321770757,-20.00066947937,730.9784692100579,-169.4005321770757,306.8935984998986,2.3421028810987562E-7,6.023084475559935E-11
730.4256883037364,-169.14843363668552,308.0004455348345,731.8753368799992,-169.13559827361763,-20.00066947937,731.8753368799992,-169.13559827361763,306.80158634341575,2.7611386206904386E-7,1.530406970915667E-8
730.4256883037364,-169.14843363668552,308.0004455348345,732.4484558886963,-168.5050492981284,-20.00066947937,732.4484558886963,-168.5050492981284,306.3744738745572,5.108070701045523E-7,3.176255141914419E-7
730.4256883037364,-169.14843363668552,308.0004455348345,731.6577915523069,-167.74244148900505,-20.00066947937,731.6577915523069,-167.74244148900505,304.3431709505082,2.602388261623404E-6,7.1633352686816855E-6
730.4256883037364,-169.14843363668552,308.0004455348345,731.0723388091399,-167.35614107064697,-20.00066947937,731.0723388091399,-167.35614107064697,301.81764262344734,7.546235262734583E-6,1.1080579454885747E-5
730.4256883037364,-169.14843363668552,308.0004455348345,730.4145262690542,-166.79163287530085,-20.00066947937,730.4145262690542,-166.79163287530085,299.7295320101181,1.3684606532418028E-5,7.56031175037675E-6
730.4256883037364,-169.14843363668552,308.0004455348345,729.9995633123198,-166.30640903513896,-20.00066947937,729.9995633123198,-166.30640903513896,298.2983073731716,1.901054932754457E-5,3.547828315728062E-6
730.4256883037364,-169.14843363668552,308.0004455348345,729.8360026212407,-165.95130669234263,-20.00066947937,729.8360026212407,-165.95130669234263,297.3584659461404,2.301763798741143E-5,1.5278460218448743E-6
730.4256883037364,-169.14843363668552,308.0004455348345,729.740518910189,-165.77329471624344,-20.00066947937,729.740518910189,-165.77329471624344,296.7318256145478,2.5915085942582405E-5,6.770689070377228E-7
730.4256883037364,-169.14843363668552,308.0004455348345,729.733008118763,-165.68446356014542,-20.00066947937,729.733008118763,-165.68446356014542,296.38992352903875,2.7572882772827405E-5,2.0104754328159507E-7
730.4256883037364,-169.14843363668552,308.0004455348345,729.7661706010774,-165.59978708442023,-20.00066947937,729.7661706010774,-165.59978708442023,296.13488918507426,2.8846022736660558E-5,1.1203831514208533E-7
730.4256883037364,-169.14843363668552,308.0004455348345,729.8039029212179,-165.5095018782016,-20.00066947937,729.8039029212179,-165.5095018782016,295.96787497023854,2.969828622192145E-5,4.8264578434556284E-8
730.4256883037364,-169.14843363668552,308.0004455348345,729.8367668520148,-165.43180507831656,-20.00066947937,729.8367668520148,-165.43180507831656,295.85704829890994,3.0272192695196395E-5,2.1331211327964916E-8
730.4256883037364,-169.14843363668552,308.0004455348345,729.8716170560141,-165.36147433031212,-20.00066947937,729.8716170560141,-165.36147433031212,295.7631648677486,3.0763262935793117E-5,1.53300135879928E-8
730.4256883037364,-169.14843363668552,308.0004455348345,729.9127963808738,-165.28014056214909,-20.00066947937,729.9127963808738,-165.28014056214909,295.6814579986715,3.1195285110304095E-5,1.1684027007746359E-8
730.4256883037364,-169.14843363668552,308.0004455348345,729.9590984996431,-165.1858558863236,-20.00066947937,729.9590984996431,-165.1858558863236,295.62692307932434,3.1487813230809135E-5,5.301358659927167E-9
730.4256883037364,-169.14843363668552,308.0004455348345,730.0062343343367,-165.08733361589208,-20.00066947937,730.0062343343367,-165.08733361589208,295.5747542831614,3.176968985754438E-5,4.874030299064119E-9
730.4256883037364,-169.14843363668552,308.0004455348345,730.0292843129469,-165.02490830598202,-20.00066947937,730.0292843129469,-165.02490830598202,295.5126926519605,3.2103659792860884E-5,6.74805497984437E-9
730.4256883037364,-169.14843363668552,308.0004455348345,730.039122065493,-164.9725740126097,-20.00066947937,730.039122065493,-164.9725740126097,295.43460055699336,3.252504681506753E-5,1.0593459977052521E-8
730.4256883037364,-169.14843363668552,308.0004455348345,730.0527975023172,-164.92280595522604,-20.00066947937,730.0527975023172,-164.92280595522604,295.3345299066383,3.3068251847736495E-5,1.7325222057743155E-8
730.4256883037364,-169.14843363668552,308.0004455348345,730.0696670334322,-164.87720508822798,-20.00066947937,730.0696670334322,-164.87720508822798,295.2188974275147,3.370119776153103E-5,2.3076799262645883E-8
730.4256883037364,-169.14843363668552,308.0004455348345,730.1031472690671,-164.81633167654297,-20.00066947937,730.1031472690671,-164.81633167654297,295.0673011184558,3.454088133168159E-5,3.968867560654053E-8
730.4204124051554,-169.16044246719466,308.00787680632413,730.1542583631878,-164.72689510008294,-20.00066947937,730.1542583631878,-164.72689510008294,294.846498749541,3.58252528610813E-5,8.424750350432196E-8
730.4204124051554,-169.16044246719466,308.00787680632413,730.2067912891998,-164.636415259005,-20.00066947937,730.2067912891998,-164.636415259005,294.71924414205927,3.655588979289223E-5,2.820954383772716E-8
730.4204124051554,-169.16044246719466,308.00787680632413,730.7387220372301,-163.83195814998456,-20.00066947937,730.7387220372301,-163.83195814998456,294.5340995009924,3.7691262271700135E-5,6.651264523330235E-8
730.4204124051554,-169.16044246719466,308.00787680632413,732.4236483361519,-161.1419363189762,-20.00066947937,732.4236483361519,-161.1419363189762,294.4170055523134,3.87180039551441E-5,5.3966729184540884E-8
730.4204124051554,-169.16044246719466,308.00787680632413,735.7177445115561,-156.38092937698784,-20.00066947937,735.7177445115561,-156.38092937698784,294.4867399381082,3.936920872159482E-5,1.1290715222302368E-7
730.4204124051554,-169.16044246719466,308.00787680632413,739.9669350849902,-150.3410944324436,-20.00066947937,739.9669350849902,-150.3410944324436,294.5418061604918,4.126674315491771E-5,3.3231347401163695E-7
730.4204124051554,-169.16044246719466,308.00787680632413,743.7768770296645,-145.00920696707394,-20.00066947937,743.7768770296645,-145.00920696707394,294.3135566107194,4.557470220854527E-5,8.55074142460315E-7
730.4204124051554,-169.16044246719466,308.00787680632413,746.3660632919025,-141.76947680869046,-20.00066947937,746.3660632919025,-141.76947680869046,293.8546420557251,5.0943484626050746E-5,1.159727828926005E-6
730.4204124051554,-169.16044246719466,308.00787680632413,747.6297486491959,-140.78118608358875,-20.00066947937,747.6297486491959,-140.78118608358875,293.29602231867426,5.583110153775405E-5,8.391781496931376E-7
