717.5280802898895,-191.48115123566845,309.2559606631405,723.4147648145222,-194.03582729713696,-20.00066947937,723.4147648145222,-194.03582729713696,296.59361892871084,3.296890011412394E-5,5.266593215693896E-5
717.5280802898895,-191.48115123566845,309.2559606631405,723.4073509598613,-194.03954145158556,-20.00066947937,723.4073509598613,-194.03954145158556,296.5809631805089,3.303661614409428E-5,2.781296931733787E-10
717.5280802898895,-191.48115123566845,309.2559606631405,723.4061024940721,-194.05182330475353,-20.00066947937,723.4061024940721,-194.05182330475353,296.5791657389476,3.304669656463919E-5,6.211077097394845E-12
717.5280802898895,-191.48115123566845,309.2559606631405,723.3916637286767,-194.11407025860464,-20.00066947937,723.3916637286767,-194.11407025860464,296.59454455330194,3.296496882390902E-5,4.4037781753605875E-10
717.5280802898895,-191.48115123566845,309.2559606631405,723.3335798736966,-194.2960243085347,-20.00066947937,723.3335798736966,-194.2960243085347,296.64358972094305,3.270365517765685E-5,4.503723292279516E-9
717.5280802898895,-191.48115123566845,309.2559606631405,723.2754237569416,-194.46620656453428,-20.00066947937,723.2754237569416,-194.46620656453428,296.69100444249193,3.245218832854486E-5,4.220770899652091E-9
717.5280802898895,-191.48115123566845,309.2559606631405,723.2638887800244,-194.50757599017578,-20.00066947937,723.2638887800244,-194.50757599017578,296.6994885448331,3.240776925415871E-5,1.3904711270644922E-10
717.5280802898895,-191.48115123566845,309.2559606631405,723.4768860563838,-193.9630819075873,-20.00066947937,723.4768860563838,-193.9630819075873,296.57282914507664,3.308396831350764E-5,3.046697355344045E-8
717.5280802898895,-191.48115123566845,309.2559606631405,701.8339606834207,-200.1645321925415,-20.00066947937,701.8339606834207,-200.1645321925415,293.2078843788046,5.688669407515172E-5,2.4823664805814006E-5
717.5280802898895,-191.48115123566845,309.2559606631405,653.812563960002,-225.25847143155812,-20.00066947937,653.812563960002,-225.25847143155812,288.8293257595527,1.705435187493158E-4,2.370394421062721E-4
717.5280802898895,-191.48115123566845,309.2559606631405,617.0393495748145,-246.62239757794427,-20.00066947937,617.0393495748145,-246.62239757794427,286.5663645950583,3.8434252671701254E-4,3.1135834023634487E-4
717.5280802898895,-191.48115123566845,309.2559606631405,602.621637042087,-254.88178589666686,-20.00066947937,602.621637042087,-254.88178589666686,282.91980329714784,5.904967909968783E-4,1.3192220702270858E-4
717.5280802898895,-191.48115123566845,309.2559606631405,622.3735411926375,-249.1135657153374,-20.00066947937,622.3735411926375,-249.1135657153374,278.54155232723593,5.497813684755252E-4,1.6187592651539543E-4
717.5280802898895,-191.48115123566845,309.2559606631405,687.2534167624468,-224.4671733045334,-20.00066947937,687.2534167624468,-224.4671733045334,277.93834894728616,2.712365499632707E-4,4.922700659482398E-6
717.5280802898895,-191.48115123566845,309.2559606631405,738.3862234360599,-197.33282511099992,-20.00066947937,738.3862234360599,-197.33282511099992,281.79048935859555,1.7790654674679216E-4,1.04178096119907E-5
717.5280802898895,-191.48115123566845,309.2559606631405,774.8848536823602,-167.92269107246906,-20.00066947937,774.8848536823602,-167.92269107246906,281.7545928025461,2.48369629733939E-4,4.40878295059058E-5
717.5280802898895,-191.48115123566845,309.2559606631405,794.5918994579425,-148.13022883540768,-20.00066947937,794.5918994579425,-148.13022883540768,272.45560798339955,5.604773420984097E-4,3.896866698171081E-4
717.5280802898895,-191.48115123566845,309.2559606631405,803.8078573906921,-132.18712545559316,-20.00066947937,803.8078573906921,-132.18712545559316,248.82200671064504,0.0016603530253520328,0.0013566154329226246
717.5280802898895,-191.48115123566845,309.2559606631405,808.6926657951886,-118.0013642733968,-20.00066947937,808.6926657951886,-118.0013642733968,209.44644759177328,0.005583064888575097,0.0032902584294438007
717.5280802898895,-191.48115123566845,309.2559606631405,787.0937228291593,-112.25304195897571,-20.00066947937,787.0937228291593,-112.25304195897571,157.85798151384043,0.018179665881175634,0.006438671619050944
717.5280802898895,-191.48115123566845,309.2559606631405,755.5778787520368,-119.16725640984362,-20.00066947937,755.5778787520368,-119.16725640984362,110.62696056967076,0.05205156666324786,0.005401903267131797
717.5280802898895,-191.48115123566845,309.2559606631405,747.7745608656568,-141.16103310624231,-20.00066947937,747.7745608656568,-141.16103310624231,67.39534861011623,0.1630815447882047,0.004706760339749454
717.5280802898895,-191.48115123566845,309.2559606631405,779.2470517669384,-169.16254644065626,-20.00066947937,779.2470517669384,-169.16254644065626,86.91061107510168,0.09348779650651341,0.001134899021699699
717.5280802898895,-191.48115123566845,309.2559606631405,820.2297576088273,-196.5307806536561,-20.00066947937,820.2297576088273,-196.5307806536561,156.43704551309753,0.018613524327856113,0.015191955047162085
717.5280802898895,-191.48115123566845,309.2559606631405,842.5500729156499,-205.89833951825796,-20.00066947937,842.5500729156499,-205.89833951825796,237.4092474437238,0.0027843292186094898,0.01784067398478906
717.5280802898895,-191.48115123566845,309.2559606631405,822.8927125600346,-203.63231045542648,-20.00066947937,822.8927125600346,-203.63231045542648,289.3864486320564,2.8452507138650385E-4,0.006715466356028831
717.5280802898895,-191.48115123566845,309.2559606631405,804.8949634617213,-199.36508544585857,-20.00066947937,804.8949634617213,-199.36508544585857,303.5180693533547,5.78404765335412E-5,5.747976577481257E-4
717.5280802898895,-191.48115123566845,309.2559606631405,788.5328044939702,-190.9632828841421,-20.00066947937,788.5328044939702,-190.9632828841421,298.9755157246452,6.39091454706832E-5,9.402411389430683E-5
717.5280802898895,-191.48115123566845,309.2559606631405,772.7992028022803,-172.81565822680423,-20.00066947937,772.7992028022803,-172.81565822680423,269.48361966514017,4.909727652186295E-4,0.0020603059487246077
717.5280802898895,-191.48115123566845,309.2559606631405,768.2562439076165,-150.46343283625504,-20.00066947937,768.2562439076165,-150.46343283625504,217.47442952120736,0.0034884463159207883,0.006742461645868626
717.5280802898895,-191.48115123566845,309.2559606631405,761.335508100246,-133.2652043088446,-20.00066947937,761.335508100246,-133.2652043088446,159.42395509261416,0.015784644138217434,0.008765977467833615
717.5280802898895,-191.48115123566845,309.2559606631405,749.603138813771,-121.62597754005277,-20.00066947937,749.603138813771,-121.62597754005277,107.05830436376579,0.05630783703210839,0.006763357756838454
717.5280802898895,-191.48115123566845,309.2559606631405,739.1184087541988,-117.95175421958609,-20.00066947937,739.1184087541988,-117.95175421958609,32.57079632568514,0.6018280790934516,0.01425171741445574
717.5280802898895,-191.48115123566845,309.2559606631405,751.7677069075376,-128.0498439886013,-20.00066947937,751.7677069075376,-128.0498439886013,-4.717031530218463,1.0,0.003231245926175538
717.5280802898895,-191.48115123566845,309.2559606631405,801.104432114187,-153.2208674997583,-20.00066947937,801.104432114187,-153.2208674997583,26.377856884222496,0.8283040842900423,0.00349508850354204
717.5280802898895,-191.48115123566845,309.2559606631405,836.8212663983776,-169.51225569270494,-20.00066947937,836.8212663983776,-169.51225569270494,99.62513341619646,0.07627268429686454,0.01682389607707143
717.5280802898895,-191.48115123566845,309.2559606631405,841.2809592726644,-180.71376753922192,-20.00066947937,841.2809592726644,-180.71376753922192,174.48584657123425,0.013371000441562662,0.0117056163777575
717.5280802898895,-191.48115123566845,309.2559606631405,837.1510361293041,-187.63773984401763,-20.00066947937,837.1510361293041,-187.63773984401763,229.02772275561026,0.0033773692992229544,0.005659637304357305
717.5280802898895,-191.48115123566845,309.2559606631405,843.7219646450774,-178.32023940389655,-20.00066947937,843.7219646450774,-178.32023940389655,258.06137559767285,0.0014766060556595346,0.0015465217708160763
717.5280802898895,-191.48115123566845,309.2559606631405,839.6645185896415,-152.56484171304024,-20.00066947937,839.6645185896415,-152.56484171304024,272.6873691150471,8.760581147344774E-4,4.700562609806278E-4
717.5280802898895,-191.48115123566845,309.2559606631405,817.1610695774617,-126.76001113541372,-20.00066947937,817.1610695774617,-126.76001113541372,262.6902749093585,0.0011582353676738509,6.250909308252034E-4
717.5280802898895,-191.48115123566845,309.2559606631405,795.1226834567248,-111.56685099856266,-20.00066947937,795.1226834567248,-111.56685099856266,221.98121266500877,0.003886987677905381,0.004423969743867769
717.5280802898895,-191.48115123566845,309.2559606631405,786.4863465321212,-102.95707991646364,-20.00066947937,786.4863465321212,-102.95707991646364,160.7485392431717,0.017443093641394614,0.008551993882268226
717.5280802898895,-191.48115123566845,309.2559606631405,763.3546382714964,-99.26254649694388,-20.00066947937,763.3546382714964,-99.26254649694388,78.06748436171716,0.129374129161664,0.0178678095306385
717.5280802898895,-191.48115123566845,309.2559606631405,745.775856113347,-106.84595113871664,-20.00066947937,745.775856113347,-106.84595113871664,15.27790386757178,1.0,0.009624561370440494
717.5280802898895,-191.48115123566845,309.2559606631405,761.0646080608021,-135.73618742819906,-20.00066947937,761.0646080608021,-135.73618742819906,4.845805112279095,1.0,4.316072026879941E-4
717.5280802898895,-191.48115123566845,309.2559606631405,794.8754380168481,-154.78884291393368,-20.00066947937,794.8754380168481,-154.78884291393368,36.15059275970998,0.5222558448661894,0.0030035746855692443
717.5280802898895,-191.48115123566845,309.2559606631405,833.714480676841,-174.22435587058547,-20.00066947937,833.714480676841,-174.22435587058547,119.19152287720067,0.046625145385755795,0.023082636728446734
717.5280802898895,-191.48115123566845,309.2559606631405,844.7975974983024,-189.21077379457705,-20.00066947937,844.7975974983024,-189.21077379457705,203.7485302033456,0.006810544136548459,0.016722337985452283
717.5280802898895,-191.48115123566845,309.2559606631405,826.0210141564213,-199.04362691973628,-20.00066947937,826.0210141564213,-199.04362691973628,272.444456535044,7.037934229129108E-4,0.012250025752284593
717.5280802898895,-191.48115123566845,309.2559606631405,800.7451536076912,-202.6320201295077,-20.00066947937,800.7451536076912,-202.6320201295077,303.3805858978949,5.256408325913912E-5,0.0025479331420068213
717.5280802898895,-191.48115123566845,309.2559606631405,768.5521806051794,-205.38353346508973,-20.00066947937,768.5521806051794,-205.38353346508973,319.09725856869125,5.608241310146277E-6,6.835449985125497E-4
717.5280802898895,-191.48115123566845,309.2559606631405,740.2401666403723,-208.7279811654,-20.00066947937,740.2401666403723,-208.7279811654,317.1473630919412,7.96044421804291E-6,1.3796132471465756E-5
717.5280802898895,-191.48115123566845,309.2559606631405,717.9086475725018,-206.04029523784135,-20.00066947937,717.9086475725018,-206.04029523784135,291.1074030319546,7.193481487511841E-5,0.0012738210443386494
717.5280802898895,-191.48115123566845,309.2559606631405,703.8554893793381,-193.71495057095387,-20.00066947937,703.8554893793381,-193.71495057095387,239.4204263687423,0.0014912902618862047,0.006387014702970002
717.5280802898895,-191.48115123566845,309.2559606631405,702.1271276447678,-176.56212342160708,-20.00066947937,702.1271276447678,-176.56212342160708,178.07155219250137,0.00904746462266779,0.009712310624154428
717.5280802898895,-191.48115123566845,309.2559606631405,692.8708649086213,-171.44285710962663,-20.00066947937,692.8708649086213,-171.44285710962663,125.84029373980042,0.03281940290646282,0.006665796446043506
717.5280802898895,-191.48115123566845,309.2559606631405,689.0736182410297,-171.9803898124819,-20.00066947937,689.0736182410297,-171.9803898124819,66.17756255698063,0.16478476690278127,0.00888148106487057
717.5280802898895,-191.48115123566845,309.2559606631405,711.8377727584715,-180.46558046137025,-20.00066947937,711.8377727584715,-180.46558046137025,52.45015542545988,0.25687145229968644,3.346805697969745E-4
717.5280802898895,-191.48115123566845,309.2559606631405,753.398180339098,-198.4623132362332,-20.00066947937,753.398180339098,-198.4623132362332,97.85610079285027,0.06692238513930762,0.005059771226851111
717.5280802898895,-191.48115123566845,309.2559606631405,808.5696836525397,-204.70353101609356,-20.00066947937,808.5696836525397,-204.70353101609356,167.7163550663835,0.013762137324662999,0.017091576715608306
717.5280802898895,-191.48115123566845,309.2559606631405,833.2329085776993,-198.48756315863463,-20.00066947937,833.2329085776993,-198.48756315863463,242.81572717786963,0.0021978941595566072,0.015764601649045838
717.5280802898895,-191.48115123566845,309.2559606631405,843.9518186720676,-181.7503989933343,-20.00066947937,843.9518186720676,-181.7503989933343,285.3493461751012,4.933919461419856E-4,0.0036437490552607313
717.5280802898895,-191.48115123566845,309.2559606631405,840.4715604128596,-153.1475848143944,-20.00066947937,840.4715604128596,-153.1475848143944,306.98729568353434,1.346229549080616E-4,9.228054166489476E-4
717.5280802898895,-191.48115123566845,309.2559606631405,822.1879444501135,-123.1145057219513,-20.00066947937,822.1879444501135,-123.1145057219513,305.83717203201877,1.334826255008852E-4,1.8191003281914407E-4
717.5280802898895,-191.48115123566845,309.2559606631405,801.6700024948537,-97.90376852363153,-20.00066947937,801.6700024948537,-97.90376852363153,279.3112930397423,6.441073299618185E-4,0.002329345591161068
717.5280802898895,-191.48115123566845,309.2559606631405,778.3965248041877,-86.8938524236608,-20.00066947937,778.3965248041877,-86.8938524236608,230.37607786861798,0.0032824281614098802,0.005787076532501432
717.5280802898895,-191.48115123566845,309.2559606631405,754.1694600402875,-95.82177204039539,-20.00066947937,754.1694600402875,-95.82177204039539,172.87167000426882,0.012666947833006937,0.007921510284217594
717.5280802898895,-191.48115123566845,309.2559606631405,729.9609185468634,-107.30744987253784,-20.00066947937,729.9609185468634,-107.30744987253784,122.57287911478247,0.03916140328627699,0.00586604321306447
717.5280802898895,-191.48115123566845,309.2559606631405,703.5545395937684,-120.09122634738651,-20.00066947937,703.5545395937684,-120.09122634738651,67.88122585147093,0.16424861611370134,0.007338198874989144
717.5280802898895,-191.48115123566845,309.2559606631405,732.8625570415894,-138.01644411752278,-20.00066947937,732.8625570415894,-138.01644411752278,56.58821977683402,0.23038910413213157,3.3480338984467065E-4
717.5280802898895,-191.48115123566845,309.2559606631405,777.0352665654783,-166.00911752474724,-20.00066947937,777.0352665654783,-166.00911752474724,93.82974250622436,0.07743383686353258,0.003995587418703453
717.5280802898895,-191.48115123566845,309.2559606631405,821.3448438372094,-205.13240775470936,-20.00066947937,821.3448438372094,-205.13240775470936,164.8831004543734,0.015403384507956483,0.016305533055086585
717.5280802898895,-191.48115123566845,309.2559606631405,835.5451415133335,-228.46270254968496,-20.00066947937,835.5451415133335,-228.46270254968496,239.90790640337235,0.0025464652246940255,0.014318067144252218
717.5280802898895,-191.48115123566845,309.2559606631405,820.7190305765273,-238.32956363034188,-20.00066947937,820.7190305765273,-238.32956363034188,279.75994187243697,5.332185852951782E-4,0.0037173188608317148
717.5280802898895,-191.48115123566845,309.2559606631405,791.6850995453401,-247.04563324967688,-20.00066947937,791.6850995453401,-247.04563324967688,307.8815166396515,3.8091727233991795E-5,0.0022328279787304137
717.5280802898895,-191.48115123566845,309.2559606631405,765.1893732956227,-251.75925541847724,-20.00066947937,765.1893732956227,-251.75925541847724,319.5980657561655,3.9484890860698797E-7,3.9840583361267005E-4
717.5280802898895,-191.48115123566845,309.2559606631405,749.0919053634867,-247.32077588970338,-20.00066947937,749.0919053634867,-247.32077588970338,312.68456408012946,1.405764732826876E-6,1.2912771386610746E-4
717.5280802898895,-191.48115123566845,309.2559606631405,733.3628218529165,-232.78399718128125,-20.00066947937,733.3628218529165,-232.78399718128125,283.1327875806121,1.8782848784413962E-4,0.001989610425964852
717.5280802898895,-191.48115123566845,309.2559606631405,707.8778394348217,-218.33231040078698,-20.00066947937,707.8778394348217,-218.33231040078698,226.08599802847803,0.00240078445442741,0.00816199362390086
717.5280802898895,-191.48115123566845,309.2559606631405,694.8333276654355,-208.50590630679358,-20.00066947937,694.8333276654355,-208.50590630679358,161.10257248875573,0.013883472553782429,0.01140768703219767
717.5280802898895,-191.48115123566845,309.2559606631405,686.9847821940461,-200.11800972152923,-20.00066947937,686.9847821940461,-200.11800972152923,102.6477733346882,0.05877171711044562,0.008667124921228741
717.5280802898895,-191.48115123566845,309.2559606631405,692.974071585642,-195.39057000240265,-20.00066947937,692.974071585642,-195.39057000240265,47.83972109516239,0.30521192433352495,0.0073741228837792714
717.5280802898895,-191.48115123566845,309.2559606631405,728.2866561161512,-208.9750760632018,-20.00066947937,728.2866561161512,-208.9750760632018,60.45095226449038,0.19619302362160845,2.743961663043082E-4
717.5280802898895,-191.48115123566845,309.2559606631405,775.6453225432734,-219.98392163067348,-20.00066947937,775.6453225432734,-219.98392163067348,116.00892712951037,0.0439305237724531,0.009099509790092988
717.5280802898895,-191.48115123566845,309.2559606631405,827.9324778184224,-207.88420756517323,-20.00066947937,827.9324778184224,-207.88420756517323,192.00154379361345,0.008356386447871964,0.020954196541820052
717.5280802898895,-191.48115123566845,309.2559606631405,849.2981069386743,-160.58617250712004,-20.00066947937,849.2981069386743,-160.58617250712004,254.97862607782386,0.0017712179364638638,0.009968090521956617
717.5280802898895,-191.48115123566845,309.2559606631405,859.2080182772997,-122.43400290239656,-20.00066947937,859.2080182772997,-122.43400290239656,275.1542673884521,0.0011439628984844066,0.0012307452208471178
717.5280802898895,-191.48115123566845,309.2559606631405,864.3149219739762,-92.45501223867751,-20.00066947937,864.3149219739762,-92.45501223867751,278.546002142937,0.0012983360345905541,1.9748722938319664E-4
717.5280802898895,-191.48115123566845,309.2559606631405,846.3511571849112,-77.4666615714242,-20.00066947937,846.3511571849112,-77.4666615714242,265.4815314242212,0.0018523317132290895,7.348436736034507E-4
717.5280802898895,-191.48115123566845,309.2559606631405,798.5248044194611,-82.69769262510832,-20.00066947937,798.5248044194611,-82.69769262510832,236.52906102467676,0.0030743370585506963,0.0024268294264295125
717.5280802898895,-191.48115123566845,309.2559606631405,751.2913540491093,-103.5004420829313,-20.00066947937,751.2913540491093,-103.5004420829313,193.2687082521888,0.007490712934701313,0.004972437043504613
717.5280802898895,-191.48115123566845,309.2559606631405,716.774139120648,-120.77210574081734,-20.00066947937,716.774139120648,-120.77210574081734,143.65046109838613,0.022836348069336498,0.005602508918130049
717.5280802898895,-191.48115123566845,309.2559606631405,703.1518705321714,-141.51914326207248,-20.00066947937,703.1518705321714,-141.51914326207248,80.65082295794721,0.10906815220470913,0.010976360966603265
717.5280802898895,-191.48115123566845,309.2559606631405,720.8015627611766,-156.4048330162763,-20.00066947937,720.8015627611766,-156.4048330162763,54.20719047566266,0.24463982308329543,0.0014840481481964054
717.5280802898895,-191.48115123566845,309.2559606631405,768.7230674276998,-179.95217312095295,-20.00066947937,768.7230674276998,-179.95217312095295,80.74285510813633,0.10885437947431995,0.001853440902535451
717.5280802898895,-191.48115123566845,309.2559606631405,846.3300202630726,-206.50303301401476,-20.00066947937,846.3300202630726,-206.50303301401476,150.85714033719697,0.02341556650978561,0.021031449096263827
717.5280802898895,-191.48115123566845,309.2559606631405,867.7718219269836,-230.77632221350373,-20.00066947937,867.7718219269836,-230.77632221350373,226.4553969770019,0.004645603734147075,0.014181674215302918
717.5280802898895,-191.48115123566845,309.2559606631405,828.8583321999417,-263.05255831108167,-20.00066947937,828.8583321999417,-263.05255831108167,287.4121782247407,4.8619574388572567E-4,0.012836068084181213
717.5280802898895,-191.48115123566845,309.2559606631405,790.5822651011928,-274.50509187521624,-20.00066947937,790.5822651011928,-274.50509187521624,311.89994454835994,4.411861758038221E-5,0.001936970652711246
717.5280802898895,-191.48115123566845,309.2559606631405,750.0006025394574,-271.92544638890803,-20.00066947937,750.0006025394574,-271.92544638890803,315.0269824347658,5.431549232949235E-6,4.245657124005544E-5
717.5280802898895,-191.48115123566845,309.2559606631405,718.3408376580267,-264.0821421170562,-20.00066947937,718.3408376580267,-264.0821421170562,293.7505903288318,1.1366941687570599E-4,8.057075952697742E-4
717.5280802898895,-191.48115123566845,309.2559606631405,700.9749626878847,-255.24468676138343,-20.00066947937,700.9749626878847,-255.24468676138343,248.16910426983284,0.001297292820543982,0.004826166642979061
717.5280802898895,-191.48115123566845,309.2559606631405,698.0023189759626,-243.52776301454898,-20.00066947937,698.0023189759626,-243.52776301454898,185.98367718737956,0.007872141962037858,0.010053606537424157
717.5280802898895,-191.48115123566845,309.2559606631405,696.1941582642954,-225.57318547926604,-20.00066947937,696.1941582642954,-225.57318547926604,121.79438682489797,0.036607588018714485,0.01108976177069926
717.5280802898895,-191.48115123566845,309.2559606631405,703.7040502285556,-196.5738520116021,-20.00066947937,703.7040502285556,-196.5738520116021,39.73858046767856,0.41640789113287696,0.01959828069429489
717.5280802898895,-191.48115123566845,309.2559606631405,732.9488007617642,-180.75665817995448,-20.00066947937,732.9488007617642,-180.75665817995448,4.033546259566435,1.0,0.0027357111445802155
717.5280802898895,-191.48115123566845,309.2559606631405,778.4756398962104,-188.62367480666597,-20.00066947937,778.4756398962104,-188.62367480666597,33.22339673459243,0.5714401624118317,0.002401000749770675
717.5280802898895,-191.48115123566845,309.2559606631405,847.1770792580642,-197.13347427470143,-20.00066947937,847.1770792580642,-197.13347427470143,110.6769861757418,0.05955345769051238,0.024599545750517596
717.5280802898895,-191.48115123566845,309.2559606631405,877.5694047671589,-191.4253666366503,-20.00066947937,877.5694047671589,-191.4253666366503,199.9242086707611,0.009014735850829268,0.021451630266121645
717.5280802898895,-191.48115123566845,309.2559606631405,859.829740977218,-185.4835597605094,-20.00066947937,859.829740977218,-185.4835597605094,263.7891281089011,0.0014235626055774068,0.009188543072610819
717.5280802898895,-191.48115123566845,309.2559606631405,840.9113706516863,-180.88062062267312,-20.00066947937,840.9113706516863,-180.88062062267312,282.3455861225165,5.454513520159666E-4,9.784331982093772E-4
717.5280802898895,-191.48115123566845,309.2559606631405,822.0265881728753,-174.98043579899044,-20.00066947937,822.0265881728753,-174.98043579899044,278.10597374187745,5.231440451609248E-4,1.4859051688676035E-4
717.5280802898895,-191.48115123566845,309.2559606631405,800.687382627819,-162.65298746507452,-20.00066947937,800.687382627819,-162.65298746507452,250.10553635311058,0.0013986544599319526,0.0020885790787343924
717.5280802898895,-191.48115123566845,309.2559606631405,801.6136580626217,-150.66637011094033,-20.00066947937,801.6136580626217,-150.66637011094033,193.78351609548443,0.007371188507299479,0.00687724400540624
717.5280802898895,-191.48115123566845,309.2559606631405,809.1725872099373,-141.80433595632147,-20.00066947937,809.1725872099373,-141.80433595632147,127.4531586188001,0.036764521903221596,0.010374484049832771
717.5280802898895,-191.48115123566845,309.2559606631405,809.9116789673611,-132.169721516379,-20.00066947937,809.9116789673611,-132.169721516379,46.20411976771959,0.36731859611404805,0.015460910874011042
717.5280802898895,-191.48115123566845,309.2559606631405,805.4698408300899,-134.0620492820919,-20.00066947937,805.4698408300899,-134.0620492820919,-4.12047035220553,1.0,0.005058933146520865
717.5280802898895,-191.48115123566845,309.2559606631405,790.0008344107713,-148.29637868796829,-20.00066947937,790.0008344107713,-148.29637868796829,-5.806979787198429,1.0,6.220115217993143E-5
717.5280802898895,-191.48115123566845,309.2559606631405,789.0190066095203,-158.99478580910156,-20.00066947937,789.0190066095203,-158.99478580910156,20.615939615426072,1.0,0.0013573429814857565
717.5280802898895,-191.48115123566845,309.2559606631405,790.8328996418489,-171.00217065395407,-20.00066947937,790.8328996418489,-171.00217065395407,62.45452695629717,0.1959274739278506,0.003627955987052847
717.5280802898895,-191.48115123566845,309.2559606631405,802.745448239593,-187.09445458249624,-20.00066947937,802.745448239593,-187.09445458249624,129.99588846209525,0.032792675557050614,0.011508186996141088
717.5280802898895,-191.48115123566845,309.2559606631405,808.8222108313752,-198.41933521759412,-20.00066947937,808.8222108313752,-198.41933521759412,192.06108882826916,0.007632673949422832,0.008762411236712066
717.5280802898895,-191.48115123566845,309.2559606631405,804.6109619388444,-202.51573860216328,-20.00066947937,804.6109619388444,-202.51573860216328,229.2995661692381,0.0027465481830087845,0.0027463821767072564
717.5280802898895,-191.48115123566845,309.2559606631405,799.8774263103548,-203.67804140170307,-20.00066947937,799.8774263103548,-203.67804140170307,246.56076799738418,0.0015329319253773721,5.701682758094387E-4
717.5280802898895,-191.48115123566845,309.2559606631405,794.0310791597093,-204.33372591439834,-20.00066947937,794.0310791597093,-204.33372591439834,259.78109428729465,8.919268336935374E-4,3.52845262050415E-4
717.5280802898895,-191.48115123566845,309.2559606631405,788.0263171616396,-204.50828207807874,-20.00066947937,788.0263171616396,-204.50828207807874,268.68583822801014,5.709145628968256E-4,1.696582372361149E-4
717.5280802898895,-191.48115123566845,309.2559606631405,781.6511994286545,-204.16183945915725,-20.00066947937,781.6511994286545,-204.16183945915725,275.104734757521,3.8583704621148883E-4,9.562202469393277E-5
717.5280802898895,-191.48115123566845,309.2559606631405,775.2163759461138,-203.41446999718372,-20.00066947937,775.2163759461138,-203.41446999718372,279.7607563895144,2.7384410422443304E-4,5.466713458461675E-5
717.5280802898895,-191.48115123566845,309.2559606631405,769.2288045418011,-202.54269237805292,-20.00066947937,769.2288045418011,-202.54269237805292,283.03368332292047,2.059273685692328E-4,2.9075129165813047E-5
717.5280802898895,-191.48115123566845,309.2559606631405,763.9386240299207,-201.52133771655645,-20.00066947937,763.9386240299207,-201.52133771655645,285.2696043940195,1.6432568001917476E-4,1.4640883792550073E-5
717.5280802898895,-191.48115123566845,309.2559606631405,758.7844413826177,-200.7344599069002,-20.00066947937,758.7844413826177,-200.7344599069002,287.01470811200016,1.3472491331054185E-4,9.386275950009772E-6
717.5280802898895,-191.48115123566845,309.2559606631405,754.1539658728992,-200.34626075428557,-20.00066947937,754.1539658728992,-200.34626075428557,288.53043515662074,1.1218282752490905E-4,6.757272500122498E-6
717.5280802898895,-191.48115123566845,309.2559606631405,749.9671904498738,-199.6903433410098,-20.00066947937,749.9671904498738,-199.6903433410098,289.73191806631075,9.579015527611228E-5,4.3157690022193615E-6
717.5280802898895,-191.48115123566845,309.2559606631405,746.2065727638745,-199.0288939195311,-20.00066947937,746.2065727638745,-199.0288939195311,290.7352653583621,8.330933974272665E-5,2.950467768267894E-6
717.5280802898895,-191.48115123566845,309.2559606631405,743.246780845796,-198.43792299293483,-20.00066947937,743.246780845796,-198.43792299293483,291.47631766402014,7.479003918798521E-5,1.587573664781164E-6
717.5280802898895,-191.48115123566845,309.2559606631405,740.7944083714958,-197.85114735279447,-20.00066947937,740.7944083714958,-197.85114735279447,292.06632275034906,6.844252322775544E-5,9.864122625663876E-7
717.5280802898895,-191.48115123566845,309.2559606631405,738.719334755568,-197.34278298015747,-20.00066947937,738.719334755568,-197.34278298015747,292.68274642993197,6.251923014994439E-5,9.549038055461415E-7
717.5280802898895,-191.48115123566845,309.2559606631405,739.0506583191682,-197.29807208990908,-20.00066947937,739.0506583191682,-197.29807208990908,292.81814204728016,6.163956611975846E-5,4.17819886970595E-8
717.5280802898895,-191.48115123566845,309.2559606631405,739.287156025398,-197.43767544199605,-20.00066947937,739.287156025398,-197.43767544199605,292.4572043190424,6.453563533161709E-5,2.4164436579118853E-7
717.5280802898895,-191.48115123566845,309.2559606631405,739.01724395161,-197.27113317992988,-20.00066947937,739.01724395161,-197.27113317992988,291.51452024087996,7.191975426978415E-5,1.566460834820426E-6
717.5280802898895,-191.48115123566845,309.2559606631405,737.9137502709041,-197.01015836780059,-20.00066947937,737.9137502709041,-197.01015836780059,289.1294114334836,9.242474485767717E-5,1.0291222285502115E-5
717.5280802898895,-191.48115123566845,309.2559606631405,737.0002848817609,-196.614127208086,-20.00066947937,737.0002848817609,-196.614127208086,287.01676449174624,1.1308849009983657E-4,8.036347441006623E-6
717.5280802898895,-191.48115123566845,309.2559606631405,736.2382551368595,-196.093931508393,-20.00066947937,736.2382551368595,-196.093931508393,285.7639002826208,1.2631597867939252E-4,2.8766700581167706E-6
717.5280802898895,-191.48115123566845,309.2559606631405,735.3777653711516,-195.40954085028886,-20.00066947937,735.3777653711516,-195.40954085028886,285.1724733960059,1.3250775498821208E-4,7.021858609199359E-7
717.5280802898895,-191.48115123566845,309.2559606631405,734.2092050646661,-194.55475913686806,-20.00066947937,734.2092050646661,-194.55475913686806,285.1504489541375,1.3200742324881765E-4,1.2480740182129563E-8
717.5280802898895,-191.48115123566845,309.2559606631405,733.0832998962031,-193.5400936649529,-20.00066947937,733.0832998962031,-193.5400936649529,285.468978952171,1.27668854177183E-4,2.372544656965769E-7
717.5280802898895,-191.48115123566845,309.2559606631405,731.9321223547549,-192.42494228111292,-20.00066947937,731.9321223547549,-192.42494228111292,286.142386620317,1.1953465747763944E-4,8.865314806667925E-7
717.5280802898895,-191.48115123566845,309.2559606631405,730.7648032872456,-191.43441976751637,-20.00066947937,730.7648032872456,-191.43441976751637,287.031774960558,1.0950152251358533E-4,1.4784763448365868E-6
717.5280802898895,-191.48115123566845,309.2559606631405,729.816520437078,-190.74720227339265,-20.00066947937,729.816520437078,-190.74720227339265,288.1124648805659,9.820569673191328E-5,2.1171896115346425E-6
717.5280802898895,-191.48115123566845,309.2559606631405,728.9856483944441,-190.4930524019143,-20.00066947937,728.9856483944441,-190.4930524019143,289.284110634531,8.681836079291525E-5,2.4527229542464496E-6
717.5280802898895,-191.48115123566845,309.2559606631405,728.366734582042,-190.50559183340016,-20.00066947937,728.366734582042,-190.50559183340016,290.51793684066286,7.574791399843162E-5,2.6775992224318885E-6
717.5280802898895,-191.48115123566845,309.2559606631405,727.6886803661511,-190.6486325261137,-20.00066947937,727.6886803661511,-190.6486325261137,291.68288140448993,6.604442261178355E-5,2.3940418380033977E-6
717.5280802898895,-191.48115123566845,309.2559606631405,727.0538978519033,-190.9703478803507,-20.00066947937,727.0538978519033,-190.9703478803507,292.76387567900144,5.76987503914522E-5,2.057135285961299E-6
717.5280802898895,-191.48115123566845,309.2559606631405,726.5433756131207,-191.32524185610703,-20.00066947937,726.5433756131207,-191.32524185610703,293.5836461218919,5.178164214490628E-5,1.1808493732692693E-6
717.5280802898895,-191.48115123566845,309.2559606631405,726.4751194098508,-191.7305726766238,-20.00066947937,726.4751194098508,-191.7305726766238,294.01994523734686,4.881317335937235E-5,3.2572391054644894E-7
717.5280802898895,-191.48115123566845,309.2559606631405,726.4487684311804,-191.8674083666212,-20.00066947937,726.4487684311804,-191.8674083666212,294.1374535899794,4.802941938402363E-5,2.3714496942811895E-8
717.3745571911907,-191.81503642966862,309.51360975891964,726.080685987938,-191.73122388977498,-20.00066947937,726.080685987938,-191.73122388977498,294.1269627283356,4.9698984247074336E-5,6.769522650256809E-10
717.3745571911907,-191.81503642966862,309.51360975891964,726.0882808990069,-191.7257832465013,-20.00066947937,726.0882808990069,-191.7257832465013,294.1227240698762,4.9728804955192205E-5,3.3314499288925747E-11
717.3745571911907,-191.81503642966862,309.51360975891964,726.0909535059965,-191.72805509243474,-20.00066947937,726.0909535059965,-191.72805509243474,294.1250417644585,4.9713655800903284E-5,9.640930710060773E-12
717.3745571911907,-191.81503642966862,309.51360975891964,726.0930430202218,-191.7273487942757,-20.00066947937,726.0930430202218,-191.7273487942757,294.1260351230046,4.97073267052766E-5,1.858227087467539E-12
717.3745571911907,-191.81503642966862,309.51360975891964,726.094607161346,-191.7265729956923,-20.00066947937,726.094607161346,-191.7265729956923,294.12656663361156,4.970401681159969E-5,5.548330856245563E-13
717.3745571911907,-191.81503642966862,309.51360975891964,726.097987341282,-191.7241232695786,-20.00066947937,726.097987341282,-191.7241232695786,294.1279138796505,4.969552953454832E-5,3.4900943819682166E-12
717.3745571911907,-191.81503642966862,309.51360975891964,726.1012209260247,-191.72112832746413,-20.00066947937,726.1012209260247,-191.72112832746413,294.1288996613541,4.9689451330856584E-5,1.9421271647971156E-12
717.3745571911907,-191.81503642966862,309.51360975891964,726.1039263658107,-191.71869713183602,-20.00066947937,726.1039263658107,-191.71869713183602,294.1294380686023,4.9686292874452214E-5,6.301514587728826E-13
717.3745571911907,-191.81503642966862,309.51360975891964,726.1070575424551,-191.71529951096522,-20.00066947937,726.1070575424551,-191.71529951096522,294.13005699987207,4.968266724692397E-5,8.346143297616927E-13
717.3745571911907,-191.81503642966862,309.51360975891964,726.1772473059606,-191.62060424962814,-20.00066947937,726.1772473059606,-191.62060424962814,294.12950831622607,4.9698599387129425E-5,1.0210352313281937E-11
717.3745571911907,-191.81503642966862,309.51360975891964,726.2009596230502,-191.58856771195423,-20.00066947937,726.2009596230502,-191.58856771195423,294.1293822178711,4.970364484034708E-5,1.0299854386290916E-12
717.3745571911907,-191.81503642966862,309.51360975891964,726.2018712340961,-191.58783157685193,-20.00066947937,726.2018712340961,-191.58783157685193,294.12985133880653,4.970064805214442E-5,4.1229979783036064E-13
717.3745571911907,-191.81503642966862,309.51360975891964,726.2026717056394,-191.58756317757573,-20.00066947937,726.2026717056394,-191.58756317757573,294.13045519774136,4.969672367344198E-5,6.608685713077028E-13
717.3745571911907,-191.81503642966862,309.51360975891964,726.2037419228078,-191.58642207850056,-20.00066947937,726.2037419228078,-191.58642207850056,294.13064063897104,4.969566483050395E-5,7.801328559544786E-14
717.3745571911907,-191.81503642966862,309.51360975891964,726.2051277155616,-191.58490195313502,-20.00066947937,726.2051277155616,-191.58490195313502,294.1310177032515,4.969337269187486E-5,2.912789788484042E-13
717.3745571911907,-191.81503642966862,309.51360975891964,726.2064025680958,-191.58340581589397,-20.00066947937,726.2064025680958,-191.58340581589397,294.13120936087296,4.9692308926352515E-5,8.694397578342693E-14
717.3745571911907,-191.81503642966862,309.51360975891964,726.2074841261152,-191.58262215128315,-20.00066947937,726.2074841261152,-191.58262215128315,294.1314816631732,4.969066624856352E-5,1.5390081568919568E-13
717.3745571911907,-191.81503642966862,309.51360975891964,726.2082372384908,-191.58181614686492,-20.00066947937,726.2082372384908,-191.58181614686492,294.1315751732732,4.969017017255967E-5,2.2055929027141918E-14
717.3745571911907,-191.81503642966862,309.51360975891964,726.2088539624041,-191.5812799825269,-20.00066947937,726.2088539624041,-191.5812799825269,294.131793143008,4.968881213013781E-5,9.319208234652893E-14
717.3745571911907,-191.81503642966862,309.51360975891964,726.2095349043692,-191.58038833124138,-20.00066947937,726.2095349043692,-191.58038833124138,294.1319344745469,4.9687982369159076E-5,4.336291785489422E-14
717.3745571911907,-191.81503642966862,309.51360975891964,726.2100146835578,-191.57984606294787,-20.00066947937,726.2100146835578,-191.57984606294787,294.13197149867244,4.968781820906206E-5,4.269500465712321E-15
717.3745571911907,-191.81503642966862,309.51360975891964,726.2108566079578,-191.57892602778438,-20.00066947937,726.2108566079578,-191.57892602778438,294.13208407779615,4.968720972808803E-5,3.115711774492831E-14
717.3745571911907,-191.81503642966862,309.51360975891964,726.2114947805635,-191.57818160849843,-20.00066947937,726.2114947805635,-191.57818160849843,294.1322095391989,4.968647878644358E-5,3.459480865289539E-14
717.3745571911907,-191.81503642966862,309.51360975891964,726.2122149339729,-191.57745637155688,-20.00066947937,726.2122149339729,-191.57745637155688,294.1323004952758,4.9685994005701354E-5,2.0734365960544342E-14
717.3745571911907,-191.81503642966862,309.51360975891964,726.2127366944546,-191.57686163206807,-20.00066947937,726.2127366944546,-191.57686163206807,294.13246103697236,4.968500640799117E-5,5.171026029390328E-14
717.3745571911907,-191.81503642966862,309.51360975891964,726.2134443943991,-191.5761244153942,-20.00066947937,726.2134443943991,-191.5761244153942,294.1325355242575,4.968463037778093E-5,1.49266223145435E-14
717.3745571911907,-191.81503642966862,309.51360975891964,726.2142710071781,-191.5750253714224,-20.00066947937,726.2142710071781,-191.5750253714224,294.1326299537301,4.968414234296371E-5,2.328229646107301E-14
717.3745571911907,-191.81503642966862,309.51360975891964,726.2150628702432,-191.57419558498793,-20.00066947937,726.2150628702432,-191.57419558498793,294.13275238501376,4.968345873437161E-5,3.51632303872437E-14
717.3745571911907,-191.81503642966862,309.51360975891964,726.2158903684877,-191.57321145123163,-20.00066947937,726.2158903684877,-191.57321145123163,294.1328026406393,4.9683267554076854E-5,9.045598115315038E-15
717.3745571911907,-191.81503642966862,309.51360975891964,726.2166659432984,-191.57227875467927,-20.00066947937,726.2166659432984,-191.57227875467927,294.1328963111454,4.96827751715515E-5,2.2404162195545782E-14
717.3745571911907,-191.81503642966862,309.51360975891964,726.2174258337624,-191.57128816299445,-20.00066947937,726.2174258337624,-191.57128816299445,294.13293345610805,4.9682660656909716E-5,5.734955997119247E-15
717.3745571911907,-191.81503642966862,309.51360975891964,726.2186506785699,-191.56969141712966,-20.00066947937,726.2186506785699,-191.56969141712966,294.13301050882285,4.968236056597237E-5,2.0853495426502728E-14
717.3745571911907,-191.81503642966862,309.51360975891964,726.219872271417,-191.56818940069985,-20.00066947937,726.219872271417,-191.56818940069985,294.13309595246494,4.968200309324034E-5,2.4063191964978214E-14
717.3745571911907,-191.81503642966862,309.51360975891964,726.2214934517199,-191.56606299798855,-20.00066947937,726.2214934517199,-191.56606299798855,294.1330477846951,4.9682616295010315E-5,1.4700744754847743E-14
717.3745571911907,-191.81503642966862,309.51360975891964,726.2872979768866,-191.47901428789854,-20.00066947937,726.2872979768866,-191.47901428789854,294.1333010660983,4.96927725652875E-5,7.47665902849223E-12
717.3745571911907,-191.81503642966862,309.51360975891964,726.3893442712573,-191.34257550127907,-20.00066947937,726.3893442712573,-191.34257550127907,294.13270090229275,4.9715677529786867E-5,2.1209303376987896E-11
717.3713406090693,-191.82121789116337,309.5528443009884,726.3889645218773,-191.3435926553032,-20.00066947937,726.3889645218773,-191.3435926553032,294.13333180332165,4.9963804118210206E-5,6.97666978176882E-13
717.3713406090693,-191.82121789116337,309.5528443009884,726.3886221428005,-191.34494978629763,-20.00066947937,726.3886221428005,-191.34494978629763,294.133796271335,4.996059752121776E-5,3.8228117780776097E-13
717.3713406090693,-191.82121789116337,309.5528443009884,726.3881290721237,-191.34589320803263,-20.00066947937,726.3881290721237,-191.34589320803263,294.13406735140177,4.99586731422907E-5,1.380582461995054E-13
717.3713406090693,-191.82121789116337,309.5528443009884,726.3877509791514,-191.3468093676236,-20.00066947937,726.3877509791514,-191.3468093676236,294.13439118097807,4.995641341332743E-5,1.90066868256991E-13
717.3713406090693,-191.82121789116337,309.5528443009884,726.3874727242312,-191.34767889692674,-20.00066947937,726.3874727242312,-191.34767889692674,294.13465966010614,4.9954545159600456E-5,1.298878542872755E-13
717.3713406090693,-191.82121789116337,309.5528443009884,726.3871837998088,-191.34833564837325,-20.00066947937,726.3871837998088,-191.34833564837325,294.13486424357586,4.9953108106613425E-5,7.69222456050828E-14
717.3713406090693,-191.82121789116337,309.5528443009884,726.3871324449086,-191.3486143782233,-20.00066947937,726.3871324449086,-191.3486143782233,294.1350613996558,4.995176643802758E-5,6.684635086106858E-14
717.3713406090693,-191.82121789116337,309.5528443009884,726.387107482344,-191.34896227035952,-20.00066947937,726.387107482344,-191.34896227035952,294.1351903144665,4.995088915950288E-5,2.8580620333474954E-14
717.3713406090693,-191.82121789116337,309.5528443009884,726.3869974494014,-191.34915546229573,-20.00066947937,726.3869974494014,-191.34915546229573,294.1353100328223,4.995006040126508E-5,2.554996171905051E-14
717.3713406090693,-191.82121789116337,309.5528443009884,726.3870572091221,-191.34940294332688,-20.00066947937,726.3870572091221,-191.34940294332688,294.13546160970054,4.994904608034754E-5,3.982293500249255E-14
717.3713406090693,-191.82121789116337,309.5528443009884,726.3870619963702,-191.3493193899142,-20.00066947937,726.3870619963702,-191.3493193899142,294.1355556704743,4.9948413155474686E-5,1.502004744125665E-14
717.3713406090693,-191.82121789116337,309.5528443009884,726.3870683395035,-191.34935823459455,-20.00066947937,726.3870683395035,-191.34935823459455,294.13558379755943,4.994822416831609E-5,1.3578133270385206E-15
717.3713406090693,-191.82121789116337,309.5528443009884,726.3871852290263,-191.34954720447098,-20.00066947937,726.3871852290263,-191.34954720447098,294.1357423631862,4.9947173304191854E-5,4.433582950611643E-14
717.3713406090693,-191.82121789116337,309.5528443009884,726.3874315474463,-191.34947921770126,-20.00066947937,726.3874315474463,-191.34947921770126,294.1359055423446,4.994611644597054E-5,4.881117466258561E-14
717.3713406090693,-191.82121789116337,309.5528443009884,726.3875443062586,-191.3493736356902,-20.00066947937,726.3875443062586,-191.3493736356902,294.1359698312806,4.994570355858573E-5,7.699676549468039E-15
717.3713406090693,-191.82121789116337,309.5528443009884,726.3876922148362,-191.34929701078718,-20.00066947937,726.3876922148362,-191.34929701078718,294.136108336265,4.9944795944044616E-5,3.436812503693381E-14
717.3713406090693,-191.82121789116337,309.5528443009884,726.3878349581291,-191.34912143158093,-20.00066947937,726.3878349581291,-191.34912143158093,294.13609622394074,4.994490435968078E-5,4.469660952313578E-16
717.3713406090693,-191.82121789116337,309.5528443009884,726.3880726142506,-191.3489969796219,-20.00066947937,726.3880726142506,-191.3489969796219,294.1362407130588,4.9943972605104954E-5,3.8589822753229065E-14
717.3713406090693,-191.82121789116337,309.5528443009884,726.3882648348956,-191.34896656679751,-20.00066947937,726.3882648348956,-191.34896656679751,294.1362918615324,4.99436616478746E-5,5.38135474818388E-15
717.3713406090693,-191.82121789116337,309.5528443009884,726.3884399786058,-191.34883039595977,-20.00066947937,726.3884399786058,-191.34883039595977,294.13648064429935,4.9942420241123446E-5,6.340400871306806E-14
717.3713406090693,-191.82121789116337,309.5528443009884,726.388787875387,-191.34849899095332,-20.00066947937,726.388787875387,-191.34849899095332,294.1365320527176,4.994213767941146E-5,6.366772702663298E-15
717.3713406090693,-191.82121789116337,309.5528443009884,726.3891204026933,-191.34813417073627,-20.00066947937,726.3891204026933,-191.34813417073627,294.1365530245505,4.994205803939956E-5,1.5806092644079812E-15
717.3713406090693,-191.82121789116337,309.5528443009884,726.3892263386357,-191.34795001840334,-20.00066947937,726.3892263386357,-191.34795001840334,294.1365931476553,4.994180771274003E-5,3.1640553847613885E-15
717.3713406090693,-191.82121789116337,309.5528443009884,726.3895046192343,-191.34777157299777,-20.00066947937,726.3895046192343,-191.34777157299777,294.1365931370535,4.994185835826625E-5,1.0490664941966502E-16
717.3713406090693,-191.82121789116337,309.5528443009884,726.3897461548344,-191.3474720494425,-20.00066947937,726.3897461548344,-191.3474720494425,294.1366919456017,4.9941237080599844E-5,1.8919665793950387E-14
717.3713406090693,-191.82121789116337,309.5528443009884,726.3900295258936,-191.34716485775138,-20.00066947937,726.3900295258936,-191.34716485775138,294.13668934608694,4.9941307278527704E-5,1.9681876303705058E-16
717.3713406090693,-191.82121789116337,309.5528443009884,726.3902331414731,-191.34697979536506,-20.00066947937,726.3902331414731,-191.34697979536506,294.13680536517165,4.994056219244741E-5,2.507542104219129E-14
717.3713406090693,-191.82121789116337,309.5528443009884,726.3904974420091,-191.34686879600858,-20.00066947937,726.3904974420091,-191.34686879600858,294.1368891949479,4.9940044228129425E-5,1.405234998932475E-14
717.3713406090693,-191.82121789116337,309.5528443009884,726.3905756008629,-191.34669894499586,-20.00066947937,726.3905756008629,-191.34669894499586,294.136855878396,4.994028427529253E-5,2.1521961169434275E-15
717.3713406090693,-191.82121789116337,309.5528443009884,726.3908682193419,-191.3466700104975,-20.00066947937,726.3908682193419,-191.3466700104975,294.1370808944007,4.993881818993934E-5,9.172792250102987E-14
717.3713406090693,-191.82121789116337,309.5528443009884,726.3911705662581,-191.3461860244886,-20.00066947937,726.3911705662581,-191.3461860244886,294.1370326212871,4.993920145282131E-5,5.533811608120772E-15
717.3713406090693,-191.82121789116337,309.5528443009884,726.3914794713423,-191.34573223860468,-20.00066947937,726.3914794713423,-191.34573223860468,294.13701322841916,4.993939079028112E-5,1.3718182231439126E-15
717.3713406090693,-191.82121789116337,309.5528443009884,726.3917445668685,-191.34552198199734,-20.00066947937,726.3917445668685,-191.34552198199734,294.13707521723916,4.9939021225549846E-5,8.16797820870079E-15
717.3713406090693,-191.82121789116337,309.5528443009884,726.3919612779022,-191.34526726125216,-20.00066947937,726.3919612779022,-191.34526726125216,294.1372106729526,4.993814801576378E-5,3.393291028787169E-14
717.3713406090693,-191.82121789116337,309.5528443009884,726.3922059862451,-191.3448586070753,-20.00066947937,726.3922059862451,-191.3448586070753,294.13713452651325,4.9938708471841674E-5,1.1755494940284367E-14
