717.0043307091646,-192.23392803979556,310.179602065639,728.9213083497887,-198.52157628271073,-20.00066947937,728.9213083497887,-198.52157628271073,291.0679574149802,7.926624053129362E-5,1.9579237368014333E-5
717.0043307091646,-192.23392803979556,310.179602065639,728.8839229352172,-198.5196166934375,-20.00066947937,728.8839229352172,-198.5196166934375,291.03529030217874,7.953897414138822E-5,1.9470035747971653E-9
717.0043307091646,-192.23392803979556,310.179602065639,728.8837408696646,-198.5186220818082,-20.00066947937,728.8837408696646,-198.5186220818082,291.03534923537353,7.953825259855268E-5,1.1965536479563914E-14
717.0043307091646,-192.23392803979556,310.179602065639,728.892760005618,-198.5105752582908,-20.00066947937,728.892760005618,-198.5105752582908,291.0413817571258,7.948716015673722E-5,7.116838636216513E-11
717.0043307091646,-192.23392803979556,310.179602065639,728.9326617289088,-198.47084616127168,-20.00066947937,728.9326617289088,-198.47084616127168,291.0517386148138,7.940268924714816E-5,2.64249711758746E-10
717.0043307091646,-192.23392803979556,310.179602065639,728.9622309036847,-198.41288223116817,-20.00066947937,728.9622309036847,-198.41288223116817,291.0425715271083,7.948225818757459E-5,2.1505274600055736E-10
717.0043307091646,-192.23392803979556,310.179602065639,728.9942085355713,-198.33384988248955,-20.00066947937,728.9942085355713,-198.33384988248955,291.0193185399804,7.96821723944894E-5,1.1234271355673221E-9
717.0043307091646,-192.23392803979556,310.179602065639,729.0217156632626,-198.26041552809352,-20.00066947937,729.0217156632626,-198.26041552809352,290.99542480587957,7.98876414740372E-5,1.1551580406124933E-9
717.0043307091646,-192.23392803979556,310.179602065639,728.9846304571043,-198.30817885101183,-20.00066947937,728.9846304571043,-198.30817885101183,290.9915190127482,7.991784705649217E-5,6.299081041639703E-11
717.0043307091646,-192.23392803979556,310.179602065639,728.4209750204534,-199.27032150620505,-20.00066947937,728.4209750204534,-199.27032150620505,291.0714187205287,7.921516756311722E-5,2.3407007129936808E-8
717.0043307091646,-192.23392803979556,310.179602065639,725.8819288222784,-203.23838070077863,-20.00066947937,725.8819288222784,-203.23838070077863,291.4919479554195,7.585242605392392E-5,5.81836821676651E-7
717.0043307091646,-192.23392803979556,310.179602065639,724.6516171793968,-208.91649914706719,-20.00066947937,724.6516171793968,-208.91649914706719,296.0296998416508,4.391224117271384E-5,3.981758231626208E-5
717.0043307091646,-192.23392803979556,310.179602065639,730.6441619244088,-211.15336050252347,-20.00066947937,730.6441619244088,-211.15336050252347,309.42370839876503,4.6866423178143677E-7,3.4165559954509316E-4
717.0043307091646,-192.23392803979556,310.179602065639,729.1222922745955,-200.6746706748021,-20.00066947937,729.1222922745955,-200.6746706748021,305.58316569171507,4.672624451497284E-6,2.745857963891695E-5
717.0043307091646,-192.23392803979556,310.179602065639,727.3053851319203,-196.3885247744999,-20.00066947937,727.3053851319203,-196.3885247744999,263.0686191426755,5.697698763116738E-4,0.004020003124302502
717.0043307091646,-192.23392803979556,310.179602065639,722.5456541317886,-197.01953828033194,-20.00066947937,722.5456541317886,-197.01953828033194,207.23020272369112,0.004195671250979868,0.007620457319589139
717.0043307091646,-192.23392803979556,310.179602065639,714.14935840908,-198.41012539265546,-20.00066947937,714.14935840908,-198.41012539265546,158.9203175742131,0.014599160439079271,0.005386137030642888
717.0043307091646,-192.23392803979556,310.179602065639,705.0727440916717,-199.04707234024374,-20.00066947937,705.0727440916717,-199.04707234024374,120.68811874949361,0.03713412352933496,0.0031822637386620368
717.0043307091646,-192.23392803979556,310.179602065639,687.8504181988326,-196.9071070496714,-20.00066947937,687.8504181988326,-196.9071070496714,91.88296101108367,0.07863060025515407,0.0018020413922452678
717.0043307091646,-192.23392803979556,310.179602065639,701.3602019493931,-201.78787557829907,-20.00066947937,701.3602019493931,-201.78787557829907,106.9857132876028,0.05251478984619672,4.4836866707535355E-4
717.0043307091646,-192.23392803979556,310.179602065639,743.627591768052,-212.1783910213012,-20.00066947937,743.627591768052,-212.1783910213012,158.4758580869267,0.015071350799301454,0.006504737859735867
717.0043307091646,-192.23392803979556,310.179602065639,769.8433292605743,-213.6359402082639,-20.00066947937,769.8433292605743,-213.6359402082639,213.6355432359426,0.0038463782671923595,0.008062541460062307
717.0043307091646,-192.23392803979556,310.179602065639,777.5391251738198,-213.39587485246474,-20.00066947937,777.5391251738198,-213.39587485246474,241.6752951638273,0.0016619391693127304,0.0016242854225720375
717.0043307091646,-192.23392803979556,310.179602065639,776.3970588192673,-213.75182613316764,-20.00066947937,776.3970588192673,-213.75182613316764,262.3861699265034,7.402694953663097E-4,7.790386062587862E-4
717.0043307091646,-192.23392803979556,310.179602065639,770.0563346682903,-213.61712150094698,-20.00066947937,770.0563346682903,-213.61712150094698,273.4119000140005,4.1192497675090486E-4,2.4659040887493145E-4
717.0043307091646,-192.23392803979556,310.179602065639,769.0791135916645,-211.14883673792818,-20.00066947937,769.0791135916645,-211.14883673792818,271.6077649725553,4.47638486920826E-4,7.051623861673199E-6
717.0043307091646,-192.23392803979556,310.179602065639,791.5200562002026,-208.10268004873538,-20.00066947937,791.5200562002026,-208.10268004873538,249.21942080585765,0.0013653881037589907,0.0013141051906383743
717.0043307091646,-192.23392803979556,310.179602065639,800.2345948698959,-203.81419745802617,-20.00066947937,800.2345948698959,-203.81419745802617,201.37838598035964,0.005929333803732059,0.00508628924011876
717.0043307091646,-192.23392803979556,310.179602065639,793.4512072899445,-200.02427934927417,-20.00066947937,793.4512072899445,-200.02427934927417,143.43584776754858,0.023550206514779227,0.007813840175434827
717.0043307091646,-192.23392803979556,310.179602065639,752.0207338853069,-199.33188508510057,-20.00066947937,752.0207338853069,-199.33188508510057,75.77369199478017,0.12426689944779507,0.012833469563971401
717.0043307091646,-192.23392803979556,310.179602065639,719.8688560389277,-198.70072329107927,-20.00066947937,719.8688560389277,-198.70072329107927,40.40685810338138,0.4072506445041913,0.002408725460330307
717.0043307091646,-192.23392803979556,310.179602065639,748.1902451744751,-202.73539483579833,-20.00066947937,748.1902451744751,-202.73539483579833,46.79406581000501,0.32127791894947333,1.1055223013324205E-4
717.0043307091646,-192.23392803979556,310.179602065639,794.0474721620438,-209.55402336635592,-20.00066947937,794.0474721620438,-209.55402336635592,92.77175206981147,0.08248503654968173,0.0063963744794833
717.0043307091646,-192.23392803979556,310.179602065639,818.7101186775506,-213.9233046635916,-20.00066947937,818.7101186775506,-213.9233046635916,150.89265629359147,0.0214684561201677,0.009049911471201514
717.0043307091646,-192.23392803979556,310.179602065639,826.0225628053471,-212.97934025006012,-20.00066947937,826.0225628053471,-212.97934025006012,202.6324731826002,0.006505471494172547,0.005462725371269304
717.0043307091646,-192.23392803979556,310.179602065639,822.6588736928128,-210.49854884772387,-20.00066947937,822.6588736928128,-210.49854884772387,237.98640552872416,0.0024378661751783223,0.002263494487155964
717.0043307091646,-192.23392803979556,310.179602065639,820.8267167075787,-208.85375146306149,-20.00066947937,820.8267167075787,-208.85375146306149,245.3165099216694,0.0019115591573411724,9.259978037274274E-5
717.0043307091646,-192.23392803979556,310.179602065639,819.7524840384463,-208.22672098181235,-20.00066947937,819.7524840384463,-208.22672098181235,233.35888481727326,0.002738419757017802,2.264941729656165E-4
717.0043307091646,-192.23392803979556,310.179602065639,814.3311793012833,-210.53227070350854,-20.00066947937,814.3311793012833,-210.53227070350854,193.9306556410067,0.007626797997822767,0.003051990871340512
717.0043307091646,-192.23392803979556,310.179602065639,779.6227982788246,-206.51022126992933,-20.00066947937,779.6227982788246,-206.51022126992933,141.78378308870202,0.02376514243113396,0.007565595309696726
717.0043307091646,-192.23392803979556,310.179602065639,705.853939745725,-197.84513357486168,-20.00066947937,705.853939745725,-197.84513357486168,90.28590028430364,0.08130466243884084,0.004511720398849269
717.0043307091646,-192.23392803979556,310.179602065639,763.9896651541471,-212.19505138974563,-20.00066947937,763.9896651541471,-212.19505138974563,78.29432010216883,0.11745181381840408,4.4477901613817464E-4
717.0043307091646,-192.23392803979556,310.179602065639,728.5619000961145,-204.27247303514932,-20.00066947937,728.5619000961145,-204.27247303514932,89.4391348450923,0.08334395389667461,2.0342989877502484E-4
717.0043307091646,-192.23392803979556,310.179602065639,762.27288856414,-214.9452377878284,-20.00066947937,762.27288856414,-214.9452377878284,64.99377441972882,0.17522150836539663,0.00151976301511773
717.0043307091646,-192.23392803979556,310.179602065639,735.7123288291574,-199.40487216211213,-20.00066947937,735.7123288291574,-199.40487216211213,68.06416014354869,0.15503147971502507,2.072013188135736E-5
717.0043307091646,-192.23392803979556,310.179602065639,707.6620355754707,-206.4892790856984,-20.00066947937,707.6620355754707,-206.4892790856984,45.404081016677736,0.33556907042955136,9.745499334775037E-4
717.0043307091646,-192.23392803979556,310.179602065639,746.3384332730166,-209.77885568243266,-20.00066947937,746.3384332730166,-209.77885568243266,64.91917408944525,0.1726899573110551,8.218649081084623E-4
717.0043307091646,-192.23392803979556,310.179602065639,760.8267094169679,-211.4548651958447,-20.00066947937,760.8267094169679,-211.4548651958447,126.18421856234315,0.0335541597581258,0.009779669827890204
717.0043307091646,-192.23392803979556,310.179602065639,769.4045172813804,-213.1766420024279,-20.00066947937,769.4045172813804,-213.1766420024279,179.39144949325964,0.009435201158005013,0.006752067374138715
717.0043307091646,-192.23392803979556,310.179602065639,771.1657694847986,-212.09462591171052,-20.00066947937,771.1657694847986,-212.09462591171052,216.29241154797597,0.0035743450817751323,0.0027711784772256136
717.0043307091646,-192.23392803979556,310.179602065639,769.9725056666936,-210.80101352080814,-20.00066947937,769.9725056666936,-210.80101352080814,233.74820921698802,0.002088172200212869,5.559545141647605E-4
717.0043307091646,-192.23392803979556,310.179602065639,767.5595631923678,-209.19715027454873,-20.00066947937,767.5595631923678,-209.19715027454873,246.81515748641482,0.001311669140814662,3.171878951679228E-4
717.0043307091646,-192.23392803979556,310.179602065639,764.2972240024471,-207.36383070481764,-20.00066947937,764.2972240024471,-207.36383070481764,256.54996390453204,8.774169343096505E-4,1.8103813079177336E-4
717.0043307091646,-192.23392803979556,310.179602065639,760.6311901240337,-205.70483074002217,-20.00066947937,760.6311901240337,-205.70483074002217,263.98884630003556,6.158446826153151E-4,1.0830075909000196E-4
717.0043307091646,-192.23392803979556,310.179602065639,756.8057210875846,-205.7306630293543,-20.00066947937,756.8057210875846,-205.7306630293543,269.831830663732,4.4945360806605703E-4,6.704439915131185E-5
717.0043307091646,-192.23392803979556,310.179602065639,761.6829760155414,-221.73356823854476,-20.00066947937,761.6829760155414,-221.73356823854476,270.7836321316562,4.6109821415542154E-4,1.1207776551004296E-5
717.0043307091646,-192.23392803979556,310.179602065639,760.2007297575271,-254.8039133759908,-20.00066947937,760.2007297575271,-254.8039133759908,265.0711372273677,7.255140210341993E-4,1.825727604422374E-4
717.0043307091646,-192.23392803979556,310.179602065639,745.9732309522473,-267.3037256120828,-20.00066947937,745.9732309522473,-267.3037256120828,258.20148945757387,0.0010019100232231712,1.7600938587836553E-4
717.0043307091646,-192.23392803979556,310.179602065639,739.5020797238905,-266.4045220460934,-20.00066947937,739.5020797238905,-266.4045220460934,254.00829319573597,0.0011536039847318414,3.551159045341324E-5
717.0043307091646,-192.23392803979556,310.179602065639,741.7834665284096,-248.21720523536897,-20.00066947937,741.7834665284096,-248.21720523536897,252.76036572853533,0.0010903610512279,2.599542507423167E-5
717.0043307091646,-192.23392803979556,310.179602065639,760.4440090718856,-201.3546016491006,-20.00066947937,760.4440090718856,-201.3546016491006,255.78269310814764,8.830656288322074E-4,1.4082013122022606E-5
717.0043307091646,-192.23392803979556,310.179602065639,765.7140215527357,-153.22980900175432,-20.00066947937,765.7140215527357,-153.22980900175432,262.19537720668234,7.425709141818295E-4,1.4649505969899804E-4
717.0043307091646,-192.23392803979556,310.179602065639,766.2829185228123,-129.5602462982472,-20.00066947937,766.2829185228123,-129.5602462982472,266.487399689492,7.032523063804378E-4,1.0308382833033153E-4
717.0043307091646,-192.23392803979556,310.179602065639,769.0688102613464,-131.42338662986958,-20.00066947937,769.0688102613464,-131.42338662986958,267.56300425592235,6.720321868691611E-4,5.165493166073937E-6
717.0043307091646,-192.23392803979556,310.179602065639,790.6352031344944,-164.05893439638183,-20.00066947937,790.6352031344944,-164.05893439638183,265.92237574664165,7.15554860229322E-4,7.657353339663945E-5
717.0043307091646,-192.23392803979556,310.179602065639,801.3202932331434,-228.38289273248884,-20.00066947937,801.3202932331434,-228.38289273248884,262.43350548814203,9.288296166704941E-4,7.123669448356571E-5
717.0043307091646,-192.23392803979556,310.179602065639,789.4153893907384,-267.3249718211183,-20.00066947937,789.4153893907384,-267.3249718211183,257.71983449317446,0.0012432608505527326,2.910590961471905E-4
717.0043307091646,-192.23392803979556,310.179602065639,778.1714830058859,-284.3116100563973,-20.00066947937,778.1714830058859,-284.3116100563973,254.45389657266074,0.001473184084405124,1.3141942811188069E-4
717.0043307091646,-192.23392803979556,310.179602065639,763.7910617813246,-287.76085586552296,-20.00066947937,763.7910617813246,-287.76085586552296,251.9881353985628,0.0015477171266332602,3.845403989841258E-5
717.0043307091646,-192.23392803979556,310.179602065639,757.7292570419304,-274.5529363353995,-20.00066947937,757.7292570419304,-274.5529363353995,249.12916349918433,0.0015256936093863695,6.623218785850441E-5
717.0043307091646,-192.23392803979556,310.179602065639,762.6575103383902,-240.6954791510703,-20.00066947937,762.6575103383902,-240.6954791510703,249.4337624968386,0.0012767583397662,2.8238833551287736E-5
717.0043307091646,-192.23392803979556,310.179602065639,767.9890581868038,-199.5904496219326,-20.00066947937,767.9890581868038,-199.5904496219326,257.1970637701176,8.622230475959313E-4,7.917875469662164E-5
717.0043307091646,-192.23392803979556,310.179602065639,765.6985182850354,-167.93321241625392,-20.00066947937,765.6985182850354,-167.93321241625392,267.5952086010626,5.459578904094231E-4,2.29294436983727E-4
717.0043307091646,-192.23392803979556,310.179602065639,765.49071796418,-158.03314925870617,-20.00066947937,765.49071796418,-158.03314925870617,274.1525062153861,4.0262011698891597E-4,9.251846184241029E-5
717.0043307091646,-192.23392803979556,310.179602065639,771.0796297184654,-172.11067631220126,-20.00066947937,771.0796297184654,-172.11067631220126,272.19770193759086,4.416602387940867E-4,1.8620150631824825E-5
717.0043307091646,-192.23392803979556,310.179602065639,779.8702191072816,-213.82770904146037,-20.00066947937,779.8702191072816,-213.82770904146037,265.6198053091216,6.553871831361753E-4,1.1149966495246996E-4
717.0043307091646,-192.23392803979556,310.179602065639,785.7606091534742,-245.09942839107288,-20.00066947937,785.7606091534742,-245.09942839107288,265.436615765857,7.839528206530601E-4,3.666636714296666E-5
717.0043307091646,-192.23392803979556,310.179602065639,768.59760961891,-245.94580455377067,-20.00066947937,768.59760961891,-245.94580455377067,274.4365491999509,4.5654592000571645E-4,2.134362961272875E-4
717.0043307091646,-192.23392803979556,310.179602065639,721.7829055618486,-234.41351413926205,-20.00066947937,721.7829055618486,-234.41351413926205,294.6078800232048,6.896933394351069E-5,6.399232781310887E-4
717.0043307091646,-192.23392803979556,310.179602065639,685.4611186390184,-229.82390517168497,-20.00066947937,685.4611186390184,-229.82390517168497,306.6801725540618,9.710585137711893E-6,3.496821896956796E-4
717.0043307091646,-192.23392803979556,310.179602065639,664.564153390813,-227.9877341910408,-20.00066947937,664.564153390813,-227.9877341910408,300.5377802931297,4.8876954691679475E-5,1.3558872695733414E-4
717.0043307091646,-192.23392803979556,310.179602065639,696.9212813107188,-235.31860756406832,-20.00066947937,696.9212813107188,-235.31860756406832,276.0360661888549,3.2830785535083135E-4,0.001266597662878779
717.0043307091646,-192.23392803979556,310.179602065639,745.3166949522778,-228.7076664218253,-20.00066947937,745.3166949522778,-228.7076664218253,250.32987523509112,0.001110596542094231,0.0014033810336252694
717.0043307091646,-192.23392803979556,310.179602065639,792.1678221824793,-218.27626463840502,-20.00066947937,792.1678221824793,-218.27626463840502,235.13658670384493,0.002238041709622427,9.678708519742754E-4
717.0043307091646,-192.23392803979556,310.179602065639,828.5119214897046,-209.41500113870293,-20.00066947937,828.5119214897046,-209.41500113870293,235.4545265754579,0.0027321861539925016,1.769648957727034E-4
717.0043307091646,-192.23392803979556,310.179602065639,835.8326299765725,-203.78244758740664,-20.00066947937,835.8326299765725,-203.78244758740664,248.32004949501268,0.0019424897973152934,3.513634273222472E-4
717.0043307091646,-192.23392803979556,310.179602065639,810.7816478775533,-199.24195225481367,-20.00066947937,810.7816478775533,-199.24195225481367,266.09692792871493,8.161464635029207E-4,9.851863147801727E-4
717.0043307091646,-192.23392803979556,310.179602065639,788.9473550381979,-201.05731378737687,-20.00066947937,788.9473550381979,-201.05731378737687,279.41204952789644,3.3970787921315467E-4,5.254782563495536E-4
717.0043307091646,-192.23392803979556,310.179602065639,776.5359125154553,-203.77825166726643,-20.00066947937,776.5359125154553,-203.77825166726643,285.52645795134447,1.9907419030057872E-4,1.125746109334228E-4
717.0043307091646,-192.23392803979556,310.179602065639,757.7614980522997,-205.4642673725934,-20.00066947937,757.7614980522997,-205.4642673725934,288.7649774222284,1.2519524451906904E-4,4.384686648913033E-5
717.0043307091646,-192.23392803979556,310.179602065639,715.7948827770216,-206.8363424367322,-20.00066947937,715.7948827770216,-206.8363424367322,289.4153230652412,9.48069184344599E-5,5.383706992140194E-6
717.0043307091646,-192.23392803979556,310.179602065639,673.5113026942383,-212.79431277856781,-20.00066947937,673.5113026942383,-212.79431277856781,280.67880702704235,2.4563182602957363E-4,2.5074299435097735E-4
717.0043307091646,-192.23392803979556,310.179602065639,652.5933158551511,-220.46918494745816,-20.00066947937,652.5933158551511,-220.46918494745816,254.20012927757156,0.0010905779298238175,0.0017598981951790786
717.0043307091646,-192.23392803979556,310.179602065639,657.8678887850426,-224.97991897415474,-20.00066947937,657.8678887850426,-224.97991897415474,211.61158685110578,0.004227646004899498,0.003944559453169248
717.0043307091646,-192.23392803979556,310.179602065639,683.3137679065492,-219.9879979945927,-20.00066947937,683.3137679065492,-219.9879979945927,165.16533022742618,0.013017929087961707,0.005281459623719515
717.0043307091646,-192.23392803979556,310.179602065639,724.0106543113943,-209.55247311988717,-20.00066947937,724.0106543113943,-209.55247311988717,130.11076216503312,0.0295390959090362,0.0023469130187503263
717.0043307091646,-192.23392803979556,310.179602065639,791.0428927768853,-202.13405617881307,-20.00066947937,791.0428927768853,-202.13405617881307,124.11623721678961,0.03713640132612948,3.548684355633503E-4
717.0043307091646,-192.23392803979556,310.179602065639,807.8034263482875,-204.77328391997276,-20.00066947937,807.8034263482875,-204.77328391997276,149.13983461746966,0.021480314623375556,0.001511639717287724
717.0043307091646,-192.23392803979556,310.179602065639,791.4393663736643,-206.40720808117288,-20.00066947937,791.4393663736643,-206.40720808117288,195.84567817427973,0.00661815569999651,0.005285039073176597
717.0043307091646,-192.23392803979556,310.179602065639,780.0293419133271,-209.49763146470195,-20.00066947937,780.0293419133271,-209.49763146470195,209.43398498138558,0.004451125847857958,4.2801455821684753E-4
717.0043307091646,-192.23392803979556,310.179602065639,775.4835035724282,-213.88715914170197,-20.00066947937,775.4835035724282,-213.88715914170197,183.07934694728857,0.008745079107011508,0.0013976105585977031
717.0043307091646,-192.23392803979556,310.179602065639,754.8270187206975,-212.28857788571864,-20.00066947937,754.8270187206975,-212.28857788571864,134.23608035723623,0.027397623562419416,0.005866291372179472
717.0043307091646,-192.23392803979556,310.179602065639,713.966165888939,-204.21055567306746,-20.00066947937,713.966165888939,-204.21055567306746,63.280323639520674,0.17970676919359335,0.012523564678483217
717.0043307091646,-192.23392803979556,310.179602065639,718.3305146512511,-202.4503018905669,-20.00066947937,718.3305146512511,-202.4503018905669,43.56070081493189,0.35951961723170767,7.427065409378709E-4
717.0043307091646,-192.23392803979556,310.179602065639,747.3057971236738,-207.8504953769471,-20.00066947937,747.3057971236738,-207.8504953769471,82.19750445445311,0.10312884519414253,0.003489506194339655
717.0043307091646,-192.23392803979556,310.179602065639,767.666372172893,-211.428543348039,-20.00066947937,767.666372172893,-211.428543348039,134.4247061046244,0.02777996558738909,0.006972117036582593
717.0043307091646,-192.23392803979556,310.179602065639,773.0899102877404,-216.09356254771848,-20.00066947937,773.0899102877404,-216.09356254771848,159.75970744305903,0.015369356562041872,0.0013088424661484778
717.0043307091646,-192.23392803979556,310.179602065639,759.0840036409251,-215.63668310830178,-20.00066947937,759.0840036409251,-215.63668310830178,147.7668239698962,0.019957574572606662,3.2282894882816577E-4
717.0043307091646,-192.23392803979556,310.179602065639,703.4935251479853,-209.63388140424115,-20.00066947937,703.4935251479853,-209.63388140424115,124.4467719905993,0.03400852437129856,8.410043925282016E-4
717.0043307091646,-192.23392803979556,310.179602065639,670.4861214580044,-224.85685074903293,-20.00066947937,670.4861214580044,-224.85685074903293,91.07097554721653,0.08297442671900175,0.002902333733331837
717.0043307091646,-192.23392803979556,310.179602065639,743.9741760970829,-229.14619292063017,-20.00066947937,743.9741760970829,-229.14619292063017,67.04853000115094,0.16335616391203844,9.122409970394298E-4
717.0043307091646,-192.23392803979556,310.179602065639,833.0640798706036,-210.39111240952994,-20.00066947937,833.0640798706036,-210.39111240952994,97.52322264340845,0.08016887569070497,0.004977623838904266
717.0043307091646,-192.23392803979556,310.179602065639,822.3534113455557,-203.4090284857358,-20.00066947937,822.3534113455557,-203.4090284857358,144.42314301300587,0.025096839600836158,0.004754843691132953
717.0043307091646,-192.23392803979556,310.179602065639,765.0694662398131,-214.23114779321125,-20.00066947937,765.0694662398131,-214.23114779321125,145.75110727859627,0.021123818090503236,4.6074268827458524E-5
717.0043307091646,-192.23392803979556,310.179602065639,744.1332439903341,-220.18881296103044,-20.00066947937,744.1332439903341,-220.18881296103044,106.02191858736037,0.054768022091428746,0.003658974777158708
717.0043307091646,-192.23392803979556,310.179602065639,749.1512653029313,-219.39305496709122,-20.00066947937,749.1512653029313,-219.39305496709122,59.28736130230914,0.20871885726230582,0.00493908537775418
717.0043307091646,-192.23392803979556,310.179602065639,795.2582402751284,-220.67726873294126,-20.00066947937,795.2582402751284,-220.67726873294126,86.2572699882075,0.09919123431151546,0.00231945713235431
717.0043307091646,-192.23392803979556,310.179602065639,759.3047927290309,-217.10949573607923,-20.00066947937,759.3047927290309,-217.10949573607923,83.9749038673254,0.09971493703513186,4.521091781518582E-5
717.0043307091646,-192.23392803979556,310.179602065639,758.0806819024039,-220.84124422523982,-20.00066947937,758.0806819024039,-220.84124422523982,60.97113558128166,0.19921086348003497,0.0010242136975878529
717.0043307091646,-192.23392803979556,310.179602065639,825.5698407556214,-225.70531207613467,-20.00066947937,825.5698407556214,-225.70531207613467,74.86158344004238,0.1466784101303554,0.0015014228171518046
717.0043307091646,-192.23392803979556,310.179602065639,774.050023958893,-221.64566314656892,-20.00066947937,774.050023958893,-221.64566314656892,62.70662247688077,0.19195368832712043,5.385700649803196E-4
717.0043307091646,-192.23392803979556,310.179602065639,733.821544312344,-222.55178609898798,-20.00066947937,733.821544312344,-222.55178609898798,44.93926340779802,0.34513060762491254,5.570512517258444E-4
717.0043307091646,-192.23392803979556,310.179602065639,758.6172322930785,-222.2856294409899,-20.00066947937,758.6172322930785,-222.2856294409899,93.56254704659841,0.07699685003306674,0.0058272521588295535
717.0043307091646,-192.23392803979556,310.179602065639,775.0679220350805,-221.51171469873395,-20.00066947937,775.0679220350805,-221.51171469873395,155.5895383543826,0.017143174149082327,0.010000197850290082
717.0043307091646,-192.23392803979556,310.179602065639,781.7840041630038,-219.01454474619234,-20.00066947937,781.7840041630038,-219.01454474619234,201.43356358946866,0.005610673163904781,0.00464684235549087
717.0043307091646,-192.23392803979556,310.179602065639,779.9883302555975,-215.72404318130677,-20.00066947937,779.9883302555975,-215.72404318130677,225.64637954973634,0.0028195866113637073,0.0011070271951355531
717.0043307091646,-192.23392803979556,310.179602065639,776.5134592117096,-212.8688671083657,-20.00066947937,776.5134592117096,-212.8688671083657,242.61791846739294,0.0015992311625114553,5.511094038344633E-4
717.0043307091646,-192.23392803979556,310.179602065639,771.5276564079147,-209.9774226208081,-20.00066947937,771.5276564079147,-209.9774226208081,255.51502129904418,9.551973999797651E-4,3.312275332714092E-4
717.0043307091646,-192.23392803979556,310.179602065639,766.3466584705561,-207.40934413605575,-20.00066947937,766.3466584705561,-207.40934413605575,265.0587329960932,6.062672330404154E-4,1.8510090933224318E-4
717.0043307091646,-192.23392803979556,310.179602065639,761.3344089174843,-205.14657691549166,-20.00066947937,761.3344089174843,-205.14657691549166,272.2022861129383,4.0552683523081194E-4,1.0535903900172858E-4
717.0043307091646,-192.23392803979556,310.179602065639,756.7106151998271,-203.03919050433282,-20.00066947937,756.7106151998271,-203.03919050433282,277.50385683783486,2.861840100274893E-4,5.885656301200601E-5
717.0043307091646,-192.23392803979556,310.179602065639,752.7098553082081,-201.25962951645823,-20.00066947937,752.7098553082081,-201.25962951645823,281.29697287525715,2.150694704820262E-4,3.0466387740022106E-5
717.0043307091646,-192.23392803979556,310.179602065639,749.0490163045177,-200.02349695560974,-20.00066947937,749.0490163045177,-200.02349695560974,284.2643909830665,1.67415436938271E-4,1.871578166836734E-5
717.0043307091646,-192.23392803979556,310.179602065639,745.8014160566446,-199.17115289470513,-20.00066947937,745.8014160566446,-199.17115289470513,286.57397035663996,1.349686541357333E-4,1.1347291262911174E-5
717.0043307091646,-192.23392803979556,310.179602065639,743.1544227224767,-198.36459952408896,-20.00066947937,743.1544227224767,-198.36459952408896,288.27756435542904,1.1352662237836824E-4,6.186241591571508E-6
717.0043307091646,-192.23392803979556,310.179602065639,742.4136543945604,-198.00757576324958,-20.00066947937,742.4136543945604,-198.00757576324958,289.36628930505276,1.0170848464100208E-4,2.220393060898806E-6
717.0043307091646,-192.23392803979556,310.179602065639,742.7201074761805,-198.15291371382062,-20.00066947937,742.7201074761805,-198.15291371382062,288.7746350031862,1.0795727780144263E-4,6.376829752367596E-7
717.0043307091646,-192.23392803979556,310.179602065639,742.8570916762254,-198.26697981675193,-20.00066947937,742.8570916762254,-198.26697981675193,288.49327980239354,1.1100531430667683E-4,1.4414081922241682E-7
717.0043307091646,-192.23392803979556,310.179602065639,742.2422120229105,-197.87719014127995,-20.00066947937,742.2422120229105,-197.87719014127995,286.77870478862064,1.2922982419432186E-4,5.256248291507002E-6
717.0043307091646,-192.23392803979556,310.179602065639,741.3185428092336,-197.39386837342795,-20.00066947937,741.3185428092336,-197.39386837342795,284.62120873420884,1.5435897576925414E-4,8.410715583863568E-6
717.0043307091646,-192.23392803979556,310.179602065639,740.5460909245112,-196.99364791225028,-20.00066947937,740.5460909245112,-196.99364791225028,283.225551087392,1.7186463276587944E-4,3.5633686158112655E-6
717.0043307091646,-192.23392803979556,310.179602065639,739.772646548077,-196.6964303969382,-20.00066947937,739.772646548077,-196.6964303969382,282.7231657675717,1.7798401594497972E-4,5.226610734263655E-7
717.0043307091646,-192.23392803979556,310.179602065639,738.7701268017748,-196.34645655128597,-20.00066947937,738.7701268017748,-196.34645655128597,282.91926758793124,1.7439841162274956E-4,1.1734439955119032E-7
717.0043307091646,-192.23392803979556,310.179602065639,737.5741243392984,-195.73409259932652,-20.00066947937,737.5741243392984,-195.73409259932652,283.5972969496721,1.6430480010416954E-4,9.60820706273087E-7
717.0043307091646,-192.23392803979556,310.179602065639,736.3166974083895,-195.0230930445391,-20.00066947937,736.3166974083895,-195.0230930445391,284.67678824933216,1.4952070390211462E-4,2.2520131084336045E-6
717.0043307091646,-192.23392803979556,310.179602065639,735.0367684389983,-194.30422604702787,-20.00066947937,735.0367684389983,-194.30422604702787,286.24000289225,1.2996126340211793E-4,4.519542953265924E-6
717.0043307091646,-192.23392803979556,310.179602065639,733.6952435295066,-193.6309240411911,-20.00066947937,733.6952435295066,-193.6309240411911,287.8714453434469,1.1126680449043006E-4,4.888556726337094E-6
717.0043307091646,-192.23392803979556,310.179602065639,732.4924019848448,-193.37553438008166,-20.00066947937,732.4924019848448,-193.37553438008166,289.57040760165,9.368173415289035E-5,5.21708799902268E-6
717.0043307091646,-192.23392803979556,310.179602065639,731.1788979669652,-193.22560872600525,-20.00066947937,731.1788979669652,-193.22560872600525,291.3567519640663,7.702739187176128E-5,5.751878995894884E-6
717.0043307091646,-192.23392803979556,310.179602065639,729.7129607719877,-193.12182665863244,-20.00066947937,729.7129607719877,-193.12182665863244,293.11998584477385,6.233594585230783E-5,5.606913895894319E-6
717.0043307091646,-192.23392803979556,310.179602065639,728.5642327020233,-193.03727042502192,-20.00066947937,728.5642327020233,-193.03727042502192,294.86036787190335,4.960094798551586E-5,5.376653063609187E-6
717.0043307091646,-192.23392803979556,310.179602065639,727.87596328546,-193.21685616868984,-20.00066947937,727.87596328546,-193.21685616868984,296.06907367513134,4.172138135422085E-5,2.567473760518439E-6
717.0043307091646,-192.23392803979556,310.179602065639,727.2532448076025,-193.2491125091445,-20.00066947937,727.2532448076025,-193.2491125091445,296.77862797164585,3.740327936659046E-5,8.961834405258864E-7
717.0043307091646,-192.23392803979556,310.179602065639,726.750122876424,-193.0382840199549,-20.00066947937,726.750122876424,-193.0382840199549,296.9750801912139,3.6196693711279064E-5,7.523929582956174E-8
717.0043307091646,-192.23392803979556,310.179602065639,726.4235996796409,-192.80274928944812,-20.00066947937,726.4235996796409,-192.80274928944812,296.8562511577992,3.681708736995635E-5,2.771267934637368E-8
717.6300890227897,-191.1349819798389,310.392356704274,726.1798599942707,-192.58124995013844,-20.00066947937,726.1798599942707,-192.58124995013844,296.69976443266194,3.878511687794523E-5,4.5019318836411005E-8
717.6300890227897,-191.1349819798389,310.392356704274,726.1884829448413,-192.56184145969326,-20.00066947937,726.1884829448413,-192.56184145969326,296.6923925168738,3.882913461631895E-5,9.9071868291674E-11
717.6300890227897,-191.1349819798389,310.392356704274,726.193412609627,-192.55109862902566,-20.00066947937,726.193412609627,-192.55109862902566,296.6883245662551,3.885346339489233E-5,3.0230627416626636E-11
717.6300890227897,-191.1349819798389,310.392356704274,726.1971104541581,-192.54332216118695,-20.00066947937,726.1971104541581,-192.54332216118695,296.68590159411025,3.886803726332384E-5,1.0942507653760844E-11
717.6300890227897,-191.1349819798389,310.392356704274,726.1987799667141,-192.5409572301388,-20.00066947937,726.1987799667141,-192.5409572301388,296.6851733108789,3.887249933757527E-5,1.0265801558292536E-12
717.6300890227897,-191.1349819798389,310.392356704274,726.2009196436727,-192.53700097624892,-20.00066947937,726.2009196436727,-192.53700097624892,296.6841800738006,3.887854795252021E-5,1.907635048955828E-12
717.6300890227897,-191.1349819798389,310.392356704274,726.2021297007349,-192.53556125105843,-20.00066947937,726.2021297007349,-192.53556125105843,296.68464304053214,3.8875972112771224E-5,4.2084660877720073E-13
717.6300890227897,-191.1349819798389,310.392356704274,726.2031717810472,-192.5342351610373,-20.00066947937,726.2031717810472,-192.5342351610373,296.6846093149112,3.887629055970432E-5,7.403320522417818E-15
717.6300890227897,-191.1349819798389,310.392356704274,726.2041526014414,-192.53292885474457,-20.00066947937,726.2041526014414,-192.53292885474457,296.684431503723,3.8877446497769924E-5,7.32478525986695E-14
717.6300890227897,-191.1349819798389,310.392356704274,726.2051519623587,-192.5316788870889,-20.00066947937,726.2051519623587,-192.5316788870889,296.68480551675736,3.887536684763244E-5,2.7592451426889063E-13
717.6300890227897,-191.1349819798389,310.392356704274,726.2062364881942,-192.53047718880222,-20.00066947937,726.2062364881942,-192.53047718880222,296.6849173008202,3.887484033270912E-5,3.5331657526352246E-14
717.6300890227897,-191.1349819798389,310.392356704274,726.2072705478805,-192.52891960970902,-20.00066947937,726.2072705478805,-192.52891960970902,296.6848996689637,3.887505781662875E-5,4.3777704103266256E-15
717.6300890227897,-191.1349819798389,310.392356704274,726.2078628113051,-192.52828884374347,-20.00066947937,726.2078628113051,-192.52828884374347,296.68511068617454,3.887389050360723E-5,8.815667602832183E-14
717.6300890227897,-191.1349819798389,310.392356704274,726.2084257676296,-192.52750674955536,-20.00066947937,726.2084257676296,-192.52750674955536,296.68513694314333,3.8873800006791876E-5,3.2780055315945547E-15
717.6300890227897,-191.1349819798389,310.392356704274,726.2091937203118,-192.5265863134107,-20.00066947937,726.2091937203118,-192.5265863134107,296.6853151755208,3.88728439967837E-5,6.859516052394842E-14
717.6300890227897,-191.1349819798389,310.392356704274,726.2100621317114,-192.52549083952405,-20.00066947937,726.2100621317114,-192.52549083952405,296.6853404848601,3.887279628630502E-5,4.625760500068716E-15
717.6300890227897,-191.1349819798389,310.392356704274,726.2107410871796,-192.52468478654956,-20.00066947937,726.2107410871796,-192.52468478654956,296.68548850923685,3.887200738632056E-5,4.801705736223622E-14
717.6300890227897,-191.1349819798389,310.392356704274,726.2116445216803,-192.52381730901612,-20.00066947937,726.2116445216803,-192.52381730901612,296.68566901959923,3.8871059140860375E-5,7.24307562352109E-14
717.6300890227897,-191.1349819798389,310.392356704274,726.2120729685328,-192.5230849801345,-20.00066947937,726.2120729685328,-192.5230849801345,296.68569249296263,3.887096661378704E-5,2.385389326915395E-15
717.6300890227897,-191.1349819798389,310.392356704274,726.212798162726,-192.52242082253744,-20.00066947937,726.212798162726,-192.52242082253744,296.6858661668197,3.887003732394336E-5,6.408973428792115E-14
717.6300890227897,-191.1349819798389,310.392356704274,726.2138118645445,-192.52136745781175,-20.00066947937,726.2138118645445,-192.52136745781175,296.68594894733724,3.886967459143467E-5,2.165874353591642E-14
717.6300890227897,-191.1349819798389,310.392356704274,726.2144250533972,-192.52065044459832,-20.00066947937,726.2144250533972,-192.52065044459832,296.6859640360593,3.886965868333311E-5,1.945442834209811E-15
717.6300890227897,-191.1349819798389,310.392356704274,726.2150388256164,-192.5199204171469,-20.00066947937,726.2150388256164,-192.5199204171469,296.6860532270469,3.886920756898975E-5,1.9670806491056624E-14
717.6300890227897,-191.1349819798389,310.392356704274,726.2159505110665,-192.5188313159186,-20.00066947937,726.2159505110665,-192.5188313159186,296.68613412635267,3.8868840219148124E-5,2.001837836155019E-14
717.6300890227897,-191.1349819798389,310.392356704274,726.2169639369515,-192.5176256519117,-20.00066947937,726.2169639369515,-192.5176256519117,296.6861765091446,3.886871112990764E-5,9.142495414895756E-15
717.6300890227897,-191.1349819798389,310.392356704274,726.2185394936544,-192.51548009216367,-20.00066947937,726.2185394936544,-192.51548009216367,296.6863399828484,3.886793132908759E-5,7.650800536515217E-14
717.6300890227897,-191.1349819798389,310.392356704274,726.3577014506053,-192.3338605928878,-20.00066947937,726.3577014506053,-192.3338605928878,296.6855018805252,3.888937261891629E-5,4.36016965820115E-11
717.6300890227897,-191.1349819798389,310.392356704274,726.4520474478103,-192.2086492933104,-20.00066947937,726.4520474478103,-192.2086492933104,296.68410204325744,3.8909265584985715E-5,3.090476213091881E-11
717.6300890227897,-191.1349819798389,310.392356704274,726.4515146246054,-192.20890260653547,-20.00066947937,726.4515146246054,-192.20890260653547,296.68385422586005,3.8910645734043824E-5,1.1609882144449296E-13
717.6300890227897,-191.1349819798389,310.392356704274,726.4514170527576,-192.20904207032754,-20.00066947937,726.4514170527576,-192.20904207032754,296.68381599055635,3.891085820572429E-5,2.8650053499159587E-15
717.6300890227897,-191.1349819798389,310.392356704274,726.4511684292776,-192.20920860452938,-20.00066947937,726.4511684292776,-192.20920860452938,296.68380023948185,3.8910916422451825E-5,8.834409352307475E-16
717.6300890227897,-191.1349819798389,310.392356704274,726.4512139375297,-192.2092895192341,-20.00066947937,726.4512139375297,-192.2092895192341,296.68386120970865,3.891056662602956E-5,6.552371024485359E-15
717.6300890227897,-191.1349819798389,310.392356704274,726.4511936515271,-192.2095350849135,-20.00066947937,726.4511936515271,-192.2095350849135,296.6839811821604,3.890986341207556E-5,2.4726860696798884E-14
717.6300890227897,-191.1349819798389,310.392356704274,726.4510654289014,-192.20938459100563,-20.00066947937,726.4510654289014,-192.20938459100563,296.68388023904987,3.891043428968956E-5,1.847318020821861E-14
717.6300890227897,-191.1349819798389,310.392356704274,726.4511377880247,-192.2094162373754,-20.00066947937,726.4511377880247,-192.2094162373754,296.68405638613524,3.890941113918723E-5,5.3343822320141266E-14
717.6300890227897,-191.1349819798389,310.392356704274,726.451090781175,-192.20942478720346,-20.00066947937,726.451090781175,-192.20942478720346,296.68392754024853,3.8910161008502285E-5,2.845136565730762E-14
717.6300890227897,-191.1349819798389,310.392356704274,726.4510881236722,-192.20937458075431,-20.00066947937,726.4510881236722,-192.20937458075431,296.6840581507264,3.890939255340949E-5,2.876531520078942E-14
717.6300890227897,-191.1349819798389,310.392356704274,726.4510800393716,-192.20950732596268,-20.00066947937,726.4510800393716,-192.20950732596268,296.6840700764145,3.8909323722923945E-5,2.6561329729428217E-16
717.6300890227897,-191.1349819798389,310.392356704274,726.451139046654,-192.20952123999106,-20.00066947937,726.451139046654,-192.20952123999106,296.68415595285285,3.890882845197974E-5,1.286305533475853E-14
717.6300890227897,-191.1349819798389,310.392356704274,726.4512749683216,-192.20926826131023,-20.00066947937,726.4512749683216,-192.20926826131023,296.6842134857609,3.8908506326195395E-5,6.455362547949413E-15
717.6300890227897,-191.1349819798389,310.392356704274,726.4511260082546,-192.20952749274306,-20.00066947937,726.4511260082546,-192.20952749274306,296.68424507941677,3.890830313420313E-5,2.227846138280827E-15
717.6300890227897,-191.1349819798389,310.392356704274,726.4511939956171,-192.20971006973065,-20.00066947937,726.4511939956171,-192.20971006973065,296.68439713308027,3.890742362667057E-5,4.008705608604304E-14
717.6300890227897,-191.1349819798389,310.392356704274,726.4512300402596,-192.20959748073494,-20.00066947937,726.4512300402596,-192.20959748073494,296.68433638908505,3.890778374780686E-5,6.4737450106615435E-15
717.6300890227897,-191.1349819798389,310.392356704274,726.4512140245367,-192.20963632906472,-20.00066947937,726.4512140245367,-192.20963632906472,296.6843625691386,3.890762828967341E-5,1.200839452668273E-15
717.6300890227897,-191.1349819798389,310.392356704274,726.4511843655237,-192.20964924797494,-20.00066947937,726.4511843655237,-192.20964924797494,296.68436778860996,3.890759341590107E-5,6.156704147953499E-17
717.6300890227897,-191.1349819798389,310.392356704274,726.4512419124837,-192.20948061633356,-20.00066947937,726.4512419124837,-192.20948061633356,296.6843339339375,3.8907797812632234E-5,2.1702036026630337E-15
717.6300890227897,-191.1349819798389,310.392356704274,726.4511881698361,-192.20960347486778,-20.00066947937,726.4511881698361,-192.20960347486778,296.6844274177097,3.8907242931196046E-5,1.5265414987846543E-14
717.6300890227897,-191.1349819798389,310.392356704274,726.4511311603335,-192.20962246677325,-20.00066947937,726.4511311603335,-192.20962246677325,296.6844892351715,3.8906871646633753E-5,6.753877045922449E-15
717.6300890227897,-191.1349819798389,310.392356704274,726.4511836824173,-192.20961529275024,-20.00066947937,726.4511836824173,-192.20961529275024,296.6844619396284,3.8907039717246993E-5,1.3859905766267067E-15
717.6300890227897,-191.1349819798389,310.392356704274,726.4512068675047,-192.20960662070132,-20.00066947937,726.4512068675047,-192.20960662070132,296.6845434454932,3.890656433796601E-5,1.1339777837607711E-14
717.6290913356755,-191.1344548779241,310.4228040383468,726.4513165626576,-192.20977022030831,-20.00066947937,726.4513165626576,-192.20977022030831,296.6846168926354,3.9077780318309045E-5,9.936271028253149E-15
717.6290913356755,-191.1344548779241,310.4228040383468,726.4511548729768,-192.20975102165497,-20.00066947937,726.4511548729768,-192.20975102165497,296.68457454117697,3.907800493640694E-5,3.668468320514415E-15
717.6290913356755,-191.1344548779241,310.4228040383468,726.4512168571678,-192.20970998084803,-20.00066947937,726.4512168571678,-192.20970998084803,296.6845431256453,3.907819844716138E-5,1.8520723359516306E-15
717.6290913356755,-191.1344548779241,310.4228040383468,726.4512448154926,-192.2097448132061,-20.00066947937,726.4512448154926,-192.2097448132061,296.68461230677065,3.907779604763119E-5,8.241015645707091E-15
717.6290913356755,-191.1344548779241,310.4228040383468,726.4511677568654,-192.20983728294442,-20.00066947937,726.4511677568654,-192.20983728294442,296.68469057566193,3.9077325403825805E-5,1.0920441161119192E-14
717.6290913356755,-191.1344548779241,310.4228040383468,726.4513032024713,-192.20984681894464,-20.00066947937,726.4513032024713,-192.20984681894464,296.68472039684946,3.9077170420972E-5,1.881700396451424E-15
717.6290913356755,-191.1344548779241,310.4228040383468,726.4513124228924,-192.20973000539408,-20.00066947937,726.4513124228924,-192.20973000539408,296.6847812171869,3.907681164082418E-5,6.34268135106488E-15
717.6290913356755,-191.1344548779241,310.4228040383468,726.4513767589317,-192.20977953755266,-20.00066947937,726.4513767589317,-192.20977953755266,296.6848254655528,3.907656176269707E-5,3.5743168693631035E-15
717.6290913356755,-191.1344548779241,310.4228040383468,726.4513636243436,-192.20976091935154,-20.00066947937,726.4513636243436,-192.20976091935154,296.68481040911144,3.907664807472029E-5,4.0191040687992923E-16
717.6290913356755,-191.1344548779241,310.4228040383468,726.4513905854552,-192.2098764357097,-20.00066947937,726.4513905854552,-192.2098764357097,296.6849064725201,3.907608877089231E-5,1.5857865596033475E-14
717.6290913356755,-191.1344548779241,310.4228040383468,726.4513887627661,-192.20981204630576,-20.00066947937,726.4513887627661,-192.20981204630576,296.6848280001301,3.9076549246116026E-5,1.0412711450629007E-14
717.6290913356755,-191.1344548779241,310.4228040383468,726.4513040349001,-192.2097739066346,-20.00066947937,726.4513040349001,-192.2097739066346,296.6848332410083,3.907650494180314E-5,9.772512875385419E-17
717.6290913356755,-191.1344548779241,310.4228040383468,726.4512820002291,-192.20979855516777,-20.00066947937,726.4512820002291,-192.20979855516777,296.6848244333142,3.907655392427014E-5,1.5085074998176663E-16
717.6290913356755,-191.1344548779241,310.4228040383468,726.4514534819685,-192.2098100484517,-20.00066947937,726.4514534819685,-192.2098100484517,296.68491917076267,3.907602227195397E-5,1.658220164971275E-14
717.6290913356755,-191.1344548779241,310.4228040383468,726.4514892841263,-192.20979612835285,-20.00066947937,726.4514892841263,-192.20979612835285,296.684913724702,3.90760594641154E-5,6.982816173114392E-17
717.6290913356755,-191.1344548779241,310.4228040383468,726.4516455552643,-192.2096838499785,-20.00066947937,726.4516455552643,-192.2096838499785,296.6849331466623,3.907596659989341E-5,9.643702163384537E-16
717.6290913356755,-191.1344548779241,310.4228040383468,726.4516191305592,-192.20993575789316,-20.00066947937,726.4516191305592,-192.20993575789316,296.6849682041634,3.9075760877958764E-5,2.2481870540347933E-15
717.6290913356755,-191.1344548779241,310.4228040383468,726.4516264064195,-192.20990855413604,-20.00066947937,726.4516264064195,-192.20990855413604,296.68508738042794,3.907505994676159E-5,2.397259487817944E-14
717.6290913356755,-191.1344548779241,310.4228040383468,726.4516121641591,-192.2097450688629,-20.00066947937,726.4516121641591,-192.2097450688629,296.6850444346846,3.907530760123711E-5,3.2312780756993227E-15
717.6290913356755,-191.1344548779241,310.4228040383468,726.4515454090118,-192.2099108763696,-20.00066947937,726.4515454090118,-192.2099108763696,296.68499519009015,3.907559047178851E-5,4.4669764989123175E-15
717.6290913356755,-191.1344548779241,310.4228040383468,726.4514892286071,-192.2098266193299,-20.00066947937,726.4514892286071,-192.2098266193299,296.68482113941803,3.907660502247387E-5,5.193231742994618E-14
717.6290913356755,-191.1344548779241,310.4228040383468,726.4514487976284,-192.20989199661787,-20.00066947937,726.4514487976284,-192.20989199661787,296.6848905351753,3.9076191634549825E-5,8.393993063326661E-15
717.6290913356755,-191.1344548779241,310.4228040383468,726.4514660627278,-192.2098107750048,-20.00066947937,726.4514660627278,-192.2098107750048,296.68484648877427,3.907645202414146E-5,3.3673159407286566E-15
717.6290913356755,-191.1344548779241,310.4228040383468,726.4514289864094,-192.2098285675178,-20.00066947937,726.4514289864094,-192.2098285675178,296.6847938928363,3.907675637898416E-5,4.834097385961322E-15
717.6290913356755,-191.1344548779241,310.4228040383468,726.4514782538988,-192.20982100441194,-20.00066947937,726.4514782538988,-192.20982100441194,296.6848616293907,3.907636492096271E-5,8.015650625087751E-15
717.6290913356755,-191.1344548779241,310.4228040383468,726.4514904381111,-192.2098228065243,-20.00066947937,726.4514904381111,-192.2098228065243,296.6848792140522,3.9076263275256986E-5,5.392016917726798E-16
717.6290913356755,-191.1344548779241,310.4228040383468,726.4515871451835,-192.20979964327222,-20.00066947937,726.4515871451835,-192.20979964327222,296.6849712600267,3.907573557736977E-5,1.506636705507114E-14
717.6290913356755,-191.1344548779241,310.4228040383468,726.4514242101875,-192.2098969132366,-20.00066947937,726.4514242101875,-192.2098969132366,296.68493041770387,3.9075953254303965E-5,3.4791699193268154E-15
717.6290913356755,-191.1344548779241,310.4228040383468,726.4516327024244,-192.2098769736804,-20.00066947937,726.4516327024244,-192.2098769736804,296.68491313968957,3.907608597984247E-5,8.816915003840631E-16
717.6290913356755,-191.1344548779241,310.4228040383468,726.4516569129626,-192.20991487359652,-20.00066947937,726.4516569129626,-192.20991487359652,296.6850523283239,3.907527098721977E-5,3.290598587101909E-14
717.6290913356755,-191.1344548779241,310.4228040383468,726.4512334260488,-192.2098935810161,-20.00066947937,726.4512334260488,-192.2098935810161,296.6843309959946,3.907945306356812E-5,9.01863063137394E-13
717.6290913356755,-191.1344548779241,310.4228040383468,726.4511216343836,-192.20983713729115,-20.00066947937,726.4511216343836,-192.20983713729115,296.6842462865701,3.907993386877518E-5,1.2972853931801426E-14
717.6290913356755,-191.1344548779241,310.4228040383468,726.4510684600751,-192.21000005513469,-20.00066947937,726.4510684600751,-192.21000005513469,296.68433740821564,3.9079392437844614E-5,1.4551614780605345E-14
717.6290913356755,-191.1344548779241,310.4228040383468,726.4511018300619,-192.2098122573475,-20.00066947937,726.4511018300619,-192.2098122573475,296.6842255686995,3.9080052393952124E-5,2.1580198863672712E-14
717.6290913356755,-191.1344548779241,310.4228040383468,726.45112318126,-192.20982636800196,-20.00066947937,726.45112318126,-192.20982636800196,296.68427728985625,3.907975139294688E-5,4.601469938440817E-15
717.6290913356755,-191.1344548779241,310.4228040383468,726.4512319786242,-192.2098332536302,-20.00066947937,726.4512319786242,-192.2098332536302,296.68439911720753,3.9079050724007E-5,2.6145069692622114E-14
717.6290913356755,-191.1344548779241,310.4228040383468,726.451081269422,-192.20999129957073,-20.00066947937,726.451081269422,-192.20999129957073,296.68432426629647,3.907947156913097E-5,1.0587616233491748E-14
717.6290913356755,-191.1344548779241,310.4228040383468,726.4509614915953,-192.20982394632154,-20.00066947937,726.4509614915953,-192.20982394632154,296.6842300508905,3.9080005097552804E-5,1.611965618780508E-14
717.6290913356755,-191.1344548779241,310.4228040383468,726.4508345851584,-192.20985721205594,-20.00066947937,726.4508345851584,-192.20985721205594,296.68401321389166,3.908126310164703E-5,8.155261713357248E-14
717.6290913356755,-191.1344548779241,310.4228040383468,726.4508343476219,-192.21002371744171,-20.00066947937,726.4508343476219,-192.21002371744171,296.6839316091617,3.9081746525734067E-5,1.1337671725086495E-14
717.6290913356755,-191.1344548779241,310.4228040383468,731.6179029426013,-179.73248430888475,-20.00066947937,731.6179029426013,-179.73248430888475,292.897891747991,6.76675289321792E-5,2.973625038696849E-5
717.6290913356755,-191.1344548779241,310.4228040383468,741.848078101576,-149.49975739102916,-20.00066947937,741.848078101576,-149.49975739102916,283.39731440242394,2.064818753405685E-4,2.771425231376717E-4
717.6290913356755,-191.1344548779241,310.4228040383468,756.438608065655,-126.57277138798605,-20.00066947937,756.438608065655,-126.57277138798605,273.6632683416964,4.842798371807389E-4,3.73055584827703E-4
717.6290913356755,-191.1344548779241,310.4228040383468,769.4015707980552,-109.92643955332402,-20.00066947937,769.4015707980552,-109.92643955332402,267.09540650652616,8.066125680441453E-4,2.2632465912436067E-4
717.6290913356755,-191.1344548779241,310.4228040383468,780.8635362318693,-98.54767632375211,-20.00066947937,780.8635362318693,-98.54767632375211,263.3977032789138,0.0010911422374418477,1.0914938189928092E-4
