717.6840965553484,-191.14920042732658,308.9417540240904,719.0447659428148,-192.49187930175995,-20.00066947937,719.0447659428148,-192.49187930175995,305.912893577737,1.7690860988114399E-6,1.0
717.6840965553484,-191.14920042732658,308.9417540240904,719.0425228823035,-192.48380646002937,-20.00066947937,719.0425228823035,-192.48380646002937,305.91729124705023,1.7638654222019128E-6,3.345592364274724E-11
717.6840965553484,-191.14920042732658,308.9417540240904,719.0365414015214,-192.4866047738741,-20.00066947937,719.0365414015214,-192.4866047738741,305.896106113116,1.7888339928996887E-6,7.644814976882546E-10
717.6840965553484,-191.14920042732658,308.9417540240904,719.0349131069507,-192.478711673302,-20.00066947937,719.0349131069507,-192.478711673302,305.8892694550501,1.796889324933287E-6,8.023432303062388E-11
717.6840965553484,-191.14920042732658,308.9417540240904,719.369394879749,-192.61230768274336,-20.00066947937,719.369394879749,-192.61230768274336,305.73271939331835,1.990100479926269E-6,4.276912760336764E-8
717.6840965553484,-191.14920042732658,308.9417540240904,719.3357088555787,-193.60258365967005,-20.00066947937,719.3357088555787,-193.60258365967005,304.0659981689871,4.64498531269185E-6,4.797998040477143E-6
717.6840965553484,-191.14920042732658,308.9417540240904,715.1187448010888,-192.3755925514214,-20.00066947937,715.1187448010888,-192.3755925514214,295.19942615477623,3.88622776780414E-5,1.4119737739867752E-4
717.6840965553484,-191.14920042732658,308.9417540240904,689.0489842035025,-182.30774589894145,-20.00066947937,689.0489842035025,-182.30774589894145,264.67646670879986,5.242701766697326E-4,0.0020949107925896226
717.6840965553484,-191.14920042732658,308.9417540240904,659.5927873547415,-180.6219800482412,-20.00066947937,659.5927873547415,-180.6219800482412,231.15221812351282,0.0022313075604344437,0.0028926990114250917
717.6840965553484,-191.14920042732658,308.9417540240904,670.8313038832982,-190.16834285324566,-20.00066947937,670.8313038832982,-190.16834285324566,206.4334979308094,0.004457947668048556,0.0013064460265890272
717.6840965553484,-191.14920042732658,308.9417540240904,717.4468702713933,-195.6953651092148,-20.00066947937,717.4468702713933,-195.6953651092148,199.17577139731407,0.005121544370614082,2.7290165991999078E-5
717.6840965553484,-191.14920042732658,308.9417540240904,777.7588177061166,-193.76318958853295,-20.00066947937,777.7588177061166,-193.76318958853295,210.21606393786297,0.004178984624373824,4.942201947531158E-4
717.6840965553484,-191.14920042732658,308.9417540240904,826.4665965845161,-185.2922250398297,-20.00066947937,826.4665965845161,-185.2922250398297,228.92636897114448,0.003136402835114257,0.001711777589227642
717.6840965553484,-191.14920042732658,308.9417540240904,824.3173077548439,-177.0551040901878,-20.00066947937,824.3173077548439,-177.0551040901878,226.9806410059376,0.0032856756647618216,1.1764718263160996E-5
717.6840965553484,-191.14920042732658,308.9417540240904,780.5929624448169,-173.3422585337193,-20.00066947937,780.5929624448169,-173.3422585337193,200.45571000781297,0.0055456759049483245,0.0020469234290449363
717.6840965553484,-191.14920042732658,308.9417540240904,733.1123666982245,-179.10817592089003,-20.00066947937,733.1123666982245,-179.10817592089003,159.6476595666286,0.014204319910854095,0.003415740038295619
717.6840965553484,-191.14920042732658,308.9417540240904,690.6167105337554,-187.99814090513024,-20.00066947937,690.6167105337554,-187.99814090513024,113.26839259060506,0.04450370072497011,0.0050703546113316945
717.6840965553484,-191.14920042732658,308.9417540240904,672.4396218595379,-194.14366560014207,-20.00066947937,672.4396218595379,-194.14366560014207,62.06412865855802,0.18937772091822216,0.006619990098219231
717.6840965553484,-191.14920042732658,308.9417540240904,720.3973069968664,-201.07606695088,-20.00066947937,720.3973069968664,-201.07606695088,57.32943079093465,0.21633459858835308,5.189850396107649E-6
717.6840965553484,-191.14920042732658,308.9417540240904,783.5909753100193,-207.33642401638838,-20.00066947937,783.5909753100193,-207.33642401638838,107.68399767574414,0.05425352336408121,0.007703481433877037
717.6840965553484,-191.14920042732658,308.9417540240904,828.1510420734962,-211.00279715788116,-20.00066947937,828.1510420734962,-211.00279715788116,187.93019799011697,0.009203190979634799,0.022274691973958618
717.6840965553484,-191.14920042732658,308.9417540240904,814.3103558104482,-212.62050960217695,-20.00066947937,814.3103558104482,-212.62050960217695,249.07020791345795,0.0015620719261354742,0.009087043275488269
717.6840965553484,-191.14920042732658,308.9417540240904,797.9659287243272,-215.18370906167095,-20.00066947937,797.9659287243272,-215.18370906167095,252.26783822758568,0.001242515007469231,7.664818051352405E-5
717.6840965553484,-191.14920042732658,308.9417540240904,796.8447066180939,-220.186194272186,-20.00066947937,796.8447066180939,-220.186194272186,226.41704410052378,0.002916850295620689,0.0012291630306070075
717.6840965553484,-191.14920042732658,308.9417540240904,791.9627142200927,-220.8822448046383,-20.00066947937,791.9627142200927,-220.8822448046383,182.5935034944265,0.009188318591590037,0.004025999628776126
717.6840965553484,-191.14920042732658,308.9417540240904,753.7054272999878,-215.89812058837222,-20.00066947937,753.7054272999878,-215.89812058837222,131.1323226901316,0.02917439581811847,0.0068285301655788356
717.6840965553484,-191.14920042732658,308.9417540240904,704.101988935365,-209.36608522466963,-20.00066947937,704.101988935365,-209.36608522466963,60.04803908476197,0.19854294729489322,0.012912257647169993
717.6840965553484,-191.14920042732658,308.9417540240904,718.1165486452546,-208.95615471271785,-20.00066947937,718.1165486452546,-208.95615471271785,31.134557274267223,0.6044438547917402,0.0016582234633474124
717.6840965553484,-191.14920042732658,308.9417540240904,783.7265931468474,-212.38473772613008,-20.00066947937,783.7265931468474,-212.38473772613008,67.30028660384443,0.16585774394957523,0.0039216922380765126
717.6840965553484,-191.14920042732658,308.9417540240904,833.0331608942048,-211.0735299441868,-20.00066947937,833.0331608942048,-211.0735299441868,147.0798312751675,0.02423401001842202,0.02262872936973321
717.6840965553484,-191.14920042732658,308.9417540240904,844.6867579173693,-209.53078337293712,-20.00066947937,844.6867579173693,-209.53078337293712,231.36289258502228,0.003342291476459746,0.016846268292402482
717.6840965553484,-191.14920042732658,308.9417540240904,822.2703629194959,-209.3595175535559,-20.00066947937,822.2703629194959,-209.3595175535559,272.63103883598507,6.698711041524755E-4,0.0043124206104423034
717.6840965553484,-191.14920042732658,308.9417540240904,812.5562081234501,-208.13556266250737,-20.00066947937,812.5562081234501,-208.13556266250737,268.88353850453154,7.101182946020235E-4,6.319307242911399E-5
717.6840965553484,-191.14920042732658,308.9417540240904,801.9845739078277,-203.93978949498552,-20.00066947937,801.9845739078277,-203.93978949498552,237.10610822549478,0.0021118332071814933,0.002199521687218162
717.6840965553484,-191.14920042732658,308.9417540240904,777.155213380232,-196.2088105817789,-20.00066947937,777.155213380232,-196.2088105817789,184.12792507576705,0.00830075591745453,0.00749082633100219
717.6840965553484,-191.14920042732658,308.9417540240904,751.5239768794664,-193.20305240526955,-20.00066947937,751.5239768794664,-193.20305240526955,119.41821652419517,0.03840927562080867,0.011560494212259078
717.6840965553484,-191.14920042732658,308.9417540240904,716.8115064110632,-189.54191900633595,-20.00066947937,716.8115064110632,-189.54191900633595,29.727028702060807,0.6434275595462828,0.02397698557035085
717.6840965553484,-191.14920042732658,308.9417540240904,719.5167979984333,-183.92226978741215,-20.00066947937,719.5167979984333,-183.92226978741215,-29.083397633936926,1.0,0.008728481031561522
717.6840965553484,-191.14920042732658,308.9417540240904,804.2169515881252,-182.62849647381697,-20.00066947937,804.2169515881252,-182.62849647381697,-8.920026767034898,1.0,0.001894825147845995
717.6840965553484,-191.14920042732658,308.9417540240904,847.1106832152553,-183.400669944785,-20.00066947937,847.1106832152553,-183.400669944785,41.69417662823531,0.45678472510538526,0.008311587725325108
717.6840965553484,-191.14920042732658,308.9417540240904,874.1073020953806,-192.20253153414006,-20.00066947937,874.1073020953806,-192.20253153414006,139.77417909324575,0.033422229806904055,0.025917100422893805
717.6840965553484,-191.14920042732658,308.9417540240904,861.1987319285503,-202.37475735038035,-20.00066947937,861.1987319285503,-202.37475735038035,220.77482225985366,0.004925501084305026,0.014530783023827097
717.6840965553484,-191.14920042732658,308.9417540240904,843.649323350016,-206.23191427617954,-20.00066947937,843.649323350016,-206.23191427617954,241.16554847232115,0.0024991577097406292,0.001099795358262532
717.6840965553484,-191.14920042732658,308.9417540240904,853.5227264349213,-204.90058247885435,-20.00066947937,853.5227264349213,-204.90058247885435,203.96941267613968,0.0071083526508739555,0.002640542301342158
717.6840965553484,-191.14920042732658,308.9417540240904,848.028919087251,-198.79129309564175,-20.00066947937,848.028919087251,-198.79129309564175,138.141940690102,0.03127379418036977,0.008505054027587907
717.6840965553484,-191.14920042732658,308.9417540240904,822.3670604821491,-191.39441996818582,-20.00066947937,822.3670604821491,-191.39441996818582,35.44894442517196,0.5572487460520991,0.03552237228150126
717.6840965553484,-191.14920042732658,308.9417540240904,775.6802263286627,-188.0631560365138,-20.00066947937,775.6802263286627,-188.0631560365138,-38.56205887762982,1.0,0.01753583195365155
717.6840965553484,-191.14920042732658,308.9417540240904,760.0144765361715,-183.32446935801195,-20.00066947937,760.0144765361715,-183.32446935801195,-61.3221810777228,1.0,0.0011566536556622835
717.6840965553484,-191.14920042732658,308.9417540240904,791.7751590969286,-186.3335113293204,-20.00066947937,791.7751590969286,-186.3335113293204,-43.80986727930326,1.0,9.766587672755884E-4
717.6840965553484,-191.14920042732658,308.9417540240904,828.1867233704238,-191.64938362884223,-20.00066947937,828.1867233704238,-191.64938362884223,1.1452618129717393,1.0,0.006095806707463036
717.6840965553484,-191.14920042732658,308.9417540240904,855.684867016241,-197.0874330246147,-20.00066947937,855.684867016241,-197.0874330246147,57.341684092996644,0.2663778694638628,0.008280967230245328
717.6840965553484,-191.14920042732658,308.9417540240904,870.6014212350586,-202.8314103180776,-20.00066947937,870.6014212350586,-202.8314103180776,136.76193488590243,0.035301132559033756,0.013644569699198134
717.6840965553484,-191.14920042732658,308.9417540240904,858.5528553629582,-204.38380325519586,-20.00066947937,858.5528553629582,-204.38380325519586,173.7153727508296,0.014692417353468051,0.0027006662120145665
717.6840965553484,-191.14920042732658,308.9417540240904,836.9289700069406,-198.2603862353321,-20.00066947937,836.9289700069406,-198.2603862353321,116.54586293388161,0.04985310063040224,0.008245700771405877
717.6840965553484,-191.14920042732658,308.9417540240904,801.1087100805333,-187.36019197785743,-20.00066947937,801.1087100805333,-187.36019197785743,17.898898836416407,1.0,0.03596320101264387
717.6840965553484,-191.14920042732658,308.9417540240904,744.4099568978754,-179.78299015847998,-20.00066947937,744.4099568978754,-179.78299015847998,-35.04055269131052,1.0,0.006584613793042262
717.6840965553484,-191.14920042732658,308.9417540240904,737.4581463512341,-181.9124903506901,-20.00066947937,737.4581463512341,-181.9124903506901,-19.368031244826412,1.0,4.812457144155012E-4
717.6840965553484,-191.14920042732658,308.9417540240904,750.360616321772,-190.35527436482204,-20.00066947937,750.360616321772,-190.35527436482204,24.132725950751677,0.8596135210354268,0.0044066053250772464
717.6840965553484,-191.14920042732658,308.9417540240904,775.5054606856451,-201.5122722285338,-20.00066947937,775.5054606856451,-201.5122722285338,95.74178403266055,0.07266738683409248,0.015250114374715072
717.6840965553484,-191.14920042732658,308.9417540240904,787.9968665726597,-207.2716509237724,-20.00066947937,787.9968665726597,-207.2716509237724,154.2914434104004,0.017732936271138405,0.008653446369631633
717.6840965553484,-191.14920042732658,308.9417540240904,788.9610304767913,-208.72655443669373,-20.00066947937,788.9610304767913,-208.72655443669373,199.20072975582013,0.0058973158276049865,0.0041376698316986
717.6840965553484,-191.14920042732658,308.9417540240904,786.1295596987409,-208.38788966918705,-20.00066947937,786.1295596987409,-208.38788966918705,221.24468633320808,0.0031770115028538874,9.115593085211977E-4
717.6840965553484,-191.14920042732658,308.9417540240904,782.3135284513882,-207.60716546397398,-20.00066947937,782.3135284513882,-207.60716546397398,238.26721030271392,0.001831376097123196,5.528200824961961E-4
717.6840965553484,-191.14920042732658,308.9417540240904,777.8542387517118,-206.57835662748437,-20.00066947937,777.8542387517118,-206.57835662748437,251.02027305534813,0.0011286411033196964,3.1804532553863466E-4
717.6840965553484,-191.14920042732658,308.9417540240904,773.0033569379129,-205.27901096374475,-20.00066947937,773.0033569379129,-205.27901096374475,260.4170241226716,7.412682831240947E-4,1.787421227800383E-4
717.6840965553484,-191.14920042732658,308.9417540240904,767.9121685608661,-203.79855462300958,-20.00066947937,767.9121685608661,-203.79855462300958,267.5042500638974,5.109233515784682E-4,1.0563649404542953E-4
717.6840965553484,-191.14920042732658,308.9417540240904,762.6493195125333,-202.0217493942773,-20.00066947937,762.6493195125333,-202.0217493942773,272.72630292158885,3.7070418149883497E-4,6.0197991257681284E-5
717.6840965553484,-191.14920042732658,308.9417540240904,757.223061270222,-200.12172051634477,-20.00066947937,757.223061270222,-200.12172051634477,276.9723247504618,2.747686917621948E-4,4.087635119896239E-5
717.6840965553484,-191.14920042732658,308.9417540240904,752.5020706453973,-199.0310245211908,-20.00066947937,752.5020706453973,-199.0310245211908,280.1381056935996,2.1400772315341654E-4,2.2719780568046374E-5
717.6840965553484,-191.14920042732658,308.9417540240904,748.2922857354689,-198.15280167459915,-20.00066947937,748.2922857354689,-198.15280167459915,282.6888913084778,1.7150416934552797E-4,1.462898557776541E-5
717.6840965553484,-191.14920042732658,308.9417540240904,744.6072524157366,-197.203406545728,-20.00066947937,744.6072524157366,-197.203406545728,284.7048500800853,1.4172625907205936E-4,9.096772772795457E-6
717.6840965553484,-191.14920042732658,308.9417540240904,741.4621887758292,-196.43717975812265,-20.00066947937,741.4621887758292,-196.43717975812265,286.30139500937094,1.2054678462521968E-4,5.632146344281143E-6
717.6840965553484,-191.14920042732658,308.9417540240904,739.9482475685505,-195.95792764579357,-20.00066947937,739.9482475685505,-195.95792764579357,287.4089914762999,1.0759054099116954E-4,2.494594323482019E-6
717.6840965553484,-191.14920042732658,308.9417540240904,740.3963021468721,-196.02748231221324,-20.00066947937,740.3963021468721,-196.02748231221324,287.06782908259197,1.1146122945624126E-4,2.3417296615181355E-7
717.6840965553484,-191.14920042732658,308.9417540240904,740.5959383902665,-196.19980258485404,-20.00066947937,740.5959383902665,-196.19980258485404,286.8302902048366,1.141462838110067E-4,1.0857268158925613E-7
717.6840965553484,-191.14920042732658,308.9417540240904,740.2442248007185,-196.07464225978606,-20.00066947937,740.2442248007185,-196.07464225978606,285.7531947314087,1.2572238183732748E-4,2.0585258560786767E-6
717.6840965553484,-191.14920042732658,308.9417540240904,739.1364265397564,-195.89976290381873,-20.00066947937,739.1364265397564,-195.89976290381873,283.59077256876327,1.5065127387322075E-4,8.524702513110584E-6
717.6840965553484,-191.14920042732658,308.9417540240904,738.3505269917654,-195.4925006726741,-20.00066947937,738.3505269917654,-195.4925006726741,281.9315473671503,1.7161251941335526E-4,4.992155304761804E-6
717.6840965553484,-191.14920042732658,308.9417540240904,737.7775585598735,-194.87564557910073,-20.00066947937,737.7775585598735,-194.87564557910073,281.2131585692824,1.8094734428553174E-4,9.75860772841046E-7
717.6840965553484,-191.14920042732658,308.9417540240904,736.9633652158294,-194.4086747204216,-20.00066947937,736.9633652158294,-194.4086747204216,281.41031978430345,1.775295854842752E-4,1.0399476237292495E-7
717.6840965553484,-191.14920042732658,308.9417540240904,735.7725091059003,-193.83980607954328,-20.00066947937,735.7725091059003,-193.83980607954328,282.3112389644716,1.6446138461183622E-4,1.5920851697040068E-6
717.6840965553484,-191.14920042732658,308.9417540240904,734.2680559578963,-193.63500975707638,-20.00066947937,734.2680559578963,-193.63500975707638,283.7796023873197,1.4481118835211684E-4,4.0562348984635485E-6
717.6840965553484,-191.14920042732658,308.9417540240904,732.389160300551,-193.33243338508075,-20.00066947937,732.389160300551,-193.33243338508075,285.2281616547606,1.266950516669021E-4,3.991396575978283E-6
717.6840965553484,-191.14920042732658,308.9417540240904,729.2573117382763,-190.8242886099549,-20.00066947937,729.2573117382763,-190.8242886099549,284.2016545289865,1.3721565658307477E-4,2.1194174649799674E-6
717.6840965553484,-191.14920042732658,308.9417540240904,732.9990248368473,-180.55801212907232,-20.00066947937,732.9990248368473,-180.55801212907232,281.39945399399187,1.769978107294566E-4,1.6824265372663904E-5
717.6840965553484,-191.14920042732658,308.9417540240904,737.9657896285382,-160.53801128362733,-20.00066947937,737.9657896285382,-160.53801128362733,278.9247191445072,2.3475390162546811E-4,2.7310692855790123E-5
717.6840965553484,-191.14920042732658,308.9417540240904,742.6434026123017,-137.4422540053469,-20.00066947937,742.6434026123017,-137.4422540053469,277.2580602558345,3.1571305046688535E-4,4.069239130284752E-5
717.6840965553484,-191.14920042732658,308.9417540240904,745.8676684286229,-112.98445295851229,-20.00066947937,745.8676684286229,-112.98445295851229,275.36186720209434,4.5108462779532433E-4,7.937354997460813E-5
717.6840965553484,-191.14920042732658,308.9417540240904,744.410488820072,-88.95773429380779,-20.00066947937,744.410488820072,-88.95773429380779,274.5979785571151,6.089204827766167E-4,8.278387975835769E-5
717.6840965553484,-191.14920042732658,308.9417540240904,740.550312553408,-70.78869593317839,-20.00066947937,740.550312553408,-70.78869593317839,274.0666301425992,7.653970627837414E-4,6.638198358752629E-5
717.6840965553484,-191.14920042732658,308.9417540240904,731.4059010047449,-64.18423693953774,-20.00066947937,731.4059010047449,-64.18423693953774,272.6592080076449,8.635737898311034E-4,2.2730773769292306E-5
717.6840965553484,-191.14920042732658,308.9417540240904,717.4301647820112,-70.77712797633164,-20.00066947937,717.4301647820112,-70.77712797633164,271.0474192273649,8.451104638094198E-4,1.8301925641098323E-5
717.5342651135335,-191.48245034559795,309.1766257268458,708.0498088600364,-99.46269716028685,-20.00066947937,708.0498088600364,-99.46269716028685,269.69754208354925,6.633787826181354E-4,1.0648760349490443E-4
717.5342651135335,-191.48245034559795,309.1766257268458,704.3231563150956,-128.6666499406374,-20.00066947937,704.3231563150956,-128.6666499406374,272.550996860198,4.3733061978806775E-4,8.815989964024664E-5
717.5342651135335,-191.48245034559795,309.1766257268458,706.6940307409607,-156.64306636475774,-20.00066947937,706.6940307409607,-156.64306636475774,278.165412769536,2.5039793878238724E-4,9.718025021762185E-5
717.5342651135335,-191.48245034559795,309.1766257268458,727.5858500202911,-174.3549566634922,-20.00066947937,727.5858500202911,-174.3549566634922,280.3411012197016,1.96007111591046E-4,1.1545733780810403E-5
717.5342651135335,-191.48245034559795,309.1766257268458,769.7269432994715,-173.60367846415892,-20.00066947937,769.7269432994715,-173.60367846415892,278.27526097052464,2.889632505752022E-4,6.269799827854105E-5
717.5342651135335,-191.48245034559795,309.1766257268458,806.9844236490628,-157.46355647543655,-20.00066947937,806.9844236490628,-157.46355647543655,269.4981405052374,6.919749112258742E-4,5.438558851690016E-4
717.5342651135335,-191.48245034559795,309.1766257268458,812.099493498068,-148.58064409239816,-20.00066947937,812.099493498068,-148.58064409239816,254.7750820142544,0.0013393523259646416,4.6134333399951334E-4
717.5342651135335,-191.48245034559795,309.1766257268458,795.5160310956992,-160.8149942787506,-20.00066947937,795.5160310956992,-160.8149942787506,259.3192994110835,9.528661056126677E-4,1.2911392860048972E-4
717.5342651135335,-191.48245034559795,309.1766257268458,778.0652097947699,-184.50600512385452,-20.00066947937,778.0652097947699,-184.50600512385452,283.37370348516447,2.18554556782588E-4,0.0013205569264842427
717.5342651135335,-191.48245034559795,309.1766257268458,758.7678328523047,-199.33067642462746,-20.00066947937,758.7678328523047,-199.33067642462746,302.91774662678546,1.5586647499153778E-5,8.688627791663863E-4
717.5342651135335,-191.48245034559795,309.1766257268458,729.8652246712751,-195.7477032092108,-20.00066947937,729.8652246712751,-195.7477032092108,267.7489576653107,4.2830991127041257E-4,0.002588722172845628
717.5342651135335,-191.48245034559795,309.1766257268458,705.9371977987103,-185.10557533775523,-20.00066947937,705.9371977987103,-185.10557533775523,167.20409238690448,0.011781601496260825,0.03533146681415701
717.5342651135335,-191.48245034559795,309.1766257268458,697.674886980982,-175.82493705970427,-20.00066947937,697.674886980982,-175.82493705970427,104.61530497903217,0.05551528324837579,0.010307363498181536
717.5342651135335,-191.48245034559795,309.1766257268458,727.3929141613694,-183.29284435032096,-20.00066947937,727.3929141613694,-183.29284435032096,94.50344753419697,0.07189949511213013,1.7060476381993334E-4
717.5342651135335,-191.48245034559795,309.1766257268458,780.6361632055608,-194.79590187915713,-20.00066947937,780.6361632055608,-194.79590187915713,157.5546783430035,0.01608514072395455,0.012230553710678488
717.5342651135335,-191.48245034559795,309.1766257268458,795.3149118235841,-191.964920466484,-20.00066947937,795.3149118235841,-191.964920466484,225.95515876810754,0.002873190202052082,0.012476080712815175
717.5342651135335,-191.48245034559795,309.1766257268458,774.921916809914,-193.1367039373791,-20.00066947937,774.921916809914,-193.1367039373791,261.16311399935057,7.246876195870705E-4,0.0029986870382096163
717.5342651135335,-191.48245034559795,309.1766257268458,763.6996007524903,-196.1695996466809,-20.00066947937,763.6996007524903,-196.1695996466809,271.04831158029117,4.125834659990371E-4,2.2447870443538173E-4
717.5342651135335,-191.48245034559795,309.1766257268458,757.0054832670089,-197.83553346310399,-20.00066947937,757.0054832670089,-197.83553346310399,276.789141310937,2.806877990156498E-4,7.27215326352111E-5
717.5342651135335,-191.48245034559795,309.1766257268458,751.5155046047516,-198.54481677328533,-20.00066947937,751.5155046047516,-198.54481677328533,280.7291206113088,2.067940033125009E-4,3.422162614173355E-5
717.5342651135335,-191.48245034559795,309.1766257268458,746.6573269540754,-198.6064989748343,-20.00066947937,746.6573269540754,-198.6064989748343,283.73739641285994,1.5890336016031578E-4,1.9760488354702682E-5
717.5342651135335,-191.48245034559795,309.1766257268458,742.6416529171229,-198.11800757548514,-20.00066947937,742.6416529171229,-198.11800757548514,286.032641446904,1.2726361867671984E-4,1.1396061555449493E-5
717.5342651135335,-191.48245034559795,309.1766257268458,740.5997409466695,-197.88113894002348,-20.00066947937,740.5997409466695,-197.88113894002348,287.5682783140563,1.0899700651256562E-4,4.768499985914683E-6
717.5342651135335,-191.48245034559795,309.1766257268458,741.0829899984429,-197.86264303054912,-20.00066947937,741.0829899984429,-197.86264303054912,287.16162045434544,1.1361045384676432E-4,3.273447093431792E-7
717.5342651135335,-191.48245034559795,309.1766257268458,741.2695839400114,-198.0760346337019,-20.00066947937,741.2695839400114,-198.0760346337019,286.8585620953181,1.1704230055471394E-4,1.7271247198296327E-7
717.5342651135335,-191.48245034559795,309.1766257268458,741.2392759897679,-196.59176797058774,-20.00066947937,741.2392759897679,-196.59176797058774,284.37523746309535,1.4542040544410434E-4,1.068586485212634E-5
717.5342651135335,-191.48245034559795,309.1766257268458,740.4983361280742,-197.09038426714665,-20.00066947937,740.4983361280742,-197.09038426714665,283.0929848152215,1.6112605780465406E-4,3.04364902156495E-6
717.5342651135335,-191.48245034559795,309.1766257268458,739.8903337435894,-198.35065954715427,-20.00066947937,739.8903337435894,-198.35065954715427,284.7763120575171,1.3985458139271811E-4,5.183528202620102E-6
717.5342651135335,-191.48245034559795,309.1766257268458,741.3031675972007,-198.1783633191476,-20.00066947937,741.3031675972007,-198.1783633191476,287.47628337255225,1.1050117926730642E-4,1.3397098632249922E-5
717.5342651135335,-191.48245034559795,309.1766257268458,742.2420976356159,-197.9118429019437,-20.00066947937,742.2420976356159,-197.9118429019437,288.1951521777155,1.0370810389988837E-4,1.0590111436885203E-6
717.5342651135335,-191.48245034559795,309.1766257268458,738.680777040645,-195.09604608649906,-20.00066947937,738.680777040645,-195.09604608649906,280.9766649726163,1.8813972077621712E-4,9.768341009860851E-5
717.5342651135335,-191.48245034559795,309.1766257268458,726.8231008748164,-189.3540057940494,-20.00066947937,726.8231008748164,-189.3540057940494,254.25807093064415,8.224312620138565E-4,0.0014443364623664783
717.5342651135335,-191.48245034559795,309.1766257268458,719.702255384638,-183.1962279307925,-20.00066947937,719.702255384638,-183.1962279307925,221.19337688493118,0.0027225128518082865,0.0022980210508044374
717.5342651135335,-191.48245034559795,309.1766257268458,735.1085257375329,-182.3877395091131,-20.00066947937,735.1085257375329,-182.3877395091131,190.76678715985935,0.0065060956382114185,0.0019630633705882373
717.5342651135335,-191.48245034559795,309.1766257268458,744.4328710507388,-179.88532064407704,-20.00066947937,744.4328710507388,-179.88532064407704,151.4958819593026,0.01753824500076729,0.003462536197214217
717.5342651135335,-191.48245034559795,309.1766257268458,737.8841636303114,-175.01420542048848,-20.00066947937,737.8841636303114,-175.01420542048848,110.35911167536455,0.047968339244005266,0.0038184758482781777
717.5342651135335,-191.48245034559795,309.1766257268458,715.3636938026706,-170.47042758575313,-20.00066947937,715.3636938026706,-170.47042758575313,61.457751543031975,0.18976712456798878,0.005420610800648762
717.5342651135335,-191.48245034559795,309.1766257268458,718.5228813722565,-175.94189294713306,-20.00066947937,718.5228813722565,-175.94189294713306,48.010097024862375,0.30179152102305,3.4282990379163355E-4
717.5342651135335,-191.48245034559795,309.1766257268458,739.6743734389206,-191.9716132224377,-20.00066947937,739.6743734389206,-191.9716132224377,90.90878478512968,0.0795797006780635,0.004173942035089967
717.5342651135335,-191.48245034559795,309.1766257268458,757.0272315939169,-202.49854573132498,-20.00066947937,757.0272315939169,-202.49854573132498,145.76446054811595,0.02045512591169441,0.007742960283946689
717.5342651135335,-191.48245034559795,309.1766257268458,766.0477270263586,-206.78469131455992,-20.00066947937,766.0477270263586,-206.78469131455992,188.009286364421,0.0073786142578794655,0.004087270210358779
717.5342651135335,-191.48245034559795,309.1766257268458,769.2651101592681,-207.81394090821135,-20.00066947937,769.2651101592681,-207.81394090821135,216.92385153246985,0.003399161531627762,0.0016742556872273748
717.5342651135335,-191.48245034559795,309.1766257268458,769.2074799389991,-207.3594681074634,-20.00066947937,769.2074799389991,-207.3594681074634,230.6971487359757,0.002230962791695769,3.3255164451083944E-4
717.5342651135335,-191.48245034559795,309.1766257268458,767.7924705318316,-206.27483475444728,-20.00066947937,767.7924705318316,-206.27483475444728,241.20263826459293,0.0015556835696374346,1.9953903468851832E-4
717.5342651135335,-191.48245034559795,309.1766257268458,765.6176395548503,-205.09498088513237,-20.00066947937,765.6176395548503,-205.09498088513237,249.21711005761927,0.0011436687084087703,1.1956123529746028E-4
717.5342651135335,-191.48245034559795,309.1766257268458,762.9598337011012,-204.29853678485324,-20.00066947937,762.9598337011012,-204.29853678485324,255.4246915926047,8.777074835002231E-4,7.376122071590131E-5
717.5342651135335,-191.48245034559795,309.1766257268458,760.2675386578794,-203.66982863114657,-20.00066947937,760.2675386578794,-203.66982863114657,260.3046877907093,6.985043841751445E-4,4.64374483304583E-5
717.5342651135335,-191.48245034559795,309.1766257268458,757.640049341435,-203.11688311735787,-20.00066947937,757.640049341435,-203.11688311735787,263.9803259399792,5.790391326764078E-4,2.7015445108715952E-5
717.5342651135335,-191.48245034559795,309.1766257268458,755.7855787916242,-202.73162573292115,-20.00066947937,755.7855787916242,-202.73162573292115,266.470365138907,5.060917486091741E-4,1.2334510266707074E-5
717.5342651135335,-191.48245034559795,309.1766257268458,756.1531313707924,-202.67030900429387,-20.00066947937,756.1531313707924,-202.67030900429387,266.13152890364336,5.158589296558391E-4,2.430555827969954E-7
717.5342651135335,-191.48245034559795,309.1766257268458,756.3281654188685,-202.79097709750397,-20.00066947937,756.3281654188685,-202.79097709750397,265.6726997083041,5.285730843080689E-4,3.8579930388469154E-7
717.5342651135335,-191.48245034559795,309.1766257268458,756.0894865250868,-202.55116978061815,-20.00066947937,756.0894865250868,-202.55116978061815,264.6438321399791,5.556465360064934E-4,1.8779943321098596E-6
717.5342651135335,-191.48245034559795,309.1766257268458,755.214936967019,-201.97636538562494,-20.00066947937,755.214936967019,-201.97636538562494,262.3386385475061,6.185495933959012E-4,9.815856886817697E-6
717.5342651135335,-191.48245034559795,309.1766257268458,755.0905273905406,-202.00343064077143,-20.00066947937,755.0905273905406,-202.00343064077143,260.34844177210846,6.788421188175816E-4,6.7087776677022365E-6
717.5342651135335,-191.48245034559795,309.1766257268458,754.0487401882143,-201.53370563873273,-20.00066947937,754.0487401882143,-201.53370563873273,259.5305062645474,7.012911983560107E-4,1.4865576395326745E-6
717.5342651135335,-191.48245034559795,309.1766257268458,752.4027162309608,-201.00343092044744,-20.00066947937,752.4027162309608,-201.00343092044744,260.0862054537262,6.784712848955637E-4,9.132502858432893E-7
717.5342651135335,-191.48245034559795,309.1766257268458,750.765208413632,-200.6451625796508,-20.00066947937,750.765208413632,-200.6451625796508,261.76396266124084,6.225639471924113E-4,5.737554687693996E-6
717.5342651135335,-191.48245034559795,309.1766257268458,749.1344096179902,-200.31340920235283,-20.00066947937,749.1344096179902,-200.31340920235283,264.2066976198671,5.486883349031399E-4,1.1457498147537865E-5
717.5342651135335,-191.48245034559795,309.1766257268458,747.1800739405458,-199.6704504914951,-20.00066947937,747.1800739405458,-199.6704504914951,267.08874992843016,4.690057108813684E-4,1.5986414467486643E-5
717.5342651135335,-191.48245034559795,309.1766257268458,744.8898197930503,-198.9792017416483,-20.00066947937,744.8898197930503,-198.9792017416483,270.2788842458072,3.8979741344252896E-4,1.9584991590210117E-5
717.5342651135335,-191.48245034559795,309.1766257268458,742.2792897111899,-198.29846521647204,-20.00066947937,742.2792897111899,-198.29846521647204,273.90870111168454,3.107430452466461E-4,2.51598838195244E-5
717.5342651135335,-191.48245034559795,309.1766257268458,739.4003299343458,-197.584104511492,-20.00066947937,739.4003299343458,-197.584104511492,277.6800244713903,2.3995418659537027E-4,2.703573417159935E-5
717.5342651135335,-191.48245034559795,309.1766257268458,736.3317389919681,-196.93594076065233,-20.00066947937,736.3317389919681,-196.93594076065233,281.6594615814398,1.7706609784844788E-4,2.9766678301012847E-5
717.5342651135335,-191.48245034559795,309.1766257268458,733.3524615865199,-196.1575404725116,-20.00066947937,733.3524615865199,-196.1575404725116,285.3265396666866,1.2887391566791557E-4,2.5037240430116538E-5
717.5342651135335,-191.48245034559795,309.1766257268458,730.878590743628,-195.3371342439165,-20.00066947937,730.878590743628,-195.3371342439165,288.3194955897592,9.603350383600416E-5,1.6470617708667345E-5
717.5342651135335,-191.48245034559795,309.1766257268458,729.2005477905973,-194.80758526118973,-20.00066947937,729.2005477905973,-194.80758526118973,290.2305317888561,7.792135424831837E-5,6.649867414794584E-6
717.5342651135335,-191.48245034559795,309.1766257268458,728.1435932016902,-194.30931618790942,-20.00066947937,728.1435932016902,-194.30931618790942,291.0720152957308,7.053371030538948E-5,1.3103159658022738E-6
717.5342651135335,-191.48245034559795,309.1766257268458,727.6222273064769,-193.96101901600352,-20.00066947937,727.6222273064769,-193.96101901600352,291.27474186450723,6.87426679457315E-5,8.254127117646228E-8
717.529851699217,-191.47880801863488,309.2210467458041,727.3372596014838,-193.78617341562938,-20.00066947937,727.3372596014838,-193.78617341562938,291.1855900702344,6.972824318518635E-5,1.6487101488461474E-8
717.529851699217,-191.47880801863488,309.2210467458041,727.2924299966897,-193.7555394089395,-20.00066947937,727.2924299966897,-193.7555394089395,291.1783388745539,6.977525051551769E-5,1.306362887307127E-10
717.529851699217,-191.47880801863488,309.2210467458041,727.2914864812594,-193.76465395651664,-20.00066947937,727.2914864812594,-193.76465395651664,291.1600423673353,6.992414028485597E-5,5.719591319902441E-10
717.529851699217,-191.47880801863488,309.2210467458041,727.2933414592766,-193.76692564085678,-20.00066947937,727.2933414592766,-193.76692564085678,291.1582299284257,6.993941537033383E-5,5.99893276884231E-12
717.529851699217,-191.47880801863488,309.2210467458041,727.2952603202926,-193.76819271654176,-20.00066947937,727.2952603202926,-193.76819271654176,291.15686664576333,6.995100198804476E-5,3.454092743233712E-12
717.529851699217,-191.47880801863488,309.2210467458041,727.2976632576225,-193.7668282421149,-20.00066947937,727.2976632576225,-193.7668282421149,291.15757710835584,6.994570085447763E-5,1.0589326896205643E-12
717.529851699217,-191.47880801863488,309.2210467458041,727.300329535931,-193.76582079565947,-20.00066947937,727.300329535931,-193.76582079565947,291.15912441040325,6.99336769020514E-5,4.512959145527998E-12
717.529851699217,-191.47880801863488,309.2210467458041,727.3018236018243,-193.7658484539946,-20.00066947937,727.3018236018243,-193.7658484539946,291.16002607049404,6.992668997753246E-5,1.514353596664722E-12
717.529851699217,-191.47880801863488,309.2210467458041,727.3032009063503,-193.76557425336804,-20.00066947937,727.3032009063503,-193.76557425336804,291.16047330952586,6.992335410210063E-5,4.061673058563719E-13
717.529851699217,-191.47880801863488,309.2210467458041,727.3044293486846,-193.76495289368899,-20.00066947937,727.3044293486846,-193.76495289368899,291.16121746847966,6.991755278116329E-5,1.0421758529350946E-12
717.529851699217,-191.47880801863488,309.2210467458041,727.3052181402969,-193.76456380762053,-20.00066947937,727.3052181402969,-193.76456380762053,291.1616418591683,6.991426270310982E-5,3.4330185272900467E-13
717.529851699217,-191.47880801863488,309.2210467458041,727.3062911887846,-193.7639061516107,-20.00066947937,727.3062911887846,-193.7639061516107,291.1622274731755,6.990971297530091E-5,6.544885336056251E-13
717.529851699217,-191.47880801863488,309.2210467458041,727.3071783107754,-193.7635691603424,-20.00066947937,727.3071783107754,-193.7635691603424,291.1628549621827,6.990479785980875E-5,7.282820012347466E-13
717.529851699217,-191.47880801863488,309.2210467458041,727.307880247584,-193.76294428932684,-20.00066947937,727.307880247584,-193.76294428932684,291.16319639908545,6.990214993199021E-5,2.2734855420187153E-13
717.529851699217,-191.47880801863488,309.2210467458041,727.308548661742,-193.7622823178875,-20.00066947937,727.308548661742,-193.7622823178875,291.16311255253885,6.990294839274687E-5,1.9835364516563916E-14
717.529851699217,-191.47880801863488,309.2210467458041,727.3092377594548,-193.7620204395867,-20.00066947937,727.3092377594548,-193.7620204395867,291.16354836868857,6.989954999999191E-5,3.549646583770078E-13
717.529851699217,-191.47880801863488,309.2210467458041,727.3102405699957,-193.7613079158157,-20.00066947937,727.3102405699957,-193.7613079158157,291.16389813417993,6.989689848185418E-5,2.500588906134203E-13
717.529851699217,-191.47880801863488,309.2210467458041,727.3110326101497,-193.76084401977738,-20.00066947937,727.3110326101497,-193.76084401977738,291.16396578785805,6.989650461190515E-5,1.5073038852592452E-14
717.529851699217,-191.47880801863488,309.2210467458041,727.311829038197,-193.76026106622314,-20.00066947937,727.311829038197,-193.76026106622314,291.1642742166888,6.989414894712501E-5,1.9110817228622068E-13
717.529851699217,-191.47880801863488,309.2210467458041,727.3126397479717,-193.759714428428,-20.00066947937,727.3126397479717,-193.759714428428,291.16465610702323,6.989120162144037E-5,2.8401071326537575E-13
717.529851699217,-191.47880801863488,309.2210467458041,727.3131674657251,-193.75937641613186,-20.00066947937,727.3131674657251,-193.75937641613186,291.16451405312614,6.9892458243137E-5,4.3342881795543434E-14
717.529851699217,-191.47880801863488,309.2210467458041,727.314016618464,-193.75845662190807,-20.00066947937,727.314016618464,-193.75845662190807,291.164586415066,6.989201500433919E-5,1.8282356836926232E-14
717.529851699217,-191.47880801863488,309.2210467458041,727.3146621077572,-193.75783001183808,-20.00066947937,727.3146621077572,-193.75783001183808,291.1647022913056,6.989118735373226E-5,3.2867761084175954E-14
717.529851699217,-191.47880801863488,309.2210467458041,727.3162539263078,-193.7571080365303,-20.00066947937,727.3162539263078,-193.7571080365303,291.16550735728896,6.988497061614412E-5,1.243384872520118E-12
717.529851699217,-191.47880801863488,309.2210467458041,727.3169774610498,-193.75634704408336,-20.00066947937,727.3169774610498,-193.75634704408336,291.1657420720102,6.98831881668444E-5,1.1565411994138588E-13
717.529851699217,-191.47880801863488,309.2210467458041,727.3180151047386,-193.75556160992457,-20.00066947937,727.3180151047386,-193.75556160992457,291.16608569307783,6.988059127052508E-5,2.441190365836026E-13
717.529851699217,-191.47880801863488,309.2210467458041,727.3196122434689,-193.7540155560056,-20.00066947937,727.3196122434689,-193.7540155560056,291.1662600796308,6.987945675160846E-5,9.147809872761518E-14
717.529851699217,-191.47880801863488,309.2210467458041,727.320751300553,-193.75265385151803,-20.00066947937,727.320751300553,-193.75265385151803,291.16633048963763,6.98790723866257E-5,2.1860910119851796E-14
717.529851699217,-191.47880801863488,309.2210467458041,727.3229225267659,-193.74992301573744,-20.00066947937,727.3229225267659,-193.74992301573744,291.1664783763983,6.987822167932897E-5,9.04863898174859E-14
717.529851699217,-191.47880801863488,309.2210467458041,727.5008742346158,-193.50857118403238,-20.00066947937,727.5008742346158,-193.50857118403238,291.1629546524292,6.99357479684609E-5,1.7822761501624672E-10
717.529851699217,-191.47880801863488,309.2210467458041,727.5398066783459,-193.45465402202885,-20.00066947937,727.5398066783459,-193.45465402202885,291.1617362743455,6.995220253753847E-5,1.2504303410077614E-11
