717.7158251456691,-189.13555178160968,132.9556404040662,717.7158251456691,-429.48734904708226,201.73800406843276,707.784811388413,-326.37754714627346,172.2306903208728,1.0,1.0
717.7158251456691,-189.13555178160968,132.9556404040662,717.7158251456691,-429.48490665078396,201.74653815930503,707.7808645424353,-326.3841810520701,172.23786118776687,1.0,2.0495658402948465E-10
717.7158251456691,-189.13555178160968,132.9556404040662,717.7158251456691,-429.4845085198801,201.7479291784996,707.7800818889549,-326.38734561294166,172.23962633929855,1.0,3.6581581856921994E-11
717.7158251456691,-189.13555178160968,132.9556404040662,717.7158251456691,-429.4856808119984,201.74383325048058,707.798209313287,-326.3776289122496,172.23431483785984,1.0,3.429637181103648E-10
717.7158251456691,-189.13555178160968,132.9556404040662,717.7158251456691,-429.48704003234366,201.73908387455043,707.7928758180979,-326.3870542224958,172.23407811248296,1.0,2.448033400726473E-10
717.7158251456691,-189.13555178160968,132.9556404040662,717.7158251456691,-429.4872076294032,201.73849823378856,707.7898650909731,-326.3923861483844,172.23524216552119,1.0,8.717743678839712E-11
717.7158251456691,-189.13555178160968,132.9556404040662,717.7158251456691,-429.48723347783107,201.73840791016642,707.787796067826,-326.39633161687715,172.2363154569158,1.0,4.912537743195405E-11
717.7158251456691,-189.13555178160968,132.9556404040662,717.7158251456691,-429.48748446425213,201.7375308674614,707.7868248261377,-326.3990500885916,172.2365515238422,1.0,2.1084383350677954E-11
717.7158251456691,-189.13555178160968,132.9556404040662,717.7158251456691,-429.48808161307176,201.73544415208616,707.786357281347,-326.4012058428076,172.2358791196437,1.0,1.497789750564471E-11
717.7158251456691,-189.13555178160968,132.9556404040662,717.7158251456691,-429.48806700142813,201.73549521277414,707.7866752568376,-326.40327021367665,172.2365014137607,1.0,1.3659535397981254E-11
717.7158251456691,-189.13555178160968,132.9556404040662,717.7158251456691,-429.48805857885,201.73552464562744,707.7869022868524,-326.4056775575345,172.23720849129808,1.0,1.8499836438477E-11
717.7158251456691,-189.13555178160968,132.9556404040662,717.7158251456691,-429.4881755848336,201.7351157648593,707.7870885608656,-326.4073769024475,172.23744213450823,1.0,8.47367624641429E-12
717.7158251456691,-189.13555178160968,132.9556404040662,717.7158251456691,-429.488487520637,201.73402568338912,707.7874557886455,-326.4088607309537,172.23719318583426,1.0,6.568833519950797E-12
717.7158251456691,-189.13555178160968,132.9556404040662,717.7158251456691,-429.4887735174793,201.7330262310074,707.7878536533202,-326.4103478239973,172.23700115943547,1.0,6.459269467570328E-12
717.7158251456691,-189.13555178160968,132.9556404040662,717.7158251456691,-429.48895624202214,201.7323876685988,707.7885986016797,-326.4115963447922,172.23696385189683,1.0,4.307022042354028E-12
717.7158251456691,-189.13555178160968,132.9556404040662,717.7158251456691,-429.4893399046589,201.73104687251504,707.7889208969102,-326.41298395330296,172.23653241863116,1.0,6.20235463334568E-12
717.7158251456691,-189.13555178160968,132.9556404040662,717.7158251456691,-429.48950690586514,201.7304632400966,707.7895607789185,-326.4141055198503,172.23649271062848,1.0,3.486559052027477E-12
717.7158251456691,-189.13555178160968,132.9556404040662,717.7158251456691,-429.4898076158617,201.72941231140686,707.7904643121086,-326.4148250840447,172.2360492195348,1.0,1.946285192013344E-12
717.7158251456691,-189.13555178160968,132.9556404040662,717.7158251456691,-429.4900093165878,201.7287073930147,707.791719008291,-326.4155349197328,172.23581674623333,1.0,1.6372271727318438E-12
717.7158251456691,-189.13555178160968,132.9556404040662,717.7158251456691,-429.4903409654536,201.72754830540305,707.792740794891,-326.4158509224538,172.23519094366787,1.0,6.657438256867941E-13
717.7158251456691,-189.13555178160968,132.9556404040662,717.7158251456691,-429.4891789111623,201.73160950423946,707.8347444507456,-326.3874391589779,172.22957056247523,1.0,2.4479528036966706E-9
717.7158251456691,-189.13555178160968,132.9556404040662,717.7158251456691,-429.4950968110246,201.71092466100663,707.8278915340995,-326.3949374207157,172.218936876835,1.0,3.017935536179687E-10
717.7158251456691,-189.13555178160968,132.9556404040662,717.7158251456691,-429.49544439664214,201.70970953520975,707.8244534151376,-326.4008505709159,172.21987762596618,1.0,1.0382938803192475E-10
717.7158251456691,-189.13555178160968,132.9556404040662,717.7158251456691,-429.4959703762555,201.70787071702858,707.821882020665,-326.40414145278027,172.21968290735245,1.0,3.042438023686465E-11
717.7158251456691,-189.13555178160968,132.9556404040662,717.7158251456691,-429.49649750494183,201.7060278283227,707.8205323174245,-326.40679735657926,172.21930400419367,1.0,2.0758054920812058E-11
717.7158251456691,-189.13555178160968,132.9556404040662,717.7158251456691,-429.49694193537823,201.70447401851987,707.8192887266564,-326.40886415584936,172.21893517068438,1.0,1.2819142314446536E-11
717.7158251456691,-189.13555178160968,132.9556404040662,717.7158251456691,-429.4972467195306,201.7034084156155,707.8186706941596,-326.41092312333404,172.21886570765534,1.0,1.1739873386638433E-11
717.7158251456691,-189.13555178160968,132.9556404040662,717.7158251456691,-429.49737088326896,201.70297430248894,707.8177047135877,-326.41281039815846,172.21913728574236,1.0,1.0488810456942311E-11
717.7158251456691,-189.13555178160968,132.9556404040662,717.7158251456691,-429.4975429909214,201.70237255836395,707.8170616825455,-326.41459513878254,172.2192759588884,1.0,9.042012241257777E-12
717.7158251456691,-189.13555178160968,132.9556404040662,717.7158251456691,-429.49755818448,201.7023194364858,707.8166514525067,-326.4164639485122,172.21977764128613,1.0,1.1000412322510735E-11
717.7158251456691,-189.13555178160968,132.9556404040662,717.7158251456691,-429.49772137253365,201.70174887242905,707.8161125221853,-326.4183128047346,172.21995390312546,1.0,9.799355800679281E-12
717.7158251456691,-189.13555178160968,132.9556404040662,717.7158251456691,-429.4980752465965,201.7005115839853,707.8155144811889,-326.4196928297695,172.21958411439402,1.0,5.997043707209708E-12
717.7158251456691,-189.13555178160968,132.9556404040662,717.7158251456691,-429.4980723000059,201.70052188657044,707.8150140890722,-326.4212215130286,172.2200276911445,1.0,7.445758188514455E-12
717.7158251456691,-189.13555178160968,132.9556404040662,717.7158251456691,-429.49812289547424,201.700344982182,707.8148286703129,-326.4225989210571,172.2203123297643,1.0,5.78130459353449E-12
717.7158251456691,-189.13555178160968,132.9556404040662,717.7158251456691,-429.4984104712999,201.69933947910863,707.8140743578499,-326.4238979952884,172.2200625784068,1.0,5.1025225279695915E-12
717.7158251456691,-189.13555178160968,132.9556404040662,717.7158251456691,-429.4984186278042,201.6993109598241,707.8138269211605,-326.4249647190077,172.2203500391074,1.0,3.586060244607028E-12
717.7158251456691,-189.13555178160968,132.9556404040662,717.7158251456691,-429.49845048084904,201.69919958526663,707.8135069802702,-326.42609505349475,172.22060449588034,1.0,3.932194434343056E-12
717.7158251456691,-189.13555178160968,132.9556404040662,717.7158251456691,-429.49838652900587,201.69942319346387,707.8134211728782,-326.42709277245257,172.22102801115935,1.0,3.4006667220763225E-12
717.7158251456691,-189.13555178160968,132.9556404040662,717.7158251456691,-429.4986116391723,201.69863609024355,707.813285661308,-326.4278494273845,172.2207580573433,1.0,1.88891179492543E-12
717.7158251456691,-189.13555178160968,132.9556404040662,717.7158251456691,-429.4987717754967,201.69807616372088,707.8130011522899,-326.4285655657262,172.22061688650822,1.0,1.5547364939246346E-12
717.7158251456691,-189.13555178160968,132.9556404040662,717.7158251456691,-429.4989261840768,201.6975362599372,707.8127674824158,-326.4292052493459,172.22046621961815,1.0,1.2664203782880524E-12
717.7158251456691,-189.13555178160968,132.9556404040662,717.7158251456691,-429.49875162155024,201.6981466335078,707.812814674638,-326.4299040595317,172.22104323202407,1.0,2.0271411085801143E-12
717.7158251456691,-189.13555178160968,132.9556404040662,717.7158251456691,-429.49908206581733,201.69699120045954,707.812612300176,-326.43051636679155,172.22050438725455,1.0,1.5956923714892985E-12
717.7158251456691,-189.13555178160968,132.9556404040662,717.7158251456691,-429.4989177901656,201.6975656101368,707.8125347158444,-326.431329179846,172.2210917818894,1.0,2.6133020258439792E-12
717.7158251456691,-189.13555178160968,132.9556404040662,717.7158251456691,-429.4997033331045,201.69481881732642,707.8124022351516,-326.4316567425826,172.21948816772132,1.0,1.6789934170455593E-12
717.7158251456691,-189.13555178160968,132.9556404040662,717.7158251456691,-429.49936832853973,201.69599023583356,707.8120828884553,-326.43249038768545,172.22045041663992,1.0,3.3401039460009034E-12
717.7158251456691,-189.13555178160968,132.9556404040662,717.7158251456691,-429.4992273983412,201.6964830233901,707.812233633664,-326.43301779264283,172.22090575200312,1.0,1.1748500048637249E-12
717.7158251456691,-189.13555178160968,132.9556404040662,717.7158251456691,-429.5370059424363,201.56424655052547,707.8900728388581,-326.0101807765601,172.01853852561806,1.0,6.299016652867843E-7
717.7158251456691,-189.13555178160968,132.9556404040662,717.7158251456691,-429.7797718054127,200.7078312847712,709.2862092926589,-325.20314346040635,171.26479839334925,1.0,2.8253194921620703E-6
717.7158251456691,-189.13555178160968,132.9556404040662,717.7158251456691,-429.92014416886,200.2072579972937,713.2144572759416,-324.4474668850807,170.74852856241893,1.0,2.0655204962043283E-6
717.7158251456691,-189.13555178160968,132.9556404040662,717.7158251456691,-429.60105454356096,201.33942489602012,717.1903155458247,-323.3270053319581,171.11712026229503,1.0,3.900532237613143E-6
717.7158251456691,-189.13555178160968,132.9556404040662,717.7158251456691,-429.82474000695686,200.54790824161847,717.1517097427993,-322.9582847754685,170.53681335980917,1.0,7.719134633901582E-7
717.7158251456691,-189.13555178160968,132.9556404040662,717.7158251456691,-430.0240329967089,199.83418418219267,715.6763230909954,-323.11893532791794,170.15382247090395,1.0,1.8801261394759744E-7
717.7158251456691,-189.13555178160968,132.9556404040662,717.7158251456691,-430.3509200859147,198.6454120113605,713.4667391211816,-324.14149351368826,169.7215792426723,1.0,3.524485396487576E-6
717.7158251456691,-189.13555178160968,132.9556404040662,717.7158251456691,-430.4634101725294,198.23094020768403,711.6748489406292,-324.98332307515363,169.700275101297,1.0,1.9487122032411393E-6
717.7158251456691,-189.13555178160968,132.9556404040662,717.7158251456691,-430.58214724984987,197.79036518019197,710.4255714405597,-325.38752919189693,169.54285936429744,1.0,5.403605651388583E-7
717.7158251456691,-189.13555178160968,132.9556404040662,717.7158251456691,-430.56853953773066,197.84101952103464,709.6973144523566,-325.78633640690805,169.6806880019535,1.0,5.197713174779587E-7
717.7158251456691,-189.13555178160968,132.9556404040662,717.7158251456691,-430.55699490088455,197.88396089833697,708.9635834428541,-325.7808525659253,169.70527526966828,1.0,3.304494630293268E-10
717.7158251456691,-189.13555178160968,132.9556404040662,717.7158251456691,-430.6511616998648,197.53280483401934,709.7651234999147,-325.18804471364234,169.33376192652446,1.0,1.3155449474488966E-6
717.7158251456691,-189.13555178160968,132.9556404040662,717.7158251456691,-430.49355355507936,198.11939551315888,710.575029966575,-325.1130370834826,169.66792459374864,1.0,7.34744676220043E-8
717.7158251456691,-189.13555178160968,132.9556404040662,717.7158251456691,-430.3595530747125,198.61370312407905,710.7848745134409,-325.125065198465,169.9702324567817,1.0,2.421845114466234E-8
717.7158251456691,-189.13555178160968,132.9556404040662,717.7158251456691,-430.41649558374627,198.4041404476133,711.6034909068704,-324.10134678816024,169.56569630474016,1.0,3.538737711754115E-6
717.7158251456691,-189.13555178160968,132.9556404040662,717.7158251456691,-430.683482803209,197.4118039509661,711.7474698504542,-322.5099667615591,168.5461050731715,1.0,9.65749957115611E-6
717.7158251456691,-189.13555178160968,132.9556404040662,717.7158251456691,-431.2912343295977,195.08957163103773,712.591607039735,-318.54843579356753,166.16126725731817,1.0,5.96332417295858E-5
717.7158251456691,-189.13555178160968,132.9556404040662,717.7158251456691,-432.14688815187503,191.653940171076,714.104914623224,-312.3120790138251,162.70837880602872,1.0,1.4624072296073534E-4
717.7158251456691,-189.13555178160968,132.9556404040662,717.7158251456691,-433.1961736016307,187.12586171453086,716.0786822183518,-304.27101102889594,158.5104114343015,1.0,2.4104953965864266E-4
717.7158251456691,-189.13555178160968,132.9556404040662,717.7158251456691,-434.21185959186613,182.32773120537252,718.013930051054,-294.98033468154784,154.27870618252658,1.0,3.138807059129515E-4
717.7158251456691,-189.13555178160968,132.9556404040662,717.7158251456691,-435.1168659760791,177.60083126670796,719.6318701482246,-285.61244795219045,150.46603324620548,1.0,3.1120344161712137E-4
717.7158251456691,-189.13555178160968,132.9556404040662,717.7158251456691,-435.92157451045307,172.91385590074225,720.6550546008122,-276.1173327066297,147.03924492937387,1.0,3.1301666964793145E-4
717.7158251456691,-189.13555178160968,132.9556404040662,717.7158251456691,-436.68685125188085,167.86057029341174,721.6682803348957,-266.2884313086608,143.8342577105217,1.0,3.303607760690909E-4
717.7158251456691,-189.13555178160968,132.9556404040662,717.7158251456691,-437.3341572206908,162.91314794550445,722.4012215934085,-256.4555837776108,141.08115087034102,1.0,3.24601129135601E-4
717.7158251456691,-189.13555178160968,132.9556404040662,717.7158251456691,-437.9342427133116,157.43443511850066,723.0509706714224,-246.25875031563788,138.5758751613713,0.796677520357053,3.451897941351258E-4
717.7158251456691,-189.13555178160968,132.9556404040662,717.7158251456691,-437.187809897236,164.1017034576643,723.6890831419862,-241.1430598774561,139.48583343161238,0.6306236772325741,8.249344553164455E-5
717.7158251456691,-189.13555178160968,132.9556404040662,717.7158251456691,-437.1885248956126,164.09600856668982,723.7772045628183,-240.4360346387093,139.39586122881818,0.6090907560156154,1.501316575701744E-6
717.7158251456691,-189.13555178160968,132.9556404040662,717.7158251456691,-437.22934390002087,163.76911655179381,722.6771257808088,-240.78230887342568,139.37021492512716,0.620193028478005,3.4947491518281444E-7
717.7158251456691,-189.13555178160968,132.9556404040662,717.7158251456691,-437.3352740036531,162.90389392410435,721.9068507691763,-241.12838338800628,139.22919497629903,0.630620969804753,3.8041015108304377E-7
717.7158251456691,-189.13555178160968,132.9556404040662,717.7158251456691,-437.3606463409308,162.69286339169665,721.499548977835,-241.24293703886715,139.19807506784724,0.6342319846027208,4.0342019846572195E-8
717.7158251456691,-189.13555178160968,132.9556404040662,717.7158251456691,-437.4020590956601,162.3451171956416,725.8295389473088,-236.8872960289594,138.6084318115655,0.5061497670599229,5.77733417892165E-5
717.7158251456691,-189.13555178160968,132.9556404040662,717.7158251456691,-438.1432148485176,155.20836459588756,728.6163008298219,-235.06400892213907,137.0600654515374,0.45324552066119117,1.1168543070726952E-5
717.7158251456691,-189.13555178160968,132.9556404040662,717.7158251456691,-438.33012995495756,153.00712935145432,730.5538292586601,-234.8534590377238,136.63434047355966,0.4446317162747165,1.6422352287049315E-7
717.7158251456691,-189.13555178160968,132.9556404040662,717.7158251456691,-438.32202564025033,153.1075943018153,731.5981804974292,-234.26573694357407,136.60536262493085,0.42915885071680787,1.0137666529744084E-6
717.7158251456691,-189.13555178160968,132.9556404040662,717.7158251456691,-438.96775178847633,142.1137974091063,739.5792483045094,-227.37752607647715,134.3574853414501,0.27402420475651884,1.447579278359502E-4
717.7158251456691,-189.13555178160968,132.9556404040662,717.7158251456691,-439.1263010477127,135.10628713759183,743.3587866982224,-226.6074334041102,133.27800745183526,0.2535698017450904,1.6558449497054526E-6
717.7158251456691,-189.13555178160968,132.9556404040662,717.7158251456691,-439.1282504269436,134.86630102888645,746.8472800401233,-225.09674356757142,133.23048696374323,0.22282506047245138,6.571858950841545E-6
717.7158251456691,-189.13555178160968,132.9556404040662,717.7158251456691,-439.1003462984758,137.15105482232156,749.8097905213288,-223.70425753984992,133.535842295452,0.1966598527359541,5.655636252564288E-6
717.7158251456691,-189.13555178160968,132.9556404040662,717.7158251456691,-438.99482613117016,141.34271507352278,753.0249088084823,-222.03392703884867,134.05994654000833,0.1681692336828985,8.263737978519208E-6
717.7158251456691,-189.13555178160968,132.9556404040662,717.7158251456691,-439.08967702950645,137.74471876620768,754.1632341236676,-221.3057356564156,133.57201563431354,0.15676620624206156,1.5941666472595863E-6
717.7158251456691,-189.13555178160968,132.9556404040662,717.7158251456691,-439.1261745199395,130.79033606008443,749.6897067175868,-224.28597916048753,132.65118349179247,0.20503648415494904,2.6116939468674623E-5
717.7158251456691,-189.13555178160968,132.9556404040662,717.7158251456691,-439.00939682626375,125.01450933851949,742.1889250221323,-228.66911929014617,131.6992414359476,0.29159472964719435,5.613163922142752E-5
717.7158251456691,-189.13555178160968,132.9556404040662,717.7158251456691,-439.08373747663364,127.86599721757239,737.0807284815012,-232.12728231283666,132.0802086910278,0.3689935356907936,3.516772172183097E-5
717.7158251456691,-189.13555178160968,132.9556404040662,717.7158251456691,-439.1329596886863,131.8172029913111,731.5027477145072,-235.82673956912015,132.74301821942726,0.46311474951838516,4.006174136854721E-5
717.7158251456691,-189.13555178160968,132.9556404040662,717.7158251456691,-439.1274386649233,130.94156679058395,730.5402576280194,-236.50756012409767,132.57398517033135,0.4816375001350986,1.3673150190523439E-6
717.7158251456691,-189.13555178160968,132.9556404040662,717.7158251456691,-439.1317430897707,131.57566525450775,730.9178915093063,-236.58217290778748,132.69373578167165,0.48288713014659657,1.652239157297789E-8
717.7158251456691,-189.13555178160968,132.9556404040662,717.7158251456691,-439.1304865418274,131.36422775033208,731.7370043046324,-235.69797187428054,132.6592343004984,0.4595843693726911,2.3078885056264165E-6
717.7158251456691,-189.13555178160968,132.9556404040662,717.7158251456691,-439.1312293959254,131.48554715562057,731.9578178890763,-235.5061400568544,132.68295933453564,0.4545460312794908,1.0835394280892236E-7
717.7158251456691,-189.13555178160968,132.9556404040662,717.7158251456691,-438.9989126793122,124.69120570443427,725.6822595443417,-238.78645355932153,131.3133962829374,0.5491049430342858,3.1680649570136546E-5
717.7158251456691,-189.13555178160968,132.9556404040662,717.7158251456691,-438.80965279919303,120.19463413255347,725.0401332452893,-239.24046690497622,130.39474548738494,0.563516910623661,7.313993716047584E-7
717.7158251456691,-189.13555178160968,132.9556404040662,717.7158251456691,-438.9566243078825,123.49880574215491,732.7971675776407,-234.22710442341776,131.2487253161182,0.4236317738264921,7.397260188660973E-5
717.7158251456691,-189.13555178160968,132.9556404040662,717.7158251456691,-439.1349506350675,132.4073951033908,746.4484113864236,-225.35233091608208,132.87621749722268,0.22749611525210345,2.2680724221231727E-4
717.7158251456691,-189.13555178160968,132.9556404040662,717.7158251456691,-438.8699232922565,144.47708502625807,759.4462852001333,-215.2412417380213,134.16002112001456,0.08612950257446718,3.061416634851669E-4
717.7158251456691,-189.13555178160968,132.9556404040662,717.7158251456691,-438.7539548482183,119.14793058396488,745.7110956114774,-225.63604299250414,130.9366058107045,0.23422457987762704,3.288433055731607E-4
717.7158251456691,-189.13555178160968,132.9556404040662,717.7158251456691,-438.0669979809898,109.86592206266785,721.9394665692329,-242.9729356737977,127.96193611604824,0.68389430697228,8.960179386851716E-4
717.7158251456691,-189.13555178160968,132.9556404040662,717.7158251456691,-437.8611677691934,107.74516735025286,713.5923211571325,-247.7988192113451,127.00961543629683,0.8557064249532507,6.904119922577394E-5
717.7158251456691,-189.13555178160968,132.9556404040662,717.7158251456691,-438.05670036303616,109.75517082038328,722.010518576353,-241.26484284212384,128.0969771745223,0.6301044137599159,1.292604661407662E-4
717.7158251456691,-189.13555178160968,132.9556404040662,717.7158251456691,-438.68472785803255,117.94868469751198,741.6738887030242,-229.21212502172952,130.54558492345515,0.30348802228580496,4.162335026049015E-4
717.7158251456691,-189.13555178160968,132.9556404040662,717.7158251456691,-439.1015460334079,128.83232648077762,756.4078389790578,-220.8963135680579,132.43173077515726,0.14737242510543222,1.9509963104098052E-4
717.7158251456691,-189.13555178160968,132.9556404040662,717.7158251456691,-439.13523103157036,133.35610877585103,763.6724046469806,-216.33175489312194,132.9992053366752,0.08808438293334754,6.0526156722669615E-5
717.7158251456691,-189.13555178160968,132.9556404040662,717.7158251456691,-439.13532742611164,133.2905697976449,766.3274285377205,-214.77682680155687,132.9899925016666,0.07131780932639147,7.0632085764864385E-6
717.7158251456691,-189.13555178160968,132.9556404040662,717.7158251456691,-238.19971246562915,-112.18250052135716,794.1944867014454,-190.34072244214605,126.93427386883931,0.004275780149825714,2.0292256575055973E-4
717.7158251456691,-189.13555178160968,132.9556404040662,717.7158251456691,-378.1596433533098,-30.659434712787032,778.7134506954462,-201.93381697761592,121.87774496757004,0.012775580953764363,4.303106832504085E-4
717.7158251456691,-189.13555178160968,132.9556404040662,717.7158251456691,-415.96660338740776,27.847724301577685,746.163255353833,-222.67237487977505,117.41550353307062,0.23964057864353008,0.0011521072465083052
717.7158251456691,-189.13555178160968,132.9556404040662,717.7158251456691,-427.5902209476676,57.859896497331576,706.2468195355234,-252.15035628849014,113.11059548156055,1.0,0.0024274687847684827
717.7158251456691,-189.13555178160968,132.9556404040662,717.7158251456691,-428.42465891062716,60.56280091425488,689.4465519605129,-262.93635577003556,110.62846545885424,1.0,3.496448626672335E-4
717.7158251456691,-189.13555178160968,132.9556404040662,717.7158251456691,-427.60780261883804,57.91574714304136,696.0775781998746,-259.19223869608714,110.9109526476208,1.0,3.845007592336161E-5
717.7158251456691,-189.13555178160968,132.9556404040662,717.7158251456691,-426.47149079849316,54.39577755429934,715.6551508326629,-246.97734946365105,113.80959909355957,0.9341440139697076,4.42678747467877E-4
717.7158251456691,-189.13555178160968,132.9556404040662,717.7158251456691,-424.88896502117404,49.76713070533921,758.3942309224906,-218.12210871393688,122.72737503406591,0.1318991565042849,0.0024870829962529693
717.7158251456691,-189.13555178160968,132.9556404040662,717.7158251456691,60.475311994948925,146.89897876761125,809.3589859681222,-181.41070266457862,133.38715281268682,0.010907463805279302,0.0036967927175980534
717.7158251456691,-189.13555178160968,132.9556404040662,717.7158251456691,57.92141792831069,171.2029111269753,855.6162070467451,-145.7487969531794,139.6724108706507,5.99398195031381E-4,0.003749935277104252
717.7158251456691,-189.13555178160968,132.9556404040662,717.7158251456691,59.7801824284077,156.21412837486903,874.7175983818137,-132.08236960643254,138.2866443099815,3.0196910495339945E-4,5.495127925396208E-4
717.7158251456691,-189.13555178160968,132.9556404040662,717.7158251456691,60.85779979965008,134.7788697282742,870.8822043418484,-133.6680719122518,133.36017090536978,8.506236169430992E-4,7.0873071716943525E-6
717.7158251456691,-189.13555178160968,132.9556404040662,717.7158251456691,59.06295555423458,102.99732008635044,845.390405209842,-155.64847211679378,128.91364728383385,1.8683741925148506E-4,0.001532589800969349
717.7158251456691,-189.13555178160968,132.9556404040662,717.7158251456691,5.147911748299265,-24.378195113989335,818.4155341162171,-182.13968101558885,127.29027310821681,0.016520206377805,0.001315370510300484
717.7158251456691,-189.13555178160968,132.9556404040662,717.7158251456691,-433.21849368332926,78.88607897989903,763.3380261859027,-222.19777936827722,125.6316540107978,0.15619887232626645,0.004034521309601632
717.7158251456691,-189.13555178160968,132.9556404040662,717.7158251456691,-433.68812183790953,81.0514933745796,700.5041155822281,-266.0210813073319,116.63735829390762,1.0,0.0049762092081077625
717.7158251456691,-189.13555178160968,132.9556404040662,717.7158251456691,-430.1713845531608,66.61012570921417,638.0808424482174,-293.38212395724014,104.26159766926102,1.0,0.0015357323170840564
717.7158251456691,-189.13555178160968,132.9556404040662,717.7158251456691,-425.9247975014017,52.763040299992255,615.5858589566187,-298.9158880231193,95.77671119744173,1.0,1.4530650242441682E-4
717.7158251456691,-189.13555178160968,132.9556404040662,717.7158251456691,-419.0961988237234,34.88372387353034,615.4708290319502,-293.587957977574,88.40955048117502,1.0,1.8776136833284515E-4
717.7158251456691,-189.13555178160968,132.9556404040662,717.7158251456691,-409.8314815061151,15.510731604083858,637.3172034870635,-279.807781144043,84.70376860264605,1.0,5.415377965583855E-4
717.7158251456691,-189.13555178160968,132.9556404040662,717.7158251456691,-398.42902725405935,-3.77855840758113,670.5958634453322,-261.4464656804785,85.71396287455636,1.0,5.883649494685079E-4
717.7158251456691,-189.13555178160968,132.9556404040662,717.7158251456691,-387.5849717105511,-19.089838745649615,703.1932864101575,-244.72386195893958,90.36568847041212,1.0,6.225571846103266E-4
717.7158251456691,-189.13555178160968,132.9556404040662,717.7158251456691,-362.2622038584283,-47.3972424136814,755.5830585635817,-218.18709733510343,102.6914960448322,0.29883343256751693,0.0015357092482524099
717.7158251456691,-189.13555178160968,132.9556404040662,717.7158251456691,-186.69473250600709,-117.03244411450413,805.3735277040527,-188.9674764740705,115.74141049095095,2.3010918165264173E-4,1.2720368905617876E-4
717.7158251456691,-189.13555178160968,132.9556404040662,717.7158251456691,58.21012078603502,96.62220866331941,853.8198748934399,-157.54027870309773,128.31450524365857,0.006778115122065837,0.002792321654636479
717.7158251456691,-189.13555178160968,132.9556404040662,717.7158251456691,60.786118744982986,139.21332377710954,882.2520270497823,-136.41665062399812,134.27564675055066,0.006449319766630811,0.0013060655221982383
717.7158251456691,-189.13555178160968,132.9556404040662,717.7158251456691,60.585526580476824,144.76169908919272,903.7434986586568,-121.02468493027766,136.17571656430013,0.013621823898583291,6.941667535347921E-4
717.7158251456691,-189.13555178160968,132.9556404040662,717.7158251456691,60.81083632970456,138.13280855936796,923.0453142802035,-103.62188686662655,134.72689473659062,0.022240390339504795,9.323308005791823E-4
717.7158251456691,-189.13555178160968,132.9556404040662,717.7158251456691,59.79529495286147,109.8594601125281,928.9476468621706,-90.37396499557327,123.79239107513996,0.012173186556539982,6.395101921933268E-4
717.7158251456691,-189.13555178160968,132.9556404040662,717.7158251456691,50.89987418057291,63.07721538494047,900.6682884820963,-108.77332245025927,109.56081860144909,0.0011211607444104022,0.0013501731108938532
717.7158251456691,-189.13555178160968,132.9556404040662,717.7158251456691,-67.82709593891393,-85.6404678436808,842.7179198952547,-170.34967348852817,99.103755501595,0.0030334187040795763,0.0024405513221427096
717.7158251456691,-189.13555178160968,132.9556404040662,717.7158251456691,-307.6768957381317,-87.15330937531357,802.6844216187978,-209.13517898474663,95.8200993958913,0.11590893052474513,8.056112455696634E-4
717.7158251456691,-189.13555178160968,132.9556404040662,717.7158251456691,-416.88985578059936,29.863560155698977,737.537530000955,-266.5052346835354,97.93456102832175,1.0,0.007277501753956508
717.7158251456691,-189.13555178160968,132.9556404040662,717.7158251456691,-429.72936080613454,65.02465293096611,684.8779174597702,-306.22736079394906,99.89509639643111,1.0,0.003989864198140907
717.7158251456691,-189.13555178160968,132.9556404040662,717.7158251456691,-431.1711507866147,70.35557000244114,665.4142673652589,-315.49568927572403,100.2738632786814,1.0,2.152535508830936E-4
717.7158251456691,-189.13555178160968,132.9556404040662,717.7158251456691,-431.8000575196247,72.83960548055461,681.5660772778124,-302.7312315968635,104.81422831676875,1.0,5.46114354256849E-4
717.7158251456691,-189.13555178160968,132.9556404040662,717.7158251456691,-434.86479286095704,86.94324991446004,718.4840999212956,-273.6918349603728,117.12261742771372,1.0,0.002833091767016474
717.7158251456691,-189.13555178160968,132.9556404040662,717.7158251456691,-436.9087778460091,166.24870943712483,778.4462386053747,-225.33471175874635,137.81968948313943,0.14379418176544823,0.007227701813872822
717.7158251456691,-189.13555178160968,132.9556404040662,717.7158251456691,34.3529230251543,244.99537276962673,844.0555593554777,-161.71925049864421,146.70004069519055,0.0013644421001925634,0.010771834873175585
717.7158251456691,-189.13555178160968,132.9556404040662,717.7158251456691,60.42355386524173,118.11472436954654,881.9090497492864,-109.69227275625855,128.23126446728688,0.028661069386743086,0.010827645796761797
717.7158251456691,-189.13555178160968,132.9556404040662,717.7158251456691,16.09394841034546,-9.805881901351512,856.4750508517419,-117.31426067855735,82.99539179350009,0.2598314330035948,0.0029628597424582077
717.7158251456691,-189.13555178160968,132.9556404040662,717.7158251456691,-163.1033437959809,-115.68531388020486,812.0144837446144,-182.138662228152,66.12637657236257,0.4175624919836046,3.769854902857031E-4
717.7158251456691,-189.13555178160968,132.9556404040662,717.7158251456691,-81.32411007032005,-92.60298398465719,854.4296178287763,-173.19694275697026,99.60954402317628,0.0013797497750655872,0.0033760264510396677
717.7158251456691,-189.13555178160968,132.9556404040662,717.7158251456691,57.43701825809691,91.70072913263108,883.4077903534777,-140.00255953649318,124.73502918504059,0.01295865123051819,0.0045694657777319144
717.7158251456691,-189.13555178160968,132.9556404040662,717.7158251456691,-106.96285431629347,-103.15375752679466,811.6772004823271,-174.9950427876794,92.32527085337676,0.08968837822132054,0.003149435701162439
717.7158251456691,-189.13555178160968,132.9556404040662,717.7158251456691,-321.8074383071605,-78.93624364473678,764.7854819438041,-225.75758808138767,74.4661406880193,1.0,0.004622519768397115
717.7158251456691,-189.13555178160968,132.9556404040662,717.7158251456691,-332.1601131633581,-72.09063447445598,773.6253460254936,-220.66009174040147,87.76067931933144,0.4886030632041017,6.107419046164524E-4
717.7158251456691,-189.13555178160968,132.9556404040662,717.7158251456691,-355.13760862220613,-53.97567619294324,778.1605639506837,-217.34717794433755,101.18713992695845,0.22091774645074766,4.75867394650988E-4
717.7158251456691,-189.13555178160968,132.9556404040662,717.7158251456691,-393.2537669025048,-11.390312971357446,774.7450117273136,-220.23874589423644,110.9604441176943,0.17448032275992548,1.9544543213041807E-4
717.7158251456691,-189.13555178160968,132.9556404040662,717.7158251456691,-411.30691149889776,18.326294591698485,771.3936339071324,-220.40084436258314,116.82430808585119,0.1499059595710851,2.2832876070808E-5
717.7158251456691,-189.13555178160968,132.9556404040662,717.7158251456691,-419.70794355879354,36.33073600489564,768.8909771805118,-220.22086848420182,119.92886069529482,0.14011509708057623,5.314769793945218E-6
717.7158251456691,-189.13555178160968,132.9556404040662,717.7158251456691,-421.2256638871987,40.03535272255337,768.5818609484244,-220.1178474252088,120.55147635709824,0.1372731132736962,3.1367717484259567E-7
717.7158251456691,-189.13555178160968,132.9556404040662,717.7158251456691,-417.188594867388,30.5261058970885,767.8530986409343,-219.96233191316222,119.10985831539568,0.14381893587633465,1.567970346335697E-6
717.7158251456691,-189.13555178160968,132.9556404040662,717.7158251456691,-414.66848854655177,25.09047255929525,767.6314247984118,-220.05828196405773,118.16629065678438,0.14991892700933032,7.14934273060539E-7
717.7158251456691,-189.13555178160968,132.9556404040662,717.7158251456691,-413.92054885212735,23.540353117474666,767.6950071974794,-220.25612623562387,117.80753604307313,0.15363233321400022,3.3026094820226643E-7
717.7158251456691,-189.13555178160968,132.9556404040662,717.7158251456691,-413.264709035274,22.203119580555395,767.6832594092726,-220.28420093337826,117.5636608148105,0.1552225722730382,5.2135907616275376E-8
717.7158251456691,-189.13555178160968,132.9556404040662,717.7158251456691,-412.8616301878651,21.391121667336748,767.6792426790443,-220.2919028475174,117.41903717469768,0.1560743989109427,1.4990386972175042E-8
717.7158251456691,-189.13555178160968,132.9556404040662,717.7158251456691,-412.56413866081743,20.796527688423083,767.7036537563066,-220.3004608137894,117.31114032582533,0.15666960309692388,9.232154225548951E-9
717.7158251456691,-189.13555178160968,132.9556404040662,717.7158251456691,-412.43469204286384,20.53903149512979,767.7172007878733,-220.31420042379443,117.25921655479894,0.15705459705464556,3.729096447633357E-9
717.7158251456691,-189.13555178160968,132.9556404040662,717.7158251456691,-412.3766160483573,20.42374614714967,767.7285370237053,-220.32289636314627,117.23464850622273,0.15724682350551622,1.0413820027605073E-9
717.7158251456691,-189.13555178160968,132.9556404040662,717.7158251456691,-409.66259584867487,15.193919819477742,767.0282615963494,-220.3217421884968,116.3021752640866,0.16436105757025396,5.655613921771503E-7
717.7158251456691,-189.13555178160968,132.9556404040662,717.7158251456691,-397.4829432047121,-5.215863485804391,765.2170640281669,-221.87989491134724,111.24029708626111,0.22303475101210543,5.021947301066101E-5
717.7158251456691,-189.13555178160968,132.9556404040662,717.7158251456691,-378.65516251163353,-30.085204627907956,764.3681251629415,-221.86873911477625,104.79577608800932,0.2888510312120045,5.263075604798788E-5
717.7158251456691,-189.13555178160968,132.9556404040662,717.7158251456691,-347.34564532943193,-60.614931480167655,760.2390589923225,-220.78444233032457,94.23311830932724,0.4464906760075647,2.4210388100499394E-4
717.7158251456691,-189.13555178160968,132.9556404040662,717.7158251456691,-332.09887210931106,-72.13333794650009,762.9410198866598,-219.4570472370915,89.4577382094908,0.5055201411270975,6.615490975442501E-5
717.7158251456691,-189.13555178160968,132.9556404040662,717.7158251456691,-329.0241454440139,-74.24277021521138,766.7999652321632,-219.2808846146804,88.30535915472345,0.5036137419328056,3.102361984251518E-6
717.7158251456691,-189.13555178160968,132.9556404040662,717.7158251456691,-326.944976975769,-75.63142134151619,767.1837168515005,-219.27810939545572,87.33214609436388,0.5217964326649064,1.953496762499014E-6
717.7158251456691,-189.13555178160968,132.9556404040662,717.7158251456691,-328.3300651558044,-74.70968517177744,766.9758121877169,-219.21922041453936,88.07359232808699,0.5064935080668139,1.2416794620889257E-6
717.7158251456691,-189.13555178160968,132.9556404040662,717.7158251456691,-328.98711684408363,-74.26776500559453,766.8452241161207,-219.29919772812048,88.261014142179,0.5045153530508701,1.1780467273833239E-7
717.7158251456691,-189.13555178160968,132.9556404040662,717.7158251456691,-315.7793663011595,-82.59329660082338,765.8690469547457,-218.42769038546362,83.1001511121992,0.6172289360484506,7.286450675451818E-5
717.7158251456691,-189.13555178160968,132.9556404040662,717.7158251456691,-306.0944248613106,-87.99825073145195,766.5888888229721,-218.18981744074034,78.06751706266442,0.744808018041939,6.308218594133454E-5
717.7158251456691,-189.13555178160968,132.9556404040662,717.7158251456691,-304.9599471671568,-88.59505229079411,767.8053567865336,-218.58758711825132,76.6193322507954,0.7835422680691225,6.37738152971183E-6
717.7158251456691,-189.13555178160968,132.9556404040662,717.7158251456691,-304.18688517796704,-88.99748681814759,768.5596400236416,-218.57443108331404,76.16315369363005,0.7902400634143156,4.952378703373643E-7
717.7158251456691,-189.13555178160968,132.9556404040662,717.7158251456691,-296.2207106171209,-92.94869500624264,767.8332963185271,-217.51834412559174,73.07996845026219,0.8799077652621066,3.16070246389693E-5
717.7158251456691,-189.13555178160968,132.9556404040662,717.7158251456691,-292.4807682940958,-94.68391289014355,769.2257607761828,-217.87235853988093,69.6567856112608,0.9919159749765416,3.200314024099106E-5
717.7158251456691,-189.13555178160968,132.9556404040662,717.7158251456691,-291.772444583918,-95.0041548140544,769.9980972717804,-217.92769241013735,69.00738259571128,1.0,1.1118375608183467E-6
717.7158251456691,-189.13555178160968,132.9556404040662,717.7158251456691,-288.2355587461006,-96.56383288662835,769.7998754261337,-217.38014219701424,67.54006966875937,1.0,7.279928534324996E-6
717.7158251456691,-189.13555178160968,132.9556404040662,717.7158251456691,-284.39030216991046,-98.1861613723812,770.3997503512469,-217.23963730273263,64.75926239508479,1.0,2.0635952625442774E-5
717.7158251456691,-189.13555178160968,132.9556404040662,717.7158251456691,-285.0832859236928,-97.8993623855639,769.9524873552537,-217.4991240010441,64.71148016006228,1.0,6.034364271141954E-8
717.7158251456691,-189.13555178160968,132.9556404040662,717.7158251456691,-286.6847632699651,-97.22722459244065,768.0943646165385,-217.22003045276404,66.685850378841,1.0,1.0993483154649042E-5
717.7158251456691,-189.13555178160968,132.9556404040662,717.7158251456691,-290.1056219074271,-95.74732183907463,764.5967521647431,-216.7930732197433,70.3097783845352,1.0,3.6186988160672736E-5
717.7158251456691,-189.13555178160968,132.9556404040662,717.7158251456691,-295.2847135855996,-93.39001439918016,759.330486577611,-215.8879180444594,75.91061285611062,0.8373293462569843,8.930212343428114E-5
717.7158251456691,-189.13555178160968,132.9556404040662,717.7158251456691,-296.41597665466486,-92.85602988570594,756.483773148692,-214.6801088099687,79.18759188811688,0.7369640581155195,3.6209792799966164E-5
717.7158251456691,-189.13555178160968,132.9556404040662,717.7158251456691,-294.98777019797444,-93.52903425701149,756.6692443718528,-214.36932742569843,78.96467495502733,0.73801072086601,3.2752958547066847E-7
717.7158251456691,-189.13555178160968,132.9556404040662,717.7158251456691,-288.5026085621211,-96.44834392658709,756.9407928827341,-213.08356412045097,77.66800660139813,0.7582192193153195,8.608288088680444E-6
717.7158251456691,-189.13555178160968,132.9556404040662,717.7158251456691,-279.4908152811643,-100.14503818337602,757.9878229614371,-212.36940002472517,73.01640076370407,0.8962643602393288,6.42791920908514E-5
717.7158251456691,-189.13555178160968,132.9556404040662,717.7158251456691,-279.81528298279983,-100.01900703483415,759.1950404812327,-212.76256593393816,72.25304215793915,0.9190396957714023,2.1430335014531787E-6
717.7158251456691,-189.13555178160968,132.9556404040662,717.7158251456691,-279.4372087787926,-100.16581022534956,759.7246459139543,-212.7881354648044,71.89447272768544,0.9278162458553478,3.467203603233523E-7
717.7158251456691,-189.13555178160968,132.9556404040662,717.7158251456691,-271.7907007896151,-102.98529784630281,759.726098666251,-211.51964045495868,69.0597676501751,1.0,2.885219405969497E-5
717.7158251456691,-189.13555178160968,132.9556404040662,717.7158251456691,-269.8536448168506,-103.6549879640487,761.1911192108134,-211.68064025040096,66.86875271103705,1.0,1.3443889160166553E-5
717.7158251456691,-189.13555178160968,132.9556404040662,717.7158251456691,-264.87153927843553,-105.2964533913098,761.495605736127,-210.81991821613695,64.74043814148499,1.0,1.568093355137074E-5
717.7158251456691,-189.13555178160968,132.9556404040662,717.7158251456691,-262.3838344164368,-106.07299614613567,762.0397762687855,-210.5884104360055,62.94925431814437,1.0,9.441231076296796E-6
717.7158251456691,-189.13555178160968,132.9556404040662,717.7158251456691,-264.16778754605036,-105.51901987704079,761.6354548089589,-210.87649654043614,63.856481053031985,1.0,2.6812058762174892E-6
717.7158251456691,-189.13555178160968,132.9556404040662,717.7158251456691,-266.6254808922881,-104.73178224682212,759.7736506281208,-210.76628223776044,66.60698540871601,1.0,2.0938703434974815E-5
717.7158251456691,-189.13555178160968,132.9556404040662,717.7158251456691,-271.17440510335507,-103.20029652247632,756.2429116353633,-210.66428553855621,70.98331771356632,0.9631190286274613,5.2040506818748546E-5
717.7158251456691,-189.13555178160968,132.9556404040662,717.7158251456691,-273.0202365377977,-102.55096176104288,754.1744119443098,-210.1919656598703,73.8396706574481,0.8678661789473489,2.4251739933758442E-5
717.7158251456691,-189.13555178160968,132.9556404040662,717.7158251456691,-271.06816092171607,-103.2371781986478,754.1226346340857,-209.81812155378225,73.33256112334712,0.8816859227230566,1.0685583382761788E-6
717.7158251456691,-189.13555178160968,132.9556404040662,717.7158251456691,-272.44881590767244,-102.75371456654352,754.1982258878083,-210.06225841003499,73.74993561278978,0.8692448724920423,6.651601142454374E-7
717.7158251456691,-189.13555178160968,132.9556404040662,717.7158251456691,-273.0587986604256,-102.53722282817128,754.176075314323,-210.20341800646293,73.8381452641494,0.8680530197527574,5.006573331008262E-8
717.7158251456691,-189.13555178160968,132.9556404040662,717.7158251456691,-264.59879204304394,-105.38298292258861,754.1167211746547,-208.74042948713162,71.03675716192328,0.9539778704624828,2.9177119022006984E-5
717.7158251456691,-189.13555178160968,132.9556404040662,717.7158251456691,-262.1077477351447,-106.15742619355595,755.9080386277219,-208.6996933133232,68.84845799206013,1.0,1.3151358774463255E-5
717.7158251456691,-189.13555178160968,132.9556404040662,717.7158251456691,-262.1276257567022,-106.1513589431186,756.6322751251745,-208.83945823083243,68.40970151076974,1.0,6.224955815501603E-7
717.7158251456691,-189.13555178160968,132.9556404040662,717.7158251456691,-260.61235193356106,-106.60868715752633,756.6514454097163,-208.53370265519817,67.94006947629185,1.0,8.52358851753368E-7
717.7158251456691,-189.13555178160968,132.9556404040662,717.7158251456691,-255.3098705501647,-108.12724894214531,757.1124081985076,-207.7349379859874,65.19530906011639,1.0,2.4560292937768432E-5
717.7158251456691,-189.13555178160968,132.9556404040662,717.7158251456691,-254.1093284663711,-108.45357305581555,757.5784727056264,-207.57575381011785,64.44131208755425,1.0,1.7487053063629912E-6
717.7158251456691,-189.13555178160968,132.9556404040662,717.7158251456691,-257.0974797984412,-107.62943049650946,756.6553548316455,-207.99552798002514,66.19136747532866,1.0,9.622829942913528E-6
717.7158251456691,-189.13555178160968,132.9556404040662,717.7158251456691,-261.90594513715286,-106.21891896812019,754.1921380731319,-208.35627569685374,69.78285870997402,0.9979011085706747,3.7625963970254734E-5
717.7158251456691,-189.13555178160968,132.9556404040662,717.7158251456691,-269.2873393984444,-103.84742322017371,749.9500513335872,-208.646191155109,75.31276911841121,0.8260282859044465,8.581937940342426E-5
717.7158251456691,-189.13555178160968,132.9556404040662,717.7158251456691,-274.4590553813818,-102.03350771443667,746.8118006136085,-208.29752043532926,80.18173286116209,0.6823037867434851,6.661030852715727E-5
717.7158251456691,-189.13555178160968,132.9556404040662,717.7158251456691,-277.5067927739184,-100.90441126247921,746.6417968562672,-208.57488724261998,81.51261500091675,0.6470553610193429,5.356791678685221E-6
717.7158251456691,-189.13555178160968,132.9556404040662,717.7158251456691,-277.4442884711545,-100.9280208985067,746.3621914091399,-208.44909668249025,81.80416022799,0.6386193448357257,2.961160046110596E-7
717.7158251456691,-189.13555178160968,132.9556404040662,717.7158251456691,-276.9803908990121,-101.10265199429699,746.038052055685,-208.39720799266746,81.633896214869,0.6443703639454885,9.264708989358462E-8
717.7158251456691,-189.13555178160968,132.9556404040662,717.7158251456691,-276.8359926908284,-101.1567955414184,745.9373922412595,-208.38037156649688,81.5824478355645,0.6461134542362885,8.593761839334583E-9
717.7158251456691,-189.13555178160968,132.9556404040662,717.7158251456691,-276.3236977576878,-101.34806678225658,745.9053368639627,-208.27267447165343,81.52779157256339,0.6466712725108655,2.3173727871503245E-8
717.7158251456691,-189.13555178160968,132.9556404040662,717.7158251456691,-274.60910831963116,-101.97896992983425,745.6286462826077,-207.94138729961233,81.26548243737341,0.6519564769890374,3.80935498298737E-7
717.7158251456691,-189.13555178160968,132.9556404040662,717.7158251456691,-296.1588652899244,-92.97800110534021,736.3375125544964,-214.93866739457525,78.48347278357284,0.8726836288765828,8.548120600269746E-5
717.7158251456691,-189.13555178160968,132.9556404040662,717.7158251456691,-298.79435984781975,-91.71065838927328,733.6038853900361,-216.14681618108534,77.61561888300037,0.9339253150380665,4.9707676401491916E-6
717.7158251456691,-189.13555178160968,132.9556404040662,717.7158251456691,-278.2125923515677,-100.63648455586917,742.4693840266069,-209.77229697952725,78.83865209603647,0.7613665412671495,3.074165743954554E-5
717.7158251456691,-189.13555178160968,132.9556404040662,717.7158251456691,-240.34830808766662,-111.74265054120465,759.1235119198988,-199.92816296112565,81.38775574107964,0.5184015985863831,4.32582563995529E-5
717.7158251456691,-189.13555178160968,132.9556404040662,717.7158251456691,-220.4855843548891,-115.07092159616457,765.4531044549939,-195.65485359067574,81.3780220853304,0.4653358896260626,5.433471131684458E-7
717.7158251456691,-189.13555178160968,132.9556404040662,717.7158251456691,-257.180677292686,-107.60591282957475,754.2331434881687,-204.1841844816287,79.75385072157297,0.6175757858271516,3.716726673041238E-5
717.7158251456691,-189.13555178160968,132.9556404040662,717.7158251456691,-272.5225718378796,-102.72763198949008,749.1120666630504,-207.7989709247285,80.20575565300354,0.6649556670886476,7.2194057238791046E-6
717.7158251456691,-189.13555178160968,132.9556404040662,717.7158251456691,-275.33070217903827,-101.71518447189632,747.4475844308074,-208.43390779702182,80.41485238982702,0.673778867739559,4.934300282937812E-7
717.7158251456691,-189.13555178160968,132.9556404040662,717.7158251456691,-275.04134593970946,-101.82126333662583,747.0888057113456,-208.42223712602754,80.2459447082204,0.6804120648983569,7.757938822765648E-8
717.7158251456691,-189.13555178160968,132.9556404040662,717.7158251456691,-274.537178390492,-102.0051269009395,747.0708734589458,-208.32897881748707,80.14982718208063,0.682356963130019,4.391740121259078E-8
717.7158251456691,-189.13555178160968,132.9556404040662,717.7158251456691,-274.47347408734277,-102.02827184641248,747.0253108815324,-208.3224181436864,80.12326764679077,0.6833017583584166,2.1746300085095188E-9
717.7158251456691,-189.13555178160968,132.9556404040662,717.7158251456691,-274.4498876161265,-102.03683628639143,746.9973071994535,-208.3210945545768,80.11038094362502,0.6838091740448398,4.6388598525934856E-10
717.7158251456691,-189.13555178160968,132.9556404040662,717.7158251456691,-274.45218298324863,-102.03600293757165,746.9962378435355,-208.32320055095545,80.10618945101334,0.6839631064578647,6.378038346717467E-11
717.7158251456691,-189.13555178160968,132.9556404040662,717.7158251456691,-274.44116689225183,-102.04000217382284,746.9890092400836,-208.32207631257808,80.10156209816029,0.6841246651618134,6.58387849841052E-11
717.7158251456691,-189.13555178160968,132.9556404040662,717.7158251456691,-274.43872198697386,-102.04088968290054,746.9902665928352,-208.32161058243184,80.10113061992459,0.684126476793222,9.364527846919901E-13
717.7158251456691,-189.13555178160968,132.9556404040662,717.7158251456691,-274.43613278319947,-102.04182954144454,746.9910715566648,-208.3212645756431,80.10026811047015,0.684144718993985,2.535249863516114E-12
717.7158251456691,-189.13555178160968,132.9556404040662,717.7158251456691,-274.4334461704624,-102.04280472446678,746.9908557675038,-208.32082191856432,80.09960352463276,0.6841608915098596,1.768472889266225E-12
717.7158251456691,-189.13555178160968,132.9556404040662,717.7158251456691,-274.434490472021,-102.0424256694431,746.990976247399,-208.32093636782548,80.10002058210418,0.6841490343028609,5.461153688959231E-13
717.7158251456691,-189.13555178160968,132.9556404040662,717.7158251456691,-274.43334150134615,-102.04284271641612,746.9908012528279,-208.32090207608863,80.09930928281025,0.6841708636926306,1.3601640912307888E-12
717.7158251456691,-189.13555178160968,132.9556404040662,717.7158251456691,-274.4310201642174,-102.04368528303354,746.9909008167942,-208.32035960679676,80.099175836309,0.6841684778535657,2.833645371089957E-13
717.7158251456691,-189.13555178160968,132.9556404040662,717.7158251456691,-274.4312976992682,-102.04358454859238,746.991198447257,-208.3204353155051,80.09916189194055,0.684168285269489,4.455678346850252E-15
717.7158251456691,-189.13555178160968,132.9556404040662,717.7158251456691,-274.43262496539654,-102.0431027974235,746.991504375728,-208.3207386266377,80.09925707948213,0.6841672562835402,1.0942317960546466E-13
717.7158251456691,-189.13555178160968,132.9556404040662,717.7158251456691,-274.43112938270804,-102.04364564100885,746.9913801977485,-208.32044804039685,80.09900878890306,0.6841721441449726,3.2496969500636735E-13
717.7158251456691,-189.13555178160968,132.9556404040662,717.7158251456691,-274.4320984454881,-102.04329390674468,746.9913198888335,-208.32068938372288,80.09902349002962,0.6841746241945645,2.717520409505855E-14
717.7158251456691,-189.13555178160968,132.9556404040662,717.7158251456691,-274.4322786005695,-102.04322851655596,746.9913952311874,-208.3207829884143,80.09889194818578,0.6841792307387161,7.113850525176807E-14
717.7158251456691,-189.13555178160968,132.9556404040662,717.7158251456691,-274.43127219752984,-102.04359380474816,746.9913540319326,-208.32052735519957,80.09889042734702,0.6841766890629504,2.3093842493451547E-14
717.7158251456691,-189.13555178160968,132.9556404040662,717.7158251456691,-274.4318748213523,-102.0433750745095,746.9912810500686,-208.32064318026377,80.09899395226617,0.6841751950293954,5.50217805243179E-14
717.7158251456691,-189.13555178160968,132.9556404040662,717.7158251456691,-274.43132030216486,-102.04357634460271,746.9915076242442,-208.32054549639423,80.09887418340631,0.6841766332627169,6.256608596428028E-14
717.7158251456691,-189.13555178160968,132.9556404040662,717.7158251456691,-274.4305251570595,-102.04386495047981,746.9914033909927,-208.3203727104287,80.09879257151081,0.6841777037937649,5.4089044068879985E-14
717.7158251456691,-189.13555178160968,132.9556404040662,717.7158251456691,-274.4305879987741,-102.04384214156113,746.9916168305969,-208.3203406760345,80.09892490354946,0.684172350815594,5.381444731615265E-14
717.7158251456691,-189.13555178160968,132.9556404040662,717.7158251456691,-274.42934976102697,-102.04429156666089,746.9917975104387,-208.32008889439115,80.09875018232378,0.684173981192982,1.8387876700948965E-13
717.7158251456691,-189.13555178160968,132.9556404040662,717.7158251456691,-274.4289100260395,-102.04445116908053,746.9919417580037,-208.3199418289272,80.09884697151301,0.6841687757635704,5.855574617938833E-14
717.7158251456691,-189.13555178160968,132.9556404040662,717.7158251456691,-274.4286595094644,-102.04454209400032,746.9918384015289,-208.3198949339963,80.09880047860437,0.6841701596069065,1.0474978681591557E-14
717.7158251456691,-189.13555178160968,132.9556404040662,717.7158251456691,-274.4275227247748,-102.04495468588306,746.9920058080801,-208.31962846491166,80.09873738055299,0.6841683422060105,6.631914765430828E-14
717.7158251456691,-189.13555178160968,132.9556404040662,717.7158251456691,-274.4272573857445,-102.04505098882649,746.9918815479693,-208.31958663942552,80.09866652414036,0.6841706137918714,1.9221692998534426E-14
717.7158251456691,-189.13555178160968,132.9556404040662,717.7158251456691,-274.42709491344385,-102.04510995684319,746.9918430356803,-208.3195757392225,80.09858260629241,0.684173200777455,2.0051449974398934E-14
717.7158251456691,-189.13555178160968,132.9556404040662,717.7158251456691,-274.4269517320573,-102.04516192327219,746.9918685003648,-208.3195592400698,80.09852764462076,0.6841745484621966,9.646529546992937E-15
717.7158251456691,-189.13555178160968,132.9556404040662,717.7158251456691,-274.42649277429007,-102.04532849730472,746.9919713282886,-208.31943650463043,80.09854392075997,0.6841722257945838,9.605955462926132E-15
717.7158251456691,-189.13555178160968,132.9556404040662,717.7158251456691,-274.4273604626112,-102.04501357783965,746.9920672449132,-208.3195968919791,80.09871056902801,0.6841685066853559,1.3129506950208195E-13
717.7158251456691,-189.13555178160968,132.9556404040662,717.7158251456691,-274.4255649510262,-102.04566523818073,746.9920415254935,-208.31922734642677,80.09846947369704,0.684171843026056,3.655869164143037E-13
717.7158251456691,-189.13555178160968,132.9556404040662,717.7158251456691,-274.4252802705193,-102.04576855828037,746.9919949507232,-208.31915813355494,80.09846051197212,0.6841715826223925,3.0162036850345573E-15
717.7158251456691,-189.13555178160968,132.9556404040662,717.7158251456691,-274.4252213327361,-102.04578994872901,746.9921351185512,-208.31912627147994,80.09850696545544,0.6841691639483218,8.740605240839409E-15
717.7158251456691,-189.13555178160968,132.9556404040662,717.7158251456691,-274.4247872591894,-102.04594748769671,746.992249077748,-208.3190063306386,80.09853299739552,0.6841665250981251,1.2565311806322675E-14
717.7158251456691,-189.13555178160968,132.9556404040662,717.7158251456691,-274.42440669588825,-102.04608560536366,746.9922910461903,-208.3189275887056,80.09848304293064,0.6841669644409331,1.601488406406461E-14
717.7158251456691,-189.13555178160968,132.9556404040662,717.7158251456691,-274.4239395438446,-102.04625514769029,746.9923131458856,-208.3188053907422,80.09849209492239,0.684165254242866,7.405003989983677E-15
717.7158251456691,-189.13555178160968,132.9556404040662,717.7158251456691,-274.4234738938054,-102.04642414385225,746.9920803384599,-208.31877113085545,80.0982598969182,0.6841729770287999,1.554016931497936E-13
717.7158251456691,-189.13555178160968,132.9556404040662,717.7158251456691,-274.4228105338099,-102.04666489214839,746.9922603274424,-208.3186158703324,80.09822243272629,0.6841715412744706,2.285293611676937E-14
717.7158251456691,-189.13555178160968,132.9556404040662,717.7158251456691,-274.423435338838,-102.04643813637708,746.9922981708074,-208.3187536131555,80.09828112337576,0.6841710973553603,3.067155095511347E-14
717.7158251456691,-189.13555178160968,132.9556404040662,717.7158251456691,-274.4230773557062,-102.04656805672221,746.9924486190711,-208.31863591659715,80.09835434181988,0.6841668899359127,3.490160442625544E-14
717.7158251456691,-189.13555178160968,132.9556404040662,717.7158251456691,-274.4230906954873,-102.04656321541862,746.9925011792222,-208.3186293429488,80.09838181122086,0.6841657397570651,2.314557443012799E-15
717.7158251456691,-189.13555178160968,132.9556404040662,717.7158251456691,-274.4232565966182,-102.04650300613329,746.9928190374424,-208.31864654716756,80.09845076664766,0.6841623224895276,1.4684347351869246E-14
717.7158251456691,-189.13555178160968,132.9556404040662,717.7158251456691,-274.4228620887312,-102.0466461817812,746.9927634098889,-208.31856775698205,80.09839116509096,0.6841635220559514,2.0199021497524202E-14
717.7158251456691,-189.13555178160968,132.9556404040662,717.7158251456691,-274.42232661955427,-102.04684051420355,746.9928817603717,-208.31846233056112,80.0983060893069,0.6841643565816644,3.950191335822056E-14
717.7158251456691,-189.13555178160968,132.9556404040662,717.7158251456691,-274.4221672901235,-102.04689833775873,746.9928366412596,-208.31842834264887,80.09828798907631,0.6841647474767616,2.4053567314848038E-15
717.7158251456691,-189.13555178160968,132.9556404040662,717.7158251456691,-274.42212558135304,-102.0469134746117,746.9929274361274,-208.31840532947965,80.09832214650402,0.6841630327714693,4.692448404046796E-15
717.7158251456691,-189.13555178160968,132.9556404040662,717.7158251456691,-274.42284309642974,-102.04665307448906,746.9929220425346,-208.318549517983,80.09842810028752,0.6841614485469919,6.505768911325229E-14
717.7158251456691,-189.13555178160968,132.9556404040662,717.7158251456691,-274.423234226281,-102.0465111248441,746.9929018677881,-208.31864305829697,80.09844468976709,0.6841620671598474,6.6321742630728845E-15
717.7158251456691,-189.13555178160968,132.9556404040662,717.7158251456691,-274.42233559555785,-102.04683725664455,746.992827279113,-208.3184659845148,80.09830231672848,0.684164772643032,1.1087803160870971E-13
717.7158251456691,-189.13555178160968,132.9556404040662,717.7158251456691,-274.4219890331673,-102.04696303031307,746.9928058967474,-208.31839205520538,80.09826294949889,0.6841652523091677,1.1379263165272672E-14
717.7158251456691,-189.13555178160968,132.9556404040662,717.7158251456691,-274.4220051713195,-102.04695717350285,746.9928452703149,-208.31839094377148,80.0982773311558,0.684164618302257,5.676427897156054E-16
717.7158251456691,-189.13555178160968,132.9556404040662,717.7158251456691,-274.42157163621806,-102.04711451033762,746.9930428548173,-208.3182975852467,80.09823049840469,0.6841640535528808,1.6917214036948287E-14
717.7158251456691,-189.13555178160968,132.9556404040662,717.7158251456691,-274.42197072768784,-102.04696967368176,746.9930623535121,-208.31839995383217,80.0982283459094,0.6841651396600482,4.0114390836262805E-15
717.7158251456691,-189.13555178160968,132.9556404040662,717.7158251456691,-274.42159172157585,-102.04710722105943,746.9931013071606,-208.31827822274303,80.09829793886655,0.6841615353072281,3.3612102059099896E-14
717.7158251456691,-189.13555178160968,132.9556404040662,717.7158251456691,-274.4212302710004,-102.04723839660781,746.9931328157477,-208.31821773533346,80.09821109068452,0.6841633319488633,3.0739007073356705E-14
717.7158251456691,-189.13555178160968,132.9556404040662,717.7158251456691,-274.42250485519276,-102.04677582909605,746.9932121480383,-208.31851430529585,80.09828788864635,0.6841638748753499,8.832614197993235E-14
717.7158251456691,-189.13555178160968,132.9556404040662,717.7158251456691,-274.41890605909157,-102.04808187109589,746.9934929061923,-208.31767647940543,80.09807232036601,0.6841598626309933,7.011361101200894E-13
717.7158251456691,-189.13555178160968,132.9556404040662,717.7158251456691,-274.41907587376716,-102.04802024491687,746.9935206151973,-208.3176899413433,80.09815433511886,0.6841574128369944,1.960996253305985E-14
717.7158251456691,-189.13555178160968,132.9556404040662,717.7158251456691,-274.4192347921538,-102.04796257290312,746.9935890335461,-208.31772609791793,80.0981661706025,0.6841571212179035,1.6173881945446284E-15
717.7158251456691,-189.13555178160968,132.9556404040662,717.7158251456691,-274.4194007600113,-102.04790234248304,746.9935183910092,-208.31778191922666,80.09812876360007,0.6841591937495255,8.634891635340495E-15
717.7158251456691,-189.13555178160968,132.9556404040662,717.7158251456691,-274.41927918000357,-102.0479464643823,746.9936419449384,-208.31773928814255,80.09816095830666,0.6841571660862048,5.8999287486385655E-15
717.7158251456691,-189.13555178160968,132.9556404040662,717.7158251456691,-274.41913839510295,-102.04799755572964,746.9937013826284,-208.31770193999637,80.09816512524478,0.6841563470817446,8.154493508843425E-16
717.7158251456691,-189.13555178160968,132.9556404040662,717.7158251456691,-274.41851701628923,-102.0482230551979,746.9937519804274,-208.31754978984918,80.09814854271241,0.6841549427885885,1.338625527844366E-14
717.7158251456691,-189.13555178160968,132.9556404040662,717.7158251456691,-274.4167755200549,-102.0488550373471,746.9938684791362,-208.31714785071904,80.0980346102375,0.6841534217022394,1.7526423446012806E-13
717.7158251456691,-189.13555178160968,132.9556404040662,717.7158251456691,-274.41657197702943,-102.04892890135903,746.9940131204928,-208.31709431398284,80.09803936804869,0.6841519973110193,1.5190022740245633E-15
717.7158251456691,-189.13555178160968,132.9556404040662,717.7158251456691,-274.41680319497743,-102.0488449943405,746.9940483834355,-208.3171302029356,80.09810265308644,0.6841503178628067,1.5121286952541653E-14
717.7158251456691,-189.13555178160968,132.9556404040662,717.7158251456691,-274.4112551698715,-102.05085825424152,746.9943396958967,-208.3158784317748,80.09766058002188,0.6841485464032319,2.0861761491908547E-12
717.7158251456691,-189.13555178160968,132.9556404040662,717.7158251456691,-274.41057892075594,-102.05110364047792,746.9944206019184,-208.31572533129898,80.09760813669709,0.6841480624659851,3.0288365391051497E-14
717.7158251456691,-189.13555178160968,132.9556404040662,717.7158251456691,-274.4095491035734,-102.05147731949066,746.9943052042211,-208.3154937024701,80.09752409097453,0.684148619368414,7.337570045246401E-14
717.7158251456691,-189.13555178160968,132.9556404040662,717.7158251456691,-274.4093294692929,-102.05155701522898,746.9944318655728,-208.315441844185,80.09751293931973,0.6841477778285178,2.33230233354746E-15
717.7158251456691,-189.13555178160968,132.9556404040662,717.7158251456691,-274.40939022872504,-102.05153496829402,746.9943425225192,-208.31546809451072,80.09748321710538,0.684149387591637,4.000075541856483E-15
717.7158251456691,-189.13555178160968,132.9556404040662,717.7158251456691,-274.4095169380355,-102.05148899098148,746.994203893936,-208.3155233315372,80.0974198726442,0.6841525607037655,1.8057234360368442E-14
717.7158251456691,-189.13555178160968,132.9556404040662,717.7158251456691,-274.4095604452371,-102.05147320408733,746.9942390645483,-208.31554799886752,80.0973824111397,0.6841537846293563,5.593880959946552E-15
717.7158251456691,-189.13555178160968,132.9556404040662,717.7158251456691,-274.40933767529145,-102.05155403763277,746.9942273655905,-208.3154733886039,80.09743176194937,0.6841515462185296,1.5167144699651825E-14
717.7158251456691,-189.13555178160968,132.9556404040662,717.7158251456691,-274.4098903032867,-102.05135351247756,746.9942424384454,-208.31559134522374,80.09749434058767,0.6841508795895236,2.8838085821988284E-14
717.7158251456691,-189.13555178160968,132.9556404040662,717.7158251456691,-274.408818512558,-102.05174241833058,746.994281944116,-208.31537338172777,80.09734319040558,0.6841528527740594,1.3766000780864975E-13
717.7158251456691,-189.13555178160968,132.9556404040662,717.7158251456691,-274.3986393808665,-102.05543570308555,746.9949407814108,-208.31303486749806,80.09664756270661,0.684145082761557,6.191365298236999E-12
717.7158251456691,-189.13555178160968,132.9556404040662,717.7158251456691,-274.39719909535785,-102.05595824022629,746.9949272502679,-208.31269825296621,80.09656493857801,0.6841439619423274,1.0886802117204936E-13
717.7158251456691,-189.13555178160968,132.9556404040662,717.7158251456691,-274.3968284595772,-102.05609270567251,746.9949852072938,-208.31260022353024,80.09657511833865,0.6841423085497659,5.434275412652411E-15
717.7158251456691,-189.13555178160968,132.9556404040662,717.7158251456691,-274.3965600121651,-102.05619009710063,746.9950317878663,-208.31253664008685,80.09656204439054,0.6841417836142549,3.3922060633558785E-15
717.7158251456691,-189.13555178160968,132.9556404040662,717.7158251456691,-274.3962917492503,-102.05628742124733,746.9951025312442,-208.31249099143602,80.09649966472213,0.6841428180207634,1.6183340682856565E-14
717.7158251456691,-189.13555178160968,132.9556404040662,717.7158251456691,-274.39630021383783,-102.05628435035194,746.9951599868863,-208.31248825259718,80.09651315253461,0.6841421058345656,5.446150104987185E-16
717.7158251456691,-189.13555178160968,132.9556404040662,717.7158251456691,-274.3964173128055,-102.05624186759968,746.99523814897,-208.312491974211,80.0965850473572,0.6841396102033243,1.3932276718642504E-14
717.7158251456691,-189.13555178160968,132.9556404040662,717.7158251456691,-274.3962436793879,-102.05630486066315,746.9952698385757,-208.31244271290868,80.09659901489391,0.6841385011581259,2.632632994417515E-15
717.7158251456691,-189.13555178160968,132.9556404040662,717.7158251456691,-274.39586935324746,-102.05644066323441,746.9952167278814,-208.31238641177916,80.09649158688177,0.684141370073118,4.245148071259634E-14
717.7158251456691,-189.13555178160968,132.9556404040662,717.7158251456691,-274.3956698771569,-102.05651303131114,746.9951777509771,-208.31233990117917,80.09647984199142,0.684141404199047,2.1269639942655427E-15
717.7158251456691,-189.13555178160968,132.9556404040662,717.7158251456691,-274.39597708075115,-102.0564015806149,746.9951470930947,-208.31241410377203,80.09649083522342,0.6841420304394307,3.732932216006053E-15
717.7158251456691,-189.13555178160968,132.9556404040662,717.7158251456691,-274.395600477376,-102.05653820886346,746.9951303658578,-208.31230832483521,80.09651819039362,0.6841401373724194,1.1220278833474638E-14
717.7158251456691,-189.13555178160968,132.9556404040662,717.7158251456691,-274.3959135353791,-102.05642463434063,746.9950533466351,-208.312408473684,80.09646177231792,0.6841432943217068,2.234117646938887E-14
717.7158251456691,-189.13555178160968,132.9556404040662,717.7158251456691,-274.39468996166033,-102.05686853278809,746.9952337975342,-208.31213175881172,80.09636608495276,0.6841422821344546,9.984238296052049E-14
717.7158251456691,-189.13555178160968,132.9556404040662,717.7158251456691,-274.3897447327364,-102.05866253141912,746.9954163470051,-208.31102541401444,80.09594619804855,0.6841419575561116,1.751465689954717E-12
717.7158251456691,-189.13555178160968,132.9556404040662,717.7158251456691,-274.38870057312477,-102.05904130993181,746.9954667429337,-208.31077248879618,80.09591082017067,0.6841400214789234,4.1972010541699633E-14
717.7158251456691,-189.13555178160968,132.9556404040662,717.7158251456691,-274.3876381071423,-102.05942672386055,746.9955855439673,-208.31055620435765,80.09576159262232,0.6841415731759805,1.3463170739672032E-13
717.7158251456691,-189.13555178160968,132.9556404040662,717.7158251456691,-274.3875461231153,-102.05946009119108,746.9955255080141,-208.3105099942301,80.09582444152787,0.684139472303464,1.646007055639317E-14
717.7158251456691,-189.13555178160968,132.9556404040662,717.7158251456691,-274.38733111231267,-102.05953808649241,746.9956505918614,-208.3104548278109,80.09582566094821,0.6841382309931436,1.1706293585799417E-15
717.7158251456691,-189.13555178160968,132.9556404040662,717.7158251456691,-274.38401035018944,-102.06074266673406,746.9957716964443,-208.30969457442168,80.09559151503439,0.6841363963293278,6.752734524022812E-13
717.7158251456691,-189.13555178160968,132.9556404040662,717.7158251456691,-274.38271486326965,-102.06121257998868,746.9958987021178,-208.30939489338107,80.09550870183051,0.6841350058229897,9.525631876484117E-14
717.7158251456691,-189.13555178160968,132.9556404040662,717.7158251456691,-274.38168498756636,-102.06158614205808,746.9960161950816,-208.30913881341047,80.09549205847898,0.6841321491833658,3.115635142300365E-14
717.7158251456691,-189.13555178160968,132.9556404040662,717.7158251456691,-274.38119908790145,-102.06176238843193,746.9960521572505,-208.3090466162052,80.09540529679603,0.6841335767372456,3.752502875848331E-14
717.7158251456691,-189.13555178160968,132.9556404040662,717.7158251456691,-274.3807239077423,-102.06193474550855,746.9962316182247,-208.30893460813704,80.09538067419487,0.6841322298801377,1.105724215055519E-14
717.7158251456691,-189.13555178160968,132.9556404040662,717.7158251456691,-274.37699590764964,-102.06328692585589,746.9964711178512,-208.30804822786862,80.09520854214242,0.6841265885039014,6.328212804646953E-13
717.7158251456691,-189.13555178160968,132.9556404040662,717.7158251456691,-274.375007137596,-102.06400824390283,746.9965466567071,-208.30760079681684,80.09504662624371,0.6841262129103725,2.7296543132658836E-13
717.7158251456691,-189.13555178160968,132.9556404040662,717.7158251456691,-274.3742772147009,-102.06427297891096,746.9965625638397,-208.30742344052405,80.09502342775477,0.6841249011300814,1.9894974012978007E-14
717.7158251456691,-189.13555178160968,132.9556404040662,717.7158251456691,-274.37372773190424,-102.06447226858705,746.9965833663388,-208.3073179495688,80.09492870189436,0.6841264963354526,4.5931158300996403E-14
717.7158251456691,-189.13555178160968,132.9556404040662,717.7158251456691,-274.3579770955348,-102.07018418466376,746.997731509681,-208.30370420012648,80.09384010432441,0.6841142902123208,1.494750499981152E-11
717.7158251456691,-189.13555178160968,132.9556404040662,717.7158251456691,-274.34581091901356,-102.07459539068529,746.9983310341088,-208.30095831012773,80.09287409987837,0.6841105073884599,9.993645096655788E-12
717.7158251456691,-189.13555178160968,132.9556404040662,717.7158251456691,-274.34139145615086,-102.07619762082004,746.9986603572227,-208.29995905821832,80.09252815631888,0.6841084274533221,1.3027271763461078E-12
717.7158251456691,-189.13555178160968,132.9556404040662,717.7158251456691,-274.1465750584521,-102.14673287494637,746.8021504881373,-208.3314628910168,79.86835730693457,0.6921640851307805,1.4436494891972786E-7
717.7158251456691,-189.13555178160968,132.9556404040662,717.7158251456691,-267.3332576810871,-104.49986867512706,746.5903548802067,-207.09995251758573,78.40485949564143,0.7253620495043545,9.382880412759621E-6
