717.7158251456691,-189.13555178160968,132.9556404040662,717.7158251456691,-429.51362574508573,201.64611687358587,707.698704354675,-326.1941242982076,172.12151978384614,1.0,0.22636815420743092
717.7158251456691,-189.13555178160968,132.9556404040662,717.7158251456691,-429.51247795405186,201.65013337030243,707.6956543279649,-326.1998716582549,172.12563940361076,1.0,1.3028301343083406E-10
717.7158251456691,-189.13555178160968,132.9556404040662,717.7158251456691,-429.5358759137384,201.56820599643754,707.6869693721504,-326.207224196321,172.07721458813984,1.0,1.2179642459296451E-9
717.7158251456691,-189.13555178160968,132.9556404040662,717.7158251456691,-429.62841330407366,201.2431469974171,707.64355233116,-326.2046495607345,171.87615912167618,1.0,9.658997613164114E-9
717.7158251456691,-189.13555178160968,132.9556404040662,717.7158251456691,-429.70511828080987,200.97243005476116,707.6086618619627,-326.2020689266191,171.70877364727914,1.0,6.764931727285649E-9
717.7158251456691,-189.13555178160968,132.9556404040662,717.7158251456691,-429.7122825365626,200.9470855957878,707.6059038263223,-326.2019681421056,171.6931513277343,1.0,5.5489692922337794E-11
717.7158251456691,-189.13555178160968,132.9556404040662,717.7158251456691,-429.7223604833106,200.91141630818777,707.6014769243424,-326.20185111146264,171.6711741921865,1.0,1.0884096605232691E-10
717.7158251456691,-189.13555178160968,132.9556404040662,717.7158251456691,-429.7267828850505,200.89575753769168,707.5997902069917,-326.20177625476197,171.66152051058597,1.0,2.135041961457284E-11
717.7158251456691,-189.13555178160968,132.9556404040662,717.7158251456691,-429.7287440372363,200.8888122735371,707.5991295443088,-326.2016875986061,171.65722324871751,1.0,4.61389210547968E-12
717.7158251456691,-189.13555178160968,132.9556404040662,717.7158251456691,-429.73179648404675,200.87800075089925,707.5979133452643,-326.201668301551,171.6505675386216,1.0,9.807124215748445E-12
717.7158251456691,-189.13555178160968,132.9556404040662,717.7158251456691,-429.7334306276338,200.87221198121443,707.597418768863,-326.2016106725248,171.64699065250286,1.0,3.1005854816217634E-12
717.7158251456691,-189.13555178160968,132.9556404040662,717.7158251456691,-429.7341449772175,200.86968131089498,707.5973526331761,-326.20159317542243,171.6454291452184,1.0,5.716098024803896E-13
717.7158251456691,-189.13555178160968,132.9556404040662,717.7158251456691,-429.7349874777221,200.86669651949018,707.5970329925017,-326.20179915190965,171.64365141192172,1.0,1.3634437388387284E-12
717.7158251456691,-189.13555178160968,132.9556404040662,717.7158251456691,-429.7358525007636,200.86363178838505,707.5969316678478,-326.20170938555214,171.6417410524401,1.0,1.0767352423730835E-12
717.7158251456691,-189.13555178160968,132.9556404040662,717.7158251456691,-429.7362019388944,200.86239370513255,707.596930661646,-326.2017701061398,171.6409966888034,1.0,1.996193355093018E-13
717.7158251456691,-189.13555178160968,132.9556404040662,717.7158251456691,-429.73659806915225,200.86099015899936,707.5969563880858,-326.2017414815445,171.64012534195237,1.0,2.0516827627018956E-13
717.7158251456691,-189.13555178160968,132.9556404040662,717.7158251456691,-429.7370858735421,200.85926175527754,707.5968700200632,-326.2017708886514,171.6390705717661,1.0,2.9121279929022656E-13
717.7158251456691,-189.13555178160968,132.9556404040662,717.7158251456691,-429.73750217338795,200.85778667111936,707.596768641127,-326.20183047747787,171.63818013050042,1.0,2.6307960039835436E-13
717.7158251456691,-189.13555178160968,132.9556404040662,717.7158251456691,-429.73793086000603,200.8562676604891,707.5965951388082,-326.2018911338033,171.63726297739566,1.0,2.778364459790148E-13
717.7158251456691,-189.13555178160968,132.9556404040662,717.7158251456691,-429.7384552676124,200.8544094216652,707.5965240186163,-326.2017741876325,171.6360870671,1.0,5.482432248224793E-13
717.7158251456691,-189.13555178160968,132.9556404040662,717.7158251456691,-429.7385405040736,200.85410738100074,707.5965823715458,-326.2018422271685,171.63592049902323,1.0,3.602681642221911E-14
717.7158251456691,-189.13555178160968,132.9556404040662,717.7158251456691,-429.7387754467828,200.8532748394917,707.5965309133747,-326.20197200908774,171.6354450725554,1.0,1.8963539308040396E-13
717.7158251456691,-189.13555178160968,132.9556404040662,717.7158251456691,-429.73920107207095,200.8517665683233,707.5964214960885,-326.2019034985191,171.63449808760453,1.0,3.0682890420627737E-13
717.7158251456691,-189.13555178160968,132.9556404040662,717.7158251456691,-429.7393847311409,200.8511157319116,707.5964193490179,-326.2018258133396,171.63407587501345,1.0,1.0545482735584535E-13
717.7158251456691,-189.13555178160968,132.9556404040662,717.7158251456691,-429.73963652165685,200.85022344575083,707.5963737131915,-326.2019083143024,171.6335503650899,1.0,1.449874584173577E-13
717.7158251456691,-189.13555178160968,132.9556404040662,717.7158251456691,-429.7399165332025,200.84923113605254,707.596269442022,-326.2019649494652,171.63295603933096,1.0,1.3699708908895207E-13
717.7158251456691,-189.13555178160968,132.9556404040662,717.7158251456691,-429.74018968324935,200.8482631271636,707.5962695566669,-326.20199745916256,171.63236985342235,1.0,1.0662455662575382E-13
717.7158251456691,-189.13555178160968,132.9556404040662,717.7158251456691,-429.740309589935,200.84783818847362,707.596349775414,-326.2020605331379,171.63212629962055,1.0,4.728400266436435E-14
717.7158251456691,-189.13555178160968,132.9556404040662,717.7158251456691,-429.7407384701831,200.84631825129875,707.596154050481,-326.2020255522047,171.63118161947736,1.0,2.475004249805241E-13
717.7158251456691,-189.13555178160968,132.9556404040662,717.7158251456691,-429.7409311210722,200.84563549106946,707.5960644293751,-326.2020743495061,171.63077547076125,1.0,7.267532468065163E-14
717.7158251456691,-189.13555178160968,132.9556404040662,717.7158251456691,-429.7409932415311,200.84541533281606,707.5961652581504,-326.20205618038176,171.63063494051843,1.0,9.100697205147318E-15
717.7158251456691,-189.13555178160968,132.9556404040662,717.7158251456691,-429.74132543497774,200.84423800826065,707.5959908757779,-326.2020024990956,171.62989570768283,1.0,1.87224722235869E-13
717.7158251456691,-189.13555178160968,132.9556404040662,717.7158251456691,-429.7414548031451,200.8437795094467,707.5959661756373,-326.2021490650356,171.62965507379576,1.0,1.2519873916969657E-13
717.7158251456691,-189.13555178160968,132.9556404040662,717.7158251456691,-429.7415028951968,200.843609063661,707.5959760540387,-326.2022513011575,171.62957909174355,1.0,4.163530540881004E-14
717.7158251456691,-189.13555178160968,132.9556404040662,717.7158251456691,-429.7419611498467,200.8419849140215,707.5959042759426,-326.2022291843078,171.6285739615163,1.0,2.544011067584665E-13
717.7158251456691,-189.13555178160968,132.9556404040662,717.7158251456691,-429.7421002930157,200.84149175343381,707.5957447633183,-326.2021488469249,171.6282479906322,1.0,8.081895311876476E-14
717.7158251456691,-189.13555178160968,132.9556404040662,717.7158251456691,-429.7432099882727,200.83755855835537,707.6000634812498,-326.19400457546163,171.62353129436588,1.0,2.4439306812207336E-10
717.7158251456691,-189.13555178160968,132.9556404040662,717.7158251456691,-430.0110410012353,199.88096216799937,706.491463556031,-326.39254260646794,171.09139388011735,1.0,3.225588656562783E-7
717.7158251456691,-189.13555178160968,132.9556404040662,717.7158251456691,-431.4899083020081,194.31006873310872,697.4024634410367,-331.4044535026419,168.97243523052924,1.0,8.315263829570777E-5
717.7158251456691,-189.13555178160968,132.9556404040662,717.7158251456691,-430.86864639104465,196.71386317216093,701.7617000059327,-329.13325198319325,169.88068192928696,1.0,1.7100274557495644E-5
717.7158251456691,-189.13555178160968,132.9556404040662,717.7158251456691,-430.1301555073223,199.45076033843998,714.1595641726308,-323.50063323606355,170.02959172156014,1.0,8.130514115406545E-5
717.7158251456691,-189.13555178160968,132.9556404040662,717.7158251456691,-429.69872065881293,200.99505383303534,718.3987253488426,-321.57533254384623,170.41409690753713,1.0,1.1013417009793463E-5
717.7158251456691,-189.13555178160968,132.9556404040662,717.7158251456691,-429.79875068691786,200.64038530765617,718.5738133926894,-321.21844971703484,170.10297864917825,1.0,5.392803626172388E-7
717.7158251456691,-189.13555178160968,132.9556404040662,717.7158251456691,-429.98274223125594,199.98273084152913,717.3903512350344,-321.4183622721911,169.7695716171342,1.0,2.2932630205417798E-7
717.7158251456691,-189.13555178160968,132.9556404040662,717.7158251456691,-430.1234662749545,199.47499900100624,716.0600603447954,-321.93332170107004,169.61151377729493,1.0,8.444595350164105E-7
717.7158251456691,-189.13555178160968,132.9556404040662,717.7158251456691,-430.25046931006557,199.0131649205506,714.8705147759634,-322.3573238375687,169.4540062618212,1.0,5.911837375692802E-7
717.7158251456691,-189.13555178160968,132.9556404040662,717.7158251456691,-430.3620238775866,198.60462486025477,713.9026211855756,-322.80396881525684,169.33305684546673,1.0,6.264637614967039E-7
717.7158251456691,-189.13555178160968,132.9556404040662,717.7158251456691,-430.43705244951764,198.3283088169101,713.2249021427263,-323.11526153236906,169.25301574297688,1.0,3.0259388230177323E-7
717.7158251456691,-189.13555178160968,132.9556404040662,717.7158251456691,-430.47530719389596,198.18694008096855,712.655100789575,-323.41769947681746,169.25052684994114,1.0,2.510699181624635E-7
717.7158251456691,-189.13555178160968,132.9556404040662,717.7158251456691,-430.5116141632873,198.05246451336097,712.2986678330446,-323.55325599936384,169.20681445297456,1.0,5.9331717786756684E-8
717.7158251456691,-189.13555178160968,132.9556404040662,717.7158251456691,-430.5368340255871,197.95887825391145,711.9787551845444,-323.74599245529265,169.2028152775634,1.0,1.0285169240378196E-7
717.7158251456691,-189.13555178160968,132.9556404040662,717.7158251456691,-430.52929464209,197.98687065391073,712.0896338319939,-323.6864792291372,169.2035242120056,1.0,9.762731718091596E-9
717.7158251456691,-189.13555178160968,132.9556404040662,717.7158251456691,-430.5170793647312,198.03219641034804,712.6355893744524,-323.23800593395833,169.10971547188586,1.0,6.155596536180687E-7
717.7158251456691,-189.13555178160968,132.9556404040662,717.7158251456691,-430.6699241244338,197.4625933390637,713.345151093107,-321.95900343909705,168.4290020694292,1.0,5.90994474026871E-6
717.7158251456691,-189.13555178160968,132.9556404040662,717.7158251456691,-431.1828837803016,195.510329055797,713.9761852415616,-319.4064495906413,166.62283840841954,1.0,2.5652789632034273E-5
717.7158251456691,-189.13555178160968,132.9556404040662,717.7158251456691,-432.0582052458195,192.0198802951155,714.8473617433071,-315.24400247556036,163.61766256567356,1.0,6.876377143391327E-5
717.7158251456691,-189.13555178160968,132.9556404040662,717.7158251456691,-433.0662122114619,187.70810977537516,715.8689352286956,-309.4684926486757,159.965470359732,1.0,1.2768355256271435E-4
717.7158251456691,-189.13555178160968,132.9556404040662,717.7158251456691,-434.1918077123374,182.42716179985194,716.8694020526939,-302.88079281434983,155.9183274982928,1.0,1.6344452470182352E-4
717.7158251456691,-189.13555178160968,132.9556404040662,717.7158251456691,-435.21077675083393,177.08027815153838,717.6938162162419,-296.0195481683822,152.12139600647723,1.0,1.7132925471296845E-4
717.7158251456691,-189.13555178160968,132.9556404040662,717.7158251456691,-436.11004944129115,171.73188965213063,718.17550293809,-289.111868195435,148.65242934746453,1.0,1.6853416073972348E-4
717.7158251456691,-189.13555178160968,132.9556404040662,717.7158251456691,-436.91379498668573,166.21134960122797,718.4591978372993,-281.90679195320774,145.4069894212325,1.0,1.787013278260717E-4
717.7158251456691,-189.13555178160968,132.9556404040662,717.7158251456691,-437.5473278806952,161.09084069298842,718.9056985966295,-274.3839925076847,142.61090712213732,1.0,1.8956849359536907E-4
717.7158251456691,-189.13555178160968,132.9556404040662,717.7158251456691,-438.0948757667854,155.7428078639395,719.4555392586369,-266.6245526253105,140.0481839178364,1.0,1.9829752441283816E-4
717.7158251456691,-189.13555178160968,132.9556404040662,717.7158251456691,-438.4904076113461,150.90434158636222,720.3568177674504,-258.50451656888055,137.94885706370928,1.0,2.1355148194849617E-4
717.7158251456691,-189.13555178160968,132.9556404040662,717.7158251456691,-438.79458284507757,146.00815772642136,721.3610494956799,-250.07735376867987,136.14176158183187,0.9371042888510958,2.2776179489892245E-4
717.7158251456691,-189.13555178160968,132.9556404040662,717.7158251456691,-438.50198479590097,150.74277299279387,722.360606895153,-246.04526534331833,137.01497031656734,0.7849574786982396,5.058880189487643E-5
717.7158251456691,-189.13555178160968,132.9556404040662,717.7158251456691,-438.46078066702273,151.31130005542124,722.744632727771,-245.04313044066527,137.0716317555416,0.7497028702645584,2.9820524364215794E-6
717.7158251456691,-189.13555178160968,132.9556404040662,717.7158251456691,-438.43244024736805,151.69227300683752,722.2417461841517,-244.93082612184168,137.14909649859484,0.7464699716859458,4.0458714534779936E-8
717.7158251456691,-189.13555178160968,132.9556404040662,717.7158251456691,-438.3765623405851,152.42147343377977,728.0285996664722,-240.95445644646435,137.00271974998319,0.6120050100085567,4.630932886608681E-5
717.7158251456691,-189.13555178160968,132.9556404040662,717.7158251456691,-438.80938257357525,145.72193264829073,731.4527159839071,-240.19811752820578,135.5665653656179,0.5811458301829453,1.8988758255227165E-6
717.7158251456691,-189.13555178160968,132.9556404040662,717.7158251456691,-438.82346732712836,145.44342765937884,734.6108517307464,-239.7310530917453,135.4861027015965,0.560928190446182,5.986061570499568E-7
717.7158251456691,-189.13555178160968,132.9556404040662,717.7158251456691,-438.8356181038007,145.19806167983492,736.064942320891,-239.36368611718356,135.41825080497242,0.5471048880444654,3.94841162159833E-7
717.7158251456691,-189.13555178160968,132.9556404040662,717.7158251456691,-438.8535250743183,144.82719525514037,736.5524690180172,-239.23005953863958,135.33712576026065,0.542101339090318,5.509050914515668E-8
717.7158251456691,-189.13555178160968,132.9556404040662,717.7158251456691,-438.9091421219793,143.5930070180932,744.4928910781831,-234.0649365412138,134.86909465188842,0.39338016244882074,7.811554317923258E-5
717.7158251456691,-189.13555178160968,132.9556404040662,717.7158251456691,-439.1327969143458,134.12927835619158,749.5607116618712,-232.5544442113402,133.15947489019314,0.34593378551912546,6.3468101402161966E-6
717.7158251456691,-189.13555178160968,132.9556404040662,717.7158251456691,-439.1226129486854,135.49911225347432,753.6132260538238,-231.5922291450385,133.38761221568373,0.31457395804839594,2.5686179279622296E-6
717.7158251456691,-189.13555178160968,132.9556404040662,717.7158251456691,-439.12786482633413,134.91610426460593,755.8926907856471,-230.79003279424185,133.2822988667214,0.29252658939056375,1.8577217743974003E-6
717.7158251456691,-189.13555178160968,132.9556404040662,717.7158251456691,-439.13167601587196,134.34771362315053,756.6921450757612,-230.34882034627023,133.18513151164046,0.2821626490898941,5.721207156470986E-7
717.7158251456691,-189.13555178160968,132.9556404040662,717.7158251456691,-439.13127301345014,134.41829749713636,757.6373009659181,-229.9905450826844,133.19467187806384,0.2729480881124975,3.7463808737908665E-7
717.7158251456691,-189.13555178160968,132.9556404040662,717.7158251456691,-439.0917354540179,128.27522974630017,768.9898971638702,-221.4026067125965,132.35144223791224,0.12457748589660185,2.1845976330788386E-4
717.7158251456691,-189.13555178160968,132.9556404040662,717.7158251456691,-437.53546529025004,104.71589945447529,776.9464685846782,-218.13509291915827,129.6587812473383,0.07871281710333265,3.5156826229108724E-5
717.7158251456691,-189.13555178160968,132.9556404040662,717.7158251456691,-437.89669866934435,108.0982109492962,784.5905028267483,-215.6116792585474,130.3100163617776,0.04678639146286408,1.809921031298124E-5
717.7158251456691,-189.13555178160968,132.9556404040662,717.7158251456691,-437.74375062289585,106.61245401950904,789.1499813584637,-213.49760139826776,130.37417279055774,0.02911691745921147,1.2767232875831459E-5
717.7158251456691,-189.13555178160968,132.9556404040662,717.7158251456691,-437.48963392363305,104.31563545656124,791.2212301778384,-212.05801433203615,130.3122393566947,0.02079681203611929,6.0664809517177515E-6
717.7158251456691,-189.13555178160968,132.9556404040662,717.7158251456691,-437.6533606011772,105.77294922896593,792.1584782151288,-211.68147891141587,130.48958383718735,0.018352514851458876,4.5251636065050575E-7
717.7158251456691,-189.13555178160968,132.9556404040662,717.7158251456691,-436.8361553612466,99.12649636695605,799.9106763587077,-207.2681586105148,130.47922105216057,0.002569001133582452,5.4963128973509914E-5
717.7158251456691,-189.13555178160968,132.9556404040662,717.7158251456691,24.137467511958505,2.515542115981077,828.0167012214772,-179.80036557776842,127.24613898658731,0.02288762772198572,0.0018990958185719157
717.7158251456691,-189.13555178160968,132.9556404040662,717.7158251456691,42.91590407052166,39.93885784894684,851.1178152234884,-162.3178661688384,122.20589172391033,0.00915058293657193,9.713188024721183E-4
717.7158251456691,-189.13555178160968,132.9556404040662,717.7158251456691,52.88975842550258,70.31580308666031,876.1274211406119,-149.4492961016152,122.6842328500195,0.019653219905757902,4.0769225863912387E-4
717.7158251456691,-189.13555178160968,132.9556404040662,717.7158251456691,55.570547428447384,81.78020675277503,897.0023349764217,-138.01290764233698,122.26435199044093,0.036246060975294675,3.4337766311941844E-4
717.7158251456691,-189.13555178160968,132.9556404040662,717.7158251456691,59.64060763275333,108.24891040919564,926.0806983695065,-120.37922678458868,126.12723706694607,0.07953216527849237,8.708173326618567E-4
717.7158251456691,-189.13555178160968,132.9556404040662,717.7158251456691,60.75752490146752,140.2666065417046,965.1308633111314,-88.95879951371602,135.88644926572186,1.0,0.002933922155658851
717.7158251456691,-189.13555178160968,132.9556404040662,717.7158251456691,60.403423194690504,148.13127771448708,974.3875081917311,-76.44866020271637,139.8086596424534,1.0,5.108237072433961E-4
717.7158251456691,-189.13555178160968,132.9556404040662,717.7158251456691,59.77544122158389,156.26481375200194,955.5563100757342,-91.56980556173676,142.09214684767895,1.0,6.975767198690014E-4
717.7158251456691,-189.13555178160968,132.9556404040662,717.7158251456691,55.36305717470836,185.11338401348138,923.5664832318097,-120.77652452246214,147.53835166116232,0.06653289643196364,0.0027802570162744895
717.7158251456691,-189.13555178160968,132.9556404040662,717.7158251456691,-96.7218743642113,365.2479395148913,867.2186611442354,-178.27276682403212,160.26048707892775,0.03449424444675013,0.0014876312718826623
717.7158251456691,-189.13555178160968,132.9556404040662,717.7158251456691,-379.7394294213374,294.727584290204,809.2080492669277,-228.4916816681152,166.35851611895305,0.18757806156495807,0.004100187950090568
717.7158251456691,-189.13555178160968,132.9556404040662,717.7158251456691,-428.36852975756335,205.53375176525324,738.595447510977,-277.05152645016744,159.62744566229964,1.0,0.005291284054269376
717.7158251456691,-189.13555178160968,132.9556404040662,717.7158251456691,-439.03469462516466,140.05623235519892,669.9297398598159,-316.46492053282054,136.57355553818758,1.0,0.0029272764264571104
717.7158251456691,-189.13555178160968,132.9556404040662,717.7158251456691,-437.6215012676988,105.48323774254534,630.8159668448096,-327.4091192983273,117.66822825009683,1.0,2.625206999164185E-4
717.7158251456691,-189.13555178160968,132.9556404040662,717.7158251456691,-432.48930533757215,75.69351827936774,604.2169387057855,-328.7588991637982,100.10170224847704,1.0,3.334637734024206E-5
717.7158251456691,-189.13555178160968,132.9556404040662,717.7158251456691,-423.6636851822011,46.37299408487365,600.5765026848953,-319.2300442466973,84.92760527729564,1.0,6.37879448519496E-4
717.7158251456691,-189.13555178160968,132.9556404040662,717.7158251456691,-408.8911455299078,13.760510401482023,628.2261054789861,-297.127117069893,74.38116480522072,1.0,0.0018435007947329293
717.7158251456691,-189.13555178160968,132.9556404040662,717.7158251456691,-385.8398212102582,-21.340925949633487,675.6963208103842,-269.64338044348074,69.80458850671735,1.0,0.0012598001608140413
717.7158251456691,-189.13555178160968,132.9556404040662,717.7158251456691,-355.3205874441163,-53.813023782010276,727.439755145137,-243.59211517880442,71.75410344671005,1.0,4.968352559753361E-4
717.7158251456691,-189.13555178160968,132.9556404040662,717.7158251456691,-295.25358458728033,-93.40461033235306,782.7176770550534,-213.9023908028592,80.12552527118376,0.4984030397441442,5.070219849413784E-4
717.7158251456691,-189.13555178160968,132.9556404040662,717.7158251456691,-27.916203479520817,-58.11586907092001,866.4194211666379,-163.1589412652827,102.16907393626161,0.006842496213856036,0.003792611774205731
717.7158251456691,-189.13555178160968,132.9556404040662,717.7158251456691,57.97610776165752,95.06332300630854,929.9006728810117,-120.30430251648693,122.40099660919688,0.09415858275177155,0.004990668747961714
717.7158251456691,-189.13555178160968,132.9556404040662,717.7158251456691,60.77235987896009,126.1706798697037,967.0403080051932,-95.76694807757566,130.42069748420843,1.0,0.0016404525683303374
717.7158251456691,-189.13555178160968,132.9556404040662,717.7158251456691,60.765172665321444,125.91093168766005,986.5315686475338,-82.1549835832879,129.9398550639447,1.0,5.364297915599709E-4
717.7158251456691,-189.13555178160968,132.9556404040662,717.7158251456691,60.11776082410492,113.64796951713872,990.2680450937612,-78.94482277910011,124.42004138582354,1.0,3.794742571796658E-5
717.7158251456691,-189.13555178160968,132.9556404040662,717.7158251456691,57.6306046977985,92.87492164329257,982.0528464536048,-83.7871137120846,115.84453741331325,1.0,1.0711956825699677E-4
717.7158251456691,-189.13555178160968,132.9556404040662,717.7158251456691,52.55370719054224,69.0314501667851,960.9308819493175,-98.1049442046312,108.8790310383329,1.0,7.120068704154164E-4
717.7158251456691,-189.13555178160968,132.9556404040662,717.7158251456691,44.29548106448047,43.4573001713693,927.5580308027726,-121.58500336277423,107.05650483677283,0.07408477045347057,0.0013953403204323936
717.7158251456691,-189.13555178160968,132.9556404040662,717.7158251456691,-65.12813166205827,-84.12075111581575,869.4506511691352,-176.0361938743717,110.02506622560759,0.05037423335887394,0.0010404590994186906
717.7158251456691,-189.13555178160968,132.9556404040662,717.7158251456691,-406.0747246667804,8.708325471718453,809.4448755521003,-232.1652396380737,108.3112983636704,0.16223779713477895,0.0063165634858225374
717.7158251456691,-189.13555178160968,132.9556404040662,717.7158251456691,-425.1360802619099,50.47078993430422,746.582452530495,-277.94481805337875,101.91579868876417,1.0,0.005096663707547513
717.7158251456691,-189.13555178160968,132.9556404040662,717.7158251456691,-426.3853933863247,54.1361462510482,685.3727525108856,-312.877172717282,91.84601562263342,1.0,0.002857989376029248
717.7158251456691,-189.13555178160968,132.9556404040662,717.7158251456691,-425.05934999521776,50.251581032928,647.6465162651692,-326.49992411255226,84.80199379970202,1.0,4.805322455537593E-4
717.7158251456691,-189.13555178160968,132.9556404040662,717.7158251456691,-422.3944398760886,43.009594771546276,613.4676366576009,-334.3019784427051,76.97858356634308,1.0,1.8203898862830748E-4
717.7158251456691,-189.13555178160968,132.9556404040662,717.7158251456691,-418.59055863978756,33.7064599151898,591.4172588189444,-335.4200258984432,69.68130016133756,1.0,2.456387017075633E-5
717.7158251456691,-189.13555178160968,132.9556404040662,717.7158251456691,-413.6455875630319,22.977261467911063,584.1264742695994,-331.21732073434083,63.355532901452165,1.0,1.2750085209116237E-4
717.7158251456691,-189.13555178160968,132.9556404040662,717.7158251456691,-406.9394456196889,10.23048475547597,599.061141590162,-320.82640075456754,58.75228410541203,1.0,3.7756924834668313E-4
717.7158251456691,-189.13555178160968,132.9556404040662,717.7158251456691,-396.86624143426263,-6.141306278573808,633.8663875573768,-302.8127557416252,56.83712366155976,1.0,5.806952619261299E-4
717.7158251456691,-189.13555178160968,132.9556404040662,717.7158251456691,-384.1228322153944,-23.505090992142613,679.0728499594971,-281.28235055371476,59.01566083396909,1.0,5.981544672941731E-4
717.7158251456691,-189.13555178160968,132.9556404040662,717.7158251456691,-356.9338290451811,-52.364995649713876,755.9804016829117,-243.92007609960507,72.45023440059936,1.0,0.0015333487700234338
717.7158251456691,-189.13555178160968,132.9556404040662,717.7158251456691,-299.4335466184706,-91.39754619012459,807.3434684853564,-212.32111866748554,85.79471221554576,0.21049822399186974,0.0012440117948508715
717.7158251456691,-189.13555178160968,132.9556404040662,717.7158251456691,-22.577680405090433,-53.48061004772458,868.492928199992,-162.91400419234355,103.60459879202051,0.010970193846240347,0.005117582520630294
717.7158251456691,-189.13555178160968,132.9556404040662,717.7158251456691,49.93208731238121,59.834754618777,910.8966910814848,-130.3049347869192,114.96179212644299,0.048902830967408585,0.0035116036018876004
717.7158251456691,-189.13555178160968,132.9556404040662,717.7158251456691,57.74403361833333,93.57962850910347,943.0813243319022,-107.32411319760806,119.90714077373426,0.10696314001812512,0.0015760058536021908
717.7158251456691,-189.13555178160968,132.9556404040662,717.7158251456691,58.005982577306526,95.25866446804915,960.9497951137669,-93.43030052633522,118.35753344127195,1.0,5.792147002739102E-4
717.7158251456691,-189.13555178160968,132.9556404040662,717.7158251456691,54.94459110400953,78.87344509973607,957.2542864878737,-97.07565373172945,112.55741657819968,1.0,6.85296855665505E-5
717.7158251456691,-189.13555178160968,132.9556404040662,717.7158251456691,50.80468142502798,62.751050178466656,943.5619787199132,-109.9861586496918,109.79716198979474,0.1107960833292362,5.320984104214007E-4
717.7158251456691,-189.13555178160968,132.9556404040662,717.7158251456691,27.515647834015624,8.206862032851305,900.1208502151036,-150.0017670091511,110.42222331675012,0.07055039211803771,0.003360464857593255
717.7158251456691,-189.13555178160968,132.9556404040662,717.7158251456691,-296.9324963826553,-92.60991267237122,855.6187301302505,-198.82140827684694,112.68794556862275,0.03280896250897991,7.267063200575456E-4
717.7158251456691,-189.13555178160968,132.9556404040662,717.7158251456691,-419.6082344825529,36.09314751527903,800.5186450833122,-241.4348624446363,110.97541460108363,0.32149633546088546,0.004051656819995776
717.7158251456691,-189.13555178160968,132.9556404040662,717.7158251456691,-428.60664125602125,61.167080689175975,740.0465358193705,-284.9601649053039,104.22937128955735,1.0,0.004824640716759319
717.7158251456691,-189.13555178160968,132.9556404040662,717.7158251456691,-427.98345477888665,59.120152772417285,681.516446358381,-317.54458506266786,93.26032187860417,1.0,0.002596653277576012
717.7158251456691,-189.13555178160968,132.9556404040662,717.7158251456691,-426.06175858841357,53.16859554000597,651.6551433983501,-328.5631051499782,86.00214967030621,1.0,3.790248217694929E-4
717.7158251456691,-189.13555178160968,132.9556404040662,717.7158251456691,-423.3046044777483,45.40648415802896,630.2549993555027,-331.87625192191774,79.588947771677,1.0,5.8061144812434646E-5
717.7158251456691,-189.13555178160968,132.9556404040662,717.7158251456691,-420.02688828503074,37.09537372561387,617.4845050008485,-331.30099065721214,73.93213138265887,1.0,1.6119339926618808E-5
717.7158251456691,-189.13555178160968,132.9556404040662,717.7158251456691,-416.19884159109483,28.35037083845704,613.1025112776667,-327.5081725413061,69.2090730606065,1.0,8.84016407581076E-5
717.7158251456691,-189.13555178160968,132.9556404040662,717.7158251456691,-410.6726644088045,17.105272563452132,625.0078622419077,-318.11760236222204,65.50591233188428,1.0,3.0185424039782806E-4
717.7158251456691,-189.13555178160968,132.9556404040662,717.7158251456691,-404.05731313478805,5.2503684030737645,657.0062667225561,-302.2680039177599,65.73298932759033,1.0,4.2344451978043433E-4
717.7158251456691,-189.13555178160968,132.9556404040662,717.7158251456691,-397.945225567392,-4.516248116733465,698.1014590136241,-281.62341478278427,72.06535231775732,1.0,9.768365270927033E-4
717.7158251456691,-189.13555178160968,132.9556404040662,717.7158251456691,-395.75221655188005,-7.7907763858816,748.9949827909846,-254.74008778747975,88.26610203473942,1.0,0.002367125082776757
717.7158251456691,-189.13555178160968,132.9556404040662,717.7158251456691,-379.55174804732906,-29.03717486776935,788.5105579695385,-225.91047860192677,101.67009829227166,0.2583466573970895,0.002681866855468994
717.7158251456691,-189.13555178160968,132.9556404040662,717.7158251456691,-92.6651936416483,-97.68145548544501,841.2602508271187,-180.9413826370335,113.3653806478973,0.013297255985304233,0.0012397085557384392
717.7158251456691,-189.13555178160968,132.9556404040662,717.7158251456691,50.130146805279,60.48547081872479,883.1727328596397,-141.05379126744478,118.39236050643424,0.011781671991455502,0.004995125957702551
717.7158251456691,-189.13555178160968,132.9556404040662,717.7158251456691,56.91715547829838,88.70560932983983,907.8957008383144,-119.7855795991664,120.48376615304116,0.01751578123005407,0.001383379725345856
717.7158251456691,-189.13555178160968,132.9556404040662,717.7158251456691,58.51156354273283,98.73713267021262,928.2334684962356,-102.01517039002323,120.91782829177933,0.03129635004540356,9.490652213048761E-4
717.7158251456691,-189.13555178160968,132.9556404040662,717.7158251456691,58.08477847410293,95.77892311681248,948.8220258272324,-84.92911523379546,117.28519280356707,1.0,9.200513516317576E-4
717.7158251456691,-189.13555178160968,132.9556404040662,717.7158251456691,57.4129094412456,91.55689321719807,951.789276925777,-85.4049991591531,115.53790880569468,1.0,1.5994586027053117E-6
717.7158251456691,-189.13555178160968,132.9556404040662,717.7158251456691,58.35285232205149,97.6075169146513,945.7754268367663,-95.47135863008711,119.57782790393117,0.07966376159548949,3.493285517450186E-4
717.7158251456691,-189.13555178160968,132.9556404040662,717.7158251456691,60.80615319794302,127.55711172356165,925.8768905271934,-119.7920221424667,131.45787902168723,0.0777197976303213,0.0019605906003494307
717.7158251456691,-189.13555178160968,132.9556404040662,717.7158251456691,56.128890733998105,181.38448756676598,907.0494748649343,-143.82805898128257,141.90186033569177,0.09240820494613816,0.0022167386123647394
717.7158251456691,-189.13555178160968,132.9556404040662,717.7158251456691,-190.21094194144425,382.95332746537514,865.7684760270861,-189.23326173717683,155.67043156266246,0.05524903951518516,1.1598212576342377E-4
717.7158251456691,-189.13555178160968,132.9556404040662,717.7158251456691,-391.29374224950834,280.03407535203814,815.740862037915,-229.3709124177953,162.2285274349635,0.1324994737843638,0.003357312206233819
717.7158251456691,-189.13555178160968,132.9556404040662,717.7158251456691,-426.5978177198285,211.13282541022141,751.5910816563953,-270.91109040535326,159.87773426477952,1.0,0.003504221676491491
717.7158251456691,-189.13555178160968,132.9556404040662,717.7158251456691,-438.1115251165646,155.5601687537534,689.107781127429,-303.62696655936224,143.35031582785803,1.0,0.002229919150134541
717.7158251456691,-189.13555178160968,132.9556404040662,717.7158251456691,-438.91276729517364,122.40373961365728,658.5104155480285,-314.27903466690094,127.66892274546487,1.0,2.485768676927408E-4
717.7158251456691,-189.13555178160968,132.9556404040662,717.7158251456691,-435.9760830045551,93.33554265590179,638.172841524154,-315.66472974308584,112.64658348382824,1.0,1.8420672197861843E-5
717.7158251456691,-189.13555178160968,132.9556404040662,717.7158251456691,-430.3722837216775,67.34436726540591,629.9723110393633,-311.07415219915345,99.79092807439886,1.0,1.7118445782841288E-4
717.7158251456691,-189.13555178160968,132.9556404040662,717.7158251456691,-422.2773648522889,42.70656839711154,639.2197820731783,-300.0117026815936,90.0355412822795,1.0,6.080894389954097E-4
717.7158251456691,-189.13555178160968,132.9556404040662,717.7158251456691,-411.22505677202696,18.167784891771674,664.5272652994058,-283.32016588476495,84.27594310985734,1.0,8.685723591011169E-4
717.7158251456691,-189.13555178160968,132.9556404040662,717.7158251456691,-398.55593130588386,-3.584114392509349,697.7497631431554,-264.7937002411444,83.62737033553461,1.0,5.830678098683973E-4
717.7158251456691,-189.13555178160968,132.9556404040662,717.7158251456691,-382.37492881790695,-25.658807748123735,743.8444873964596,-241.04224273740596,90.34967019431224,1.0,0.0010778700774040988
717.7158251456691,-189.13555178160968,132.9556404040662,717.7158251456691,-365.8683255597019,-43.86496550118932,773.531232934164,-225.01781650490088,97.05554301979927,0.39027409088611165,6.564630227911814E-4
717.7158251456691,-189.13555178160968,132.9556404040662,717.7158251456691,-217.28467826037266,-115.45455801476405,824.987451697379,-191.65180888814564,110.75019372425655,3.9166330022582727E-4,2.9631839762785805E-4
717.7158251456691,-189.13555178160968,132.9556404040662,717.7158251456691,53.200074988518026,71.5272756372147,876.8598262884844,-152.31251981648288,123.62156654326782,0.029186155183029524,0.004844190756278084
717.7158251456691,-189.13555178160968,132.9556404040662,717.7158251456691,60.325492248878504,116.54870555264354,917.8709403310282,-123.39044326155755,128.63161571924857,0.058657196227143646,0.0023471933671422728
717.7158251456691,-189.13555178160968,132.9556404040662,717.7158251456691,60.475056745426116,119.00773336527058,950.0963926323368,-99.35164208033073,127.93863558410712,0.11704190596836644,0.0016682574938287997
717.7158251456691,-189.13555178160968,132.9556404040662,717.7158251456691,59.25003434609715,104.59015778882525,961.5528394734049,-89.81314718881536,121.6130823083951,1.0,3.099603364954291E-4
717.7158251456691,-189.13555178160968,132.9556404040662,717.7158251456691,56.608607724093076,87.02299331252888,958.2944835317656,-95.96615200507563,115.54111804766984,1.0,1.5664971848505568E-4
717.7158251456691,-189.13555178160968,132.9556404040662,717.7158251456691,53.2390554377227,71.68125933600197,947.6782350329188,-108.93027281533418,112.67905745904403,0.13142638693668618,5.554985244380201E-4
717.7158251456691,-189.13555178160968,132.9556404040662,717.7158251456691,36.82696713499706,25.993310376798433,910.3855373520068,-145.6963374265438,112.39311700749104,0.09788674780900082,0.0033188033005340555
717.7158251456691,-189.13555178160968,132.9556404040662,717.7158251456691,-138.07968345249134,-111.77543304015282,871.3821982763476,-184.9860215518804,113.06529242556152,0.08180025670672289,1.9726182149557607E-5
717.7158251456691,-189.13555178160968,132.9556404040662,717.7158251456691,-331.03539661614997,-72.87058250237834,850.7066477270628,-203.30409025844853,112.40412562127827,0.017109853907945623,2.9283784270817234E-4
717.7158251456691,-189.13555178160968,132.9556404040662,717.7158251456691,-380.13875823011347,-28.344623471695144,838.1463613695496,-214.99849831525339,111.11464528126356,9.677255316783819E-4,2.77211235467194E-4
717.7158251456691,-189.13555178160968,132.9556404040662,717.7158251456691,-398.473520863246,-3.7104296381204165,809.9859681642783,-238.110822069823,100.98218738497349,0.27886142403702413,0.00190365514104674
717.7158251456691,-189.13555178160968,132.9556404040662,717.7158251456691,-401.35072484715806,0.8014867774799086,785.7902831170803,-247.776223671133,96.43794824422883,0.7742994356149366,2.793566733771816E-4
717.7158251456691,-189.13555178160968,132.9556404040662,717.7158251456691,-399.42169430471665,-2.2469419039339016,763.203324349063,-249.64955884188936,94.04841655095217,1.0,1.0053329295550034E-5
717.7158251456691,-189.13555178160968,132.9556404040662,717.7158251456691,-392.45042518110137,-12.519657342831863,750.8641976707333,-245.15400967873384,92.87346783278699,1.0,4.916735420281017E-5
717.7158251456691,-189.13555178160968,132.9556404040662,717.7158251456691,-382.87608402355625,-25.046277833046588,753.4669538686345,-238.00722205627608,93.09915006880772,0.8847944178901351,9.744500207717232E-5
717.7158251456691,-189.13555178160968,132.9556404040662,717.7158251456691,-361.9018360564379,-47.74248083096276,767.657983880189,-230.84175214293762,89.33467534843433,0.6794471772385181,1.6354958021563056E-4
717.7158251456691,-189.13555178160968,132.9556404040662,717.7158251456691,-311.73850332013427,-84.917066179485,787.3641777001088,-218.11339441184145,81.46029770983284,0.4769268884123222,4.814767374811035E-4
717.7158251456691,-189.13555178160968,132.9556404040662,717.7158251456691,-228.69649086267654,-113.89437903896345,803.8200397738157,-199.22327982214256,70.01082865834908,0.4291748333676033,5.635743718409154E-4
717.7158251456691,-189.13555178160968,132.9556404040662,717.7158251456691,-209.59492318172656,-116.20578141302022,803.7253488426112,-194.84912405670144,63.37374739886775,0.572136075574671,1.4986482320605436E-4
717.7158251456691,-189.13555178160968,132.9556404040662,717.7158251456691,-260.33899231422834,-106.69007738850746,801.3165104409206,-208.27089081842914,68.55282469206247,0.5342394058720432,2.2789412446237766E-4
717.7158251456691,-189.13555178160968,132.9556404040662,717.7158251456691,-301.93537147660174,-90.15016560908373,804.8785660826214,-213.3730361553618,85.01652577109155,0.24225032581755124,9.715648107489631E-4
717.7158251456691,-189.13555178160968,132.9556404040662,717.7158251456691,-339.3511962742085,-66.88244442881336,806.2170324222897,-215.94004241446527,97.29651787335908,0.12497276748545598,4.1126077976884123E-4
717.7158251456691,-189.13555178160968,132.9556404040662,717.7158251456691,-362.97768586525706,-46.70769034888173,804.636141875219,-216.82511304431748,104.33887939978533,0.08851499831491437,9.764053645812856E-5
717.7158251456691,-189.13555178160968,132.9556404040662,717.7158251456691,-375.94851107902434,-33.1796004045668,802.7744695753527,-216.58967741709122,108.5403225867422,0.07107251458766277,2.6062342670525302E-5
717.7158251456691,-189.13555178160968,132.9556404040662,717.7158251456691,-384.39646072960886,-23.163472573176847,801.0477683137659,-216.23364354570614,111.28960354917618,0.06179851701810734,1.172324528332631E-5
717.7158251456691,-189.13555178160968,132.9556404040662,717.7158251456691,-386.93449895977494,-19.935093439451606,800.9260501943041,-216.2122068890531,112.02646090911162,0.05905917443023396,6.430806267747699E-7
717.7158251456691,-189.13555178160968,132.9556404040662,717.7158251456691,-380.43556557642705,-27.992502555405935,799.5212084832972,-217.91716685608395,108.74054806967933,0.08720325793394189,3.516601633432466E-5
717.7158251456691,-189.13555178160968,132.9556404040662,717.7158251456691,-398.9496305944933,-2.978359507291657,778.0479838467362,-241.3144796761407,99.15004251511087,0.6427575421149371,0.0020297975560903806
717.7158251456691,-189.13555178160968,132.9556404040662,717.7158251456691,-385.88615553624027,-21.281838576200954,776.4173512711742,-233.3520136960052,98.29330399970914,0.4949130594491235,1.4154651012619665E-4
717.7158251456691,-189.13555178160968,132.9556404040662,717.7158251456691,-324.63737081248905,-77.13780794528813,784.3788946249042,-219.93575070081,85.20041433358668,0.4490639067133222,0.0011189625371115718
717.7158251456691,-189.13555178160968,132.9556404040662,717.7158251456691,-315.2358020737062,-82.91174220912671,785.8454707962535,-222.25556260663564,76.25844882547761,0.6663554924647407,2.487540893656221E-4
717.7158251456691,-189.13555178160968,132.9556404040662,717.7158251456691,-318.89942824613524,-80.72949329713293,794.9843077550829,-219.17763041410797,83.48466462751955,0.38667270341120674,1.805169681852223E-4
717.7158251456691,-189.13555178160968,132.9556404040662,717.7158251456691,-338.81196516553587,-67.28664103650286,798.4891549934952,-219.26081912921464,92.65301605390712,0.23220963172712872,1.6652054979790314E-4
717.7158251456691,-189.13555178160968,132.9556404040662,717.7158251456691,-351.2402713106701,-57.36529881809258,800.599544865528,-219.29493930607416,97.54665924240336,0.17092528294259524,4.18697365566961E-5
717.7158251456691,-189.13555178160968,132.9556404040662,717.7158251456691,-356.10401833304275,-53.11297913577721,802.1588140798706,-218.8699666448171,99.81979361399144,0.14140761016757647,1.1561516510153192E-5
717.7158251456691,-189.13555178160968,132.9556404040662,717.7158251456691,-333.32524368419706,-71.27298821845807,816.2393157386338,-210.1433949720492,103.20037185131113,0.03560834888198278,1.6760641380062264E-4
717.7158251456691,-189.13555178160968,132.9556404040662,717.7158251456691,-282.663804271391,-98.89014020495787,823.8683117581053,-200.55086733756258,104.65838609305041,0.0058029292131149095,6.684384721482761E-5
717.7158251456691,-189.13555178160968,132.9556404040662,717.7158251456691,-404.2090360458669,5.5060567780994205,760.8098192823144,-249.93071288084124,96.92926553467316,1.0,0.005223319760679492
717.7158251456691,-189.13555178160968,132.9556404040662,717.7158251456691,-413.61371178970364,22.912214069820592,721.7269831480011,-276.5007688119878,90.12756383701333,1.0,0.001956058019056357
717.7158251456691,-189.13555178160968,132.9556404040662,717.7158251456691,-408.8781521969494,13.736558195284005,715.5880400791643,-278.1252515822479,84.67519630167388,1.0,4.657428881167457E-5
717.7158251456691,-189.13555178160968,132.9556404040662,717.7158251456691,-398.7567921076221,-3.275544000181469,726.9182102642808,-268.2360426733827,81.54885765445363,1.0,3.0007631844726767E-4
717.7158251456691,-189.13555178160968,132.9556404040662,717.7158251456691,-383.4884245555477,-24.29244653029832,746.3934557157525,-252.90582838092274,81.36003569087498,1.0,3.929568624945593E-4
717.7158251456691,-189.13555178160968,132.9556404040662,717.7158251456691,-360.7816001004926,-48.80693576746506,771.4736486195193,-234.89522162625855,84.49897299352315,0.8561111796664774,5.582743238520428E-4
717.7158251456691,-189.13555178160968,132.9556404040662,717.7158251456691,-270.8056044627988,-103.32809262690614,822.3906430345916,-202.00908792150696,95.71056615000396,0.03577644721814146,6.601535973241953E-4
717.7158251456691,-189.13555178160968,132.9556404040662,717.7158251456691,-44.98881808226517,-71.30331084118589,864.6105323626933,-169.71328800115,105.43388442116682,0.017339677334957188,0.0016534127639827017
717.7158251456691,-189.13555178160968,132.9556404040662,717.7158251456691,37.503901627847654,27.435224567781546,895.5413114681296,-143.6593351813733,111.78249859610219,0.0385204519500599,0.0020924058781273645
717.7158251456691,-189.13555178160968,132.9556404040662,717.7158251456691,49.07117503462169,57.07708414805059,911.4123809818931,-127.87596211928837,113.44196300905762,0.04203508097663313,7.466345523378887E-4
717.7158251456691,-189.13555178160968,132.9556404040662,717.7158251456691,51.70433678536426,65.90231777910162,919.5094722277017,-122.08943316864074,114.28902729086144,0.05252041784205754,9.878540742758433E-5
717.7158251456691,-189.13555178160968,132.9556404040662,717.7158251456691,53.835017742170436,74.08882169190927,928.538463228409,-117.12786406695284,115.5096447557519,0.07208320142035461,7.473236101903345E-5
717.7158251456691,-189.13555178160968,132.9556404040662,717.7158251456691,51.827711345881,66.34703868513131,928.6137303688181,-120.73355391966608,114.0475239832032,0.08347036299512378,4.527757999932511E-5
717.7158251456691,-189.13555178160968,132.9556404040662,717.7158251456691,37.180925126003615,26.744283760222572,909.60314870379,-138.2563946998304,109.07781952071534,0.06247822429287255,9.998773376639594E-4
717.7158251456691,-189.13555178160968,132.9556404040662,717.7158251456691,-27.314404324897822,-57.6064655766169,884.4583932662272,-164.41867863232642,103.84881799789832,0.04743713300601216,0.0012355768224313086
717.7158251456691,-189.13555178160968,132.9556404040662,717.7158251456691,-216.89160143139318,-115.49878541249825,852.1345920583227,-193.03077980005327,98.08804746637506,0.001705778738513204,8.163584946607704E-5
717.7158251456691,-189.13555178160968,132.9556404040662,717.7158251456691,-338.90510800569507,-67.21698516806475,825.154857963116,-216.04644065916924,96.98822874237189,0.057352550792895536,5.055156139828116E-4
717.7158251456691,-189.13555178160968,132.9556404040662,717.7158251456691,-391.321291844003,-14.084920379080728,790.6647910683248,-241.54537543822636,94.84034177501047,0.5897989990368555,0.0012301694605179635
717.7158251456691,-189.13555178160968,132.9556404040662,717.7158251456691,-410.87894784666724,17.50060023026083,748.3301502271518,-273.8194684453679,88.86330135816809,1.0,0.0027190738832983635
717.7158251456691,-189.13555178160968,132.9556404040662,717.7158251456691,-414.35642485154324,24.440395698002504,713.7472686241399,-293.2362980240272,82.79813147250246,1.0,0.0010430463301684023
717.7158251456691,-189.13555178160968,132.9556404040662,717.7158251456691,-411.15312993696,18.02872889056158,709.2008754535336,-291.8287473427383,79.79673336007258,1.0,1.9968023137239313E-5
717.7158251456691,-189.13555178160968,132.9556404040662,717.7158251456691,-405.32965924254734,7.416372048827796,713.0212977394948,-284.00899125085675,77.86467461783977,1.0,1.850885428080063E-4
717.7158251456691,-189.13555178160968,132.9556404040662,717.7158251456691,-397.8826206592395,-4.611293250057514,725.2722595033857,-273.0285507295069,77.66910305356444,1.0,2.4987157756331806E-4
717.7158251456691,-189.13555178160968,132.9556404040662,717.7158251456691,-388.3600168593451,-18.072875163326557,745.8818882519682,-259.05184961407616,79.95334135668276,1.0,4.296361294777709E-4
717.7158251456691,-189.13555178160968,132.9556404040662,717.7158251456691,-377.24445052639334,-31.710817057751825,765.9345372952946,-245.2941076029864,83.79565645336382,1.0,4.6336245779620436E-4
717.7158251456691,-189.13555178160968,132.9556404040662,717.7158251456691,-349.48398832896044,-58.84732854276794,790.1015163371457,-226.6256599321084,88.11133631083518,0.4391022787604744,6.232468780273311E-4
717.7158251456691,-189.13555178160968,132.9556404040662,717.7158251456691,-294.98914289964824,-93.52839269190088,813.473786355926,-208.3631764602152,91.81627103482023,0.10252815510998675,2.854530168599338E-4
717.7158251456691,-189.13555178160968,132.9556404040662,717.7158251456691,-121.26379456698899,-107.65488424645605,853.1096965560996,-180.4145512801206,102.03903249150827,0.005812037232117239,5.386621033215673E-4
717.7158251456691,-189.13555178160968,132.9556404040662,717.7158251456691,21.896055741808482,-1.0804018609977106,883.613953820728,-152.54423254606456,109.7147824626997,0.028850779094453105,0.0023489096922134265
717.7158251456691,-189.13555178160968,132.9556404040662,717.7158251456691,-27.973363962539878,-58.16408442142344,866.4180457595953,-163.81227311674434,102.92515921240059,0.008452502035605755,4.5035368536066434E-4
717.7158251456691,-189.13555178160968,132.9556404040662,717.7158251456691,-242.20028423014787,-111.34772463654281,836.6299726178527,-196.36159177952618,99.68785960217377,0.0017814857363448093,1.201902374376136E-4
717.7158251456691,-189.13555178160968,132.9556404040662,717.7158251456691,-321.86246593319413,-78.90177924367222,822.7259206587439,-209.51210474852866,100.43078317762107,0.03052770504032779,1.5129624550949398E-4
717.7158251456691,-189.13555178160968,132.9556404040662,717.7158251456691,-347.913049592053,-60.149787248950986,814.9202495601111,-214.97075350725663,101.53482985766846,0.06235010823349543,5.2864126439256886E-5
717.7158251456691,-189.13555178160968,132.9556404040662,717.7158251456691,-357.4240243342887,-51.91996643979576,810.4880098970362,-217.01173749650033,102.3318747214858,0.08140053273098519,1.10227357703834E-5
717.7158251456691,-189.13555178160968,132.9556404040662,717.7158251456691,-360.9047304654706,-48.690579634424694,807.9443560542202,-217.66795660104884,102.78257021900097,0.09097732288120274,1.7318028844504563E-6
717.7158251456691,-189.13555178160968,132.9556404040662,717.7158251456691,-361.25799722448244,-48.35586991661168,807.1734173884122,-217.59993492088432,102.97163521491598,0.09217424443180737,9.828968049837044E-8
717.7158251456691,-189.13555178160968,132.9556404040662,717.7158251456691,-356.03199454755736,-53.17758444327998,806.6818239071742,-217.2149141218765,101.63980060884342,0.0998986506666134,4.618833464568625E-6
717.7158251456691,-189.13555178160968,132.9556404040662,717.7158251456691,-349.71474728184745,-58.654176600429736,806.5402095055141,-216.7415694516148,100.01498468901917,0.10844270700758447,7.133811667914145E-6
717.7158251456691,-189.13555178160968,132.9556404040662,717.7158251456691,-345.79783802793065,-61.86973799432366,806.5793019906736,-216.4532679822488,98.9833007728084,0.11386697441189524,2.869754245571502E-6
717.7158251456691,-189.13555178160968,132.9556404040662,717.7158251456691,-343.6140685668745,-63.60576947036637,806.7868581914086,-216.29814859232334,98.39343437002998,0.11642103241880364,9.238419196152834E-7
717.7158251456691,-189.13555178160968,132.9556404040662,717.7158251456691,-342.3511265689533,-64.59179097023414,806.8957346548916,-216.26098729212455,97.98164955849526,0.11880874596618662,3.569715920469817E-7
717.7158251456691,-189.13555178160968,132.9556404040662,717.7158251456691,-336.88785771065307,-68.71055927414059,806.0096909921987,-216.54173761458645,95.54910850692357,0.1437875201287845,1.3481346955387145E-5
717.7158251456691,-189.13555178160968,132.9556404040662,717.7158251456691,-343.9376934305776,-63.350999679484886,796.9870932830187,-228.5644712154215,82.95530698666201,0.4955676690380508,9.967349225367592E-4
717.7158251456691,-189.13555178160968,132.9556404040662,717.7158251456691,-354.2164300036702,-54.78967550403635,781.0066103827894,-239.34963664829692,75.84751662942159,1.0,4.586538077587077E-4
717.7158251456691,-189.13555178160968,132.9556404040662,717.7158251456691,-336.0835984607925,-69.29734863978632,783.5544741845449,-228.2573986462748,79.11000826327975,0.7193240627887596,2.586687042486362E-4
717.7158251456691,-189.13555178160968,132.9556404040662,717.7158251456691,-332.6942629195149,-71.71701643221829,783.9934646390864,-227.4151505430168,78.38014917108978,0.7176403617508038,3.461733126369821E-6
717.7158251456691,-189.13555178160968,132.9556404040662,717.7158251456691,-332.9904050391865,-71.50898048238702,782.8656987315477,-227.96043143545685,77.77283551689132,0.7566290505847398,1.930561271241083E-6
717.7158251456691,-189.13555178160968,132.9556404040662,717.7158251456691,-340.5614235623309,-65.9669710694628,776.2020502300956,-232.31392121792712,76.23380082384594,0.9771382422458784,4.278684368574549E-5
717.7158251456691,-189.13555178160968,132.9556404040662,717.7158251456691,-334.05944234029755,-70.75264598932884,779.5740881729298,-229.41100854907762,76.34355077423587,0.8653776564395987,9.00860743082765E-6
717.7158251456691,-189.13555178160968,132.9556404040662,717.7158251456691,-332.19066850763414,-72.06931802417864,782.6948505611222,-228.64261708923266,76.3345659001032,0.8113356616342356,5.37060721822736E-7
717.7158251456691,-189.13555178160968,132.9556404040662,717.7158251456691,-333.09073232034143,-71.4383565627262,783.5869942428831,-228.42789571731157,77.16661497853656,0.7732797663552115,1.9030015855908688E-6
717.7158251456691,-189.13555178160968,132.9556404040662,717.7158251456691,-333.47568879528944,-71.1666877397999,783.8375310967647,-228.4484381347709,77.36030805585068,0.7654355160586858,8.491112599193448E-8
717.7158251456691,-189.13555178160968,132.9556404040662,717.7158251456691,-333.23905061688333,-71.3338150835636,783.8899016237204,-228.36764002118554,77.33796277038644,0.7638761485895904,1.2354689514366988E-8
717.7158251456691,-189.13555178160968,132.9556404040662,717.7158251456691,-333.22373779097757,-71.34461572041783,783.8893372449586,-228.36516044855867,77.3326270239138,0.7639792504491452,9.850677775098488E-11
717.7158251456691,-189.13555178160968,132.9556404040662,717.7158251456691,-333.1831118381023,-71.37326220584637,783.8941113178089,-228.35112979007832,77.32904029684241,0.7637527467683372,3.566321890758087E-10
717.7158251456691,-189.13555178160968,132.9556404040662,717.7158251456691,-333.17822370741067,-71.37670814719979,783.8945452399719,-228.34955496695497,77.32844840719801,0.7637336360788329,5.6873361848500616E-12
717.7158251456691,-189.13555178160968,132.9556404040662,717.7158251456691,-333.1745416222034,-71.3793037579673,783.8949295200711,-228.3483768504992,77.32799104499665,0.7637190187150646,3.2560797761518464E-12
717.7158251456691,-189.13555178160968,132.9556404040662,717.7158251456691,-333.1706196859353,-71.3820683376056,783.8951190748145,-228.34712459814125,77.32750024302243,0.7637062246524717,3.703761541531449E-12
717.7158251456691,-189.13555178160968,132.9556404040662,717.7158251456691,-333.16426351829205,-71.38654857185642,783.8959285355502,-228.34491298283055,77.32696331881186,0.763669095024567,8.62360707960597E-12
717.7158251456691,-189.13555178160968,132.9556404040662,717.7158251456691,-333.1667180650651,-71.38481848508184,783.8954871979159,-228.34580794836276,77.32711259983276,0.7636873063652808,1.194819127562752E-12
717.7158251456691,-189.13555178160968,132.9556404040662,717.7158251456691,-333.1655809107872,-71.38562001352119,783.8957160188303,-228.34536458299544,77.32708421328141,0.7636769386122951,2.2815718922051306E-13
717.7158251456691,-189.13555178160968,132.9556404040662,717.7158251456691,-333.165551031966,-71.38564107361844,783.8955784011347,-228.3454523677538,77.32694239610251,0.7636840555183153,8.146070500072019E-14
717.7158251456691,-189.13555178160968,132.9556404040662,717.7158251456691,-333.1657398413927,-71.38550799112011,783.8956967956859,-228.34551965685,77.32695608380882,0.7636835465546087,7.333564265662796E-15
717.7158251456691,-189.13555178160968,132.9556404040662,717.7158251456691,-333.1666362113677,-71.3848761803545,783.8955920191514,-228.34570837034346,77.32720655300164,0.7636816439654042,2.887314955436828E-13
717.7158251456691,-189.13555178160968,132.9556404040662,717.7158251456691,-333.16595052318377,-71.38535949155721,783.8958235442984,-228.34547413203197,77.32714246946776,0.7636761625143301,1.0312830324879741E-13
717.7158251456691,-189.13555178160968,132.9556404040662,717.7158251456691,-333.16523073845957,-71.38586683219444,783.8958740961533,-228.34524110023514,77.32705696444182,0.7636734428225675,1.2247160734139139E-13
717.7158251456691,-189.13555178160968,132.9556404040662,717.7158251456691,-333.1652157987219,-71.3858773624361,783.8958810560729,-228.34521839242976,77.3270805441918,0.7636722962528594,3.076575145069164E-15
717.7158251456691,-189.13555178160968,132.9556404040662,717.7158251456691,-333.1652242943811,-71.38587137428931,783.8958470164263,-228.3452408471839,77.3270535980507,0.7636738521839458,3.59207756163825E-15
717.7158251456691,-189.13555178160968,132.9556404040662,717.7158251456691,-333.16552514377867,-71.38565932091086,783.8957978039732,-228.34538035994538,77.32702959023436,0.7636777269683944,2.93873118877456E-14
717.7158251456691,-189.13555178160968,132.9556404040662,717.7158251456691,-333.16478564965166,-71.3861805513732,783.8959701863722,-228.3450497001761,77.32707120144855,0.7636682877002946,1.4812868950328111E-13
717.7158251456691,-189.13555178160968,132.9556404040662,717.7158251456691,-333.1654331000715,-71.38572419789054,783.8959505116673,-228.3452961795691,77.32709580881385,0.763672528734805,7.723460543926522E-14
717.7158251456691,-189.13555178160968,132.9556404040662,717.7158251456691,-333.16504557363953,-71.38599734510038,783.8958462601422,-228.3451700876137,77.32705066717767,0.7636726001864506,3.5263122450243516E-14
717.7158251456691,-189.13555178160968,132.9556404040662,717.7158251456691,-333.16572009958816,-71.38552190616136,783.8959169184933,-228.34536724970272,77.32716089669654,0.7636725275409172,1.2192508146634353E-13
717.7158251456691,-189.13555178160968,132.9556404040662,717.7158251456691,-333.16503668452856,-71.38600361055907,783.89594973659,-228.34515573176122,77.32706589561195,0.7636706822968525,1.1697586794719962E-13
717.7158251456691,-189.13555178160968,132.9556404040662,717.7158251456691,-333.1654654388565,-71.3857014039146,783.8958050454431,-228.34535418030123,77.32703221617754,0.7636770741688902,5.913943515298231E-14
717.7158251456691,-189.13555178160968,132.9556404040662,717.7158251456691,-333.16525227594815,-71.38585165153944,783.895783454952,-228.34530658208277,77.32697651346774,0.7636779273675219,1.56400385648768E-14
717.7158251456691,-189.13555178160968,132.9556404040662,717.7158251456691,-333.1660500480031,-71.38528934113793,783.895830734044,-228.3454913666767,77.3271755545812,0.7636755141347715,2.1288637840979112E-13
717.7158251456691,-189.13555178160968,132.9556404040662,717.7158251456691,-333.16594969676623,-71.38536007406017,783.8957721438778,-228.34552355205648,77.32707187777561,0.7636796090001402,3.1349888162925887E-14
717.7158251456691,-189.13555178160968,132.9556404040662,717.7158251456691,-333.16608717423674,-71.38526317256282,783.8957477160552,-228.34552439232363,77.32715016311201,0.7636778139697785,1.2215312119266221E-14
717.7158251456691,-189.13555178160968,132.9556404040662,717.7158251456691,-333.1656532710317,-71.38556901035122,783.8959767060702,-228.34535188196787,77.32714406510351,0.7636719739814507,3.201293987988663E-14
717.7158251456691,-189.13555178160968,132.9556404040662,717.7158251456691,-333.1654673955343,-71.385700024751,783.8959042295194,-228.34528319187328,77.327134061648,0.7636718085267955,6.700643937677983E-15
717.7158251456691,-189.13555178160968,132.9556404040662,717.7158251456691,-333.16557916241857,-71.38562124585965,783.8959647507246,-228.3453385517765,77.32712013407675,0.7636725073553702,5.504247886077965E-15
717.7158251456691,-189.13555178160968,132.9556404040662,717.7158251456691,-333.16574810171596,-71.38550216881768,783.8959182643699,-228.34541347966277,77.3271114968509,0.7636747137905864,7.413881460062751E-15
717.7158251456691,-189.13555178160968,132.9556404040662,717.7158251456691,-333.1660263484389,-71.38530604586572,783.8959545450167,-228.34547534841195,77.32718457923824,0.7636734883248841,2.6734420338887598E-14
717.7158251456691,-189.13555178160968,132.9556404040662,717.7158251456691,-333.1661087204044,-71.3852479856553,783.8960096179958,-228.34547374122525,77.32723447959111,0.7636714590749556,5.113311960362054E-15
717.7158251456691,-189.13555178160968,132.9556404040662,717.7158251456691,-333.16573052150017,-71.38551456026104,783.8959886953903,-228.34538681908035,77.32713915790026,0.7636726239815422,4.814159316400792E-14
717.7158251456691,-189.13555178160968,132.9556404040662,717.7158251456691,-333.1658385329556,-71.38543842817708,783.8960247335544,-228.34539681905503,77.32718741328028,0.7636710862417431,6.004946472522028E-15
717.7158251456691,-189.13555178160968,132.9556404040662,717.7158251456691,-333.1655424093428,-71.3856471512762,783.8958643034159,-228.34532906706917,77.32711234300655,0.7636737378483137,2.961924732697546E-14
717.7158251456691,-189.13555178160968,132.9556404040662,717.7158251456691,-333.1650511737139,-71.3859933979073,783.895855507827,-228.3452146412836,77.32699069420292,0.7636749442583934,8.035234831471694E-14
717.7158251456691,-189.13555178160968,132.9556404040662,717.7158251456691,-333.16565819710274,-71.3855655382051,783.8959651191117,-228.3453449202698,77.3271567897616,0.763671638865082,1.3061062778290815E-13
717.7158251456691,-189.13555178160968,132.9556404040662,717.7158251456691,-331.7292468522264,-72.39050181951683,783.7862068228305,-227.92794872430528,77.09153606310275,0.7634637801820499,5.490615581541107E-7
717.7158251456691,-189.13555178160968,132.9556404040662,717.7158251456691,-330.1125198413489,-73.50378533543173,780.760298678804,-228.72837751543594,74.97232456948316,0.8771449379126333,1.4245188548664634E-5
717.7158251456691,-189.13555178160968,132.9556404040662,717.7158251456691,-322.9134517210813,-78.23970397592885,791.6791644357005,-224.33957735033644,77.37899951709338,0.6056365400086644,5.175127434010382E-5
717.7158251456691,-189.13555178160968,132.9556404040662,717.7158251456691,-314.45607780547226,-83.36533813731887,806.0921739083423,-219.9411460394971,79.78082135530005,0.36212758930654887,4.486248413324727E-5
717.7158251456691,-189.13555178160968,132.9556404040662,717.7158251456691,-315.89085846735543,-82.52775159402381,802.6653317191727,-221.4156278409968,78.07967138070941,0.4387535947801957,1.4342769973427039E-5
717.7158251456691,-189.13555178160968,132.9556404040662,717.7158251456691,-317.84266601264926,-81.36766384985327,797.6973596660018,-223.06833541999387,76.45071171102626,0.5426852554980006,1.443593138007621E-5
717.7158251456691,-189.13555178160968,132.9556404040662,717.7158251456691,-318.96818783089606,-80.68772274230804,794.8926878783569,-223.83101932968074,75.86324361954809,0.5974003443200508,2.302831684875258E-6
717.7158251456691,-189.13555178160968,132.9556404040662,717.7158251456691,-318.8587978900787,-80.75416147474701,794.236734173426,-223.81428267146322,75.8249030057562,0.6055359846074706,4.845456876642448E-9
717.7158251456691,-189.13555178160968,132.9556404040662,717.7158251456691,-317.30733875910266,-81.68823447475756,795.0324622077152,-223.1447684728179,76.00184250253298,0.5831446676105245,7.18342026969859E-7
717.7158251456691,-189.13555178160968,132.9556404040662,717.7158251456691,-318.0712691247687,-81.23021532222819,794.8143583468832,-223.41721246591473,76.00751942806016,0.5892010520858699,6.200745544165246E-8
717.7158251456691,-189.13555178160968,132.9556404040662,717.7158251456691,-304.60451629376524,-88.78050512590946,801.7682033126241,-218.26672817829544,77.01476662689717,0.4346982564276755,2.9720447395337825E-5
717.7158251456691,-189.13555178160968,132.9556404040662,717.7158251456691,-293.8101499525336,-94.07569773619056,807.6310048636495,-215.5417883215096,75.68249752452749,0.3789908023613644,1.5476797061692214E-5
717.7158251456691,-189.13555178160968,132.9556404040662,717.7158251456691,-290.60315691644985,-95.52701781795324,811.1365325299762,-214.44817134162983,75.95720631320134,0.3342868759508041,1.3211820439231636E-6
717.7158251456691,-189.13555178160968,132.9556404040662,717.7158251456691,-288.9450296795946,-96.25620074235377,812.7086494903068,-213.95322597186356,75.96200699447868,0.31707643604788,1.138212131615983E-7
717.7158251456691,-189.13555178160968,132.9556404040662,717.7158251456691,-288.05931125703347,-96.6398513009072,813.0503581133803,-213.7695107459757,75.78185373182725,0.31570320301401983,1.6662986115496362E-7
717.7158251456691,-189.13555178160968,132.9556404040662,717.7158251456691,-265.2040107840204,-105.19051124445102,822.2438980190273,-207.16774093732738,76.50259127504148,0.20093621338831166,1.7991886866277334E-5
717.7158251456691,-189.13555178160968,132.9556404040662,717.7158251456691,-242.84646728964532,-111.20647286350987,830.5758931222197,-202.0643183874127,74.18332296062476,0.15692380766258895,3.0490357782194623E-5
717.7158251456691,-189.13555178160968,132.9556404040662,717.7158251456691,-233.7669361306243,-113.02817924895595,836.4107435374368,-199.6329639774311,75.09963647177088,0.11065768346487796,4.692108705364644E-6
717.7158251456691,-189.13555178160968,132.9556404040662,717.7158251456691,-227.2842663470352,-114.11656680873566,840.4793762496375,-198.02894805466232,75.35707982785578,0.08670169155141949,6.274951819886206E-7
717.7158251456691,-189.13555178160968,132.9556404040662,717.7158251456691,-224.4344714408129,-114.53978636356746,841.7371325828509,-197.37085501414776,75.21449966163323,0.08131973111398855,1.5589249781399986E-7
717.7158251456691,-189.13555178160968,132.9556404040662,717.7158251456691,-221.35066182016575,-114.96004422521199,842.4951148873479,-196.62157206031966,75.34597089420444,0.07642994833515054,1.4867600365699386E-7
717.7158251456691,-189.13555178160968,132.9556404040662,717.7158251456691,-185.5376320503683,-117.0184682024204,854.6030109607516,-188.323817803812,76.55847407385446,0.026627853612060597,2.3953230574501623E-6
717.7158251456691,-189.13555178160968,132.9556404040662,717.7158251456691,-118.43232385263559,-106.83813257685074,871.4663157476118,-171.61862376756017,73.54604366339584,0.007661930522847317,1.3315687259005484E-4
717.7158251456691,-189.13555178160968,132.9556404040662,717.7158251456691,-91.53591046759531,-97.20584641633067,887.4882351890693,-164.07211677808397,73.85053112730151,4.0255896742560796E-4,2.0485586790362724E-5
717.7158251456691,-189.13555178160968,132.9556404040662,717.7158251456691,-69.1856669228457,-86.38889479653838,899.5764388709639,-158.38318369302127,76.72078955238163,0.013482709588130958,7.410996848136844E-5
717.7158251456691,-189.13555178160968,132.9556404040662,717.7158251456691,-34.61774910314173,-63.57488815426751,917.6383018229812,-148.7186532803072,81.54956105618547,0.059467569464221944,2.589453557967458E-4
717.7158251456691,-189.13555178160968,132.9556404040662,717.7158251456691,10.53852180773768,-17.477947388806314,941.6658395623584,-132.1206988610791,90.00089556344241,0.14576791226676142,9.872837489878447E-4
717.7158251456691,-189.13555178160968,132.9556404040662,717.7158251456691,14.052641636568978,-12.696541369695154,943.8381842335773,-130.16203356669752,90.68142431711848,0.15262467078136405,1.1684203360421573E-5
717.7158251456691,-189.13555178160968,132.9556404040662,717.7158251456691,-11.738385754173834,-43.19839867944265,929.6825518110737,-141.8643053118294,86.01565153820115,0.10506623374394573,3.9805128201150287E-4
717.7158251456691,-189.13555178160968,132.9556404040662,717.7158251456691,-111.52479864580772,-104.6923576891086,897.6731532649077,-170.51222952152878,75.9300985283405,0.01799874946456178,7.524864006713376E-4
717.7158251456691,-189.13555178160968,132.9556404040662,717.7158251456691,-224.29095264155035,-114.56021321015561,858.3457649906196,-198.64307250282417,66.0167903411209,0.06578295174273348,2.5984684847975373E-4
717.7158251456691,-189.13555178160968,132.9556404040662,717.7158251456691,-294.56281936356174,-93.72715834829495,811.7196969697369,-226.5627903975193,52.48204572959676,1.0,0.0011666968249455592
717.7158251456691,-189.13555178160968,132.9556404040662,717.7158251456691,-326.00284415295647,-76.25082287787038,762.9594734427739,-252.60435262444295,35.941349239097434,1.0,0.0017874434482957665
717.7158251456691,-189.13555178160968,132.9556404040662,717.7158251456691,-331.03331612924137,-72.87201680735905,738.7993582513237,-263.07467647268277,25.704360714112283,1.0,5.633647637228479E-4
717.7158251456691,-189.13555178160968,132.9556404040662,717.7158251456691,-326.7290500388824,-75.77391964272232,731.4265034007517,-263.79384140243354,19.69889394601472,1.0,8.562883892260185E-5
717.7158251456691,-189.13555178160968,132.9556404040662,717.7158251456691,-315.57593098332114,-82.71269409900225,744.6193808191022,-254.52458227097227,21.422098750306986,1.0,1.0049217692040927E-4
717.7158251456691,-189.13555178160968,132.9556404040662,717.7158251456691,-299.62617467638245,-91.30274238758133,768.4371622106705,-240.3580093265579,28.991474118355512,1.0,4.406246465396981E-4
717.7158251456691,-189.13555178160968,132.9556404040662,717.7158251456691,-279.7173909467765,-100.05708545753959,794.6710889756039,-225.74639301543928,38.77791128525163,1.0,5.300728060345281E-4
717.7158251456691,-189.13555178160968,132.9556404040662,717.7158251456691,-231.19669589480242,-113.48068028728247,832.2840182789579,-202.80471454343174,52.867990650904886,0.4583386557424104,6.32146132432547E-4
717.7158251456691,-189.13555178160968,132.9556404040662,717.7158251456691,-114.56833911492325,-105.66483397967386,888.171382693951,-170.89387691976827,74.5809613270352,0.002684798970529227,0.0017071772214828109
717.7158251456691,-189.13555178160968,132.9556404040662,717.7158251456691,-3.0735299477111653,-34.02017829757057,932.391442206893,-142.01650759705421,90.67005787837246,0.1323260222611519,0.002845637196764147
717.7158251456691,-189.13555178160968,132.9556404040662,717.7158251456691,28.288421579940007,9.558655806888396,956.9088275713399,-124.8065077204234,96.44628066584897,1.0,9.173718823192898E-4
717.7158251456691,-189.13555178160968,132.9556404040662,717.7158251456691,22.728686884594566,0.23961132547429997,958.7203454147974,-123.44144938039943,91.80353064047645,1.0,3.907354890893891E-5
717.7158251456691,-189.13555178160968,132.9556404040662,717.7158251456691,-1.4850231854811682,-32.23297638775014,946.8383285127791,-133.24539524784626,83.75557835702034,0.16126622547162334,4.984734093833575E-4
717.7158251456691,-189.13555178160968,132.9556404040662,717.7158251456691,-78.89732488100432,-91.42691981354662,917.5100111579048,-158.5115477248107,70.62252214215243,0.04617357004697248,0.0014531551239558378
717.7158251456691,-189.13555178160968,132.9556404040662,717.7158251456691,-163.32451031023174,-115.70837013658848,887.8668084748335,-181.60736567559172,60.4289679993621,0.002914201801990257,2.9792768764037685E-4
717.7158251456691,-189.13555178160968,132.9556404040662,717.7158251456691,-214.94660762743274,-115.70836864453696,866.8556604193033,-197.1675524926252,55.575253123025874,0.08540074869275512,7.874573663946897E-5
717.7158251456691,-189.13555178160968,132.9556404040662,717.7158251456691,-264.02105783747015,-105.56513643258108,836.3527220934099,-215.39526927486875,49.3147792295309,0.5331112058624248,2.556151770759621E-4
717.7158251456691,-189.13555178160968,132.9556404040662,717.7158251456691,-316.6520078690875,-82.07820211122333,793.567649852992,-243.99207135496033,40.44986857818847,1.0,0.001022789892191469
717.7158251456691,-189.13555178160968,132.9556404040662,717.7158251456691,-336.79108436434433,-68.78142534665051,753.1519690997778,-263.0930064916595,31.909918360180114,1.0,6.909963799873994E-4
717.7158251456691,-189.13555178160968,132.9556404040662,717.7158251456691,-342.5073820922304,-64.47050190533054,732.3901709871355,-271.33694973071954,27.14282682112426,1.0,1.957581935542471E-4
717.7158251456691,-189.13555178160968,132.9556404040662,717.7158251456691,-342.9096867953101,-64.15731046621079,723.2694759424561,-273.5325309129444,24.772703139405763,1.0,2.8028286710287466E-5
717.7158251456691,-189.13555178160968,132.9556404040662,717.7158251456691,-337.0848809549771,-68.56606065353847,729.6196073221149,-267.62103088224484,26.05061187130937,1.0,5.932500532284082E-5
717.7158251456691,-189.13555178160968,132.9556404040662,717.7158251456691,-325.9872307350624,-76.26103667407952,748.6634858811417,-255.7423498649212,31.128223507374457,1.0,3.114968819102622E-4
717.7158251456691,-189.13555178160968,132.9556404040662,717.7158251456691,-310.4307314878426,-85.64783481998569,773.7590335927177,-241.53439692129876,38.52015110428533,1.0,4.560538095337652E-4
717.7158251456691,-189.13555178160968,132.9556404040662,717.7158251456691,-288.8025247675844,-96.31820131324133,799.7646726419673,-226.52685289619617,46.940714932653805,1.0,4.711203318950492E-4
717.7158251456691,-189.13555178160968,132.9556404040662,717.7158251456691,-231.25175721030348,-113.47127622698704,839.1218859013799,-201.7305431477256,59.26085105269459,0.26841869075677555,4.6505450022083026E-4
717.7158251456691,-189.13555178160968,132.9556404040662,717.7158251456691,-112.36352115148215,-104.9646305123203,887.6970360265205,-170.46728373431966,75.10176634478128,0.002631601963720576,0.001126927651866022
717.7158251456691,-189.13555178160968,132.9556404040662,717.7158251456691,1.1082846481625666,-29.23955897150742,939.0218997645784,-139.74582064727974,90.8476938930329,0.16033939040323947,0.002794053549207692
717.7158251456691,-189.13555178160968,132.9556404040662,717.7158251456691,10.470273019580162,-17.568492895005477,956.71985063558,-130.9738846034541,89.09552483909826,0.22943754216003073,1.7000043265233845E-4
717.7158251456691,-189.13555178160968,132.9556404040662,717.7158251456691,-45.25496918245909,-71.49087570938826,929.2700962943751,-148.5582374814674,75.29747422178858,0.08804516654183638,0.0013398063521630754
717.7158251456691,-189.13555178160968,132.9556404040662,717.7158251456691,-165.89489027595843,-115.961758852755,892.4431155511468,-182.79126355160128,65.0056069695467,6.361268766362522E-4,2.165604764971265E-4
717.7158251456691,-189.13555178160968,132.9556404040662,717.7158251456691,-213.2561029424632,-115.87803700254338,874.6821036344251,-195.87336578974475,63.4466550518969,0.019240341099342022,1.0126475639856903E-5
717.7158251456691,-189.13555178160968,132.9556404040662,717.7158251456691,-231.38446965747363,-113.44855789279421,864.7951627747659,-200.97418496874948,63.91034726830355,0.051569318412768426,3.4151161741503316E-6
717.7158251456691,-189.13555178160968,132.9556404040662,717.7158251456691,-236.6282996567441,-112.49178553327971,857.9780333915688,-202.27545164384702,65.04728086378316,0.07684646723919628,4.771277817321434E-6
717.7158251456691,-189.13555178160968,132.9556404040662,717.7158251456691,-235.9885819646895,-112.61470300625567,852.77555895677,-201.8788670181404,66.1642229313291,0.0955962691930195,3.6998672379182807E-6
717.7158251456691,-189.13555178160968,132.9556404040662,717.7158251456691,-233.40162775503816,-113.09418080683136,849.6334613951989,-200.98214388091102,67.10720446542052,0.10463513857461133,3.3681570463614137E-6
717.7158251456691,-189.13555178160968,132.9556404040662,717.7158251456691,-232.6332561210077,-113.23117832756756,848.8896207364926,-200.74121243602363,67.27031932377207,0.10721755625959066,1.1933777634864065E-7
717.7158251456691,-189.13555178160968,132.9556404040662,717.7158251456691,-231.71119016926846,-113.39231476480325,848.3022097808731,-200.7354368223764,65.83725843248394,0.12219569140388618,5.928463838164432E-6
717.7158251456691,-189.13555178160968,132.9556404040662,717.7158251456691,-231.38035708380195,-113.44926300692492,848.0449636424478,-200.939409090636,64.10626829069034,0.13920518743158747,9.0269264814698E-6
717.7158251456691,-189.13555178160968,132.9556404040662,717.7158251456691,-231.61283494516448,-113.40929300782011,848.2031052025555,-201.13108842988945,63.382462284028236,0.1450617634061691,1.6443548527912978E-6
717.7158251456691,-189.13555178160968,132.9556404040662,717.7158251456691,-231.18693510262221,-113.48234603631457,847.9454639359321,-201.1377338751783,62.618035444662326,0.15406979343318405,1.6830566435235023E-6
717.7158251456691,-189.13555178160968,132.9556404040662,717.7158251456691,-230.5419482298119,-113.59153628464443,847.5671054840692,-201.14280296026172,61.460554334643575,0.16825316354716446,3.867743137142476E-6
717.7158251456691,-189.13555178160968,132.9556404040662,717.7158251456691,-230.31143463228705,-113.63013913617269,847.2984940078583,-201.2186325993688,60.59493563181081,0.17938252770927335,2.2199822073106822E-6
717.7158251456691,-189.13555178160968,132.9556404040662,717.7158251456691,-230.2855918491959,-113.63445307585451,847.211956509084,-201.26472155498988,60.272039043308325,0.18357017644594245,3.132596615398944E-7
717.7158251456691,-189.13555178160968,132.9556404040662,717.7158251456691,-230.02850830269028,-113.67721650466973,847.0599162028007,-201.25353780148433,59.86986313772661,0.18910406896773668,4.6826072959880537E-7
717.7158251456691,-189.13555178160968,132.9556404040662,717.7158251456691,-229.43538708360728,-113.77482645122888,846.6666027360071,-201.25090966666465,58.78094751269293,0.20450473678608136,3.4237746036433076E-6
717.7158251456691,-189.13555178160968,132.9556404040662,717.7158251456691,-228.97894829929646,-113.84894576469685,846.3477303778795,-201.2508488795569,57.909054321899475,0.2174265725152489,2.1911851036854196E-6
717.7158251456691,-189.13555178160968,132.9556404040662,717.7158251456691,-228.82997679662108,-113.8729491529939,846.2442921911374,-201.249827918309,57.62643003773778,0.2217217822974685,2.2955808102460369E-7
717.7158251456691,-189.13555178160968,132.9556404040662,717.7158251456691,-228.59559979757833,-113.91052700365583,846.0783785770501,-201.2452408832448,57.19616500226368,0.22843496073513686,5.339631306012619E-7
717.7158251456691,-189.13555178160968,132.9556404040662,717.7158251456691,-228.07089176276776,-113.99382669507867,845.7024690176261,-201.24233219817293,56.167740937836015,0.24481966043011488,3.058344263649972E-6
717.7158251456691,-189.13555178160968,132.9556404040662,717.7158251456691,-227.74975575101845,-114.0442447210263,845.4619506500287,-201.24190484519536,55.51605836947479,0.2556060106773083,1.2243261729779704E-6
717.7158251456691,-189.13555178160968,132.9556404040662,717.7158251456691,-227.66361185353225,-114.05769645670799,845.3965690108784,-201.24176042848117,55.33961226732271,0.2585804621402919,8.945781096262035E-8
717.7158251456691,-189.13555178160968,132.9556404040662,717.7158251456691,-227.44542323276326,-114.09162986904587,845.2306203947016,-201.23719918293995,54.916251519186005,0.2658911726766742,5.176606133750559E-7
717.7158251456691,-189.13555178160968,132.9556404040662,717.7158251456691,-227.00722061027017,-114.15918452582801,844.8959194161393,-201.2349341285732,54.006472255262025,0.2818347451890446,2.3942251455023057E-6
717.7158251456691,-189.13555178160968,132.9556404040662,717.7158251456691,-226.76057248635885,-114.19685870724607,844.7002791376699,-201.23417774992396,53.48177998159315,0.29133402814603193,7.940933183647805E-7
717.7158251456691,-189.13555178160968,132.9556404040662,717.7158251456691,-226.61394123781574,-114.2191364720725,844.5796270089182,-201.23159662360302,53.180675996987446,0.2969650943974234,2.616957007226384E-7
717.7158251456691,-189.13555178160968,132.9556404040662,717.7158251456691,-226.20814459199897,-114.28032555217376,844.2546695166141,-201.2292632587827,52.303055505364,0.3134901488318671,2.2296957995448376E-6
717.7158251456691,-189.13555178160968,132.9556404040662,717.7158251456691,-225.96917691825468,-114.31604026174134,844.0548971456354,-201.22855708095653,51.772815374577846,0.3238010045060298,8.117539021597271E-7
717.7158251456691,-189.13555178160968,132.9556404040662,717.7158251456691,-225.8188972417347,-114.33837926857598,843.9278232907981,-201.22449936899304,51.460225931971536,0.33008362023127885,2.826894298342059E-7
717.7158251456691,-189.13555178160968,132.9556404040662,717.7158251456691,-225.43283136840142,-114.39533997522855,843.6031530771853,-201.22279503413924,50.58606608246444,0.34772662222626327,2.2136553458987627E-6
717.7158251456691,-189.13555178160968,132.9556404040662,717.7158251456691,-225.2633487260681,-114.42015123274692,843.4557193060498,-201.22227997147468,50.19487979462457,0.35584643293833024,4.417425435090765E-7
717.7158251456691,-189.13555178160968,132.9556404040662,717.7158251456691,-225.07706919642507,-114.4472846512381,843.2929476906784,-201.21777792995238,49.78780817872163,0.3645367291502543,4.798528191326468E-7
717.7158251456691,-189.13555178160968,132.9556404040662,717.7158251456691,-224.7432082760412,-114.4955563984035,842.9983907819966,-201.21711043934437,48.99627763153404,0.38157058178355363,1.8147268737664786E-6
717.7158251456691,-189.13555178160968,132.9556404040662,717.7158251456691,-224.6356651372407,-114.51100775632199,842.899751406473,-201.21700130983058,48.7374355291374,0.3872844981373684,1.9331145775270272E-7
717.7158251456691,-189.13555178160968,132.9556404040662,717.7158251456691,-224.49400294023175,-114.53128840564557,842.7681371260061,-201.2137874762595,48.415583937825545,0.39458060427225905,2.9987857835384864E-7
717.7158251456691,-189.13555178160968,132.9556404040662,717.7158251456691,-224.1800770360456,-114.57593586387421,842.4817083282363,-201.212480056764,47.65212806598964,0.4119168577444989,1.6894350218297232E-6
717.7158251456691,-189.13555178160968,132.9556404040662,717.7158251456691,-224.08008171301202,-114.59007219842124,842.3871034983254,-201.21226644545797,47.404655937317585,0.4176691203410844,1.7682169661284586E-7
717.7158251456691,-189.13555178160968,132.9556404040662,717.7158251456691,-223.9514104989471,-114.60820183016313,842.2632453012048,-201.2091654895927,47.10424080289266,0.42484374217864,2.6139763689899794E-7
717.7158251456691,-189.13555178160968,132.9556404040662,717.7158251456691,-223.6566683064992,-114.64947366645336,841.9843428022656,-201.20823081803547,46.36350866360692,0.442523463792439,1.5908314177700383E-6
717.7158251456691,-189.13555178160968,132.9556404040662,717.7158251456691,-223.56293586903254,-114.66252376184687,841.8955449900805,-201.20782823198434,46.126071118340946,0.4482850580996466,1.6289453541104136E-7
717.7158251456691,-189.13555178160968,132.9556404040662,717.7158251456691,-223.43349203197567,-114.68048639205037,841.7671315611815,-201.20481068583098,45.8138322802092,0.4561043876104748,2.8250432242451613E-7
717.7158251456691,-189.13555178160968,132.9556404040662,717.7158251456691,-223.15797200771416,-114.71849010204531,841.4961432526246,-201.2042472067767,45.09876173680814,0.4740266323182861,1.4828606766949282E-6
717.7158251456691,-189.13555178160968,132.9556404040662,717.7158251456691,-223.08084750248327,-114.72907228208734,841.4259000437568,-201.20395568032146,44.89751368122867,0.47906308516199286,1.170480887559493E-7
717.7158251456691,-189.13555178160968,132.9556404040662,717.7158251456691,-222.93461797058401,-114.7490691287833,841.2793164441213,-201.20008916036113,44.537732336928514,0.4884748090450265,3.755186761160558E-7
717.7158251456691,-189.13555178160968,132.9556404040662,717.7158251456691,-222.68301516409315,-114.78326994431032,841.0276443586154,-201.20034961514935,43.86038349068619,0.5061700930735616,1.3307423771537794E-6
717.7158251456691,-189.13555178160968,132.9556404040662,717.7158251456691,-222.6353217070859,-114.78972365940152,840.9945983191344,-201.20020057626573,43.732316943063296,0.5093308770765088,4.739447699833181E-8
717.7158251456691,-189.13555178160968,132.9556404040662,717.7158251456691,-222.47658947452445,-114.8111354266727,840.8329795903974,-201.19629453539932,43.328815535761834,0.5203027097766942,4.725645416159759E-7
717.7158251456691,-189.13555178160968,132.9556404040662,717.7158251456691,-222.23596355394892,-114.84339660072442,840.597476513088,-201.197563880791,42.656008995401436,0.5384132228696109,1.3141355127492334E-6
717.7158251456691,-189.13555178160968,132.9556404040662,717.7158251456691,-222.22094341745156,-114.84540249184849,840.6056607692908,-201.1979114143623,42.611680456994435,0.5392261279186429,5.687444692120945E-9
717.7158251456691,-189.13555178160968,132.9556404040662,717.7158251456691,-222.0699612527946,-114.86551420704512,840.4570043739024,-201.1944231244749,42.21639632834177,0.5502393981710311,4.5358151540405553E-7
717.7158251456691,-189.13555178160968,132.9556404040662,717.7158251456691,-221.87348862169435,-114.89154536057916,840.3299985061398,-201.1971555621197,41.64156134617886,0.5650104254931905,9.598513066378654E-7
717.7158251456691,-189.13555178160968,132.9556404040662,717.7158251456691,-221.83523703951232,-114.89659497829643,840.2960935711981,-201.19676577456346,41.53583541202366,0.5679368004890599,3.23444590755193E-8
717.7158251456691,-189.13555178160968,132.9556404040662,717.7158251456691,-221.70492271385035,-114.9137527792756,840.1573285985932,-201.19302383963873,41.192176855243275,0.5780163941419117,3.4301076696724325E-7
717.7158251456691,-189.13555178160968,132.9556404040662,717.7158251456691,-221.52495775709562,-114.93733323688869,839.9625164086166,-201.19319632773528,40.67221402980795,0.5932490249398229,7.842357208812013E-7
717.7158251456691,-189.13555178160968,132.9556404040662,717.7158251456691,-221.49190298424412,-114.94164989345151,839.9290848076824,-201.1928579409799,40.57892256969896,0.5959828364002591,2.5189693712858704E-8
717.7158251456691,-189.13555178160968,132.9556404040662,717.7158251456691,-221.3801946695397,-114.95620482530131,839.7994614203545,-201.19104876343002,40.26735998775874,0.6055018066767511,2.8157835762961005E-7
717.7158251456691,-189.13555178160968,132.9556404040662,717.7158251456691,-221.19521202323256,-114.98019441049163,839.5975673318065,-201.18998010928485,39.73179685396667,0.6217303922654366,8.327398772990063E-7
717.7158251456691,-189.13555178160968,132.9556404040662,717.7158251456691,-221.1612016828962,-114.98458978942261,839.5633837115597,-201.1901837915939,39.62956444102315,0.62478250632311,3.024897484249325E-8
717.7158251456691,-189.13555178160968,132.9556404040662,717.7158251456691,-221.04930145860416,-114.99901791384912,839.4361528351649,-201.1866063169399,39.32467757701869,0.6344109310753616,2.7012930978830914E-7
717.7158251456691,-189.13555178160968,132.9556404040662,717.7158251456691,-220.87893526634628,-115.02088591433548,839.243426185499,-201.18690539237656,38.811523496375514,0.6504601260036074,7.64357609671236E-7
717.7158251456691,-189.13555178160968,132.9556404040662,717.7158251456691,-220.85341252261804,-115.0241517363701,839.2179971200743,-201.18742693732653,38.73044910189455,0.6529263466960795,1.9048660512612016E-8
717.7158251456691,-189.13555178160968,132.9556404040662,717.7158251456691,-220.7449672451025,-115.0379983330117,839.0902440160754,-201.18455700739798,38.42441907995226,0.6628985530483903,2.720751712809826E-7
717.7158251456691,-189.13555178160968,132.9556404040662,717.7158251456691,-220.58657445362118,-115.05813577154191,838.9085743547914,-201.18421956581227,37.943289733996096,0.6784267011264232,6.719936960046881E-7
717.7158251456691,-189.13555178160968,132.9556404040662,717.7158251456691,-220.5639570194264,-115.06100287659666,838.8839273959587,-201.1841297194181,37.87452401178291,0.6806405256371528,1.3688492181323457E-8
717.7158251456691,-189.13555178160968,132.9556404040662,717.7158251456691,-220.4721999223174,-115.07261299321408,838.7702370689835,-201.18255248855888,37.60413597373528,0.6897279786640992,2.122003790582406E-7
717.7158251456691,-189.13555178160968,132.9556404040662,717.7158251456691,-220.3048013429476,-115.09370525478255,838.5739395583643,-201.18171733079973,37.090532189170204,0.7068315653774607,7.663437062475944E-7
717.7158251456691,-189.13555178160968,132.9556404040662,717.7158251456691,-220.28571386460231,-115.09610299275673,838.5542384120812,-201.18192044649354,37.029245511991036,0.7088170278971297,1.088086086804669E-8
717.7158251456691,-189.13555178160968,132.9556404040662,717.7158251456691,-220.16562531758808,-115.11115410167125,838.4078737231712,-201.17854140242463,36.67917402581034,0.7209216504250239,3.5635187114838106E-7
717.7158251456691,-189.13555178160968,132.9556404040662,717.7158251456691,-220.0390936613349,-115.12694886670079,838.2506439954111,-201.1801612655928,36.26582021545758,0.7350935466179518,4.964303919054068E-7
717.7158251456691,-189.13555178160968,132.9556404040662,717.7158251456691,-220.01626315292808,-115.12979178654294,838.2259403782734,-201.17924291992287,36.200605026424995,0.7373414186857705,1.2357059649204008E-8
717.7158251456691,-189.13555178160968,132.9556404040662,717.7158251456691,-219.94313523122364,-115.13888352178563,838.1299305697794,-201.17811831720297,35.9764399296177,0.7453487647692343,1.458457688147593E-7
717.7158251456691,-189.13555178160968,132.9556404040662,717.7158251456691,-219.79565433411858,-115.15715271928252,837.9489583590492,-201.1765918900442,35.51512831518906,0.761666162634454,6.185646794772662E-7
717.7158251456691,-189.13555178160968,132.9556404040662,717.7158251456691,-219.77466211337037,-115.1597458944828,837.9243236197999,-201.17709089592816,35.44330742091299,0.764154996091279,1.496482865922072E-8
717.7158251456691,-189.13555178160968,132.9556404040662,717.7158251456691,-219.67998715147522,-115.17141871673203,837.8003782013075,-201.17496594422096,35.15372023325716,0.7747755012409925,2.4371258299625876E-7
717.7158251456691,-189.13555178160968,132.9556404040662,717.7158251456691,-219.53824801504155,-115.18882570738603,837.6237599417843,-201.17506910541468,34.69002686713361,0.7915267752186018,6.246711343111938E-7
717.7158251456691,-189.13555178160968,132.9556404040662,717.7158251456691,-219.52762796296975,-115.19012664704911,837.612642438729,-201.1744334066026,34.66036444316748,0.7926009042037856,2.561445271638973E-9
717.7158251456691,-189.13555178160968,132.9556404040662,717.7158251456691,-219.44576603269962,-115.2001391217249,837.5024359602883,-201.17280611835193,34.40423431570221,0.8022533013727313,1.9060123978687862E-7
717.7158251456691,-189.13555178160968,132.9556404040662,717.7158251456691,-219.31873533664617,-115.21562189373287,837.3393124648272,-201.1720241341251,33.98972012963333,0.8177122454413068,4.993161443530502E-7
717.7158251456691,-189.13555178160968,132.9556404040662,717.7158251456691,-219.30120520367458,-115.21775332221515,837.3167013699256,-201.171910277836,33.93229440454931,0.8198710068333784,9.558730997439065E-9
717.7158251456691,-189.13555178160968,132.9556404040662,717.7158251456691,-219.22470811224426,-115.22703963487334,837.2095229691022,-201.17076555435042,33.68626986610664,0.829402567689998,1.758076963319436E-7
717.7158251456691,-189.13555178160968,132.9556404040662,717.7158251456691,-219.08466661837826,-115.24397788833576,837.0287776782112,-201.16998490009883,33.22175101687898,0.8471147416439277,6.273943754356704E-7
717.7158251456691,-189.13555178160968,132.9556404040662,717.7158251456691,-219.07551995025446,-115.24508140403117,837.0197955197842,-201.16981687953194,33.19223160851507,0.8481901268130182,2.5281357319793403E-9
717.7158251456691,-189.13555178160968,132.9556404040662,717.7158251456691,-218.99591933973664,-115.25467052054779,836.9091952942072,-201.16790012251974,32.9383543798119,0.858270171083842,1.873911596907406E-7
717.7158251456691,-189.13555178160968,132.9556404040662,717.7158251456691,-218.8767882746126,-115.26897330671648,836.7513343940008,-201.16752971854137,32.53503158794723,0.8740427355361639,4.7277170491658706E-7
