717.7158251456691,-189.13555178160968,132.9556404040662,717.7158251456691,-430.2377808734334,199.0594612236963,707.5162799277739,-325.65057685997067,170.38443063532713,1.0,0.28822609432939605
717.7158251456691,-189.13555178160968,132.9556404040662,717.7158251456691,-430.23655523124376,199.06393137864472,707.5187048238139,-325.65282425680726,170.38776819581753,1.0,2.7337455138242047E-11
717.7158251456691,-189.13555178160968,132.9556404040662,717.7158251456691,-430.2435615365353,199.0383736406589,707.512326437488,-325.6479377843694,170.37087018793218,1.0,2.476113772362836E-10
717.7158251456691,-189.13555178160968,132.9556404040662,717.7158251456691,-430.3368757229232,198.6969617245076,707.525869608443,-325.4351585065931,170.10517215264443,1.0,2.2286303963870041E-7
717.7158251456691,-189.13555178160968,132.9556404040662,717.7158251456691,-430.66713216228464,197.47304641836246,707.5786022190537,-324.59222830477586,169.13854196426126,1.0,3.34787177388958E-6
717.7158251456691,-189.13555178160968,132.9556404040662,717.7158251456691,-431.24744370202524,195.25998849243825,707.5591685972241,-322.38573693939685,167.2458433885597,1.0,2.0368532655799183E-5
717.7158251456691,-189.13555178160968,132.9556404040662,717.7158251456691,-432.06094452544176,192.00861289703155,707.6192311129449,-318.25754786672746,164.34403334614098,1.0,6.713308289060403E-5
717.7158251456691,-189.13555178160968,132.9556404040662,717.7158251456691,-433.0938626091189,187.58477711872047,707.7990694375299,-312.4574798360161,160.57089337391605,1.0,1.297402403520522E-4
717.7158251456691,-189.13555178160968,132.9556404040662,717.7158251456691,-434.1837998463552,182.4668120767193,708.2590883823013,-305.52822597266123,156.47238748886775,1.0,1.8000740127988897E-4
717.7158251456691,-189.13555178160968,132.9556404040662,717.7158251456691,-435.1606395414159,177.3589757830626,708.8646591700198,-298.0486641564663,152.61260100099753,1.0,2.0242776336596634E-4
717.7158251456691,-189.13555178160968,132.9556404040662,717.7158251456691,-436.02859047529046,172.247210041848,709.449445186677,-290.2007254991869,149.0395661886466,1.0,2.1661492367704981E-4
717.7158251456691,-189.13555178160968,132.9556404040662,717.7158251456691,-436.72515844704236,167.5878027861113,710.1629577018497,-281.9376182602735,145.93654165821866,1.0,2.333691070972235E-4
717.7158251456691,-189.13555178160968,132.9556404040662,717.7158251456691,-437.36504846615617,162.6560945375755,710.9391884393266,-273.24509868235305,143.01927817992,1.0,2.543293801030656E-4
717.7158251456691,-189.13555178160968,132.9556404040662,717.7158251456691,-437.8986714950661,157.7933188468792,711.8861358039662,-263.81087618078294,140.41157558117712,1.0,2.9538363470106756E-4
717.7158251456691,-189.13555178160968,132.9556404040662,717.7158251456691,-438.3081888601687,153.2779663368114,712.8478023680257,-254.49306051722667,138.2861478395945,1.0,2.837131926989331E-4
717.7158251456691,-189.13555178160968,132.9556404040662,717.7158251456691,-438.6522512383492,148.49323005674742,713.7293255609552,-245.0622920199088,136.43823993478597,0.7497168506797871,2.880032470535526E-4
717.7158251456691,-189.13555178160968,132.9556404040662,717.7158251456691,-438.2765100904069,153.66271390502726,713.6672162321053,-241.25192541060989,137.2872348021325,0.6284623252043057,4.5337594743050886E-5
717.7158251456691,-189.13555178160968,132.9556404040662,717.7158251456691,-438.37555848599686,152.43432254627052,713.8893302292076,-240.38259071913558,136.96071485175383,0.6018610802582738,2.3545249160124177E-6
717.7158251456691,-189.13555178160968,132.9556404040662,717.7158251456691,-438.300482878468,153.37222952903616,713.8823761646282,-240.18944126064588,137.1389991140442,0.5966152695577002,1.261464549170274E-7
717.7158251456691,-189.13555178160968,132.9556404040662,717.7158251456691,-438.31251912470583,153.22480283613515,713.8408965631683,-240.1661764338832,137.10669830928046,0.595835468004247,1.9568431067515906E-9
717.7158251456691,-189.13555178160968,132.9556404040662,717.7158251456691,-438.39015957452233,152.246583719552,713.8217739275958,-240.01021818480805,136.8930613186426,0.5907925738568077,8.695589794408873E-8
717.7158251456691,-189.13555178160968,132.9556404040662,717.7158251456691,-438.6559199043319,148.4342027372157,713.8875161685339,-239.09313897235626,136.05467249176095,0.5629774255409967,2.763639517419147E-6
717.7158251456691,-189.13555178160968,132.9556404040662,717.7158251456691,-438.7498257011908,146.8377964181847,713.986616811686,-238.9656907809014,135.72691527120878,0.5589190479446136,6.205315135612178E-8
717.7158251456691,-189.13555178160968,132.9556404040662,717.7158251456691,-438.8262134961702,145.38839764230042,713.9114417949623,-238.92060067946156,135.43456942283822,0.557190041078746,1.0371794229995944E-8
717.7158251456691,-189.13555178160968,132.9556404040662,717.7158251456691,-438.9446716751012,142.72311797195343,714.0019552108286,-238.66126165154287,134.89208395902733,0.5493659843996952,2.3050915136752292E-7
717.7158251456691,-189.13555178160968,132.9556404040662,717.7158251456691,-439.01099124132054,140.84644231619188,713.9849164796361,-237.98640205514113,134.49829855238534,0.5305469658691776,1.3933383025777007E-6
717.7158251456691,-189.13555178160968,132.9556404040662,717.7158251456691,-439.04590654383696,139.65000987532352,714.1231690525093,-237.67394260125914,134.25584231845335,0.5220401469420692,2.9923767800116834E-7
717.7158251456691,-189.13555178160968,132.9556404040662,717.7158251456691,-439.0494851718987,139.51505328893575,714.0815687991517,-237.65572287553348,134.2291341670271,0.5215153120718159,1.0509607600047095E-9
717.7158251456691,-189.13555178160968,132.9556404040662,717.7158251456691,-439.07074708132336,138.64757772750508,714.0361231096002,-237.53969007214423,134.0579794364478,0.5182939992601084,4.224510584096198E-8
717.7158251456691,-189.13555178160968,132.9556404040662,717.7158251456691,-439.1319372006466,134.2999905877487,714.0150664983167,-236.50527464226857,133.21037006954506,0.4910054832428782,3.189943424117147E-6
717.7158251456691,-189.13555178160968,132.9556404040662,717.7158251456691,-439.1355200877216,132.82975576233406,714.1698089811365,-236.28011727381502,132.93190129411025,0.4853206613527637,1.491690342989557E-7
717.7158251456691,-189.13555178160968,132.9556404040662,717.7158251456691,-439.1316526047673,131.55936922065385,714.0604234935192,-236.26113287342915,132.69243593542285,0.4848082040824417,1.197315530999959E-9
717.7158251456691,-189.13555178160968,132.9556404040662,717.7158251456691,-439.10446731803586,129.01339922130614,714.0694783325168,-236.04715213960344,132.2158010425056,0.47953416026785994,1.4381518777679482E-7
717.7158251456691,-189.13555178160968,132.9556404040662,717.7158251456691,-439.0396588286048,126.03196500410571,713.8722864131042,-234.94021227176015,131.68660723455707,0.45241642989975717,3.723618488346902E-6
717.7158251456691,-189.13555178160968,132.9556404040662,717.7158251456691,-438.98613847198067,124.31363077219235,714.2761532034317,-234.47599360831313,131.38737298404462,0.4416802600905484,6.622168989179735E-7
717.7158251456691,-189.13555178160968,132.9556404040662,717.7158251456691,-438.7762263710474,119.55662586827104,713.7716466951423,-234.0555085235819,130.544642459429,0.4324182935788506,6.328527443763611E-7
717.7158251456691,-189.13555178160968,132.9556404040662,717.7158251456691,-438.4001422023305,113.79411743770808,712.5275438710843,-233.95978851987064,129.50990172028457,0.43111006102378174,8.459575570685176E-8
717.7158251456691,-189.13555178160968,132.9556404040662,717.7158251456691,-437.3959486936251,103.51459210261164,713.8783770479797,-232.96521980662217,127.75790693786848,0.4128873204399953,4.166188209457058E-6
717.7158251456691,-189.13555178160968,132.9556404040662,717.7158251456691,-436.3602296626326,95.80784576394711,718.1490974603088,-230.88707514502372,126.68208782383937,0.37159152674817825,1.4173334436333861E-5
717.7158251456691,-189.13555178160968,132.9556404040662,717.7158251456691,-435.4713284763146,90.30959580182352,720.3542738560867,-229.86151755617996,125.90509591476845,0.3527585901520852,3.8041854379975917E-6
717.7158251456691,-189.13555178160968,132.9556404040662,717.7158251456691,-435.19976871268204,88.76965681087067,720.8588981359701,-229.84532831757653,125.64534742227613,0.3532123776646494,1.1014586397807513E-8
717.7158251456691,-189.13555178160968,132.9556404040662,717.7158251456691,-434.0787335027114,82.92727116876786,722.6482464726788,-228.06601997421282,125.0042950203837,0.3202796897663106,1.0375955997759611E-5
717.7158251456691,-189.13555178160968,132.9556404040662,717.7158251456691,-427.08937480876517,56.287667255161566,727.2662147204501,-223.39229161344363,121.91822660594315,0.2510414222298873,8.772433387039845E-5
717.7158251456691,-189.13555178160968,132.9556404040662,717.7158251456691,-424.41703696974525,48.44160176157122,729.3520914555339,-222.7657006683134,120.87555811331117,0.24519418237293883,2.5732623669702488E-6
717.7158251456691,-189.13555178160968,132.9556404040662,717.7158251456691,-423.75827296551086,46.629637923577405,729.871374134318,-222.36631068092703,120.72886816011768,0.23953433054108392,5.324657013551384E-7
717.7158251456691,-189.13555178160968,132.9556404040662,717.7158251456691,-411.91818065830114,19.518872683937758,734.4330903405415,-216.87382363457976,118.83182870021594,0.17363393253124632,1.0039759487133082E-4
717.7158251456691,-189.13555178160968,132.9556404040662,717.7158251456691,-392.95624191882564,-11.810123062262335,740.5206509605315,-212.5196071588389,116.34687204328543,0.13759868882165266,7.379962914691157E-5
717.7158251456691,-189.13555178160968,132.9556404040662,717.7158251456691,-386.442753330896,-20.569172628841642,743.6002801618172,-211.58119929509184,115.49067302907093,0.131203161396286,4.618178080068129E-6
717.7158251456691,-189.13555178160968,132.9556404040662,717.7158251456691,-385.12455707667243,-22.248450403656562,744.3317806829006,-211.35119396937068,115.36302829671757,0.12916610080715685,1.967564924544845E-7
717.7158251456691,-189.13555178160968,132.9556404040662,717.7158251456691,-346.20001795019766,-61.545653851721454,751.7740659446943,-204.26723087167446,114.21727622103211,0.07994181047605937,8.228800991554336E-5
717.7158251456691,-189.13555178160968,132.9556404040662,717.7158251456691,-263.7459371618561,-105.65133852448716,763.1505000956548,-195.92611419825207,111.23915180528468,0.05585115884862331,7.541975396126249E-5
717.7158251456691,-189.13555178160968,132.9556404040662,717.7158251456691,-239.3619708789276,-111.94700724323997,768.6390942883954,-193.8856839038395,109.79412591993449,0.05408711918053895,9.221410005245702E-6
717.7158251456691,-189.13555178160968,132.9556404040662,717.7158251456691,-236.40970610140954,-112.53398123674319,769.8223878867053,-193.73007608626716,109.09676763524195,0.056544318017350464,1.4957540405272817E-6
717.7158251456691,-189.13555178160968,132.9556404040662,717.7158251456691,-238.05368445061583,-112.21168265546697,769.2877313509534,-193.82941361023913,109.43099879268419,0.05534552525561339,3.5408874696854265E-7
717.7158251456691,-189.13555178160968,132.9556404040662,717.7158251456691,-230.5788524921708,-113.58533555371247,770.325850478581,-193.08093184188846,109.48507136375773,0.052647690613550555,8.92845929041279E-8
717.7158251456691,-189.13555178160968,132.9556404040662,717.7158251456691,-132.6296352132417,-110.57481229696387,782.8674176113979,-183.57202619983704,108.97783443566752,0.03871249189174527,1.3908429808939246E-5
717.7158251456691,-189.13555178160968,132.9556404040662,717.7158251456691,-43.68799092685799,-70.37907635970558,800.294267555137,-170.67908042357982,107.15361695321323,0.045673978458593764,2.097309525531037E-4
717.7158251456691,-189.13555178160968,132.9556404040662,717.7158251456691,-31.263577691508203,-60.890793137782396,807.8386515110004,-167.10936877973916,105.91032698437166,0.04649778544978868,2.8860857079430236E-5
717.7158251456691,-189.13555178160968,132.9556404040662,717.7158251456691,-27.484885097260502,-57.751102949454065,813.7464672128748,-165.65888807065718,105.2591379834239,0.04053058883929219,5.5235539303677515E-6
717.7158251456691,-189.13555178160968,132.9556404040662,717.7158251456691,-20.27233881756314,-51.39515375603247,821.7490397111125,-164.42831695816213,105.98233887052032,0.025238741436496518,4.529700020351256E-6
717.7158251456691,-189.13555178160968,132.9556404040662,717.7158251456691,17.201817262560752,-8.199912571825678,839.1385493119701,-157.58185764772168,111.36973396097466,0.005239574364265768,2.0416460271234735E-4
717.7158251456691,-189.13555178160968,132.9556404040662,717.7158251456691,23.780261629182974,1.9332896404635562,837.1361525472236,-156.70278320904967,112.99743480122532,0.0069300650868785885,7.543433946425699E-6
717.7158251456691,-189.13555178160968,132.9556404040662,717.7158251456691,-27.806995478404616,-58.023669787178335,816.9848366885091,-170.5202843913753,110.91905242065349,0.008820928151227661,2.8543276993646453E-4
717.7158251456691,-189.13555178160968,132.9556404040662,717.7158251456691,-278.45805853017333,-100.54273172763155,771.2229359276075,-200.12343692396797,104.23215975732555,0.10450314608031117,3.917141261897914E-4
717.7158251456691,-189.13555178160968,132.9556404040662,717.7158251456691,-359.77842656881126,-49.74906474705858,724.4249038304699,-226.49789267648484,92.95235585165454,0.7034519806565233,0.001562565565819319
717.7158251456691,-189.13555178160968,132.9556404040662,717.7158251456691,-365.56989818574795,-44.16274206637229,698.0288551248117,-238.91681170269047,82.98137850856324,1.0,6.800082635476247E-4
717.7158251456691,-189.13555178160968,132.9556404040662,717.7158251456691,-348.63646919848986,-59.552690177167506,702.2759257916445,-234.0195002479491,78.78332510279577,1.0,1.2345640838603065E-4
717.7158251456691,-189.13555178160968,132.9556404040662,717.7158251456691,-324.657124177799,-77.12506650464641,718.3871422811635,-223.2071348397294,80.13908782287749,1.0,1.2370443739045226E-4
717.7158251456691,-189.13555178160968,132.9556404040662,717.7158251456691,-258.8239850492629,-107.1350138678147,752.1188355384334,-202.77244439248673,85.97380546158715,0.4575910365001857,2.1428918806183577E-4
717.7158251456691,-189.13555178160968,132.9556404040662,717.7158251456691,-114.69519208080206,-105.70443763081249,797.3507560177363,-177.92737176389568,97.02157011735895,0.09418169407278693,5.257764520163621E-4
717.7158251456691,-189.13555178160968,132.9556404040662,717.7158251456691,33.99798297901086,20.210681912650898,851.5355398414655,-146.21218404716004,111.267312297204,0.009263640991709458,0.00292445117316994
717.7158251456691,-189.13555178160968,132.9556404040662,717.7158251456691,57.644971714972485,92.9634758870906,896.9354997035042,-120.38009121329293,121.81343334684422,0.0025190573334029397,0.001800376883786456
717.7158251456691,-189.13555178160968,132.9556404040662,717.7158251456691,59.90919942233913,111.12190738006748,919.554675260543,-108.89506164435657,125.9209631787796,0.023753453739105944,3.6782499928739013E-4
717.7158251456691,-189.13555178160968,132.9556404040662,717.7158251456691,59.97068374883648,111.83495339227875,929.3617870622638,-106.96436498507157,125.9886854660607,0.04905840722177233,8.977929995152018E-6
717.7158251456691,-189.13555178160968,132.9556404040662,717.7158251456691,59.64878085694144,108.33134683875251,919.0465205105235,-120.17234300374457,126.12976724661391,0.05183089419454319,5.463994449326713E-4
717.7158251456691,-189.13555178160968,132.9556404040662,717.7158251456691,59.9605588512475,111.71587421930371,905.9819407856996,-133.1662998692722,128.18329040175624,0.050345532345138465,5.313014712799781E-4
717.7158251456691,-189.13555178160968,132.9556404040662,717.7158251456691,60.15480417379695,114.13229246522525,886.3105683132827,-148.85659476212237,129.91426794629228,0.04488373748698578,7.431237459249821E-4
717.7158251456691,-189.13555178160968,132.9556404040662,717.7158251456691,56.590135961311546,86.92427736463,860.3350063712635,-165.40763385801648,128.5107310657574,0.036965776458278005,7.568520154645135E-4
717.7158251456691,-189.13555178160968,132.9556404040662,717.7158251456691,-239.87582457138,-111.84106038501653,808.6574079703411,-192.15059178930267,118.40956475152979,6.35087127250658E-4,2.2682636911575078E-4
717.7158251456691,-189.13555178160968,132.9556404040662,717.7158251456691,-354.01581906535876,-54.96587901411925,755.8990427432974,-217.89755460287117,100.17428117458414,0.32863616322420997,0.002131486301409917
717.7158251456691,-189.13555178160968,132.9556404040662,717.7158251456691,-352.67276665253473,-56.135817235513315,710.1804267751933,-234.25242842677267,80.78882335442768,1.0,0.0015056465955009734
717.7158251456691,-189.13555178160968,132.9556404040662,717.7158251456691,-343.51968270471224,-63.679911109688135,682.4213362168795,-241.9633056892093,65.6701333850331,1.0,7.467543796611744E-4
717.7158251456691,-189.13555178160968,132.9556404040662,717.7158251456691,-332.7949913295552,-71.64632788746854,681.9415884172961,-239.4022433181144,61.3650504627777,1.0,7.631886679968132E-5
717.7158251456691,-189.13555178160968,132.9556404040662,717.7158251456691,-318.64743979250636,-80.88231428090774,691.269568990769,-232.42487838098282,61.48034032257138,1.0,3.629996102709778E-5
717.7158251456691,-189.13555178160968,132.9556404040662,717.7158251456691,-301.45179083993037,-90.39400128759664,705.4004951063048,-223.75133526923142,64.11944268539153,1.0,1.020463799792005E-4
717.7158251456691,-189.13555178160968,132.9556404040662,717.7158251456691,-278.5031076677875,-100.52549364091587,723.1368378451971,-213.67827076977906,68.83548175047832,1.0,1.630583802343592E-4
717.7158251456691,-189.13555178160968,132.9556404040662,717.7158251456691,-229.88532805243753,-113.70091380416375,759.9382845453374,-198.00079358401456,79.29473241107314,0.5592255267671425,2.955503090739596E-4
717.7158251456691,-189.13555178160968,132.9556404040662,717.7158251456691,-86.14711220837188,-94.8455477277553,810.96509842163,-171.96161858175472,94.96844102484465,0.08188727257550542,0.001193566415471554
717.7158251456691,-189.13555178160968,132.9556404040662,717.7158251456691,35.65673827172506,23.55533723914148,864.1520929499311,-143.68639857486758,110.8367717443493,9.648278093493614E-4,0.0024650613330002374
717.7158251456691,-189.13555178160968,132.9556404040662,717.7158251456691,56.93736853073864,88.8181519282515,904.9050265247072,-120.78668827141614,120.69607453356349,0.013520313663314354,0.0014750889607908282
717.7158251456691,-189.13555178160968,132.9556404040662,717.7158251456691,60.01587147552573,112.37486566296934,936.9224424246564,-106.48384858999744,126.12832204835678,0.07772887935684074,5.083939769366532E-4
717.7158251456691,-189.13555178160968,132.9556404040662,717.7158251456691,60.3618193811937,117.11071115681709,945.9355832630338,-106.4128404588151,127.70213612086874,0.12146548328110804,2.964406650200991E-11
717.7158251456691,-189.13555178160968,132.9556404040662,717.7158251456691,60.5954412784975,121.36119754497616,934.6915046791661,-121.06510882066316,129.79528432798364,0.12308465697629871,6.923173611185879E-4
717.7158251456691,-189.13555178160968,132.9556404040662,717.7158251456691,60.80043716356161,127.29865976071866,921.1196637793024,-133.23213878538903,131.6903383299177,0.11043175261956477,4.5188873581371167E-4
717.7158251456691,-189.13555178160968,132.9556404040662,717.7158251456691,56.47326462783607,86.30471006016879,883.1707232539195,-157.33241351912895,126.91495339009927,0.06583323414983892,0.0016089809033043787
717.7158251456691,-189.13555178160968,132.9556404040662,717.7158251456691,-102.01939952667048,-101.3748442032385,840.6935800603162,-182.42014245444028,114.89211164114613,0.017278510133966314,7.832356728449784E-4
717.7158251456691,-189.13555178160968,132.9556404040662,717.7158251456691,-299.9349937526155,-91.15032484209522,795.6089297934553,-204.41619079826802,102.0486042720386,0.0743862401803834,9.099685371199242E-4
717.7158251456691,-189.13555178160968,132.9556404040662,717.7158251456691,-341.4822331181523,-65.26264504342203,753.2539770671036,-224.05437765469887,87.52275185224389,0.6848308474552967,0.0013087916142944154
717.7158251456691,-189.13555178160968,132.9556404040662,717.7158251456691,-346.22008293218494,-61.52944918689434,714.987647543523,-237.38954070966057,73.21276635367741,1.0,8.996622400363978E-4
717.7158251456691,-189.13555178160968,132.9556404040662,717.7158251456691,-341.0745260696518,-65.57533474162148,696.4999613477581,-242.29481658676943,63.495116998210904,1.0,3.1733301100116373E-4
717.7158251456691,-189.13555178160968,132.9556404040662,717.7158251456691,-332.7947898061873,-71.64646938514824,699.3461572972983,-239.2148950982842,61.631725281413026,1.0,3.2346023870170805E-5
717.7158251456691,-189.13555178160968,132.9556404040662,717.7158251456691,-320.77189512994283,-79.5811166754558,710.1373958451634,-232.29053558658063,63.27867979861227,1.0,6.91120584594044E-5
717.7158251456691,-189.13555178160968,132.9556404040662,717.7158251456691,-302.42391902371315,-89.90248901377282,730.9287089960837,-221.84495690241383,68.61049167388359,1.0,2.2703518840915294E-4
717.7158251456691,-189.13555178160968,132.9556404040662,717.7158251456691,-263.18159031327014,-105.82707291029385,764.027058779771,-205.52228212275574,80.1119230249582,0.5595085111641992,5.687989616490188E-4
717.7158251456691,-189.13555178160968,132.9556404040662,717.7158251456691,-180.61073168863976,-116.89897220571234,795.3956266325047,-187.68259055332072,90.37068718839186,0.14946285073516605,2.1016764743827398E-4
717.7158251456691,-189.13555178160968,132.9556404040662,717.7158251456691,9.02074382872658,-19.471661973129414,850.0657313081009,-155.49655559915885,107.07959429120024,0.0021832783331724366,0.003099804367167303
717.7158251456691,-189.13555178160968,132.9556404040662,717.7158251456691,55.53309608182491,81.60145116230477,896.9341749576835,-130.0219864184238,120.54812824864399,0.01569805046059922,0.0018269235677730237
717.7158251456691,-189.13555178160968,132.9556404040662,717.7158251456691,59.09337688068436,103.2504392573019,918.1569417951919,-117.76508314711208,124.41483841877115,0.041225165688624506,4.404427483393468E-4
717.7158251456691,-189.13555178160968,132.9556404040662,717.7158251456691,58.39374882073852,97.89504509662265,911.3783961589712,-123.71755526175467,123.68969129733395,0.03683278045333053,1.0734757329105569E-4
717.7158251456691,-189.13555178160968,132.9556404040662,717.7158251456691,54.0225468914208,74.86830056381558,889.4089366411217,-138.86240442444358,120.94603261674146,0.019819692317610556,6.801032016511175E-4
717.7158251456691,-189.13555178160968,132.9556404040662,717.7158251456691,8.6770134108653,-19.91747381806522,852.2895254798663,-163.13968929530296,112.86556952659109,0.004118786858834632,0.0015388995095879663
717.7158251456691,-189.13555178160968,132.9556404040662,717.7158251456691,-176.8599696956634,-116.7427978859063,811.4886033911021,-187.49945996681754,99.67578709916182,0.03119136400411755,2.988830000811681E-4
717.7158251456691,-189.13555178160968,132.9556404040662,717.7158251456691,-293.24261321514456,-94.33650587396556,765.0447134805679,-210.6740070603298,85.93172425079783,0.46131529323596665,9.722367309816166E-4
717.7158251456691,-189.13555178160968,132.9556404040662,717.7158251456691,-325.0642284230279,-76.86188714430804,719.2840508970354,-229.37978488805862,70.8352277206499,1.0,0.0011264392039335013
717.7158251456691,-189.13555178160968,132.9556404040662,717.7158251456691,-332.7257730569017,-71.6949114009868,683.3022920919296,-241.09981439567454,58.89408576851406,1.0,6.206925473042726E-4
717.7158251456691,-189.13555178160968,132.9556404040662,717.7158251456691,-332.64477105234016,-71.75172141837874,671.5855726743473,-244.31024275320414,54.25222688429531,1.0,8.827259149717856E-5
717.7158251456691,-189.13555178160968,132.9556404040662,717.7158251456691,-328.9658423158312,-74.28212123486676,669.6119448637247,-243.0850396725354,52.99892237560783,1.0,8.775427987767844E-6
717.7158251456691,-189.13555178160968,132.9556404040662,717.7158251456691,-324.49319375275684,-77.23072632796226,676.3855756692861,-239.37779254938815,54.938367868347996,1.0,3.780692126311307E-5
717.7158251456691,-189.13555178160968,132.9556404040662,717.7158251456691,-317.3828974251486,-81.64309755910693,691.2317670192346,-232.9038339480756,59.71733618335938,1.0,1.5016605909511883E-4
717.7158251456691,-189.13555178160968,132.9556404040662,717.7158251456691,-301.5580768961623,-90.34052133381002,712.3136930076816,-222.5732939900207,66.5408406589905,1.0,3.014861384375416E-4
717.7158251456691,-189.13555178160968,132.9556404040662,717.7158251456691,-257.15048492125845,-107.61445098305762,750.7113175829625,-204.53507591163284,78.48723536025847,0.6770075473966898,5.39135561980739E-4
717.7158251456691,-189.13555178160968,132.9556404040662,717.7158251456691,-129.2507267289038,-109.76602679605585,799.3701038643115,-179.21829821561641,92.75960881399854,0.12114139843015483,6.348815416125417E-4
717.7158251456691,-189.13555178160968,132.9556404040662,717.7158251456691,30.811462360090843,14.114103178437048,856.8025753440035,-147.22091782364004,110.3083698727848,0.00295809155936625,0.003138878559374638
717.7158251456691,-189.13555178160968,132.9556404040662,717.7158251456691,58.32407429663749,97.40661142697451,907.1733921644196,-122.27052969181635,123.35008718516522,0.022066982174270888,0.0015052326987517693
717.7158251456691,-189.13555178160968,132.9556404040662,717.7158251456691,60.820056485941734,128.24460064639365,947.8976372978891,-104.26666528198156,131.35607357993965,0.1242091364733918,6.939966530984838E-4
717.7158251456691,-189.13555178160968,132.9556404040662,717.7158251456691,60.805517338442996,138.3835283105213,974.16345117135,-94.88259677950177,135.0025007956166,1.0,2.0107196254538708E-4
717.7158251456691,-189.13555178160968,132.9556404040662,717.7158251456691,60.67888036436972,142.586294150404,983.5524722117041,-93.96599723667552,136.62454383427269,1.0,1.87596965861787E-6
717.7158251456691,-189.13555178160968,132.9556404040662,717.7158251456691,60.25044468635684,150.466344721123,985.441662658798,-97.01260370167827,139.4240777962614,1.0,3.11626381365857E-5
717.7158251456691,-189.13555178160968,132.9556404040662,717.7158251456691,59.520615795074434,158.8421296615146,981.7868349397921,-100.82349240895043,142.14941668773096,1.0,4.941813522668213E-5
717.7158251456691,-189.13555178160968,132.9556404040662,717.7158251456691,58.422890590217435,167.8098741560045,974.2331733990238,-107.2916494277994,144.4786023215837,1.0,1.354036327996399E-4
717.7158251456691,-189.13555178160968,132.9556404040662,717.7158251456691,57.2402014805794,175.37012147467377,959.9766197436566,-115.18852773177342,145.68588926281575,1.0,1.7897176458679415E-4
717.7158251456691,-189.13555178160968,132.9556404040662,717.7158251456691,57.130367307121304,176.00325468619104,939.5238167458231,-127.57265957356987,143.71691686355416,0.1744954091547732,4.3950779926999937E-4
717.7158251456691,-189.13555178160968,132.9556404040662,717.7158251456691,60.831675590487464,137.00350896743421,903.3610510576004,-148.0733740787178,133.62058476503054,0.100222613298687,0.0010563403403113611
717.7158251456691,-189.13555178160968,132.9556404040662,717.7158251456691,-1.6893248906016254,-32.46476953474621,858.2936059152581,-171.452644751403,117.35055846476675,0.03452978380162739,0.002021515320825947
717.7158251456691,-189.13555178160968,132.9556404040662,717.7158251456691,-277.69170029739473,-100.83445468135486,808.633784867208,-202.0960754043142,98.73958538255818,0.05436450380612379,0.0016589913760066753
717.7158251456691,-189.13555178160968,132.9556404040662,717.7158251456691,-333.9881259471814,-70.80336371012638,764.4203961318999,-225.17432319794727,82.26117249010005,0.766572713529261,0.0017576803478636224
717.7158251456691,-189.13555178160968,132.9556404040662,717.7158251456691,-344.17595478280225,-63.16287844927362,728.8955187480399,-238.2524710981932,70.82514228524187,1.0,6.828181648756339E-4
717.7158251456691,-189.13555178160968,132.9556404040662,717.7158251456691,-340.9870271343175,-65.6422685305597,711.5403297517378,-242.23226288924585,63.51347151641022,1.0,1.8056440362581905E-4
717.7158251456691,-189.13555178160968,132.9556404040662,717.7158251456691,-325.14911873921824,-76.80686721697683,720.5757402424794,-234.02078916944035,63.732840353747605,1.0,5.873069823174599E-5
717.7158251456691,-189.13555178160968,132.9556404040662,717.7158251456691,-296.48884660138276,-92.82139583155029,740.8129203479685,-219.97069976100374,68.1055737679003,1.0,2.49596106623411E-4
717.7158251456691,-189.13555178160968,132.9556404040662,717.7158251456691,-233.0136571619505,-113.16366373161452,775.8369293344635,-198.80595682081642,78.71279335474685,0.472816764875649,3.756620073620311E-4
717.7158251456691,-189.13555178160968,132.9556404040662,717.7158251456691,-109.97763486651198,-104.1815017514015,817.5007328654561,-175.63075909200631,92.49868968302232,0.06724452854526963,8.587956331773816E-4
717.7158251456691,-189.13555178160968,132.9556404040662,717.7158251456691,27.332099252988684,7.888634141169931,864.2057170167351,-146.08648187062425,108.08347927312411,5.069601008515101E-4,0.0030159691422232808
717.7158251456691,-189.13555178160968,132.9556404040662,717.7158251456691,57.11594587686059,89.82560561436983,906.4261107411568,-116.16098557633708,120.17441629325256,0.008627007736771783,0.002786913921191334
717.7158251456691,-189.13555178160968,132.9556404040662,717.7158251456691,59.56593820121978,107.50826568051986,923.759040955372,-102.40497143915907,124.08128433117994,0.020745776680251935,5.922500024668834E-4
717.7158251456691,-189.13555178160968,132.9556404040662,717.7158251456691,59.9761537364453,111.89956826594252,937.9992016233804,-90.99430852884507,124.66028915448157,0.03793162532797443,3.886319881814123E-4
717.7158251456691,-189.13555178160968,132.9556404040662,717.7158251456691,59.04205235991381,102.8246463518739,942.2805585040912,-88.39338200612684,120.72463459348933,0.04593260914980474,2.696856071751987E-5
717.7158251456691,-189.13555178160968,132.9556404040662,717.7158251456691,56.928825154070694,88.77054785855483,935.7849546280519,-93.3421923023878,115.75429453456132,0.03334037934971881,9.749098350305381E-5
717.7158251456691,-189.13555178160968,132.9556404040662,717.7158251456691,47.02299595269736,50.9243029041631,904.593944440525,-115.36153348016758,107.32971471952035,0.00214151303608644,0.001613764052112714
717.7158251456691,-189.13555178160968,132.9556404040662,717.7158251456691,-25.022890163791487,-55.636603065052924,854.9897197460543,-159.015024487113,98.34223665481389,0.002400479920609234,0.0029511245419945762
717.7158251456691,-189.13555178160968,132.9556404040662,717.7158251456691,-157.3646786103873,-115.0173654210399,828.0370382049362,-184.300180438825,95.21536302204672,0.0192695259043339,3.8975633266575496E-5
717.7158251456691,-189.13555178160968,132.9556404040662,717.7158251456691,-226.01797004424395,-114.30876710963176,811.7440744189277,-194.845555706765,94.67505024859904,0.05900948956462958,5.3325423285484805E-6
717.7158251456691,-189.13555178160968,132.9556404040662,717.7158251456691,-252.56807810907276,-108.86312355711962,799.3154406095127,-199.04663849849166,95.17239451825819,0.09989904180386933,4.309904186996565E-6
717.7158251456691,-189.13555178160968,132.9556404040662,717.7158251456691,-260.92357361306006,-106.51561031619713,790.150275312695,-200.10428150914572,96.36603451086086,0.12287053432322713,4.84358610814244E-6
717.7158251456691,-189.13555178160968,132.9556404040662,717.7158251456691,-261.73267031379424,-106.27157038271687,783.9636803460436,-199.9883612584435,97.1926873718146,0.1351582270397226,1.6535656105625435E-6
717.7158251456691,-189.13555178160968,132.9556404040662,717.7158251456691,-280.91201518414925,-99.58915262584085,774.0401041696965,-206.76267712272133,88.29172481841059,0.3325984463275004,3.55946697139184E-4
717.7158251456691,-189.13555178160968,132.9556404040662,717.7158251456691,-295.61222301450556,-93.23613328180818,755.5200981525484,-214.40396687429487,79.27714386707473,0.7367833880220124,3.652970054653381E-4
717.7158251456691,-189.13555178160968,132.9556404040662,717.7158251456691,-270.0156068280162,-103.59967383700146,753.0954207785029,-208.51239227485414,76.28289717647439,0.7718805063842157,6.696297484812281E-5
717.7158251456691,-189.13555178160968,132.9556404040662,717.7158251456691,-252.4702462460545,-108.88876510719516,756.5524386107941,-205.00890698359768,72.3430143425484,0.846402183553004,6.634902756540766E-5
717.7158251456691,-189.13555178160968,132.9556404040662,717.7158251456691,-225.5519427222979,-114.37783179663484,758.4727045044392,-198.6144516240386,68.57668493620966,0.9227619297688997,6.40263259676709E-5
717.7158251456691,-189.13555178160968,132.9556404040662,717.7158251456691,-185.6759692390504,-117.02042102708609,770.0186867137173,-188.1989185581256,65.27814425191221,0.9105656040680786,2.6269476377286165E-5
717.7158251456691,-189.13555178160968,132.9556404040662,717.7158251456691,-148.8007665764437,-113.76911535111358,778.1429613757521,-177.50854612049991,61.83414769474129,0.9824066456397482,6.994294884618195E-5
717.7158251456691,-189.13555178160968,132.9556404040662,717.7158251456691,-133.19619396300112,-110.70557572776238,781.850373484391,-172.32643783379305,59.73833319248763,1.0,2.9560819375533967E-5
717.7158251456691,-189.13555178160968,132.9556404040662,717.7158251456691,-137.0563954389873,-111.55972000227041,785.6756764951499,-172.689862397367,55.74195359885712,1.0,4.7438873837576126E-5
717.7158251456691,-189.13555178160968,132.9556404040662,717.7158251456691,-147.8345067785351,-113.60920640434242,788.732258412891,-175.79697323754706,53.32509897069829,1.0,2.4661631424387816E-5
717.7158251456691,-189.13555178160968,132.9556404040662,717.7158251456691,-164.39234193349085,-115.81689338214574,790.4080451324668,-181.13889085337345,52.5558210937283,1.0,4.514950685507946E-6
717.7158251456691,-189.13555178160968,132.9556404040662,717.7158251456691,-187.98402184255386,-117.0417075394659,790.9434689111142,-188.76664501255854,52.86591735542322,1.0,1.5331791903126628E-7
717.7158251456691,-189.13555178160968,132.9556404040662,717.7158251456691,-218.77467342742108,-115.28118697669291,788.40914486625,-198.61916696974106,53.5274247324183,1.0,7.836008660551125E-6
717.7158251456691,-189.13555178160968,132.9556404040662,717.7158251456691,-247.70397652039455,-110.08702997218131,780.856120598177,-207.96645675763702,54.81262304638258,1.0,3.0240200472174416E-5
717.7158251456691,-189.13555178160968,132.9556404040662,717.7158251456691,-269.1299938300365,-103.90062242501938,769.7333362743456,-214.87806182698495,56.73441091543961,1.0,4.166533232096413E-5
717.7158251456691,-189.13555178160968,132.9556404040662,717.7158251456691,-277.5957579076686,-100.87077369865057,759.436922069196,-217.00276060121857,59.29438869891993,1.0,2.581602023190406E-5
717.7158251456691,-189.13555178160968,132.9556404040662,717.7158251456691,-276.1047887531878,-101.42940993102127,752.2112929302858,-215.31508073342042,62.40091985242631,1.0,3.477432922141939E-5
717.7158251456691,-189.13555178160968,132.9556404040662,717.7158251456691,-271.6162321529465,-103.04634553139445,749.4753352092819,-212.83700472198004,65.1386687411225,1.0,3.4555647793088767E-5
717.7158251456691,-189.13555178160968,132.9556404040662,717.7158251456691,-266.3889589038093,-104.80876207875221,747.4666570232845,-210.79874406402774,66.28238726518407,1.0,8.65476775157885E-6
717.7158251456691,-189.13555178160968,132.9556404040662,717.7158251456691,-262.15801264021206,-106.14208064352948,746.3573588610246,-209.5333828128812,66.16694475417964,1.0,6.649371620021354E-7
717.7158251456691,-189.13555178160968,132.9556404040662,717.7158251456691,-258.95834573019016,-107.09597372342532,746.5659043967551,-209.22175203078874,63.89903984674231,1.0,1.5345037185062026E-5
717.7158251456691,-189.13555178160968,132.9556404040662,717.7158251456691,-254.31108603424587,-108.3991808340509,747.6611226665444,-208.055786247774,62.891162072925454,1.0,4.811899705912873E-6
717.7158251456691,-189.13555178160968,132.9556404040662,717.7158251456691,-249.57282286754136,-109.62905875003463,747.9472879592424,-206.48136976994357,63.332542559378,1.0,1.9152259362915313E-6
717.7158251456691,-189.13555178160968,132.9556404040662,717.7158251456691,-243.35249165948528,-111.09460735298654,746.7779985271222,-204.1892640792112,65.19338336468945,1.0,1.5893045828789665E-5
717.7158251456691,-189.13555178160968,132.9556404040662,717.7158251456691,-237.527473441021,-112.31609037245317,744.1044464007681,-201.8279982327665,68.62469006954714,1.0,4.383582136936157E-5
717.7158251456691,-189.13555178160968,132.9556404040662,717.7158251456691,-231.23169842499016,-113.47470358339609,740.5075987468553,-199.28722618034317,73.52785868043921,0.8558999633916919,8.381649317481094E-5
717.7158251456691,-189.13555178160968,132.9556404040662,717.7158251456691,-231.76618267449092,-113.38280424003503,737.7256871594701,-198.87974019303851,76.64945475033042,0.7536487562534865,2.95189452920686E-5
717.7158251456691,-189.13555178160968,132.9556404040662,717.7158251456691,-235.63254845625977,-112.68236418854073,736.79528348838,-199.65684651250984,77.37291402900888,0.737264640970525,2.152123643477796E-6
717.7158251456691,-189.13555178160968,132.9556404040662,717.7158251456691,-239.0962659874126,-112.00134977185445,735.7586037594917,-200.17587843469067,78.82500535434545,0.6965112752012393,6.911939945868286E-6
717.7158251456691,-189.13555178160968,132.9556404040662,717.7158251456691,-242.16335696996777,-111.35574262362968,735.1648769646359,-200.49033453124187,80.64152580535941,0.643929950398592,1.0110478828000714E-5
717.7158251456691,-189.13555178160968,132.9556404040662,717.7158251456691,-242.48372841525082,-111.28598596184594,735.0281698404813,-200.49682282586434,80.94082954204197,0.6353724592749371,2.5418155960794404E-7
717.7158251456691,-189.13555178160968,132.9556404040662,717.7158251456691,-242.0045344343464,-111.39016101937676,734.7170840321857,-200.4204832702642,80.7998112156034,0.6399244674699928,6.957827720703423E-8
717.7158251456691,-189.13555178160968,132.9556404040662,717.7158251456691,-241.96566111161493,-111.39856878452068,734.6946854328087,-200.41436443573673,80.7879394161726,0.6403003359697907,4.887663758207973E-10
717.7158251456691,-189.13555178160968,132.9556404040662,717.7158251456691,-241.90613831860855,-111.41143020189972,734.6574219969663,-200.4053851400814,80.76792856015405,0.6409415321251534,1.352688959957463E-9
717.7158251456691,-189.13555178160968,132.9556404040662,717.7158251456691,-241.8921519899753,-111.41445010304693,734.64960901954,-200.40310630652854,80.76400356292572,0.6410653176704191,5.477988399471717E-11
717.7158251456691,-189.13555178160968,132.9556404040662,717.7158251456691,-241.88468048425452,-111.41606299285291,734.6445922062858,-200.4019325829023,80.76170402550795,0.6411400553288742,1.8299711557437692E-11
717.7158251456691,-189.13555178160968,132.9556404040662,717.7158251456691,-241.87819430687443,-111.41746298387238,734.6408250897259,-200.4008480770427,80.76001112779502,0.6411938451606227,1.0426385402255939E-11
717.7158251456691,-189.13555178160968,132.9556404040662,717.7158251456691,-241.87602872931066,-111.41793036685212,734.6394333930601,-200.40043772579398,80.75966945679465,0.6412051306206222,5.197500733074558E-13
717.7158251456691,-189.13555178160968,132.9556404040662,717.7158251456691,-241.87319979597484,-111.41854088747885,734.6379221344795,-200.3999215210561,80.75913114577202,0.6412219534780152,1.1853150825791724E-12
717.7158251456691,-189.13555178160968,132.9556404040662,717.7158251456691,-241.87279239458286,-111.41862880717744,734.6379793381393,-200.3997712319474,80.7594055533902,0.6412125841253242,2.6437751187651565E-13
717.7158251456691,-189.13555178160968,132.9556404040662,717.7158251456691,-241.87134637995797,-111.41894086019053,734.6374875064314,-200.39945241840357,80.75938504310278,0.6412124344285909,2.239709193857945E-14
717.7158251456691,-189.13555178160968,132.9556404040662,717.7158251456691,-241.87059121161127,-111.41910382355684,734.6372066393963,-200.39927425658743,80.75942838592087,0.6412107202842372,1.8784122487841106E-14
717.7158251456691,-189.13555178160968,132.9556404040662,717.7158251456691,-241.86897250717118,-111.41945312753927,734.6365783641464,-200.39895122141115,80.75924855780198,0.6412156903334612,1.748487253836146E-13
717.7158251456691,-189.13555178160968,132.9556404040662,717.7158251456691,-241.86899326773784,-111.41944864763954,734.6365997040772,-200.39890269318659,80.75949495125568,0.6412079172249479,1.852729577963197E-13
717.7158251456691,-189.13555178160968,132.9556404040662,717.7158251456691,-241.86812867407585,-111.41963521578887,734.63647458721,-200.39870042950906,80.75953664090937,0.6412056845566605,2.0448255079985838E-14
717.7158251456691,-189.13555178160968,132.9556404040662,717.7158251456691,-241.8677858836615,-111.41970918464824,734.6362924929743,-200.39859272949641,80.75968064736153,0.6412011418782974,7.854430972870872E-14
717.7158251456691,-189.13555178160968,132.9556404040662,717.7158251456691,-241.86686258428196,-111.41990841584334,734.6362763904565,-200.39838187297363,80.75970135104012,0.6411991956527882,1.2306842811776326E-14
717.7158251456691,-189.13555178160968,132.9556404040662,717.7158251456691,-241.8662077714349,-111.42004971032043,734.6362811520873,-200.39821632811714,80.75979020241729,0.6411954407473546,4.357570865018559E-14
717.7158251456691,-189.13555178160968,132.9556404040662,717.7158251456691,-241.8663278177465,-111.42002380705523,734.6362875296488,-200.39819122734434,80.76003089064653,0.6411880306371802,1.7007556966021393E-13
717.7158251456691,-189.13555178160968,132.9556404040662,717.7158251456691,-241.865461993102,-111.42021063094901,734.6363132911434,-200.39800647912415,80.7599901477046,0.6411879888983597,1.8245073639428888E-14
717.7158251456691,-189.13555178160968,132.9556404040662,717.7158251456691,-241.86531337728087,-111.42024269830472,734.6361867317939,-200.3979448853218,80.76012164428391,0.6411839741099706,5.886562020543636E-14
717.7158251456691,-189.13555178160968,132.9556404040662,717.7158251456691,-241.86425355542318,-111.42047137703287,734.6359934541689,-200.3977096383303,80.76011396959669,0.6411831910078616,9.587973483409582E-15
717.7158251456691,-189.13555178160968,132.9556404040662,717.7158251456691,-241.86437296499864,-111.42044561216042,734.6359990139413,-200.39772413232703,80.76017050087228,0.641181572005129,9.994259026424936E-15
717.7158251456691,-189.13555178160968,132.9556404040662,717.7158251456691,-241.86372416387016,-111.42058560252929,734.6358853793554,-200.39755881608568,80.76026453568326,0.6411779761272545,4.724048617608345E-14
717.7158251456691,-189.13555178160968,132.9556404040662,717.7158251456691,-241.8641853432517,-111.42048609507052,734.6361671198467,-200.39761997283742,80.76045886718913,0.6411717895342091,1.2093555775369858E-13
717.7158251456691,-189.13555178160968,132.9556404040662,717.7158251456691,-241.8642720737701,-111.4204673813536,734.6360991911072,-200.39759849292787,80.76064826770835,0.6411661403055624,1.0572205433801951E-13
717.7158251456691,-189.13555178160968,132.9556404040662,717.7158251456691,-241.86407625093696,-111.4205096337138,734.6362027038421,-200.39753788675773,80.76072628777959,0.6411631299557319,2.330298947591685E-14
717.7158251456691,-189.13555178160968,132.9556404040662,717.7158251456691,-241.86382034227725,-111.42056485044318,734.6360948840256,-200.39746118742246,80.76081664750643,0.6411602035623097,3.2094605022350774E-14
717.7158251456691,-189.13555178160968,132.9556404040662,717.7158251456691,-241.86376982516123,-111.42057575035352,734.6362599674758,-200.39742551886977,80.76092962420836,0.6411561419300648,4.089054817845961E-14
717.7158251456691,-189.13555178160968,132.9556404040662,717.7158251456691,-241.8634891989405,-111.42063629994212,734.6361493360289,-200.39735253301907,80.76097716834374,0.6411545332434526,1.1248672184194418E-14
717.7158251456691,-189.13555178160968,132.9556404040662,717.7158251456691,-241.86329953662403,-111.42067722242473,734.636244063423,-200.39728342794194,80.76110096317615,0.6411501160215473,5.402450730559863E-14
717.7158251456691,-189.13555178160968,132.9556404040662,717.7158251456691,-241.8631079677557,-111.42071855611803,734.636291001243,-200.3972145217752,80.7612218620151,0.6411459134994962,5.175938296831578E-14
717.7158251456691,-189.13555178160968,132.9556404040662,717.7158251456691,-241.8637608928858,-111.42057767763981,734.6366486940533,-200.39730793411746,80.76146533355941,0.641138259151173,1.9515667793629864E-13
717.7158251456691,-189.13555178160968,132.9556404040662,717.7158251456691,-241.8634891133352,-111.42063631841279,734.6366086657807,-200.3972197118788,80.76159266102601,0.6411339683832896,6.015422827842654E-14
717.7158251456691,-189.13555178160968,132.9556404040662,717.7158251456691,-241.8631851822608,-111.42070189601517,734.6365544840953,-200.3971465438868,80.76161691055103,0.6411329090158739,4.501090924177463E-15
717.7158251456691,-189.13555178160968,132.9556404040662,717.7158251456691,-241.8630451962895,-111.42073209991563,734.6366717628136,-200.39709795001312,80.76169710816981,0.6411298748130404,2.3091432099806073E-14
717.7158251456691,-189.13555178160968,132.9556404040662,717.7158251456691,-241.86266622457535,-111.4208138678591,734.6367851198437,-200.3969780938358,80.7618600066348,0.6411239048734098,1.0005072421610712E-13
717.7158251456691,-189.13555178160968,132.9556404040662,717.7158251456691,-241.86269636028487,-111.42080736572092,734.6366306451905,-200.39698856247514,80.761842706837,0.6411249009456874,1.07417613505767E-15
717.7158251456691,-189.13555178160968,132.9556404040662,717.7158251456691,-241.86242161755428,-111.42086664459296,734.6365832774837,-200.39690261729655,80.76195641642744,0.6411210534829512,4.911543423329466E-14
717.7158251456691,-189.13555178160968,132.9556404040662,717.7158251456691,-241.8624240327548,-111.42086612348734,734.636573087122,-200.3969032140646,80.7619561526241,0.6411210922262407,4.3273542255656757E-19
717.7158251456691,-189.13555178160968,132.9556404040662,717.7158251456691,-241.86224823278175,-111.42090405416522,734.6366372707672,-200.39684103294812,80.7620622242685,0.6411173332071461,4.009158413268885E-14
717.7158251456691,-189.13555178160968,132.9556404040662,717.7158251456691,-241.86240652064083,-111.42086990191453,734.6365807413829,-200.39685260589124,80.76217256752139,0.6411142431570391,3.575474145225914E-14
717.7158251456691,-189.13555178160968,132.9556404040662,717.7158251456691,-241.86325169610404,-111.42068754470839,734.6365010208158,-200.3970267510124,80.76224101868615,0.6411135264910205,3.1566392721969676E-14
717.7158251456691,-189.13555178160968,132.9556404040662,717.7158251456691,-241.8628333541721,-111.42077780760928,734.6366900207258,-200.39692231007518,80.76229168925244,0.6411108276621619,1.504824228422305E-14
717.7158251456691,-189.13555178160968,132.9556404040662,717.7158251456691,-241.8623144166529,-111.42088977432022,734.6363918008742,-200.39682143688214,80.76222161203873,0.6411130676154814,2.3685533595913458E-14
717.7158251456691,-189.13555178160968,132.9556404040662,717.7158251456691,-241.86214489742454,-111.42092634978462,734.6365828682142,-200.39676466354283,80.76230912763995,0.6411095655028743,2.794869576985525E-14
717.7158251456691,-189.13555178160968,132.9556404040662,717.7158251456691,-241.8618630276681,-111.42098716572363,734.6365081993358,-200.39667760827137,80.76242060311966,0.6411058502270048,4.7645010841340666E-14
717.7158251456691,-189.13555178160968,132.9556404040662,717.7158251456691,-241.8619564290912,-111.42096701356294,734.6366050998106,-200.39668725701264,80.76247264403509,0.6411040932658524,8.225545360686848E-15
717.7158251456691,-189.13555178160968,132.9556404040662,717.7158251456691,-241.8612523126066,-111.42111893183224,734.6364240260075,-200.39655441987856,80.76235887534912,0.6411071286591095,5.696438184792147E-14
717.7158251456691,-189.13555178160968,132.9556404040662,717.7158251456691,-241.8614190649779,-111.4210829539833,734.636360420255,-200.3965844366397,80.76239250404919,0.6411064812626863,4.5165133154019245E-15
717.7158251456691,-189.13555178160968,132.9556404040662,717.7158251456691,-241.86096038171652,-111.42118191742932,734.6364589077028,-200.39646592952724,80.7624665820299,0.6411032275789376,2.7882382424375443E-14
717.7158251456691,-189.13555178160968,132.9556404040662,717.7158251456691,-241.8610049505591,-111.42117230149495,734.636463866691,-200.3964595352187,80.76254239160687,0.6411008958373682,1.6730907301504546E-14
717.7158251456691,-189.13555178160968,132.9556404040662,717.7158251456691,-241.86144014868466,-111.42107840503547,734.6366486632634,-200.39654299229346,80.76260643475155,0.6410990242456741,1.8904186481071037E-14
717.7158251456691,-189.13555178160968,132.9556404040662,717.7158251456691,-241.86139872825458,-111.42108734176267,734.6367092050484,-200.3965188930812,80.76267522060368,0.6410966417506171,1.537086955764216E-14
717.7158251456691,-189.13555178160968,132.9556404040662,717.7158251456691,-241.86123167985477,-111.42112338346698,734.6367232790573,-200.39646679968212,80.7627436085416,0.6410942126809552,1.7804564896460412E-14
717.7158251456691,-189.13555178160968,132.9556404040662,717.7158251456691,-241.8610309407939,-111.42116669397743,734.6366770812352,-200.39641451896503,80.76277796243801,0.6410929641165594,5.847604627213069E-15
717.7158251456691,-189.13555178160968,132.9556404040662,717.7158251456691,-241.86136432984574,-111.42109476343757,734.6366959352013,-200.39648816694242,80.76278199607128,0.6410932703930808,1.1146623561844413E-15
717.7158251456691,-189.13555178160968,132.9556404040662,717.7158251456691,-241.86119950691233,-111.42113032496053,734.6365835205905,-200.39645936574902,80.76274473349562,0.641094500329553,5.307828320684887E-15
717.7158251456691,-189.13555178160968,132.9556404040662,717.7158251456691,-241.86199021229368,-111.42095972453711,734.636648016552,-200.39659785127503,80.76292202021062,0.6410899019497562,1.205158157221693E-13
717.7158251456691,-189.13555178160968,132.9556404040662,717.7158251456691,-241.8621319425149,-111.42092914493051,734.6366781451313,-200.39662314359387,80.76295162186057,0.6410890970191274,3.4514169593437444E-15
717.7158251456691,-189.13555178160968,132.9556404040662,717.7158251456691,-241.86145292434335,-111.42107564860251,734.6365871073243,-200.3964705400783,80.76295547525288,0.6410882330300763,3.798354143019597E-15
717.7158251456691,-189.13555178160968,132.9556404040662,717.7158251456691,-241.86159638078874,-111.42104469687666,734.6367887386791,-200.39648312365784,80.76304576817179,0.6410850691414731,2.4290995513877175E-14
717.7158251456691,-189.13555178160968,132.9556404040662,717.7158251456691,-241.86089785829347,-111.42119540713324,734.6368105572318,-200.39633729227717,80.76299802969103,0.6410855002868209,1.7614936740125376E-14
717.7158251456691,-189.13555178160968,132.9556404040662,717.7158251456691,-241.8610560583595,-111.42116127473972,734.6368617201961,-200.39634259800462,80.76313732926582,0.6410812151361733,5.538792467481156E-14
717.7158251456691,-189.13555178160968,132.9556404040662,717.7158251456691,-241.86133421199997,-111.42110126154964,734.6368864579549,-200.39639003371883,80.76320562878215,0.6410794055853845,1.7318987400122417E-14
717.7158251456691,-189.13555178160968,132.9556404040662,717.7158251456691,-241.86078500492061,-111.42121975570313,734.6367201161795,-200.39628012571305,80.76314607807726,0.6410809219733165,1.9467860873934844E-14
717.7158251456691,-189.13555178160968,132.9556404040662,717.7158251456691,-241.86113256949514,-111.42114476707101,734.6370044307248,-200.3963273794818,80.76328712848382,0.641076239498458,6.423499176502524E-14
717.7158251456691,-189.13555178160968,132.9556404040662,717.7158251456691,-241.86096360029572,-111.42118122300622,734.6369771740765,-200.3962890680638,80.76328965099248,0.6410759875290494,3.268269778288002E-16
717.7158251456691,-189.13555178160968,132.9556404040662,717.7158251456691,-241.861138269052,-111.4211435373615,734.6368523224157,-200.39632685055338,80.76329548455192,0.6410763873533923,5.492242983302819E-16
717.7158251456691,-189.13555178160968,132.9556404040662,717.7158251456691,-241.86140687654134,-111.4210855837174,734.6369976556284,-200.3963751216872,80.76335002166718,0.6410746776772687,1.18464908722769E-14
717.7158251456691,-189.13555178160968,132.9556404040662,717.7158251456691,-241.86116195679452,-111.4211384266043,734.6370542241091,-200.39632307301406,80.76333753267235,0.6410745658940045,1.5797578589588664E-15
717.7158251456691,-189.13555178160968,132.9556404040662,717.7158251456691,-241.8615571523101,-111.42105316070251,734.6370809022368,-200.3963880875704,80.76344560612705,0.6410716704504862,4.1864258996398245E-14
717.7158251456691,-189.13555178160968,132.9556404040662,717.7158251456691,-241.86110197831374,-111.42115136727782,734.6367781653242,-200.39631542757576,80.76331083272689,0.6410760484256199,6.35610514706533E-14
717.7158251456691,-189.13555178160968,132.9556404040662,717.7158251456691,-241.86163898963696,-111.42103550370427,734.6369087331461,-200.39641080541082,80.76342509240956,0.6410728891848947,5.1054227664105926E-14
717.7158251456691,-189.13555178160968,132.9556404040662,717.7158251456691,-241.86134345428567,-111.42109926746957,734.6370291915936,-200.3963429038558,80.76343364384445,0.6410718736988184,1.5116150484369482E-15
717.7158251456691,-189.13555178160968,132.9556404040662,717.7158251456691,-241.86074048733954,-111.42122936053565,734.6368859305902,-200.3962160978046,80.76339672296183,0.641072539788027,1.1602568704262113E-14
717.7158251456691,-189.13555178160968,132.9556404040662,717.7158251456691,-241.86089383491816,-111.42119627519361,734.6369649804445,-200.3962304332508,80.76348914277244,0.6410696475986816,2.5617062364125513E-14
717.7158251456691,-189.13555178160968,132.9556404040662,717.7158251456691,-241.85975674416346,-111.4214416045923,734.6368062173445,-200.39599971450286,80.7633805130869,0.6410718352118462,7.046224871307625E-14
717.7158251456691,-189.13555178160968,132.9556404040662,717.7158251456691,-241.86051204061468,-111.42127864862655,734.6368857439091,-200.39615911618728,80.76342416401246,0.6410713467518183,1.7102753307732112E-14
717.7158251456691,-189.13555178160968,132.9556404040662,717.7158251456691,-241.85992663739694,-111.42140495017,734.6368940052581,-200.39604365837863,80.76335284054426,0.6410727190309288,2.6005185500635424E-14
717.7158251456691,-189.13555178160968,132.9556404040662,717.7158251456691,-241.85962230577667,-111.42147060955281,734.6367117647494,-200.3959667602516,80.76339397966186,0.6410714669450153,9.35850643665832E-15
717.7158251456691,-189.13555178160968,132.9556404040662,717.7158251456691,-241.86021664087608,-111.42134238170686,734.636801945122,-200.39610587083052,80.76336492607129,0.6410730026533422,9.797033570347907E-15
717.7158251456691,-189.13555178160968,132.9556404040662,717.7158251456691,-241.86062216018382,-111.42125489001515,734.6367592156334,-200.39616791995098,80.76349744005154,0.6410695374209718,5.977578441237574E-14
717.7158251456691,-189.13555178160968,132.9556404040662,717.7158251456691,-241.86017521873828,-111.4213513185855,734.636862486854,-200.39608177172772,80.76343371208014,0.641070620223856,1.9026556769972382E-14
717.7158251456691,-189.13555178160968,132.9556404040662,717.7158251456691,-241.8601800190971,-111.42135028290241,734.6367989082404,-200.3960745626377,80.76347209906274,0.6410695886104153,4.479961198373744E-15
717.7158251456691,-189.13555178160968,132.9556404040662,717.7158251456691,-241.86080193834036,-111.42121610225308,734.6368066570386,-200.39619595611163,80.76355373931105,0.641067902579668,3.265103068543614E-14
717.7158251456691,-189.13555178160968,132.9556404040662,717.7158251456691,-241.8606110520876,-111.42125728662094,734.6366874022262,-200.39616744563853,80.76348813078562,0.6410700038903493,1.4460002594385186E-14
717.7158251456691,-189.13555178160968,132.9556404040662,717.7158251456691,-241.86055205360594,-111.42127001571546,734.6368416326126,-200.3961371273245,80.76356753335958,0.6410670145033197,2.0741300656255458E-14
717.7158251456691,-189.13555178160968,132.9556404040662,717.7158251456691,-241.8597536505821,-111.42144227203059,734.6366942257383,-200.39597477386718,80.76349290820949,0.6410685937247177,3.3763428313962236E-14
717.7158251456691,-189.13555178160968,132.9556404040662,717.7158251456691,-241.86008179447555,-111.42137147496143,734.6367545544422,-200.39604241706047,80.76351933420096,0.6410680787800149,4.724975532379682E-15
717.7158251456691,-189.13555178160968,132.9556404040662,717.7158251456691,-241.86008179447555,-111.42137147496143,734.6367545544422,-200.39604241706047,80.76351933420096,0.6410680787800149,0.0
717.7158251456691,-189.13555178160968,132.9556404040662,717.7158251456691,-241.8593637107866,-111.42152640097058,734.6366039754739,-200.39590264320526,80.76342326157663,0.6410704569490191,4.474273130464749E-14
717.7158251456691,-189.13555178160968,132.9556404040662,717.7158251456691,-241.85963291410772,-111.42146832081778,734.6367123426866,-200.3959432304864,80.76351403070092,0.6410677069368208,2.781498125378774E-14
717.7158251456691,-189.13555178160968,132.9556404040662,717.7158251456691,-241.85971691770192,-111.4214501971235,734.6368353474452,-200.39595959984294,80.76352518517572,0.6410671526688916,6.05649733069503E-16
717.7158251456691,-189.13555178160968,132.9556404040662,717.7158251456691,-241.85961387376207,-111.42147242874972,734.6366316906762,-200.39593689412095,80.76352367429868,0.6410675895010265,1.1536096351125045E-16
717.7158251456691,-189.13555178160968,132.9556404040662,717.7158251456691,-241.8587311838566,-111.42166286634489,734.6364894924421,-200.395761748245,80.76342102156676,0.6410699139352315,5.538435440318052E-14
717.7158251456691,-189.13555178160968,132.9556404040662,717.7158251456691,-241.8594817884687,-111.42150092595227,734.6366250836795,-200.39589315201889,80.76358958117123,0.6410653438547205,1.0887855463380414E-13
717.7158251456691,-189.13555178160968,132.9556404040662,717.7158251456691,-241.86002897965136,-111.4213828697948,734.6368107169599,-200.39601602027332,80.76358696766735,0.6410657276743729,2.3815434311067334E-15
717.7158251456691,-189.13555178160968,132.9556404040662,717.7158251456691,-241.86014261478098,-111.42135835292538,734.6368684511662,-200.39602410794163,80.76366720502745,0.6410632173116824,1.88732750094957E-14
717.7158251456691,-189.13555178160968,132.9556404040662,717.7158251456691,-241.86069702050057,-111.42123873865847,734.6367328952498,-200.39614659148992,80.76367384880851,0.6410641700053925,3.0709590534965813E-15
717.7158251456691,-189.13555178160968,132.9556404040662,717.7158251456691,-241.860547123372,-111.42127107942713,734.6368269646971,-200.39609558875293,80.76375495434684,0.6410611545412032,2.3824066814098973E-14
717.7158251456691,-189.13555178160968,132.9556404040662,717.7158251456691,-241.86010355914726,-111.42136677921556,734.6369186930825,-200.3960006147117,80.76373563482912,0.6410608767726141,4.450371743518517E-15
717.7158251456691,-189.13555178160968,132.9556404040662,717.7158251456691,-241.86006280098294,-111.4213755728214,734.6367879766174,-200.3959909273786,80.76373831091615,0.6410610793070076,6.378720515912061E-17
717.7158251456691,-189.13555178160968,132.9556404040662,717.7158251456691,-241.85986562541984,-111.42141811350294,734.6368583669047,-200.39593350340084,80.76380020092651,0.641058662037758,1.5493233913380066E-14
717.7158251456691,-189.13555178160968,132.9556404040662,717.7158251456691,-241.8599907625844,-111.42139111514484,734.6369162540708,-200.39595780192732,80.76381721673474,0.6410581553136159,1.3911949233360663E-15
717.7158251456691,-189.13555178160968,132.9556404040662,717.7158251456691,-241.85966859467516,-111.42146062277351,734.6369737619261,-200.39588202298245,80.76383469306714,0.6410569872149564,3.2128999305069195E-15
717.7158251456691,-189.13555178160968,132.9556404040662,717.7158251456691,-241.85952629858173,-111.42149132297101,734.6369616137184,-200.39583280915446,80.76391538405719,0.6410542767251487,2.341170419989211E-14
717.7158251456691,-189.13555178160968,132.9556404040662,717.7158251456691,-241.86027480694167,-111.42132983229226,734.636970794763,-200.39598273557738,80.76399591189477,0.6410528052431109,3.577670258749728E-14
717.7158251456691,-189.13555178160968,132.9556404040662,717.7158251456691,-241.85990767960905,-111.42140904031413,734.6370102498134,-200.39591364215156,80.76393582489897,0.6410540579560373,1.5792806228841974E-14
717.7158251456691,-189.13555178160968,132.9556404040662,717.7158251456691,-241.85997086749387,-111.42139540751745,734.6370353031319,-200.39591430048435,80.76399823454295,0.6410521213909219,1.0987156743271807E-14
717.7158251456691,-189.13555178160968,132.9556404040662,717.7158251456691,-241.86021025883122,-111.42134375864163,734.6371148585486,-200.3959544129282,80.76406031657669,0.6410503062121371,1.4050517251214174E-14
717.7158251456691,-189.13555178160968,132.9556404040662,717.7158251456691,-241.8598153892482,-111.42142895194408,734.6370721842538,-200.39587695916103,80.7640102399414,0.6410514212671258,1.2525485933219385E-14
717.7158251456691,-189.13555178160968,132.9556404040662,717.7158251456691,-241.86078325602048,-111.421220133035,734.6369077984881,-200.39610267236333,80.76396674709653,0.6410546251038312,2.3866326004453813E-14
717.7158251456691,-189.13555178160968,132.9556404040662,717.7158251456691,-241.8600859400322,-111.42137058055431,734.6370659896982,-200.39595001005986,80.76395193325234,0.6410536623837512,6.402769620462716E-15
717.7158251456691,-189.13555178160968,132.9556404040662,717.7158251456691,-241.8602228249093,-111.42134104749326,734.6370155553448,-200.39596635173746,80.76401799866306,0.6410519172833127,1.3599257202348768E-14
717.7158251456691,-189.13555178160968,132.9556404040662,717.7158251456691,-241.86023810157542,-111.42133775153093,734.6367459500027,-200.39596903876125,80.7640213705397,0.6410525464113921,4.384514761646528E-17
717.7158251456691,-189.13555178160968,132.9556404040662,717.7158251456691,-241.8596845541108,-111.4214571795406,734.6368069009832,-200.3958495220971,80.76400186880375,0.6410521964717295,5.7591798960203765E-15
717.7158251456691,-189.13555178160968,132.9556404040662,717.7158251456691,-241.85975615978344,-111.42144173067197,734.6367331173477,-200.39588737568877,80.76390059892023,0.6410556787133121,3.36305660474747E-14
717.7158251456691,-189.13555178160968,132.9556404040662,717.7158251456691,-241.85930504093926,-111.42153905884791,734.636984191098,-200.3957608383458,80.76401975230598,0.6410506157525554,6.022915702408754E-14
717.7158251456691,-189.13555178160968,132.9556404040662,717.7158251456691,-241.85914928699182,-111.42157266231294,734.6369940396662,-200.39572751343485,80.76401285626451,0.6410505808849541,5.571469552024636E-16
717.7158251456691,-189.13555178160968,132.9556404040662,717.7158251456691,-241.85968812652857,-111.42145640879474,734.6369620040614,-200.3958366923011,80.76406503603036,0.6410498058205935,1.610648432221984E-14
717.7158251456691,-189.13555178160968,132.9556404040662,717.7158251456691,-241.8595533367321,-111.42148548953179,734.6369255903797,-200.3958029661361,80.76408171826301,0.6410491824865313,1.6118713935491257E-15
717.7158251456691,-189.13555178160968,132.9556404040662,717.7158251456691,-240.8414451901939,-111.63892328617638,733.365749671515,-200.38582875655638,79.73624109233083,0.6757737771941151,2.9883753319587223E-6
