729.6829127983845,-169.20792569509575,132.84899766466842,729.6829127983845,-415.5822937300914,175.27152440879956,708.7587880274184,-330.77011865974913,160.6679485829309,0.06780133704415732,1.0
729.6829127983845,-169.20792569509575,132.84899766466842,729.6829127983845,-415.5809022592076,175.2796047654346,708.7907273202223,-330.7484251299799,160.66966841343245,0.06777063570845844,1.380082818235235E-9
729.6829127983845,-169.20792569509575,132.84899766466842,729.6829127983845,-415.59169986489667,175.21686079044474,708.8064128599914,-330.69188052059496,160.6175880197324,0.06763088004388262,1.2250895721958244E-8
729.6829127983845,-169.20792569509575,132.84899766466842,729.6829127983845,-415.8464827561412,173.7075606698137,708.9412442589265,-329.2447990479754,159.3609783985512,0.06405553792525387,7.919988943828433E-6
729.6829127983845,-169.20792569509575,132.84899766466842,729.6829127983845,-416.50878526055817,169.48620359229693,710.9165093593693,-322.25673361867916,155.5229208476572,0.05058426862730893,1.7334028553714554E-4
729.6829127983845,-169.20792569509575,132.84899766466842,729.6829127983845,-417.259949449367,163.99692715300583,714.8104221360519,-317.09215024095187,151.41884171945802,0.04290357496174199,9.574972260677664E-5
729.6829127983845,-169.20792569509575,132.84899766466842,729.6829127983845,-417.3891839238207,162.94987911367124,713.9154037075576,-317.23881949482796,150.80305437651378,0.04281134285712399,1.3918294958022695E-7
729.6829127983845,-169.20792569509575,132.84899766466842,729.6829127983845,-417.72369309792947,160.05034601692188,713.6569628271538,-315.91453446974623,148.90680201471758,0.040668483797039814,6.8413729143506065E-6
729.6829127983845,-169.20792569509575,132.84899766466842,729.6829127983845,-418.14791117357254,155.84646774239116,715.9942988258557,-309.13856922314477,145.7760121067538,0.03270989507611077,1.5291764757459944E-4
729.6829127983845,-169.20792569509575,132.84899766466842,729.6829127983845,-418.65736295775514,149.4314657964808,720.471999136081,-295.87903017245975,141.26962020151387,0.02148474701134256,5.946657022791804E-4
729.6829127983845,-169.20792569509575,132.84899766466842,729.6829127983845,-419.05679718137276,141.5404542188847,726.5522122695386,-285.8676851106387,136.90722384177246,0.015638510949517098,3.2196548261895414E-4
729.6829127983845,-169.20792569509575,132.84899766466842,729.6829127983845,-419.08882464742373,140.56497710842356,725.998562066034,-286.5072772942181,136.47104076399833,0.01594833380604038,1.2550073507213824E-6
729.6829127983845,-169.20792569509575,132.84899766466842,729.6829127983845,-419.162266378611,137.62681866060268,725.3076561035666,-285.245054798967,135.06702128539993,0.015287169673170035,4.895478669036546E-6
729.6829127983845,-169.20792569509575,132.84899766466842,729.6829127983845,-419.20554540576575,131.75806274488056,726.1860074831178,-280.28857213868395,132.36426602499054,0.013030192257954714,7.500723958160112E-5
729.6829127983845,-169.20792569509575,132.84899766466842,729.6829127983845,-418.9679601263524,121.89796114306499,729.0958389430542,-268.69054003931427,128.4870598333058,0.008943226499283403,4.4396958913403345E-4
729.6829127983845,-169.20792569509575,132.84899766466842,729.6829127983845,-417.7133150628306,105.55300061032955,733.6747588840036,-251.23084074729678,123.83954618617321,0.004945267792959937,0.0010795766884685093
729.6829127983845,-169.20792569509575,132.84899766466842,729.6829127983845,-413.1041730327943,77.943437521927,737.7306007200038,-229.03888214691446,119.37994181111691,0.0021403727599906925,0.0018129173230185306
729.6829127983845,-169.20792569509575,132.84899766466842,729.6829127983845,-392.91718736670737,21.25076182582373,737.1690335300905,-206.31163569790712,114.33966752585596,8.005928722157893E-4,0.0017995079937264756
729.6829127983845,-169.20792569509575,132.84899766466842,729.6829127983845,-299.8082690227514,-80.32593126155044,742.5997066649044,-182.98523969680474,110.36071120021327,2.7495795188130494E-4,7.31472048589225E-4
729.6829127983845,-169.20792569509575,132.84899766466842,729.6829127983845,-108.24837433459106,-109.60498373783608,747.7739703097716,-162.8135206033519,107.41657668070744,2.6315965870780575E-4,1.5182762038825238E-4
729.6829127983845,-169.20792569509575,132.84899766466842,729.6829127983845,-12.10972707810538,-61.6250519956825,752.9006675917102,-147.03341016595627,105.39885582872182,5.068951828455518E-4,4.0227949889913047E-4
729.6829127983845,-169.20792569509575,132.84899766466842,729.6829127983845,23.160614354107025,-26.82048846007075,760.4541607990105,-134.66340565326593,104.1763999410804,8.609208059700656E-4,3.2416260089241934E-4
729.6829127983845,-169.20792569509575,132.84899766466842,729.6829127983845,51.156751479560995,14.783723118300088,778.1550497180832,-116.49090976942797,104.60468447287599,0.0015292128235507394,7.923290556222152E-4
729.6829127983845,-169.20792569509575,132.84899766466842,729.6829127983845,61.54721102715462,36.66133277828321,790.1893063014836,-103.97145577655004,105.65591413886725,0.0021024118493728943,4.368388525745154E-4
729.6829127983845,-169.20792569509575,132.84899766466842,729.6829127983845,65.73552122668212,47.39973348694866,800.4535148544325,-95.18404162908425,105.92640625856097,0.00249006293496779,2.068425761822964E-4
729.6829127983845,-169.20792569509575,132.84899766466842,729.6829127983845,66.69254220037465,50.078415652107154,808.1746839984881,-90.31769940319418,105.16872215043432,0.0026280838042372755,6.800201221770408E-5
729.6829127983845,-169.20792569509575,132.84899766466842,729.6829127983845,66.59930603655815,49.81316526049436,813.6266225230227,-88.46999873382761,104.41839813392312,0.0025621974531078607,1.1141854143257364E-5
729.6829127983845,-169.20792569509575,132.84899766466842,729.6829127983845,66.40224700262044,49.255657491229044,817.025872423414,-87.81381062820185,103.9707626080168,0.002468801018063573,1.6401237278226348E-6
729.6829127983845,-169.20792569509575,132.84899766466842,729.6829127983845,65.87947279317896,47.79657223179129,818.0020386902936,-87.64823286299256,103.34146243505549,0.002454619269213072,3.976620707412437E-7
729.6829127983845,-169.20792569509575,132.84899766466842,729.6829127983845,64.61549080447062,44.380868395025146,817.3359650051175,-88.67919713469892,102.3805951630977,0.0024298245925379286,5.040451705759269E-6
729.6829127983845,-169.20792569509575,132.84899766466842,729.6829127983845,63.221762853822725,40.7814144387971,816.6092201429869,-89.55751445505246,101.29872148609766,0.0024260579014217442,4.366383217163649E-6
729.6829127983845,-169.20792569509575,132.84899766466842,729.6829127983845,63.59158333723704,41.72057951585593,822.211336117106,-83.24902286338522,99.20073580440257,0.0027543520853318616,1.3397919603094638E-4
729.6829127983845,-169.20792569509575,132.84899766466842,729.6829127983845,62.883985706867435,39.93320427203108,830.2314816308453,-63.098913321908185,90.36926189443469,0.00470615807082864,0.001684126359943565
729.6829127983845,-169.20792569509575,132.84899766466842,729.6829127983845,59.83842564541385,32.66033095231103,837.0699617810319,-49.427038199719036,80.45485409700265,0.006349448805160205,9.019035866969956E-4
729.6829127983845,-169.20792569509575,132.84899766466842,729.6829127983845,57.6348295928062,27.76634270490341,842.443492997914,-44.324091807807065,74.99780109559529,0.006641149553291112,1.4570564946614706E-4
729.6829127983845,-169.20792569509575,132.84899766466842,729.6829127983845,55.5104038831044,23.296853223843215,847.4331976431719,-41.791090109664864,70.73217967991005,0.006469319043613729,5.056582630871829E-5
729.6829127983845,-169.20792569509575,132.84899766466842,729.6829127983845,53.85949255353907,19.973283200091885,852.4756194622921,-40.72097115063531,67.83252458468601,0.005976511797410856,1.4527752952965165E-5
729.6829127983845,-169.20792569509575,132.84899766466842,729.6829127983845,53.12517719938481,18.533682167083796,858.4600135482184,-39.974654754871096,66.40211257204209,0.005233343247549275,4.593896574680916E-6
729.6829127983845,-169.20792569509575,132.84899766466842,729.6829127983845,54.4797262599551,21.20745359241893,866.8277651323939,-37.22881916463733,66.97879379084398,0.004321413704481088,1.9843844145112687E-5
729.6829127983845,-169.20792569509575,132.84899766466842,729.6829127983845,60.19764572389593,33.48560499953298,890.4955032715146,-29.089656601238183,72.15898693208916,0.0022235013977987324,2.1989570535889798E-4
729.6829127983845,-169.20792569509575,132.84899766466842,729.6829127983845,66.60453744193563,49.8280230302652,918.2582173744927,-14.8368140000849,78.50055493257804,8.609234440121175E-4,6.3745669850458E-4
729.6829127983845,-169.20792569509575,132.84899766466842,729.6829127983845,67.54145658066378,52.538786657310965,927.9931708941334,-7.353432333114448,77.94465793866542,1.0,1.552490391297908E-4
729.6829127983845,-169.20792569509575,132.84899766466842,729.6829127983845,58.70727448087595,30.1131152829671,916.2980743610112,-18.092300923855014,64.73157047881702,9.96862243405472E-4,7.277967688777009E-4
729.6829127983845,-169.20792569509575,132.84899766466842,729.6829127983845,21.117333899573907,-29.25064934365048,867.0895995262902,-62.44447947120311,41.91878176404961,0.003626626664981663,0.007627469245079328
729.6829127983845,-169.20792569509575,132.84899766466842,729.6829127983845,-22.177005170786657,-69.34375297138752,839.3858700986451,-94.97296434807927,30.763184866992702,0.00534018979386064,0.00238205626863458
729.6829127983845,-169.20792569509575,132.84899766466842,729.6829127983845,-71.45459705237229,-97.24725771396157,815.9994934056632,-122.44447348756752,22.775045289536365,0.007313468015120701,8.434990086893381E-4
729.6829127983845,-169.20792569509575,132.84899766466842,729.6829127983845,-120.09247879121631,-112.27887279365422,792.6137518470282,-145.87923974205336,16.419005294822256,0.010505586374771224,2.3962735048712138E-4
729.6829127983845,-169.20792569509575,132.84899766466842,729.6829127983845,-161.5029795487384,-117.03224173693559,768.2340573275483,-165.4535779507493,11.09070764139102,0.01536487842567169,4.7297128205245646E-5
729.6829127983845,-169.20792569509575,132.84899766466842,729.6829127983845,-191.51437029616434,-116.15385880340398,744.513355492998,-180.5742623818383,5.968611606140854,0.02140815625402701,7.228420482563306E-5
729.6829127983845,-169.20792569509575,132.84899766466842,729.6829127983845,-210.63450081947605,-113.69478926468028,724.4954870868032,-191.58282350223104,-0.31170946513285,0.02804294877926657,1.520929917168255E-4
729.6829127983845,-169.20792569509575,132.84899766466842,729.6829127983845,-212.80547510658118,-113.32015898439897,712.8429949663683,-194.10011317046852,-7.702223233740597,0.034625071936315,1.7248297504171434E-4
729.6829127983845,-169.20792569509575,132.84899766466842,729.6829127983845,-192.5276579818497,-116.06100632487426,721.3967066611979,-182.88097924372212,-13.094350718923096,0.04055402749193114,1.122676125198802E-4
729.6829127983845,-169.20792569509575,132.84899766466842,729.6829127983845,-124.3296905511294,-113.08990533842066,768.682992362616,-144.10713003172833,-4.7068159752813585,0.026480293743742528,1.8604267744949676E-4
729.6829127983845,-169.20792569509575,132.84899766466842,729.6829127983845,-64.65965089055565,-94.24054026122187,799.8571020499423,-116.26009616888236,17.84090055578659,0.011825216915037972,0.0032464670227022696
729.6829127983845,-169.20792569509575,132.84899766466842,729.6829127983845,-28.516141002139534,-73.80487169158357,812.9829575894356,-104.87459016469921,38.3535532791648,0.006635638650805672,0.0018808525346119677
729.6829127983845,-169.20792569509575,132.84899766466842,729.6829127983845,-9.823518674792695,-59.75580704898965,818.2900407867345,-99.91327304388255,49.111301543067555,0.005079138762079375,4.1718633842382027E-4
729.6829127983845,-169.20792569509575,132.84899766466842,729.6829127983845,3.5499824672666875,-47.85713163747988,821.6473748581242,-96.67853171212278,56.98268169274931,0.0042378132027471056,1.9464423638243232E-4
729.6829127983845,-169.20792569509575,132.84899766466842,729.6829127983845,12.0624352557966,-39.3167836065621,823.6721884337874,-94.84268790559292,62.21886708905231,0.003770048287628551,7.388873197295002E-5
729.6829127983845,-169.20792569509575,132.84899766466842,729.6829127983845,11.528704497816449,-39.877000686797174,823.2219705556497,-94.74111214970667,61.682711671890274,0.0038592254675045533,5.794560603368025E-7
729.6829127983845,-169.20792569509575,132.84899766466842,729.6829127983845,9.143236204138333,-42.339081408061844,820.99039299133,-93.95538234657096,58.93106870823229,0.004364733444595576,1.835874823135323E-5
729.6829127983845,-169.20792569509575,132.84899766466842,729.6829127983845,7.249011399631939,-44.246878490445084,814.7285062151691,-92.35091231527653,55.71369005215152,0.005462945459150693,3.346369594874656E-5
729.6829127983845,-169.20792569509575,132.84899766466842,729.6829127983845,0.9096343374116032,-50.34493173416908,802.5301986724604,-91.20473056077772,48.84995712123825,0.008004613485807837,9.208144783590812E-5
729.6829127983845,-169.20792569509575,132.84899766466842,729.6829127983845,-23.441238545095388,-70.25706555677735,782.5661049236759,-97.47121154599662,32.89363828771852,0.013644194651980893,8.277249958125325E-4
729.6829127983845,-169.20792569509575,132.84899766466842,729.6829127983845,-23.4049735213286,-70.23103369591163,797.4495732232285,-94.36266809087515,28.601607369435982,0.012902273545988684,7.18058668784533E-5
729.6829127983845,-169.20792569509575,132.84899766466842,729.6829127983845,-0.5142745344164723,-51.656969875893935,831.1745497518426,-79.71507447773203,34.96763112707549,0.007622683295120385,4.742819658785136E-4
729.6829127983845,-169.20792569509575,132.84899766466842,729.6829127983845,40.05127625870978,-3.93764787376287,894.0766587936947,-54.686614995692935,57.989752350840575,0.0013019426183777107,0.002172589615323808
729.6829127983845,-169.20792569509575,132.84899766466842,729.6829127983845,57.461360564368505,27.392681274302106,929.4118533812352,-42.00804357447182,73.67013300642347,1.923709146100214E-4,7.76801595630273E-4
729.6829127983845,-169.20792569509575,132.84899766466842,729.6829127983845,64.02108139626367,42.82549933685061,947.0957326800129,-34.08069633081737,80.69156639818493,1.0,2.7084682981984255E-4
729.6829127983845,-169.20792569509575,132.84899766466842,729.6829127983845,52.88653054808148,18.070722254870418,918.875912369073,-41.7329724104549,66.97002191961255,4.682586524857206E-4,4.0897682244392484E-4
729.6829127983845,-169.20792569509575,132.84899766466842,729.6829127983845,22.42195422617246,-27.70625488522586,866.1990138640897,-66.54272810482811,46.83194889355562,0.0031874928526790455,0.0024065151752344183
729.6829127983845,-169.20792569509575,132.84899766466842,729.6829127983845,-25.458805953567264,-71.68997312949517,815.4848200087682,-93.51886638153704,25.151904839263068,0.010289621167491223,0.002734759250723352
729.6829127983845,-169.20792569509575,132.84899766466842,729.6829127983845,-77.7031569653626,-99.80283942182024,767.9599194448105,-117.43794470288817,1.2232763938594644,0.02802467385501135,0.002373592153817691
729.6829127983845,-169.20792569509575,132.84899766466842,729.6829127983845,-109.51462992735526,-109.91984391180958,737.9058395298304,-131.12650747580915,-22.025710923323032,0.06255225473741655,0.0020157931460159507
729.6829127983845,-169.20792569509575,132.84899766466842,729.6829127983845,-113.09806432955196,-110.7730117218799,735.0974191161326,-130.27029099421694,-36.21334852057339,0.10417458922278032,6.453337139642213E-4
729.6829127983845,-169.20792569509575,132.84899766466842,729.6829127983845,-92.26840981968621,-105.01716406679267,760.2553239325915,-115.44754123323943,-33.3565751109268,0.0879218858307097,9.719260706120895E-5
729.6829127983845,-169.20792569509575,132.84899766466842,729.6829127983845,-60.96860994135365,-92.50461452107336,796.023302837963,-97.19895023990205,-17.073261318766612,0.036704953727098984,0.0013279621116080657
729.6829127983845,-169.20792569509575,132.84899766466842,729.6829127983845,-27.783969423877267,-73.30449998355598,833.6196602373066,-81.30088649019946,4.707033051300584,0.01237809652930944,0.0020345022541839127
729.6829127983845,-169.20792569509575,132.84899766466842,729.6829127983845,6.218805101436857,-45.26743089272455,874.7597904068587,-67.41335941057432,29.49368510299729,0.0032047386749167353,0.0019791485355391708
729.6829127983845,-169.20792569509575,132.84899766466842,729.6829127983845,27.717893363009267,-21.164708830222736,895.8448640428463,-58.167534008155585,46.00542186466575,0.0013576016114337005,9.037263941322354E-4
729.6829127983845,-169.20792569509575,132.84899766466842,729.6829127983845,26.4564951143756,-22.764094423671338,883.0748552012044,-59.207911330394396,45.36532386113561,0.002178119207036606,2.3187693514424494E-6
729.6829127983845,-169.20792569509575,132.84899766466842,729.6829127983845,13.05679741898615,-38.26374501730453,859.0667584424859,-71.08065774375211,40.72570762716799,0.003986433204203212,3.584971128333086E-4
729.6829127983845,-169.20792569509575,132.84899766466842,729.6829127983845,3.660947117036841,-47.75098243683303,839.1656138895312,-79.30640358085768,38.92686558383397,0.005932005060361358,1.1599696606732163E-4
729.6829127983845,-169.20792569509575,132.84899766466842,729.6829127983845,-15.250697354547981,-64.12097934121039,818.034922832722,-90.49871285145257,32.14991382775776,0.008835423770478851,4.077921682605915E-4
729.6829127983845,-169.20792569509575,132.84899766466842,729.6829127983845,-48.13960812052518,-85.88020129985699,795.6307076233023,-106.28897316560409,19.17588844692412,0.01388703901094871,0.0010782897020623595
729.6829127983845,-169.20792569509575,132.84899766466842,729.6829127983845,-81.07154547096484,-101.0996686726019,777.5990322331494,-121.89736352744896,7.26813202620076,0.020197207210173828,8.2683418903297E-4
729.6829127983845,-169.20792569509575,132.84899766466842,729.6829127983845,-97.21550802222481,-106.56088474960225,771.9547964461564,-129.87677339195216,2.0537437686219278,0.023165884096067665,1.5912665281401494E-4
729.6829127983845,-169.20792569509575,132.84899766466842,729.6829127983845,-100.6423091132341,-107.56472120917024,772.4824858380236,-131.44709244926565,0.44703293404785427,0.023800634479350727,1.1621561268463917E-5
729.6829127983845,-169.20792569509575,132.84899766466842,729.6829127983845,-93.77076448313407,-105.49788129178134,775.5430306376556,-127.58849103083233,1.3506459665384511,0.023127336197004005,1.1748158199398228E-5
729.6829127983845,-169.20792569509575,132.84899766466842,729.6829127983845,-72.2422468459354,-97.58029111026468,786.9301841564017,-115.7680814969346,5.85452459980894,0.019779214497242865,2.162845374441187E-4
729.6829127983845,-169.20792569509575,132.84899766466842,729.6829127983845,-40.56138022215367,-81.51066817263,805.5730474051124,-97.42693029315899,13.242597576264018,0.01526577727381848,7.199544294947162E-4
729.6829127983845,-169.20792569509575,132.84899766466842,729.6829127983845,-16.78406730214047,-65.30994710594828,820.9438528213359,-81.90445926014425,19.349949904265344,0.012401286240557311,6.124839207589595E-4
729.6829127983845,-169.20792569509575,132.84899766466842,729.6829127983845,6.355722235532795,-45.13247756601484,836.8078833795898,-63.59131651146752,25.777857750827224,0.010261680327409433,9.46023876060263E-4
729.6829127983845,-169.20792569509575,132.84899766466842,729.6829127983845,33.2805920915911,-13.774329826391494,860.3606895441459,-34.86516471063705,35.57048105945401,0.0075576348328196255,0.002824105629905071
729.6829127983845,-169.20792569509575,132.84899766466842,729.6829127983845,50.902829571909194,14.311006219779074,882.2980729915997,-5.930429691687145,44.91787225956517,0.00528122245802266,0.003101084392113143
729.6829127983845,-169.20792569509575,132.84899766466842,729.6829127983845,57.1110459879111,26.642957081534234,894.7247520814736,8.643434092187597,49.387639587315135,1.0,7.22472375530533E-4
729.6829127983845,-169.20792569509575,132.84899766466842,729.6829127983845,62.8037911223098,39.73313833104038,911.9464191680909,25.762091129878453,54.5994984152951,1.0,0.001000771674707053
729.6829127983845,-169.20792569509575,132.84899766466842,729.6829127983845,65.0499842590994,45.53787796109235,920.8348385057066,35.1233345854269,56.69194867100313,1.0,2.7633145743335383E-4
729.6829127983845,-169.20792569509575,132.84899766466842,729.6829127983845,65.94347490207764,47.973684427027436,926.8352647218046,41.03014815718268,56.96587586579736,1.0,9.534528247294987E-5
729.6829127983845,-169.20792569509575,132.84899766466842,729.6829127983845,65.47596215299862,46.68942022545937,929.9105909692829,41.82049779334575,55.37405909029363,1.0,4.777239344582609E-6
729.6829127983845,-169.20792569509575,132.84899766466842,729.6829127983845,64.13004083237001,43.10829688276421,931.038225703082,38.32660821526883,53.03217751007196,1.0,5.099423246690528E-5
729.6829127983845,-169.20792569509575,132.84899766466842,729.6829127983845,62.11208305539728,38.02783150609474,931.6939737151285,31.129126960145385,50.72815969586449,1.0,1.772356444903016E-4
729.6829127983845,-169.20792569509575,132.84899766466842,729.6829127983845,59.127783322833665,31.051139203502927,931.991456239804,20.115928726156213,48.4436148246871,1.0,3.8736709841549137E-4
729.6829127983845,-169.20792569509575,132.84899766466842,729.6829127983845,54.684305589269314,21.618296999301833,929.7927315132712,6.27225578782857,45.669628254389096,1.0,6.072703288750608E-4
729.6829127983845,-169.20792569509575,132.84899766466842,729.6829127983845,47.07084279319929,7.4556393828739544,922.4422406462463,-10.97845727371228,41.11126231884225,1.0,9.835200858298795E-4
729.6829127983845,-169.20792569509575,132.84899766466842,729.6829127983845,25.19018083360956,-24.343165556193668,903.8138803868206,-44.29864592050044,31.84616258186273,0.0015694585037337885,0.0035491628937664227
729.6829127983845,-169.20792569509575,132.84899766466842,729.6829127983845,-14.641157567446925,-63.64302301447685,877.7069575052631,-81.14003089521147,20.893246659402962,0.0027384589507314003,0.0030936589260078034
729.6829127983845,-169.20792569509575,132.84899766466842,729.6829127983845,-51.94212764284947,-87.94215389528384,859.3222109790588,-105.77138092777557,13.408990409349258,0.004022342771142273,9.437000932688064E-4
729.6829127983845,-169.20792569509575,132.84899766466842,729.6829127983845,-99.93337208571128,-107.36140223970816,829.8196832995114,-132.23993330775403,4.662011645283428,0.00801436329742484,5.322181919786626E-4
729.6829127983845,-169.20792569509575,132.84899766466842,729.6829127983845,-133.47539037416908,-114.58419719717449,800.6377117621234,-149.5618943111195,-3.191735746330238,0.015769189827793764,1.9807056911433588E-4
729.6829127983845,-169.20792569509575,132.84899766466842,729.6829127983845,-146.56585714480073,-116.12356454202083,784.6514784906237,-156.4044354627456,-7.938393790119903,0.02264749454716225,6.866363805830024E-5
729.6829127983845,-169.20792569509575,132.84899766466842,729.6829127983845,-150.86543291774186,-116.47720023421405,772.2198133565682,-158.51967003439094,-12.434534862864837,0.030326524662607695,5.6737814862952405E-5
729.6829127983845,-169.20792569509575,132.84899766466842,729.6829127983845,-141.45937636734303,-115.60626593464693,765.2629787246361,-152.54929306115883,-16.309248893806853,0.03758866277427501,5.768318235521157E-5
729.6829127983845,-169.20792569509575,132.84899766466842,729.6829127983845,-112.76649773589779,-110.69640921036725,772.0202216386746,-134.5633040678064,-16.64294070991386,0.03838477476741321,4.086416320554701E-5
729.6829127983845,-169.20792569509575,132.84899766466842,729.6829127983845,-52.21704483372639,-88.0879476280573,802.5003291269109,-96.20041785728219,-5.025472946719532,0.024814161895874758,0.0021353174070473566
729.6829127983845,-169.20792569509575,132.84899766466842,729.6829127983845,4.501352813489916,-46.94278902211718,840.9929348400289,-56.532076343109715,16.22775298864846,0.011884801283284764,0.00621900823306165
729.6829127983845,-169.20792569509575,132.84899766466842,729.6829127983845,41.56726838925019,-1.5899013144079674,882.1967359910593,-23.454315916447754,39.88286421622257,0.00437123824180868,0.005396639342614499
729.6829127983845,-169.20792569509575,132.84899766466842,729.6829127983845,57.60240770966678,27.696381621031804,909.8362486994475,-4.1029448148010985,56.30389321206397,1.0,0.001827531663708601
729.6829127983845,-169.20792569509575,132.84899766466842,729.6829127983845,69.63635538607261,59.001794638285375,945.7832109369492,14.88897992582607,75.92889263064006,1.0,0.0015007064575968013
729.6829127983845,-169.20792569509575,132.84899766466842,729.6829127983845,71.69963189417086,66.0392027512414,960.1620614441827,18.241280266291405,80.8645637503254,1.0,5.101821807856333E-5
729.6829127983845,-169.20792569509575,132.84899766466842,729.6829127983845,70.08501414243474,60.46882811587557,960.9258512456075,13.17118557597199,77.68384734756881,1.0,1.0242893836746628E-4
729.6829127983845,-169.20792569509575,132.84899766466842,729.6829127983845,64.1013864363909,43.03382704893926,947.4096516362747,-0.27025954566089894,67.814451164941,1.0,8.200758748545875E-4
729.6829127983845,-169.20792569509575,132.84899766466842,729.6829127983845,53.18076005978688,18.641850566879242,925.7950659502648,-18.54618824310878,55.47704345404469,1.0,0.0015216799341829326
729.6829127983845,-169.20792569509575,132.84899766466842,729.6829127983845,23.35219747704261,-26.589388440845397,883.0317313471363,-52.16198802911759,35.935809750950426,0.0028477567645160593,0.004545722520369038
729.6829127983845,-169.20792569509575,132.84899766466842,729.6829127983845,-20.57744940347132,-68.17085587553507,845.1738393770573,-83.80274193360056,17.340133267135826,0.007161946790412896,0.003416359371865307
729.6829127983845,-169.20792569509575,132.84899766466842,729.6829127983845,-37.074132510996634,-79.3788532380388,838.2405809690945,-92.68549504216935,9.941824473213046,0.008719592449649914,3.778646749514694E-4
729.6829127983845,-169.20792569509575,132.84899766466842,729.6829127983845,-34.45259485504019,-77.7240319715772,844.6795861752738,-90.90937532447168,10.497155515744538,0.007525335264108403,5.324729752538613E-6
729.6829127983845,-169.20792569509575,132.84899766466842,729.6829127983845,-26.94276345621185,-72.72489078701224,845.0455489914409,-87.83363895530186,15.262736335334694,0.007076310366011507,9.886622696309736E-5
729.6829127983845,-169.20792569509575,132.84899766466842,729.6829127983845,-23.493268908962307,-70.29439700446505,844.1871627764751,-88.71070633054265,20.626392445607394,0.006435499003396868,7.207677316649897E-5
729.6829127983845,-169.20792569509575,132.84899766466842,729.6829127983845,-20.947560464455364,-68.44398309143529,842.9984776536426,-90.01538930025391,25.329353559141197,0.005918459017185762,6.315575115909792E-5
729.6829127983845,-169.20792569509575,132.84899766466842,729.6829127983845,-18.47298106447252,-66.59767808402123,841.3234187637229,-90.86116028056014,29.18357385811092,0.005623052856072896,3.862599987577216E-5
729.6829127983845,-169.20792569509575,132.84899766466842,729.6829127983845,-16.113647778501672,-64.79245059251431,839.8666151869676,-91.34933732947198,32.33522031614356,0.005410302121556816,2.3249666011540803E-5
729.6829127983845,-169.20792569509575,132.84899766466842,729.6829127983845,-14.386123743038866,-63.442137235301175,838.3342504085164,-91.680315846497,34.55546063442503,0.005324267011456081,1.1245554577071242E-5
729.6829127983845,-169.20792569509575,132.84899766466842,729.6829127983845,-14.2924057826217,-63.36818224129155,838.1430122444507,-91.38169546315906,34.2737004481566,0.0054070023997865695,4.862523860665229E-7
729.6829127983845,-169.20792569509575,132.84899766466842,729.6829127983845,-15.15119954443071,-64.04316857802144,836.9434260559404,-90.00896590868581,31.62878387625136,0.006010500637515714,2.574982015460164E-5
729.6829127983845,-169.20792569509575,132.84899766466842,729.6829127983845,-16.109227887369883,-64.78902683866104,836.0444967327885,-88.51647671652945,28.68286954734441,0.00667644712404875,3.167474261611849E-5
729.6829127983845,-169.20792569509575,132.84899766466842,729.6829127983845,-17.291016310954348,-65.69886216557646,835.4125451755308,-87.48151473542418,26.03663521317324,0.007261762052655455,2.236337696057192E-5
729.6829127983845,-169.20792569509575,132.84899766466842,729.6829127983845,-18.435337763296104,-66.56922298817898,835.3290302695102,-86.83695003361436,23.90165103371541,0.00766645006212684,1.3060886531106318E-5
729.6829127983845,-169.20792569509575,132.84899766466842,729.6829127983845,-19.562495771301855,-67.41643945048352,835.5062427303699,-86.5584335213054,22.241966858860422,0.00792217018192386,6.647209706860924E-6
729.6829127983845,-169.20792569509575,132.84899766466842,729.6829127983845,-20.52977871524675,-68.1356002791502,835.7810759602319,-86.40980782758041,20.921678363581577,0.008095954680435388,3.914164633040145E-6
729.6829127983845,-169.20792569509575,132.84899766466842,729.6829127983845,-21.380131021195353,-68.7618728801788,836.0616232685456,-86.35966628259061,19.85867848872053,0.008217877375183348,2.3236098342307906E-6
729.6829127983845,-169.20792569509575,132.84899766466842,729.6829127983845,-21.952075181313887,-69.1799965155302,836.3668075294279,-86.25189346410966,19.036719956641377,0.008303659325623354,1.5632301842783225E-6
729.6829127983845,-169.20792569509575,132.84899766466842,729.6829127983845,-22.512520097947856,-69.58730831004624,836.6789250852174,-86.21229552160926,18.316925470780774,0.00836351162682818,1.0829861018988052E-6
729.6829127983845,-169.20792569509575,132.84899766466842,729.6829127983845,-22.983735882742963,-69.9279396672703,836.8773681649351,-86.2327381542878,17.782848721322466,0.008408552568484978,5.837559615139712E-7
729.6829127983845,-169.20792569509575,132.84899766466842,729.6829127983845,-23.348773698510826,-70.19067279122339,837.0960276402271,-86.28272293115867,17.414994304550106,0.00841900363128427,3.1653738087163515E-7
729.6829127983845,-169.20792569509575,132.84899766466842,729.6829127983845,-23.57195925069783,-70.35081847158258,837.1482877442595,-86.29355544756105,17.16202005406197,0.008448516927034532,1.3215950268076854E-7
729.6829127983845,-169.20792569509575,132.84899766466842,729.6829127983845,-23.71544086679421,-70.45357698328439,837.1576809681872,-86.29888337284379,16.99681612002334,0.008473003841210951,5.5565085319722326E-8
729.6829127983845,-169.20792569509575,132.84899766466842,729.6829127983845,-23.821350120082315,-70.5293287188745,837.1972420902996,-86.30940501278252,16.883941541990538,0.008482285688637273,2.8208174074374363E-8
729.6829127983845,-169.20792569509575,132.84899766466842,729.6829127983845,-23.873183352135328,-70.56637212853408,837.2601752232068,-86.3263580540208,16.84518151611897,0.008473975070756395,5.034943758575834E-9
729.6829127983845,-169.20792569509575,132.84899766466842,729.6829127983845,-24.289102401868718,-70.86289363111831,836.8550989114526,-86.27281741843869,16.26740130659013,0.008658086770221032,7.41608804629679E-7
729.6829127983845,-169.20792569509575,132.84899766466842,729.6829127983845,-32.397025375672115,-76.39434763880527,833.67490566232,-89.00891122384246,10.189837913314534,0.01012465342775314,1.3341928082785765E-4
729.6829127983845,-169.20792569509575,132.84899766466842,729.6829127983845,-71.4483683072362,-97.24461141504895,818.1303363396436,-103.65770559606115,-21.434502809012855,0.02329893484221242,0.004635294879279648
729.6829127983845,-169.20792569509575,132.84899766466842,729.6829127983845,-110.94821830491304,-110.26786002893186,796.3785188813125,-121.94131060520256,-64.3938559169157,0.08662734920052613,0.008723295559353809
729.6829127983845,-169.20792569509575,132.84899766466842,729.6829127983845,-104.41653191108685,-108.60922913973246,797.370285094914,-112.61709743473966,-78.04816393506303,0.11231166991900168,8.067123748754375E-4
729.6829127983845,-169.20792569509575,132.84899766466842,729.6829127983845,-76.83616128337478,-99.45997146796219,816.1301931431985,-90.88418135166648,-64.13011627678807,0.0553740493932018,0.0013445257922603633
729.6829127983845,-169.20792569509575,132.84899766466842,729.6829127983845,-44.60170268108668,-83.88422356867878,831.5117919091895,-66.6801015035846,-45.482269149945324,0.031954763376872024,0.002780725831373842
729.6829127983845,-169.20792569509575,132.84899766466842,729.6829127983845,-22.49581954600228,-69.57520520963496,836.8885930567286,-48.54192943678091,-33.63840918777544,0.027207049850391934,0.001395068244825015
729.6829127983845,-169.20792569509575,132.84899766466842,729.6829127983845,-14.612758921338468,-63.620680428909594,835.2146149982443,-41.1155244149086,-29.939227678633785,0.029136531864996276,1.7413351090831845E-4
729.6829127983845,-169.20792569509575,132.84899766466842,729.6829127983845,-11.899179949688545,-61.45478127955809,831.7834146969128,-38.33351445811256,-28.803760736966808,0.03262563986558592,2.036492473583199E-5
729.6829127983845,-169.20792569509575,132.84899766466842,729.6829127983845,-13.035011837656555,-62.36888311800189,829.1772042909525,-39.65121183650402,-29.098336837449096,0.03501300553527885,3.193473509383837E-6
729.6829127983845,-169.20792569509575,132.84899766466842,729.6829127983845,-17.042221842332452,-65.5082521927369,829.3061097666402,-43.86684907691868,-30.540719089146876,0.03422096678467601,4.140287244266213E-5
729.6829127983845,-169.20792569509575,132.84899766466842,729.6829127983845,-22.556381626952344,-69.61908530751117,833.4470039322371,-49.62819478385636,-32.2435626201231,0.029456385076158508,6.732261644662243E-5
729.6829127983845,-169.20792569509575,132.84899766466842,729.6829127983845,-32.11697274769938,-76.21097129154938,844.078654808113,-60.75016227632945,-32.54613721406048,0.019924698024649676,1.0913911221337444E-4
729.6829127983845,-169.20792569509575,132.84899766466842,729.6829127983845,-37.157237678330375,-79.43057222913669,848.4497512409473,-67.53918742592694,-30.58972693088151,0.016328467100473622,8.165887885432135E-5
729.6829127983845,-169.20792569509575,132.84899766466842,729.6829127983845,-40.20611297870815,-81.29705603673892,849.4506703016893,-71.7221092679249,-28.97975838262147,0.01507762297363223,3.74620476239889E-5
729.6829127983845,-169.20792569509575,132.84899766466842,729.6829127983845,-48.26178418223206,-85.94778214058911,849.9545072833673,-77.47411734175301,-33.101413120857046,0.015011596042101743,1.2558231134310443E-4
729.6829127983845,-169.20792569509575,132.84899766466842,729.6829127983845,-71.29698148417543,-97.18023309465497,848.4019210536051,-91.75982300237769,-49.1054062045981,0.017552796802348957,0.0014210969243250097
729.6829127983845,-169.20792569509575,132.84899766466842,729.6829127983845,-90.08156378751336,-104.29867542378989,840.2142076324774,-103.47489582944512,-64.15784938208554,0.02524896936748483,0.0010735186308988571
729.6829127983845,-169.20792569509575,132.84899766466842,729.6829127983845,-98.75825510458893,-107.01939106900585,833.0224500001536,-109.2994629851963,-71.12848443403973,0.033163778394312934,2.1098524328581254E-4
729.6829127983845,-169.20792569509575,132.84899766466842,729.6829127983845,-105.24579276324985,-108.83022268910727,824.7737141671417,-113.96402639473573,-75.88860848176563,0.04439775350539209,9.762185070790126E-5
729.6829127983845,-169.20792569509575,132.84899766466842,729.6829127983845,-107.18354496038145,-109.33476767577551,810.4217094862623,-114.83549542868946,-79.45654632698574,0.07309604095262807,3.196021124378469E-5
729.6829127983845,-169.20792569509575,132.84899766466842,729.6829127983845,-99.4178033457235,-107.21211710084216,799.6414048876616,-107.78499076687444,-78.4310192583977,0.10653421253738843,2.0807896114948632E-5
729.6829127983845,-169.20792569509575,132.84899766466842,729.6829127983845,-86.94300887469504,-103.22828514867757,800.4401732424689,-97.30844063268873,-73.48239760397061,0.10128719907462605,1.99581746316903E-4
729.6829127983845,-169.20792569509575,132.84899766466842,729.6829127983845,-75.55236064880587,-98.9453834921236,805.8087834738161,-87.81735815370658,-68.58992618285524,0.08301495915182432,1.9720923003936261E-4
729.6829127983845,-169.20792569509575,132.84899766466842,729.6829127983845,-56.35841238584632,-90.23167685884457,818.0280328886744,-71.9573906782988,-59.395650213147746,0.054580349342333426,7.30686465485246E-4
729.6829127983845,-169.20792569509575,132.84899766466842,729.6829127983845,-38.12785729808925,-80.03128716470724,829.6260059500754,-55.82713838743574,-51.28681025336235,0.038298143899240196,7.361220650163127E-4
729.6829127983845,-169.20792569509575,132.84899766466842,729.6829127983845,-21.78922537300184,-69.06119721252114,839.3965052980324,-40.50012130113678,-43.43405062309802,0.028849045267018168,7.535433938782196E-4
729.6829127983845,-169.20792569509575,132.84899766466842,729.6829127983845,-11.55306289896231,-61.174053122428376,841.1280976902807,-30.831173662866767,-37.448823227927136,0.027619689063884078,3.677371537361025E-4
729.6829127983845,-169.20792569509575,132.84899766466842,729.6829127983845,-6.835408678102709,-57.243521171729554,838.2479058495315,-26.82114748069425,-33.84584587798901,0.03015154176483583,8.703377371288841E-5
729.6829127983845,-169.20792569509575,132.84899766466842,729.6829127983845,-8.446834827585377,-58.6082342778416,833.9117010826747,-29.906116876743333,-33.05146106589953,0.03366385812632268,1.946216973814383E-5
729.6829127983845,-169.20792569509575,132.84899766466842,729.6829127983845,-12.88320260905229,-62.24733995362678,832.3783404768589,-36.962375718426884,-32.19605699737809,0.033405511063516365,7.726761847536923E-5
729.6829127983845,-169.20792569509575,132.84899766466842,729.6829127983845,-21.3432318481334,-68.73481198666269,837.2362470841656,-50.29442725382556,-29.265672248140618,0.025400611262867925,3.20844258040666E-4
729.6829127983845,-169.20792569509575,132.84899766466842,729.6829127983845,-27.694478455330625,-73.24307945213445,844.7345302332154,-60.910377169787694,-24.869347535580488,0.01786830291564128,2.825258063604129E-4
729.6829127983845,-169.20792569509575,132.84899766466842,729.6829127983845,-29.422864217519162,-74.41927435907897,845.8006634598664,-63.47156527706005,-23.93308249660842,0.016777770353030557,1.4488470075073187E-5
729.6829127983845,-169.20792569509575,132.84899766466842,729.6829127983845,-28.758911273143127,-73.96994331488051,843.7682181023272,-61.37911286482629,-25.9348924781207,0.018533015819863254,2.394916268509019E-5
729.6829127983845,-169.20792569509575,132.84899766466842,729.6829127983845,-28.8239913675352,-74.01412370478971,842.1985135459308,-59.77283715455127,-28.40936933634589,0.02022016510513044,2.6090369781089754E-5
729.6829127983845,-169.20792569509575,132.84899766466842,729.6829127983845,-29.48654537889766,-74.46220773083434,841.2485640255601,-58.905539380859494,-30.811858054445395,0.021507752040363634,1.835409585302265E-5
729.6829127983845,-169.20792569509575,132.84899766466842,729.6829127983845,-30.84255264792324,-75.3696939591068,840.3267569131075,-58.699454657715634,-33.44932355550014,0.022787989985503906,1.591512507609254E-5
729.6829127983845,-169.20792569509575,132.84899766466842,729.6829127983845,-35.39108361176733,-78.32167448192854,840.3821483209738,-59.786308796762725,-39.82460625582911,0.02417173251852442,1.0932883697184885E-4
729.6829127983845,-169.20792569509575,132.84899766466842,729.6829127983845,-46.71562933580391,-85.085940637173,838.526852511499,-63.693495234862226,-54.87938669719912,0.028833714295638472,7.480526138903877E-4
729.6829127983845,-169.20792569509575,132.84899766466842,729.6829127983845,-65.34448202900803,-94.55457545990112,829.8941947621602,-68.58226328435407,-87.46562288455101,1.0,0.0037655472460740155
729.6829127983845,-169.20792569509575,132.84899766466842,729.6829127983845,-79.98443152297845,-100.68722669403391,819.7985691558622,-73.27944498462769,-118.23705765584018,1.0,0.0034388872543260215
729.6829127983845,-169.20792569509575,132.84899766466842,729.6829127983845,-86.9982849018031,-103.24753971069802,815.7227611999319,-76.75771238614081,-132.6572742425447,1.0,7.191696778400751E-4
729.6829127983845,-169.20792569509575,132.84899766466842,729.6829127983845,-91.74633236256679,-104.84766103794334,814.0832371316785,-79.87298273665085,-141.2819171934123,1.0,2.6567469193566136E-4
729.6829127983845,-169.20792569509575,132.84899766466842,729.6829127983845,-91.59005626988423,-104.79667628268288,813.9700648594513,-79.4186923189397,-142.06221848836975,1.0,2.305963074792229E-6
729.6829127983845,-169.20792569509575,132.84899766466842,729.6829127983845,-84.3585012670227,-102.31174560304777,816.4271555246399,-73.02703644969934,-133.7169755938843,1.0,3.179192414848448E-4
729.6829127983845,-169.20792569509575,132.84899766466842,729.6829127983845,-71.29582174933493,-97.17973945509789,819.7755575515971,-62.96103774754379,-116.76097365225203,1.0,0.0013152092120466486
729.6829127983845,-169.20792569509575,132.84899766466842,729.6829127983845,-55.411803446178666,-89.75028930882914,822.4974807701735,-53.83837708290373,-92.82810584289507,1.0,0.002354965601711957
729.6829127983845,-169.20792569509575,132.84899766466842,729.6829127983845,-42.92045510252386,-82.90891011933448,824.0904058376228,-48.12925568525167,-74.00984902863311,1.0,0.001253069952200512
729.6829127983845,-169.20792569509575,132.84899766466842,729.6829127983845,-33.30981723020034,-76.9883300815253,823.417567438365,-44.20821563252139,-60.16034900593013,0.052775977981744396,6.190186711107391E-4
729.6829127983845,-169.20792569509575,132.84899766466842,729.6829127983845,-22.686426993197983,-69.71321603312313,826.2669303045809,-42.358955534445,-42.51644992267407,0.042611465805110396,7.692877434731076E-4
729.6829127983845,-169.20792569509575,132.84899766466842,729.6829127983845,-14.562101643058355,-63.580809399499685,827.7287308812083,-41.81916689050292,-28.959117539981037,0.035869561370569396,3.7799887601372634E-4
729.6829127983845,-169.20792569509575,132.84899766466842,729.6829127983845,-11.3017137701396,-60.96954694732386,830.917084653167,-41.31106394687866,-24.135222919771422,0.03115525424712676,4.9200699163478154E-5
729.6829127983845,-169.20792569509575,132.84899766466842,729.6829127983845,-12.281436910184027,-61.76363583490419,836.5237571509812,-41.60847331176776,-25.393665213355433,0.026704437759773124,3.604065580562301E-6
729.6829127983845,-169.20792569509575,132.84899766466842,729.6829127983845,-17.35160165527398,-65.74520378419729,844.8783121379715,-42.97458478367698,-32.23605686326587,0.02198398556279578,1.1499701595400783E-4
729.6829127983845,-169.20792569509575,132.84899766466842,729.6829127983845,-26.253259775164224,-72.24601322472589,857.7137189917247,-46.95034993111912,-42.552194533338195,0.015768542069605943,3.44526292951119E-4
729.6829127983845,-169.20792569509575,132.84899766466842,729.6829127983845,-33.25014884674607,-76.94967467253764,864.4413444279696,-49.15105772281939,-52.412721741363185,1.0,2.7738796634604597E-4
729.6829127983845,-169.20792569509575,132.84899766466842,729.6829127983845,-50.90421531422534,-87.38776609224644,868.7335026834651,-57.8964058095121,-74.37095198475905,1.0,0.001963439122226257
729.6829127983845,-169.20792569509575,132.84899766466842,729.6829127983845,-69.87252101672811,-96.56869428036214,863.7225182176917,-67.8512134277258,-101.23695655081193,1.0,0.003052271562584225
729.6829127983845,-169.20792569509575,132.84899766466842,729.6829127983845,-82.33753861907425,-101.57270749349777,851.5867504124213,-76.18681552139688,-118.17057294621472,1.0,0.0011659438699591481
729.6829127983845,-169.20792569509575,132.84899766466842,729.6829127983845,-87.9169386037264,-103.56541690794353,839.1033914435912,-81.36699790017254,-122.61427401156712,1.0,9.444346231141451E-5
729.6829127983845,-169.20792569509575,132.84899766466842,729.6829127983845,-91.23159216580846,-104.67929835357307,825.7176634090897,-85.43131387038264,-122.34786723321423,1.0,3.798978786637236E-6
729.6829127983845,-169.20792569509575,132.84899766466842,729.6829127983845,-90.71455809585449,-104.50894141243592,813.9806429114524,-86.16485783470557,-118.26688696165084,1.0,4.4325569395144444E-5
729.6829127983845,-169.20792569509575,132.84899766466842,729.6829127983845,-84.41614557545213,-102.33253652571398,805.2212448020233,-81.40747515840474,-110.6774931188649,1.0,2.3236435964820573E-4
729.6829127983845,-169.20792569509575,132.84899766466842,729.6829127983845,-73.07669825813525,-97.92965626905954,802.5909594251846,-72.45284549019985,-99.42731635179774,1.0,6.251385417002101E-4
729.6829127983845,-169.20792569509575,132.84899766466842,729.6829127983845,-58.96326826124691,-91.53040314408076,801.1899814548383,-61.46558622529695,-86.43747058412046,1.0,9.12750526009532E-4
729.6829127983845,-169.20792569509575,132.84899766466842,729.6829127983845,-45.20770390597956,-84.23150582712375,802.3346490340692,-52.3381421511021,-71.74863199000461,0.1151752932618087,0.001012435886639387
729.6829127983845,-169.20792569509575,132.84899766466842,729.6829127983845,-30.235273125231686,-74.96486577493911,805.5372332349723,-45.58741062125089,-52.00792463502708,0.08973614255504918,0.0014005471752170351
729.6829127983845,-169.20792569509575,132.84899766466842,729.6829127983845,-25.823184205653234,-71.94557235125203,811.6512769187924,-46.7990279978066,-41.98604621540122,0.06504605295257596,2.4335027530276074E-4
729.6829127983845,-169.20792569509575,132.84899766466842,729.6829127983845,-25.478444422008494,-71.7037735533458,818.7873640371361,-48.09316200783101,-39.518983686168156,0.05009396063327891,2.1233137456399658E-5
729.6829127983845,-169.20792569509575,132.84899766466842,729.6829127983845,-28.26016373841486,-73.63036788889679,827.5500479223069,-50.40797378158044,-41.18525700079908,0.0383395210515065,1.910825310475834E-5
729.6829127983845,-169.20792569509575,132.84899766466842,729.6829127983845,-38.42216153282189,-80.21222333176277,831.0472284924143,-56.97302139959949,-49.991282397814786,0.03599198223398098,3.825753454329587E-4
729.6829127983845,-169.20792569509575,132.84899766466842,729.6829127983845,-57.19125003908282,-90.6510344941114,833.6525214609418,-67.20513818666399,-70.67093501417583,1.0,0.0018959670289208387
729.6829127983845,-169.20792569509575,132.84899766466842,729.6829127983845,-71.22053338142176,-97.1476782842812,825.2016828934651,-74.57470759505485,-89.27473767963937,1.0,0.0013659958021838949
729.6829127983845,-169.20792569509575,132.84899766466842,729.6829127983845,-66.70275117650425,-95.17005679550843,817.6073325938868,-69.81001747371553,-88.25805526608721,1.0,2.2439011561053323E-5
729.6829127983845,-169.20792569509575,132.84899766466842,729.6829127983845,-54.38453009841146,-89.22213468631352,814.3059742377418,-60.60523041051853,-77.19115480501821,1.0,6.478227170269666E-4
729.6829127983845,-169.20792569509575,132.84899766466842,729.6829127983845,-39.871288446048595,-81.0950003000055,815.816777410034,-53.90978392684332,-57.87302768302101,0.06381614049954493,0.0013815048191160547
729.6829127983845,-169.20792569509575,132.84899766466842,729.6829127983845,-32.90393511936597,-76.72490851912005,820.0044986686604,-54.10763826520578,-44.12320056423658,0.04854088618391687,4.258566182240023E-4
729.6829127983845,-169.20792569509575,132.84899766466842,729.6829127983845,-29.43575986455008,-74.42797080756307,824.0770962471329,-54.77788996806026,-36.84652623831451,0.0392874314086166,1.2469601680129174E-4
729.6829127983845,-169.20792569509575,132.84899766466842,729.6829127983845,-28.195243333165024,-73.58603669988233,826.6235547246703,-55.03686047385163,-34.29134303101219,0.03529084186543201,1.5011580438987226E-5
729.6829127983845,-169.20792569509575,132.84899766466842,729.6829127983845,-27.38956830652336,-73.03338018153568,828.9602095751526,-55.083299480653324,-32.829479004332626,0.0323876023461629,4.402541569182652E-6
729.6829127983845,-169.20792569509575,132.84899766466842,729.6829127983845,-27.074849515985875,-72.81623677193576,831.1152791092724,-55.211861409265296,-32.10224321786285,0.03013166645929657,1.2941868496357229E-6
729.6829127983845,-169.20792569509575,132.84899766466842,729.6829127983845,-27.102395210227826,-72.8352705855171,833.2723590443873,-55.36408105118175,-31.92916262561448,0.028211495604017298,1.419809878670956E-7
729.6829127983845,-169.20792569509575,132.84899766466842,729.6829127983845,-27.174251389882414,-72.88489687719013,833.7038733785439,-55.300424170440564,-32.14450842348492,0.02794266060425219,1.335553805963199E-7
729.6829127983845,-169.20792569509575,132.84899766466842,729.6829127983845,-27.184610247399632,-72.8920479952684,832.7095401283673,-54.731824423089435,-32.985976012236165,0.02916934233183392,3.0434621301515327E-6
729.6829127983845,-169.20792569509575,132.84899766466842,729.6829127983845,-27.043013663734712,-72.7942317087184,831.5175889078913,-54.019618914885996,-33.772252641520424,0.030642257312652358,3.260394023868313E-6
729.6829127983845,-169.20792569509575,132.84899766466842,729.6829127983845,-26.977472129637277,-72.7489062122047,830.8699870599597,-53.6770945517363,-34.15389180650888,0.03144742984800502,7.611160102369898E-7
729.6829127983845,-169.20792569509575,132.84899766466842,729.6829127983845,-26.959701904443506,-72.73661182297184,830.462380745947,-53.52411145483438,-34.34414418742671,0.031932096057031574,1.741069912060227E-7
729.6829127983845,-169.20792569509575,132.84899766466842,729.6829127983845,-26.96204083465804,-72.73823014939376,830.2786375681704,-53.46393475030299,-34.43518252671228,0.03215285186483979,3.496997080265939E-8
729.6829127983845,-169.20792569509575,132.84899766466842,729.6829127983845,-26.960016254303525,-72.73682932669831,830.1589744755227,-53.42103193142135,-34.493667705570374,0.03229812207087939,1.5446343862180657E-8
729.6829127983845,-169.20792569509575,132.84899766466842,729.6829127983845,-26.95288330093942,-72.73189374656363,830.0554129573563,-53.379040753950264,-34.541943398717706,0.03242477510249765,1.1882251044153621E-8
729.6829127983845,-169.20792569509575,132.84899766466842,729.6829127983845,-26.95082362347091,-72.73046850397236,829.9630545189062,-53.34531383450522,-34.5870990105756,0.03253799626032606,9.321445889889606E-9
729.6829127983845,-169.20792569509575,132.84899766466842,729.6829127983845,-26.390610085251012,-72.34168039356598,829.3955915964091,-52.58530864946297,-34.70683242733517,0.03332684380427231,8.32706425674957E-7
729.6829127983845,-169.20792569509575,132.84899766466842,729.6829127983845,-26.8772165910909,-72.6795143378057,827.8515057278059,-52.62207635302711,-35.5033999778567,0.0351850397528071,1.328943155534251E-6
729.6829127983845,-169.20792569509575,132.84899766466842,729.6829127983845,-29.80184188750343,-74.67435956875374,839.1353216187356,-56.18228112116576,-35.40378280814514,0.024542790683248387,9.599456618048027E-6
729.6829127983845,-169.20792569509575,132.84899766466842,729.6829127983845,-36.26339061769448,-78.87192854021487,858.5939062905778,-66.62359296561215,-30.521763886011968,0.012200926886457087,2.4561507117414684E-4
729.6829127983845,-169.20792569509575,132.84899766466842,729.6829127983845,-44.443207294980255,-83.79302282660166,871.2090808543929,-79.7223752117568,-22.534116328447084,0.0068721241170972705,5.533761562319028E-4
729.6829127983845,-169.20792569509575,132.84899766466842,729.6829127983845,-71.74386361316378,-97.36993422949467,847.8871808007551,-97.71460613982251,-36.02469089293487,0.014486717685690924,0.0011036871751760418
729.6829127983845,-169.20792569509575,132.84899766466842,729.6829127983845,-47.61940171327713,-85.59145379962132,852.9585167271971,-74.60219201725252,-37.11539123430876,0.014721425516045107,4.137848949334518E-4
729.6829127983845,-169.20792569509575,132.84899766466842,729.6829127983845,-17.504153080796357,-65.86176040994854,860.4675421403313,-46.29274799039623,-28.15272114344296,0.012962257315128423,0.0019834848743542684
729.6829127983845,-169.20792569509575,132.84899766466842,729.6829127983845,-7.205090578166164,-57.55867396144262,866.5713560901946,-36.85865010092083,-22.70579487399533,0.010937733518993605,3.293590272990723E-4
729.6829127983845,-169.20792569509575,132.84899766466842,729.6829127983845,-2.6860378251279258,-53.61939338384644,869.650953794495,-33.23963691950267,-19.405990348695525,0.00992303376761573,7.194886939142652E-5
729.6829127983845,-169.20792569509575,132.84899766466842,729.6829127983845,-1.2444371440966222,-52.32191396504294,866.374145142746,-31.24705072233025,-19.24561056432728,0.011130706695184183,6.097265051552116E-6
729.6829127983845,-169.20792569509575,132.84899766466842,729.6829127983845,-0.9911842355145097,-52.091879084417,865.8774538603968,-30.344732276416806,-19.819996611379935,0.011422144561379768,3.152159633595776E-6
729.6829127983845,-169.20792569509575,132.84899766466842,729.6829127983845,-1.1420872023106483,-52.22902353643761,865.9096000923793,-30.71543013293727,-19.66216855277557,0.011368996824779112,3.9479972377275437E-7
729.6829127983845,-169.20792569509575,132.84899766466842,729.6829127983845,-0.20048938117767534,-51.369585737215715,869.1258988041053,-29.885405624914462,-19.01294310601557,0.01028961596607157,3.074624516456933E-6
729.6829127983845,-169.20792569509575,132.84899766466842,729.6829127983845,4.192880243424781,-47.24031489960214,878.134522963191,-25.82847609908943,-16.060959090337462,1.0,6.959009256365118E-5
729.6829127983845,-169.20792569509575,132.84899766466842,729.6829127983845,5.072457714675693,-46.3892459066829,885.7314231624283,-28.39857586077207,-11.966041463327173,1.0,6.476154014049669E-5
729.6829127983845,-169.20792569509575,132.84899766466842,729.6829127983845,1.8871701006702608,-49.432290992828314,890.1318503498949,-35.201372665430775,-9.918900276454139,1.0,1.1422138798221778E-4
729.6829127983845,-169.20792569509575,132.84899766466842,729.6829127983845,-1.0009963117553866,-52.10080338261022,897.123676205564,-42.01908331759928,-6.999884776684127,1.0,1.3617350588147168E-4
729.6829127983845,-169.20792569509575,132.84899766466842,729.6829127983845,-1.6610334359972114,-52.69894464221363,905.1494629438969,-47.44399791064161,-1.9971098517325174,1.0,1.6221392325168043E-4
729.6829127983845,-169.20792569509575,132.84899766466842,729.6829127983845,-0.18731274334939485,-51.357496242077275,913.8104728325925,-52.575094244502075,5.737134911786967,1.0,2.5661244688383693E-4
729.6829127983845,-169.20792569509575,132.84899766466842,729.6829127983845,-7.693523748910195,-57.97316552390362,921.0163482770259,-69.86367980921413,15.478139884458955,5.711967566676211E-4,0.0011579045644945858
729.6829127983845,-169.20792569509575,132.84899766466842,729.6829127983845,-40.74650228104278,-81.62165928969307,917.1398169956584,-100.75299127358602,18.561187620498828,3.5536627898518844E-4,9.961208680497546E-4
729.6829127983845,-169.20792569509575,132.84899766466842,729.6829127983845,-46.80031624973914,-85.13351803297425,906.0613694229086,-104.08144988931676,16.87227776146071,6.700410191608232E-4,2.4340576108546025E-5
729.6829127983845,-169.20792569509575,132.84899766466842,729.6829127983845,-23.79200686707992,-70.50834926777932,899.7939920020428,-84.02742405544316,13.728058475736276,0.001330344528043183,6.168883252041689E-4
729.6829127983845,-169.20792569509575,132.84899766466842,729.6829127983845,-16.923764897498472,-65.4173241607277,893.2324365010371,-71.3734182800363,5.47338728477834,0.002377572007755303,6.571819349815242E-4
729.6829127983845,-169.20792569509575,132.84899766466842,729.6829127983845,-18.064831341343734,-66.28855537134947,888.9699080910035,-67.84269654492388,-0.7040686015004667,0.0031720353434008092,1.5313752663074072E-4
729.6829127983845,-169.20792569509575,132.84899766466842,729.6829127983845,-19.777268368271933,-67.57674581873081,886.6869587245565,-67.2450984933833,-3.909923263294246,0.003615307646212266,2.552180455387189E-5
729.6829127983845,-169.20792569509575,132.84899766466842,729.6829127983845,-18.920528232399874,-66.93513124423583,887.6339632519115,-67.24434737400723,-2.695998251372316,0.0034406305053696564,2.7732834822271257E-6
729.6829127983845,-169.20792569509575,132.84899766466842,729.6829127983845,-19.56299618798107,-67.41681337858148,888.591452941254,-67.96805631016232,-2.637614672052507,0.003300039449250742,6.727238565691814E-7
729.6829127983845,-169.20792569509575,132.84899766466842,729.6829127983845,-22.766979944982353,-69.77145887368889,890.826988683033,-70.29704877475666,-4.0073093985687365,0.003035289864322171,1.816750592339964E-5
729.6829127983845,-169.20792569509575,132.84899766466842,729.6829127983845,-24.07484128225667,-70.71030035145199,891.7498813929682,-70.19927431484439,-6.017558186630225,0.0030262989378775345,8.502852176099803E-6
729.6829127983845,-169.20792569509575,132.84899766466842,729.6829127983845,-22.7165846078492,-69.7350268448175,897.9501865273946,-67.97286658471708,-7.149759557588169,0.002504116944076784,1.3715983442163127E-5
729.6829127983845,-169.20792569509575,132.84899766466842,729.6829127983845,-21.255840239315233,-68.67067980948156,905.1769788660529,-65.62816070172418,-8.232899018369949,0.0019612230473830808,1.3849493582055782E-5
729.6829127983845,-169.20792569509575,132.84899766466842,729.6829127983845,-27.81234569873115,-73.32396360205942,908.107846756372,-70.44607965124095,-11.158490119276053,0.0017245147595712725,7.994552743086361E-5
729.6829127983845,-169.20792569509575,132.84899766466842,729.6829127983845,-39.202596200921505,-80.68932279119537,909.6776046994325,-79.09655672379182,-15.162091257445013,0.00157401110384762,1.9327389519246772E-4
729.6829127983845,-169.20792569509575,132.84899766466842,729.6829127983845,-47.58033408214756,-85.56970336258769,911.0504724102091,-84.91047429538726,-18.532276850944584,1.0,1.0160696278603047E-4
729.6829127983845,-169.20792569509575,132.84899766466842,729.6829127983845,-54.01052706436532,-89.0283543763017,911.0887537454811,-88.35122064565941,-22.88604344190105,1.0,9.112791785049988E-5
729.6829127983845,-169.20792569509575,132.84899766466842,729.6829127983845,-57.24174021816077,-90.6763326890626,912.1637442782801,-90.59354642575244,-24.093967051704453,1.0,1.2898640682672187E-5
729.6829127983845,-169.20792569509575,132.84899766466842,729.6829127983845,-51.097398389685665,-87.49142835751655,915.4953241589224,-86.86533574662532,-20.764755172967057,1.0,6.646761704188835E-5
729.6829127983845,-169.20792569509575,132.84899766466842,729.6829127983845,-35.630710967812945,-78.47333363446657,918.0068833706198,-77.69246025472566,-11.930645676962286,1.0,4.948350549579156E-4
729.6829127983845,-169.20792569509575,132.84899766466842,729.6829127983845,-22.138672821117723,-69.31587282249089,918.4134536229294,-70.97735030230463,-2.1810726191556853,1.0,4.534624410636165E-4
729.6829127983845,-169.20792569509575,132.84899766466842,729.6829127983845,-16.328580693619273,-64.95875211253198,918.3790480066432,-69.74722848680229,4.158645767530203,8.351961677649386E-4,1.0183393779720736E-4
729.6829127983845,-169.20792569509575,132.84899766466842,729.6829127983845,-13.29562104434109,-62.57708365123548,917.3319832663464,-71.3356078553148,10.172319979880939,7.645071481969957E-4,9.914225311738889E-5
729.6829127983845,-169.20792569509575,132.84899766466842,729.6829127983845,-16.388981268927438,-65.00541907772248,916.6038317084451,-74.90850899241995,10.75970984165474,7.399790239277142E-4,2.0849739623785997E-5
729.6829127983845,-169.20792569509575,132.84899766466842,729.6829127983845,-24.435472920686635,-70.96694115681211,914.3544468601161,-81.03058082592857,8.709715757913273,7.882382684593132E-4,8.211723111235603E-5
729.6829127983845,-169.20792569509575,132.84899766466842,729.6829127983845,-35.42305791662824,-78.34193290172203,911.6687109914382,-89.2435196474834,6.618299037764245,8.355732684767491E-4,1.140275236599617E-4
729.6829127983845,-169.20792569509575,132.84899766466842,729.6829127983845,-46.30323511936898,-84.85363675780442,908.2613917927566,-97.38955542491266,5.6362091656481255,8.999809842488837E-4,6.881561562686154E-5
729.6829127983845,-169.20792569509575,132.84899766466842,729.6829127983845,-53.3012468523241,-88.65865863560168,901.5165545244911,-103.21200269230435,6.725098889588679,0.001107177331506049,3.7632227047497084E-5
729.6829127983845,-169.20792569509575,132.84899766466842,729.6829127983845,-54.26730049678848,-89.16148109483126,895.6630455236021,-103.58097936403792,6.0890313834278516,0.0014337070711385618,1.3095935108467254E-6
729.6829127983845,-169.20792569509575,132.84899766466842,729.6829127983845,-49.362075561295455,-86.55239751254254,890.8847421031131,-98.13287134643157,2.7321344692941807,0.001980291312381787,9.26140802294876E-5
729.6829127983845,-169.20792569509575,132.84899766466842,729.6829127983845,-43.705750725192274,-83.36664487264605,886.0546887465512,-90.76051734557082,-2.3005071606236527,0.0028130698988366332,1.9941327089451107E-4
729.6829127983845,-169.20792569509575,132.84899766466842,729.6829127983845,-39.58857741359466,-80.92383632290569,881.2548447212384,-83.39546862416529,-8.675955073486193,0.0039630360408354345,2.68335318497266E-4
729.6829127983845,-169.20792569509575,132.84899766466842,729.6829127983845,-37.0075094643729,-79.33735898538492,877.4880624336174,-77.00355047924852,-15.142294663035955,0.005219488188474348,2.462519916081192E-4
729.6829127983845,-169.20792569509575,132.84899766466842,729.6829127983845,-35.20755711701773,-78.20526365440384,876.1643238203196,-71.6269362623276,-20.843741109531663,0.0061341738504969295,1.84843463683569E-4
729.6829127983845,-169.20792569509575,132.84899766466842,729.6829127983845,-33.55695271027332,-77.14817738364258,877.3110864680106,-66.96977053619732,-25.422803068539423,0.006467081485460397,1.2542110217885093E-4
729.6829127983845,-169.20792569509575,132.84899766466842,729.6829127983845,-29.216591372996987,-74.28001120352076,884.4612705834946,-60.86806839881811,-27.448976287542507,0.005459234879935194,7.524684585954078E-5
729.6829127983845,-169.20792569509575,132.84899766466842,729.6829127983845,-18.444841742205625,-66.57640823190687,900.1881641923216,-50.351441143141315,-24.371205409846624,1.0,2.110613650591173E-4
729.6829127983845,-169.20792569509575,132.84899766466842,729.6829127983845,15.400615342127708,-35.73239684880622,939.9894551593419,-17.386877638092045,-5.791413305191639,1.0,0.004253508044666532
729.6829127983845,-169.20792569509575,132.84899766466842,729.6829127983845,48.225690192892756,9.469004627406989,985.8246045714745,21.20398164935857,24.80213606773424,1.0,0.008092813196030528
729.6829127983845,-169.20792569509575,132.84899766466842,729.6829127983845,64.65060965793401,44.47374410047364,1024.3218366619496,41.81903346188926,53.10180778243301,1.0,0.0022950508221147516
729.6829127983845,-169.20792569509575,132.84899766466842,729.6829127983845,68.97278734248431,56.88882430447963,1045.4564102604793,39.309266431748206,66.34906213027531,1.0,8.332004698883109E-5
729.6829127983845,-169.20792569509575,132.84899766466842,729.6829127983845,68.96799258123968,56.87379149038834,1050.9764657987662,24.684032836741338,70.99983326719911,1.0,7.7859583331194E-4
729.6829127983845,-169.20792569509575,132.84899766466842,729.6829127983845,67.63517843418319,52.815604469030816,1044.2605975384831,3.5575507451051536,74.46854636378148,1.0,0.0015446230744677514
729.6829127983845,-169.20792569509575,132.84899766466842,729.6829127983845,68.10418217496039,54.217175491512364,1031.2307348532063,-20.10583042337587,83.4449889679415,1.0,0.002248621387465362
729.6829127983845,-169.20792569509575,132.84899766466842,729.6829127983845,70.70491851153645,62.55086693074179,1011.2172597228781,-43.291802137995795,95.95364866992054,1.0,0.0022293982856816624
729.6829127983845,-169.20792569509575,132.84899766466842,729.6829127983845,74.74781567083403,78.20838772481167,986.5806711565167,-65.66427857301153,109.65754497546308,1.0,0.00194468622086209
729.6829127983845,-169.20792569509575,132.84899766466842,729.6829127983845,79.73754140059128,109.91094167663415,964.8963456785189,-84.96428573233585,125.0867140101569,3.479400871821185E-4,0.0012726498668898054
729.6829127983845,-169.20792569509575,132.84899766466842,729.6829127983845,71.81115698495202,199.25533609759452,935.7693522199296,-107.13002443930613,149.95289696657625,1.9843799065513267E-4,0.002337350583241168
729.6829127983845,-169.20792569509575,132.84899766466842,729.6829127983845,47.04050952535928,258.2946602628812,915.6244561866656,-117.69391285122576,162.73226349132838,7.527631798810659E-5,7.081861279418965E-4
729.6829127983845,-169.20792569509575,132.84899766466842,729.6829127983845,20.277996596359145,295.92899414908317,894.8948513512199,-126.38492877397769,169.70436983636125,6.2032717135597725E-6,3.348478042535327E-4
729.6829127983845,-169.20792569509575,132.84899766466842,729.6829127983845,1.666412261728027,315.33724558167035,874.4418836558473,-133.35094720986572,171.14308709675538,8.844746920662475E-6,7.408544705880189E-5
729.6829127983845,-169.20792569509575,132.84899766466842,729.6829127983845,0.5870600401087813,316.34194799023726,855.352357813751,-138.3872763673104,166.15605824491814,3.44773521671374E-5,1.2402347563674582E-4
729.6829127983845,-169.20792569509575,132.84899766466842,729.6829127983845,21.54574177196912,294.4442895139807,836.5174436709798,-141.7227136453096,156.1328533393819,4.187965937162444E-5,2.1264486277797228E-4
729.6829127983845,-169.20792569509575,132.84899766466842,729.6829127983845,66.3359767085469,216.62888809467117,813.6233552102639,-143.9119144045755,141.8464585736931,4.8170912697459596E-5,9.09992240071698E-5
729.6829127983845,-169.20792569509575,132.84899766466842,729.6829127983845,57.3693938100445,27.195231589503862,787.4062056363424,-146.90340837237972,122.44832622597116,1.1330436629324209E-4,2.5164185876912643E-4
729.6829127983845,-169.20792569509575,132.84899766466842,729.6829127983845,-47.3232467612238,-85.42634460098228,759.2471033934985,-149.0579581712234,96.76373168713539,7.076932351831967E-4,0.0016235131406135018
729.6829127983845,-169.20792569509575,132.84899766466842,729.6829127983845,-91.78903708396203,-104.86157358999174,726.8039313273312,-147.4625448634025,66.08096479331354,0.003110600637459516,0.0027261446425495234
729.6829127983845,-169.20792569509575,132.84899766466842,729.6829127983845,-102.0003599303754,-107.94789414247427,702.0645440076987,-141.36086074744065,33.07620260731596,0.00937845517464371,0.003957916093803733
729.6829127983845,-169.20792569509575,132.84899766466842,729.6829127983845,-97.22852563479826,-106.56479886126206,697.372645866839,-130.73343136225697,4.877317573920777,0.0233660105981377,0.003416699608501488
729.6829127983845,-169.20792569509575,132.84899766466842,729.6829127983845,-70.78614175186166,-96.96212575069492,726.7422451510517,-105.88133940942767,-15.016173573875932,0.06633557281444628,0.0023973577433446056
729.6829127983845,-169.20792569509575,132.84899766466842,729.6829127983845,-40.116753109975235,-81.243200139452,763.0741776828384,-82.06027354528445,-11.681662399787655,0.0695907794464364,4.37164729090204E-4
729.6829127983845,-169.20792569509575,132.84899766466842,729.6829127983845,-20.78778099213804,-68.32620122016704,795.180700977787,-68.83728786228448,-3.19778404832104,0.040064963753198304,5.028941267836924E-4
729.6829127983845,-169.20792569509575,132.84899766466842,729.6829127983845,-7.341349332939018,-57.67452176743237,827.2196411128444,-60.95075452264172,5.425920466864596,0.018574451989149636,2.887292450321503E-4
729.6829127983845,-169.20792569509575,132.84899766466842,729.6829127983845,-0.7252918963953903,-51.8496815624799,839.5318282648525,-55.104752370859345,7.7636702724549025,0.014201512290469658,8.754984469871359E-5
729.6829127983845,-169.20792569509575,132.84899766466842,729.6829127983845,-0.7166838896656031,-51.841828947981895,846.4183183925833,-54.726930690740545,7.361231225097697,0.011961915161105972,6.157576283911498E-7
729.6829127983845,-169.20792569509575,132.84899766466842,729.6829127983845,-1.9645604148863072,-52.97257473678994,852.0780580766506,-55.11344630945338,6.08034812066964,0.010382692072830735,3.892513690543736E-6
729.6829127983845,-169.20792569509575,132.84899766466842,729.6829127983845,-3.6302048696652776,-54.45828560604639,856.9161503498153,-55.539796757856294,4.263652247655898,0.00924221560835515,7.570785425651928E-6
729.6829127983845,-169.20792569509575,132.84899766466842,729.6829127983845,-5.337573389826133,-55.95382973827816,861.0137451734331,-55.93272538910408,2.339251444280194,0.008388659947148434,8.35874901303908E-6
729.6829127983845,-169.20792569509575,132.84899766466842,729.6829127983845,-7.0269209531020635,-57.40693969571316,864.5757431378396,-56.32614098366065,0.4264011013240179,0.007711667801279943,8.443410452338801E-6
729.6829127983845,-169.20792569509575,132.84899766466842,729.6829127983845,-8.078766052780168,-58.298573371327706,867.6933345823912,-56.361043412053775,-1.0212930714824608,0.0071533443024024155,3.6414187540030167E-6
729.6829127983845,-169.20792569509575,132.84899766466842,729.6829127983845,-8.848230550988916,-58.944558466107566,870.4715265959985,-56.330709961876025,-2.154517976590796,0.00667025693931925,2.2520972712762424E-6
729.6829127983845,-169.20792569509575,132.84899766466842,729.6829127983845,-8.685093926404505,-58.80804102934994,872.3946955318581,-55.78225881870476,-2.576145200667554,0.006355244923951477,1.3180913039058224E-6
729.6829127983845,-169.20792569509575,132.84899766466842,729.6829127983845,-8.699866552353882,-58.8204129104937,872.0009058427139,-55.86920130898915,-2.49353039560026,0.006420890578292941,4.1549351982975746E-8
729.6829127983845,-169.20792569509575,132.84899766466842,729.6829127983845,-8.946494820622945,-59.02667503530304,871.6903555874251,-56.15884070548847,-2.5009060029659906,0.006464083161150375,1.0742424542441093E-7
729.6829127983845,-169.20792569509575,132.84899766466842,729.6829127983845,-9.099615753230609,-59.154463469654985,871.6269220847176,-56.09772692882176,-2.7938659730869517,0.006504081089849421,2.0539260887652219E-7
729.6829127983845,-169.20792569509575,132.84899766466842,729.6829127983845,-8.889448505504305,-58.979013510995,870.9183382623489,-54.693859574351265,-4.172049070966523,0.0068554225815452815,1.142950988277867E-5
729.6829127983845,-169.20792569509575,132.84899766466842,729.6829127983845,-9.222293315932063,-59.256695723734595,869.8411578098253,-53.7376471838744,-5.8040650464754435,0.0072917315235217035,1.0358786416454763E-5
729.6829127983845,-169.20792569509575,132.84899766466842,729.6829127983845,-10.073173057331957,-59.96212883719545,869.1663285335424,-53.565100640489675,-7.2663636944648715,0.007583668326705138,4.530063084631015E-6
729.6829127983845,-169.20792569509575,132.84899766466842,729.6829127983845,-10.596440604873521,-60.392811469571996,868.739614526354,-53.37598938106375,-8.273020807785315,0.007786294304681578,2.382912363418759E-6
729.6829127983845,-169.20792569509575,132.84899766466842,729.6829127983845,-10.195056694529342,-60.06265955751377,868.6322334080368,-52.55247399177381,-8.675374881618467,0.00790821833746273,2.0575971673982783E-6
729.6829127983845,-169.20792569509575,132.84899766466842,729.6829127983845,-9.72317715916148,-59.67272834159252,868.6026961448595,-51.723486019731524,-8.972131395100746,0.008002965832148263,1.6941537189994024E-6
729.6829127983845,-169.20792569509575,132.84899766466842,729.6829127983845,-9.582140115878957,-59.555806272805796,868.6084202745363,-51.255439580753034,-9.32493045363799,0.008067600518211492,9.603022670280082E-7
729.6829127983845,-169.20792569509575,132.84899766466842,729.6829127983845,-9.317842084457112,-59.33622851825908,868.742661108428,-50.7747997746731,-9.505653596850493,0.0080860048347384,5.870882454423826E-7
729.6829127983845,-169.20792569509575,132.84899766466842,729.6829127983845,-9.156534488683008,-59.20191270258766,868.9420405722196,-50.45334218917405,-9.648519543309447,0.008072952797414401,2.9311926603356337E-7
729.6829127983845,-169.20792569509575,132.84899766466842,729.6829127983845,-9.133155757347765,-59.182426923540675,868.963578614672,-50.25633449403898,-9.849589528406938,0.008099738831784256,2.318904463098654E-7
729.6829127983845,-169.20792569509575,132.84899766466842,729.6829127983845,-9.114144141389403,-59.16657750524888,868.970472462006,-50.1091169471613,-9.997439229039713,0.008121804393629728,1.271485427080384E-7
729.6829127983845,-169.20792569509575,132.84899766466842,729.6829127983845,-9.112446718538024,-59.16516225919389,868.9730786840375,-50.014942003274754,-10.107822719715216,0.008137751472057852,6.193522743175341E-8
729.6829127983845,-169.20792569509575,132.84899766466842,729.6829127983845,-9.22104386329724,-59.25565517262788,868.939013183958,-50.041680223178986,-10.24017286104015,0.008155935009429375,4.151624737564231E-8
729.6829127983845,-169.20792569509575,132.84899766466842,729.6829127983845,-9.291309608069923,-59.31415150622436,868.9099712315859,-50.06067405246863,-10.323811083637764,0.008169171953002699,1.7179171144948536E-8
729.6829127983845,-169.20792569509575,132.84899766466842,729.6829127983845,-9.325908999770917,-59.342939568494074,868.8936469089251,-50.06377562472916,-10.372519584882099,0.008177325999974294,4.569705451537545E-9
729.6829127983845,-169.20792569509575,132.84899766466842,729.6829127983845,-9.360831318553807,-59.37198563158071,868.8783518546328,-50.073198105781344,-10.414128707864933,0.008184138687057993,4.2484566319285705E-9
729.6829127983845,-169.20792569509575,132.84899766466842,729.6829127983845,-9.383808841387491,-59.39109095352853,868.867523137386,-50.076493070749066,-10.44500336447473,0.008189337793474506,1.9637091709656807E-9
729.6829127983845,-169.20792569509575,132.84899766466842,729.6829127983845,-9.397141171994889,-59.40217437366019,868.8625780464808,-50.07209240062919,-10.470513912557635,0.008193153560270915,1.4788365507875495E-9
729.6829127983845,-169.20792569509575,132.84899766466842,729.6829127983845,-9.40415105122807,-59.40800119251739,868.8610158144025,-50.060446118507784,-10.495156100423344,0.008196575676272603,2.047852347187315E-9
729.6829127983845,-169.20792569509575,132.84899766466842,729.6829127983845,-9.4204075401436,-59.421512403518676,868.8579505764401,-50.053200608005454,-10.528532908857386,0.008200824061797141,2.6987068509610523E-9
729.6829127983845,-169.20792569509575,132.84899766466842,729.6829127983845,-9.44347694927015,-59.44068202964712,868.850563816063,-50.04970225515903,-10.567743657188345,0.008206400300576271,3.0846332176089122E-9
729.6829127983845,-169.20792569509575,132.84899766466842,729.6829127983845,-9.45857149102818,-59.45322237291555,868.8472490876749,-50.04657319553897,-10.59441556549541,0.008209819526537,1.4900447719884375E-9
729.6829127983845,-169.20792569509575,132.84899766466842,729.6829127983845,-9.469281425088582,-59.46211882832091,868.8471948290361,-50.04569217164122,-10.611730184996048,0.008211427306109135,5.663854341058559E-10
729.6829127983845,-169.20792569509575,132.84899766466842,729.6829127983845,-9.484478162660935,-59.474740621466054,868.8482014516132,-50.049784120754396,-10.629869019273372,0.008212476083935017,8.068250132021504E-10
729.6829127983845,-169.20792569509575,132.84899766466842,729.6829127983845,-9.497129368786972,-59.48524665187628,868.8492806780101,-50.0521451762835,-10.646229515904025,0.008213476501051985,5.839035213364685E-10
729.6829127983845,-169.20792569509575,132.84899766466842,729.6829127983845,-9.508050937870905,-59.494315196805104,868.8500541191768,-50.05156052661569,-10.663513286753528,0.008214851526716055,5.492996887329583E-10
729.6829127983845,-169.20792569509575,132.84899766466842,729.6829127983845,-9.65178812017399,-59.613567428319556,868.8445168977615,-50.163881286351156,-10.74636942167848,0.008215332604171928,5.399155175649584E-8
729.6829127983845,-169.20792569509575,132.84899766466842,729.6829127983845,-9.524852652797392,-59.508264178413555,868.8867421779555,-50.04233995165859,-10.700129633643797,0.008209525285201351,3.769153663235649E-8
729.6829127983845,-169.20792569509575,132.84899766466842,729.6829127983845,-9.471869376679308,-59.464268419186794,868.9101810111192,-49.981577974017014,-10.692847939582492,0.008207434549020473,5.800754284820297E-9
729.6829127983845,-169.20792569509575,132.84899766466842,729.6829127983845,-9.44174592549723,-59.439243790258644,868.926321758885,-49.94359142082011,-10.692827889183434,0.008206152042532404,1.734092439871302E-9
729.6829127983845,-169.20792569509575,132.84899766466842,729.6829127983845,-9.415214494653554,-59.417196574495904,868.943565339781,-49.91297304691646,-10.68938005792748,0.008203750491400074,1.4512764898188394E-9
729.6829127983845,-169.20792569509575,132.84899766466842,729.6829127983845,-9.433803840931517,-59.43264468771707,868.9523129949496,-49.91832948036516,-10.711168459464687,0.008203075806227313,1.197073030528251E-9
729.6829127983845,-169.20792569509575,132.84899766466842,729.6829127983845,-9.44111616482786,-59.43872054041901,868.9571920241892,-49.90869223190961,-10.733874483167284,0.008204551073111905,1.6402905072751423E-9
729.6829127983845,-169.20792569509575,132.84899766466842,729.6829127983845,-9.430264422058656,-59.4297035950359,868.9651583615251,-49.87726911706481,-10.75520510359155,0.00820671999083297,3.913793753351143E-9
729.6829127983845,-169.20792569509575,132.84899766466842,729.6829127983845,-9.425035394717156,-59.42535831463837,868.981726858003,-49.84772433722824,-10.782812991030909,0.008207135948615257,4.7307655304173E-9
729.6829127983845,-169.20792569509575,132.84899766466842,729.6829127983845,-9.385101403081023,-59.39216555310813,869.0088127400871,-49.798225006503884,-10.781674997699014,0.008203832822361003,3.1078156319675503E-9
729.6829127983845,-169.20792569509575,132.84899766466842,729.6829127983845,-9.341663673357886,-59.356044587601986,869.0369755791714,-49.752098409916215,-10.77112605790822,0.008199186488535636,4.15671351045673E-9
729.6829127983845,-169.20792569509575,132.84899766466842,729.6829127983845,-9.211845478630181,-59.247994283061786,869.1002929843866,-49.63431709876615,-10.715335265322324,0.008186965988868153,4.112024667043954E-8
729.6829127983845,-169.20792569509575,132.84899766466842,729.6829127983845,-9.134717347879274,-59.18372863329523,869.1503099358114,-49.55443968139615,-10.693980998103882,0.008178352045370808,1.341222387658019E-8
729.6829127983845,-169.20792569509575,132.84899766466842,729.6829127983845,-9.154331368717692,-59.20007664501733,869.1582891616058,-49.55251250827736,-10.726105633615987,0.008179292760162335,1.9734399586774035E-9
729.6829127983845,-169.20792569509575,132.84899766466842,729.6829127983845,-9.155624020837422,-59.20115393322075,869.1641990265282,-49.53684832343147,-10.746866379111509,0.008180759576300127,1.9834653295574427E-9
729.6829127983845,-169.20792569509575,132.84899766466842,729.6829127983845,-9.145339411812643,-59.19258239628229,869.173511910518,-49.51348601422856,-10.759261170673028,0.008181200258025304,1.7612666563244257E-9
729.6829127983845,-169.20792569509575,132.84899766466842,729.6829127983845,-9.130938070294945,-59.18057826823147,869.1889415058693,-49.48707319728322,-10.769050604490502,0.008180097529075761,1.7544080371331207E-9
729.6829127983845,-169.20792569509575,132.84899766466842,729.6829127983845,-9.119234202731462,-59.170821250626375,869.2079571128457,-49.461012565342855,-10.782512846724671,0.008178387136575031,2.1471400671320658E-9
729.6829127983845,-169.20792569509575,132.84899766466842,729.6829127983845,-9.11273816149216,-59.16540525495711,869.2242157294952,-49.43999694098615,-10.797839463484195,0.008177163856857775,1.8709327559246322E-9
729.6829127983845,-169.20792569509575,132.84899766466842,729.6829127983845,-9.080361362108562,-59.138405934591304,869.2452222408034,-49.40521271714054,-10.790305815617529,0.008173756780949493,2.3149444316600245E-9
729.6829127983845,-169.20792569509575,132.84899766466842,729.6829127983845,-9.035018749035629,-59.10057873613735,869.2700189404607,-49.36493430996306,-10.769619675706167,0.008168654471394764,5.1087170704687385E-9
729.6829127983845,-169.20792569509575,132.84899766466842,729.6829127983845,-9.055489303719696,-59.11765860122125,869.2692973616807,-49.374129296825444,-10.789736285070575,0.008169917153482802,1.3381829544310698E-9
729.6829127983845,-169.20792569509575,132.84899766466842,729.6829127983845,-9.088948603643871,-59.14556781880327,869.2621749997168,-49.39408275060498,-10.816713501434833,0.008172603681109452,3.2984350167102988E-9
729.6829127983845,-169.20792569509575,132.84899766466842,729.6829127983845,-9.113888265005244,-59.166364166964115,869.2574706754667,-49.40911319182115,-10.83663047661176,0.008174427171065358,1.8257358620844396E-9
729.6829127983845,-169.20792569509575,132.84899766466842,729.6829127983845,-9.121185455387803,-59.172448011131706,869.2591567509802,-49.41063312056582,-10.845909694699515,0.008174700466764707,1.92847742489037E-10
729.6829127983845,-169.20792569509575,132.84899766466842,729.6829127983845,-9.135845053576162,-59.18466865219082,869.258362979492,-49.41911297412375,-10.858042303582124,0.008175340229504679,6.393581964638569E-10
729.6829127983845,-169.20792569509575,132.84899766466842,729.6829127983845,-9.149116038585106,-59.195730071713115,869.2586052778237,-49.427314115312214,-10.868395887752683,0.008175585336715675,5.124217409971146E-10
729.6829127983845,-169.20792569509575,132.84899766466842,729.6829127983845,-9.152524076655823,-59.1985704343833,869.2605803899295,-49.427584548879736,-10.87325719583444,0.00817549239267816,4.487277445031913E-11
729.6829127983845,-169.20792569509575,132.84899766466842,729.6829127983845,-9.160373148097136,-59.205111699634756,869.2611041298309,-49.43147452807756,-10.88053325048594,0.008175711696447291,1.9186997630327716E-10
729.6829127983845,-169.20792569509575,132.84899766466842,729.6829127983845,-9.197214311200156,-59.23580715450424,869.258207191225,-49.460309156909204,-10.901988449713173,0.008176215964064475,3.5886934033979548E-9
729.6829127983845,-169.20792569509575,132.84899766466842,729.6829127983845,-9.20085786996259,-59.23884225760057,869.2592969835254,-49.460671037623555,-10.907098840480188,0.008176360536327964,5.0814211769437504E-11
729.6829127983845,-169.20792569509575,132.84899766466842,729.6829127983845,-9.201618333059372,-59.239475712485415,869.2615123252253,-49.459722405711176,-10.909394980873913,0.008176072466239068,1.6526432022747905E-11
729.6829127983845,-169.20792569509575,132.84899766466842,729.6829127983845,-9.206382966288288,-59.243444467763226,869.2636317037761,-49.462521497251046,-10.913285712101157,0.00817567566378344,6.71754930564057E-11
729.6829127983845,-169.20792569509575,132.84899766466842,729.6829127983845,-9.214809089501102,-59.25046261262804,869.2667671989548,-49.46868262906919,-10.918712190615366,0.008174913655599428,1.9342719596146445E-10
729.6829127983845,-169.20792569509575,132.84899766466842,729.6829127983845,-9.212045925841124,-59.24816123379682,869.2699879362998,-49.46535312630445,-10.918504491210797,0.00817432775892313,1.5416741214076222E-11
729.6829127983845,-169.20792569509575,132.84899766466842,729.6829127983845,-9.217824857339963,-59.252974303150665,869.2706362459575,-49.46899628296174,-10.92292535394759,0.008174285504986624,9.644246353625634E-11
729.6829127983845,-169.20792569509575,132.84899766466842,729.6829127983845,-9.224410477520536,-59.258458876268236,869.2713814418381,-49.473311378505656,-10.927766991289303,0.008174206859948168,1.2347662061734217E-10
729.6829127983845,-169.20792569509575,132.84899766466842,729.6829127983845,-9.232148118528869,-59.264902375835675,869.2724384306107,-49.47896111666873,-10.932759057620757,0.008173966350469533,1.6318311667125897E-10
729.6829127983845,-169.20792569509575,132.84899766466842,729.6829127983845,-9.267565036197254,-59.2943889826515,869.2706185303701,-49.50795446623816,-10.95184008978768,0.008173983565176368,3.2427897511579036E-9
729.6829127983845,-169.20792569509575,132.84899766466842,729.6829127983845,-9.266433939985632,-59.293447451318485,869.2714109436815,-49.5048372211655,-10.953863337354335,0.00817418623360286,3.702258570799112E-11
729.6829127983845,-169.20792569509575,132.84899766466842,729.6829127983845,-9.269301756499658,-59.29583461720256,869.2709154577225,-49.50532608643634,-10.957641151607163,0.008174603909434782,3.0401100436729496E-11
729.6829127983845,-169.20792569509575,132.84899766466842,729.6829127983845,-9.272978299216902,-59.29889485949502,869.270621207825,-49.506637746217905,-10.961661520864823,0.008174932573793736,4.537060661431044E-11
729.6829127983845,-169.20792569509575,132.84899766466842,729.6829127983845,-9.27499271704491,-59.30057154910395,869.2704647033946,-49.506181347902526,-10.965276119749035,0.008175319363832145,2.7700857709831235E-11
729.6829127983845,-169.20792569509575,132.84899766466842,729.6829127983845,-9.276047129154591,-59.30144916897558,869.2708129060366,-49.505268017751135,-10.967978451153527,0.008175533089094692,2.0814322999582847E-11
729.6829127983845,-169.20792569509575,132.84899766466842,729.6829127983845,-9.275979658554007,-59.30139301139735,869.2716397715341,-49.50388784844452,-10.969533953031146,0.008175560594822287,1.2696105897711616E-11
729.6829127983845,-169.20792569509575,132.84899766466842,729.6829127983845,-9.276090447353312,-59.30148522384525,869.2726106684967,-49.50288763311812,-10.970904308985638,0.008175508294407122,8.424584695954535E-12
729.6829127983845,-169.20792569509575,132.84899766466842,729.6829127983845,-9.278067904546816,-59.30313109557923,869.273136604344,-49.503656251116254,-10.972991006606435,0.008175502025721867,1.2905370601005585E-11
729.6829127983845,-169.20792569509575,132.84899766466842,729.6829127983845,-9.28097714277007,-59.30555244211874,869.2736437727676,-49.50511177204561,-10.975670811229122,0.008175502333436042,2.6288576783183224E-11
729.6829127983845,-169.20792569509575,132.84899766466842,729.6829127983845,-9.336666172794281,-59.351887813918665,869.2690797347425,-49.55220706200846,-11.003844569603956,0.008175690971325192,7.881433921791137E-9
729.6829127983845,-169.20792569509575,132.84899766466842,729.6829127983845,-9.363895667369718,-59.374533840960254,869.2697117923299,-49.574746930493276,-11.018196520733454,0.008175149831917581,1.9033088159347032E-9
729.6829127983845,-169.20792569509575,132.84899766466842,729.6829127983845,-9.362912264813701,-59.37371608548378,869.2695069851586,-49.57200091920579,-11.020001617319764,0.008175557090156469,2.9043563789461877E-11
729.6829127983845,-169.20792569509575,132.84899766466842,729.6829127983845,-9.36433380205139,-59.3748981722693,869.2685659073754,-49.57164027491446,-11.022599529637347,0.008176045703142242,1.4589662124522354E-11
729.6829127983845,-169.20792569509575,132.84899766466842,729.6829127983845,-9.36615645193018,-59.37641378037077,869.2675717735044,-49.57141286120395,-11.025647944134903,0.008176577234762271,1.821116527852342E-11
729.6829127983845,-169.20792569509575,132.84899766466842,729.6829127983845,-9.367740135421684,-59.37773065438964,869.2670039943213,-49.57081822198472,-11.028774214705976,0.008177035015958692,2.277785746962771E-11
729.6829127983845,-169.20792569509575,132.84899766466842,729.6829127983845,-9.368446013412523,-59.378317603190396,869.2666254238176,-49.56964633811593,-11.031258263703108,0.008177431147015071,2.078247872911856E-11
729.6829127983845,-169.20792569509575,132.84899766466842,729.6829127983845,-9.368859138346977,-59.37866112112448,869.266752422442,-49.568626535777454,-11.03311370892186,0.008177634525338054,1.2698497697337268E-11
729.6829127983845,-169.20792569509575,132.84899766466842,729.6829127983845,-9.368962102836065,-59.378746736997726,869.2673202163057,-49.567541137511,-11.034575814446356,0.008177697646818752,9.715125625055143E-12
729.6829127983845,-169.20792569509575,132.84899766466842,729.6829127983845,-9.36816619243109,-59.37808492810859,869.2681434683583,-49.565841684685864,-11.03540779364701,0.008177686164809643,8.75773340389352E-12
729.6829127983845,-169.20792569509575,132.84899766466842,729.6829127983845,-9.36697027832625,-59.377090500945314,869.2688880184251,-49.56385239692317,-11.03597926343366,0.008177692756338763,8.606265046596978E-12
729.6829127983845,-169.20792569509575,132.84899766466842,729.6829127983845,-8.946451491380088,-59.026638845159965,866.9989018659046,-46.35226768751711,-14.241921697980302,0.009315192758960412,6.19496205156801E-5
