717.7327642489108,-189.10508597029101,132.97066672943572,717.7327642489108,-434.8900306654787,178.68457009792425,709.833274148019,-332.05900091965447,159.5588756298903,0.03905676292594286,0.08423366089476142
717.7327642489108,-189.10508597029101,132.97066672943572,717.7327642489108,-434.89946874008876,178.63379626316492,709.9582394912578,-331.8597986399427,159.4913172940571,0.03880325254617804,1.2754853581243724E-7
717.7327642489108,-189.10508597029101,132.97066672943572,717.7327642489108,-434.91002049056976,178.57696196903495,710.1532382245794,-331.52000449766564,159.39412659023475,0.038376878322104235,3.646217479799815E-7
717.7327642489108,-189.10508597029101,132.97066672943572,717.7327642489108,-434.90563083001587,178.6006146437426,710.6369895411228,-330.55627794436833,159.22939827894152,0.03721079749544589,2.827979102772927E-6
717.7327642489108,-189.10508597029101,132.97066672943572,717.7327642489108,-434.9698886181601,178.25310061857607,711.7634480535401,-327.07761206386715,158.3819160179243,0.033198561492034574,3.8590663334784936E-5
717.7327642489108,-189.10508597029101,132.97066672943572,717.7327642489108,-435.1947305570259,177.01481307346825,713.308072528336,-320.5633738228571,156.49854852242066,0.02676700497479856,1.409254251026351E-4
717.7327642489108,-189.10508597029101,132.97066672943572,717.7327642489108,-435.547664166353,174.99513165259532,714.7323608505519,-311.1040223080222,153.77445825895353,0.01959183332569487,3.041800419555813E-4
717.7327642489108,-189.10508597029101,132.97066672943572,717.7327642489108,-435.9798753714844,172.37673679632286,715.5263894619351,-299.91306741516877,150.6577991068581,0.013526752110543237,4.2995213704929953E-4
717.7327642489108,-189.10508597029101,132.97066672943572,717.7327642489108,-436.5117721538064,168.88628494340384,715.8052269894741,-288.5387533682585,147.40528727655834,0.0092114117680978,4.44204660166938E-4
717.7327642489108,-189.10508597029101,132.97066672943572,717.7327642489108,-437.12639611363795,164.36222156155128,716.1104951714789,-277.7667726641783,144.19239682089605,0.006315320470952777,3.952390309710796E-4
717.7327642489108,-189.10508597029101,132.97066672943572,717.7327642489108,-437.74663203888167,158.9972217957692,716.0523046368124,-266.9132149248486,141.11523301316342,0.004232289557387046,3.9704837272990054E-4
717.7327642489108,-189.10508597029101,132.97066672943572,717.7327642489108,-438.37736885961635,152.03185722594378,716.159255130597,-256.1889198881139,138.1003896281162,0.0027661664900774656,3.8266159033051767E-4
717.7327642489108,-189.10508597029101,132.97066672943572,717.7327642489108,-438.9078431130205,142.89953997318966,716.8437882458202,-245.752188649455,135.22221074184216,0.001755108495651065,3.5508312963361283E-4
717.7327642489108,-189.10508597029101,132.97066672943572,717.7327642489108,-439.08915980236736,130.14881798809415,717.7022747625169,-235.55276592058766,132.446360019825,0.0010627907553020929,3.332525185439183E-4
717.7327642489108,-189.10508597029101,132.97066672943572,717.7327642489108,-438.1214893275133,110.81596386450956,718.535281785325,-225.19051710687737,129.760187444515,5.860677256914087E-4,3.566658755008995E-4
717.7327642489108,-189.10508597029101,132.97066672943572,717.7327642489108,-433.1473114091194,78.71762807846204,719.2436316708398,-214.6972581567578,127.28126972324924,2.799787826807802E-4,3.729870751763248E-4
717.7327642489108,-189.10508597029101,132.97066672943572,717.7327642489108,-412.41711839547577,20.57966987411264,720.1689303353392,-204.71728289711743,125.11318427919878,1.1512709562209554E-4,3.105639474031183E-4
717.7327642489108,-189.10508597029101,132.97066672943572,717.7327642489108,-339.0753622290856,-67.051622625678,720.9520515745124,-196.31248849762818,123.35782083900034,5.181744146960171E-5,1.2592952956508245E-4
717.7327642489108,-189.10508597029101,132.97066672943572,717.7327642489108,-237.448131553297,-112.31070219971755,720.7247261458458,-191.217125506392,122.25466937345925,4.2440768990251976E-5,1.220384636112079E-5
717.7327642489108,-189.10508597029101,132.97066672943572,717.7327642489108,-196.6617029917757,-116.91510225149403,720.1548292793728,-189.44085727690089,121.86722309647337,4.4026051910805605E-5,5.556586893403689E-7
717.7327642489108,-189.10508597029101,132.97066672943572,717.7327642489108,-198.28558477559892,-116.86071328853907,719.5448444882186,-189.51479523155805,121.82113854810109,4.447518820956673E-5,6.777458543794628E-9
717.7327642489108,-189.10508597029101,132.97066672943572,717.7327642489108,-205.71724533151342,-116.47679499618968,719.587334046752,-189.84297524437426,121.89055351523857,4.4036153212354075E-5,2.427696287147978E-8
717.7459998800338,-189.08421172333212,132.96671125165278,717.7459998800338,-209.46061653822957,-116.20150928784426,719.6596544293924,-189.99249306799103,121.85999991303518,4.4357896910830995E-5,5.331252741477519E-9
717.7459998800338,-189.08421172333212,132.96671125165278,717.7459998800338,-211.90301240620056,-115.98971532817166,719.6532265124425,-190.10258658944716,121.85609369071105,4.4470151391914426E-5,5.690705022391754E-10
717.7459998800338,-189.08421172333212,132.96671125165278,717.7459998800338,-213.4883545096273,-115.83931322296908,719.6603334013047,-190.17148214281573,121.88173141976577,4.431106281790081E-5,3.0538492088034516E-9
717.7459998800338,-189.08421172333212,132.96671125165278,717.7459998800338,-214.74041612269707,-115.7133224780739,719.6576903655023,-190.22610195076857,121.89861653840791,4.421686842507004E-5,1.4742669578453744E-9
717.7459998800338,-189.08421172333212,132.96671125165278,717.7459998800338,-215.77138544270926,-115.60479708925058,719.650783366451,-190.27142289012028,121.90870737492813,4.4173302307220346E-5,6.496423519784893E-10
717.7459998800338,-189.08421172333212,132.96671125165278,717.7459998800338,-216.0067352295902,-115.57941671668826,719.6536222643501,-190.28160552233908,121.91248773774987,4.4150932620258326E-5,6.926527491734666E-11
717.7459998800338,-189.08421172333212,132.96671125165278,717.7459998800338,-215.92737061018474,-115.58800067506806,719.6581205492805,-190.27809063460734,121.91196802570778,4.415178733536432E-5,2.3490344743652906E-12
717.7459998800338,-189.08421172333212,132.96671125165278,717.7459998800338,-215.87848290243704,-115.59327553620611,719.6602218502585,-190.27592108442988,121.9116890392769,4.415201861150098E-5,7.640418499751185E-13
717.7459998800338,-189.08421172333212,132.96671125165278,717.7459998800338,-215.85010747354477,-115.5963327124264,719.6619907320388,-190.27466418984417,121.91150534588996,4.415229984683517E-5,2.9568048004144483E-13
717.7459998800338,-189.08421172333212,132.96671125165278,717.7459998800338,-215.81740513323808,-115.59985200678017,719.6635040182755,-190.27322854850487,121.91117361505567,4.415366438208427E-5,6.865449017153665E-13
717.7459998800338,-189.08421172333212,132.96671125165278,717.7459998800338,-215.80781031995352,-115.60088373620289,719.664876736313,-190.27273881335398,121.91171357697584,4.414867244161182E-5,1.020268546885305E-12
717.7206221396696,-189.1340824795238,132.960879020235,717.7206221396696,-214.7307785779018,-115.72528695778493,719.6668181065047,-190.2713248074495,121.91193609288277,4.405218709913547E-5,3.939058543855581E-13
717.7206221396696,-189.1340824795238,132.960879020235,717.7206221396696,-213.640711431697,-115.83507178564227,719.7036726727466,-190.22209113258583,121.91520856707453,4.39816754635759E-5,1.9165907447135117E-10
717.7206221396696,-189.1340824795238,132.960879020235,717.7206221396696,-165.44943636187884,-115.91466726401111,720.9596228281317,-188.07553368328973,121.8377696175144,4.448539913461348E-5,2.1186635807441658E-7
717.7206221396696,-189.1340824795238,132.960879020235,717.7206221396696,-65.50322677985936,-84.33019654194436,724.1743467423319,-182.7540708043618,121.74750036043673,5.956082208367806E-5,2.1029668943757126E-5
717.7206221396696,-189.1340824795238,132.960879020235,717.7206221396696,-8.07347104117494,-39.425474806195325,727.450831148389,-177.23956090986587,121.63620057352966,9.825116771574851E-5,4.907174724816951E-5
717.7206221396696,-189.1340824795238,132.960879020235,717.7206221396696,19.680545356280874,-4.503484368224264,730.5956673396611,-171.78650604570487,121.5408287319828,1.6124384186790578E-4,6.367292308497674E-5
717.7206221396696,-189.1340824795238,132.960879020235,717.7206221396696,27.235190929184455,7.723753835297771,731.978697397672,-169.2666101276146,121.46134822805834,1.997821035819418E-4,1.4663766473779213E-5
717.7206221396696,-189.1340824795238,132.960879020235,717.7206221396696,26.09713823038308,5.7778548710847275,731.7789682670383,-169.5946074111919,121.41474030819921,1.9500398920373825E-4,2.758138099005054E-7
717.7206221396696,-189.1340824795238,132.960879020235,717.7206221396696,25.387843432362814,4.585089624200435,731.6848694146419,-169.9352857305188,121.47179380141276,1.889902117197716E-4,3.0469206909382907E-7
717.7206221396696,-189.1340824795238,132.960879020235,717.7206221396696,24.74661018992441,3.5195822744242946,731.6073973573541,-170.24676563227922,121.53021291268334,1.8352939852367577E-4,2.592984181086967E-7
717.7206221396696,-189.1340824795238,132.960879020235,717.7206221396696,24.87569524773005,3.733114831840112,731.651762564836,-170.24225686068286,121.55323021050984,1.833302092028704E-4,7.293733689813199E-10
717.7206221396696,-189.1340824795238,132.960879020235,717.7206221396696,24.8744961964386,3.731129143922061,731.6513793893174,-170.2424737789676,121.55312199367862,1.8332824079815566E-4,1.7157882923725807E-13
729.6829127983845,-169.20792569509575,132.84899766466842,729.6829127983845,-192.03066722221206,-116.10706767455252,731.647486594131,-170.24364223235818,121.55114750861853,4.6051223431455734E-5,1.2627597526034363E-11
729.6829127983845,-169.20792569509575,132.84899766466842,729.6829127983845,-191.0401217000322,-116.19588828483674,731.6728734577391,-170.19830398486712,121.55152451230171,4.601179078260995E-5,5.5088869634797796E-11
729.6829127983845,-169.20792569509575,132.84899766466842,729.6829127983845,-145.9698263441832,-116.06864079945711,732.8544766943322,-168.1531370464248,121.55050480855502,4.5961148318026524E-5,9.538061098462473E-8
729.6829127983845,-169.20792569509575,132.84899766466842,729.6829127983845,-32.41184833928338,-76.40403868143244,736.6378153090616,-161.90689227754217,121.68081623272823,6.382848590562482E-5,3.583673212148785E-5
729.6829127983845,-169.20792569509575,132.84899766466842,729.6829127983845,32.86813538596871,-14.342257299619149,741.3462721294793,-154.28742017381137,121.98097143419662,1.2529678248790306E-4,1.2088300875722983E-4
729.6829127983845,-169.20792569509575,132.84899766466842,729.6829127983845,52.97242351287781,18.237076706057252,744.4716292730649,-147.808697395575,121.81018765656924,2.2165531298028602E-4,1.0360525492038211E-4
729.6829127983845,-169.20792569509575,132.84899766466842,729.6829127983845,60.105848180889126,33.273934969465074,751.1841728767378,-143.70415491284075,121.77447941100021,2.9340708935081617E-4,4.1051363961021414E-5
