717.7301624774991,-189.10783887505588,132.96012389598178,717.7301624774991,-670.2994483656756,268.8079614048169,708.1974310580614,-327.1304498704485,171.9260427965539,1.0,0.1081852285829227
717.7301624774991,-189.10783887505588,132.96012389598178,717.7301624774991,-670.2895058552091,268.8431742083769,708.1949538922647,-327.12315911265273,171.93488954203085,1.0,6.520422487387453E-11
717.7301624774991,-189.10783887505588,132.96012389598178,717.7301624774991,-670.2726553390589,268.9028301996386,708.2383106092562,-326.8866981160647,171.88655898800926,1.0,4.260362095998761E-8
717.7301624774991,-189.10783887505588,132.96012389598178,717.7301624774991,-670.3791091553319,268.5254749367599,708.3695506600724,-325.21004195779415,171.29763556084723,1.0,2.3273101667452293E-6
717.7301624774991,-189.10783887505588,132.96012389598178,717.7301624774991,-670.7060689197733,267.3593233645628,708.816238719669,-321.4568235520925,169.89464001623745,1.0,1.1896687679586997E-5
717.7301624774991,-189.10783887505588,132.96012389598178,717.7301624774991,-671.6506444324532,263.92745113753426,709.2356802448547,-315.40379521552427,167.23821001151393,1.0,3.2226060043445015E-5
717.7301624774991,-189.10783887505588,132.96012389598178,717.7301624774991,-672.9840567559531,258.9117247960038,709.8203128282079,-307.514077383963,163.78093042798938,0.9429954224644569,5.4985693285398473E-5
717.7301624774991,-189.10783887505588,132.96012389598178,717.7301624774991,-674.6962679657313,252.1401454316823,708.56425332573,-306.03447474030503,161.6579225783207,0.9031532052394914,2.782293709717773E-6
717.7301624774991,-189.10783887505588,132.96012389598178,717.7301624774991,-675.4657902856552,248.95987863574473,709.0846457168562,-306.0786860399632,160.85848464751908,0.900530090714295,3.809785901927961E-8
717.7301624774991,-189.10783887505588,132.96012389598178,717.7301624774991,-675.505006868865,248.79532997600808,709.0308436376359,-306.1147003530732,160.82524072629963,0.901044996301088,1.3418406967901844E-9
717.7301624774991,-189.10783887505588,132.96012389598178,717.7301624774991,-675.9594652313708,246.87014941705286,709.2381787049252,-305.1869800864542,160.11948256304538,0.8802982642215798,8.350436744689007E-7
717.7301624774991,-189.10783887505588,132.96012389598178,717.7301624774991,-676.2745836858883,245.5148339281137,709.2708177539834,-304.7667012211328,159.6818774899465,0.8704899095286628,1.899012051307799E-7
717.7301624774991,-189.10783887505588,132.96012389598178,717.7301624774991,-676.3448915827928,245.210088121713,709.3008433370183,-304.61359681766464,159.57040963855852,0.8671552936387374,2.2313984951797978E-8
717.7301624774991,-189.10783887505588,132.96012389598178,717.7301624774991,-676.8301870932103,243.08237890635343,709.4833286420608,-303.462223598198,158.78006584049828,0.8425857301440136,1.2420921495208746E-6
717.7301624774991,-189.10783887505588,132.96012389598178,717.7301624774991,-677.1143055919479,241.81639814094677,709.6484634492268,-302.9606851075707,158.35650180965067,0.8317693904135475,2.490984852982543E-7
717.7301624774991,-189.10783887505588,132.96012389598178,717.7301624774991,-677.2192957672927,241.34465070003273,709.750898781705,-302.7354491714695,158.19098992044155,0.8270595336526757,4.8098500496697274E-8
717.7301624774991,-189.10783887505588,132.96012389598178,717.7301624774991,-677.2068293362802,241.4007782223626,709.7201153026851,-302.80040723016594,158.2191323049622,0.8283363674933643,3.5512086953935674E-9
717.7301624774991,-189.10783887505588,132.96012389598178,717.7301624774991,-677.678307039044,239.2563968222778,709.821201783524,-301.45042927302785,157.40204052484714,0.8009997690976073,1.6465051703197545E-6
717.7301624774991,-189.10783887505588,132.96012389598178,717.7301624774991,-678.042305843386,237.5693348211911,710.0679677440114,-300.88571150617673,156.87538421162955,0.7891525224022425,3.2301259976364794E-7
717.7301624774991,-189.10783887505588,132.96012389598178,717.7301624774991,-678.1570114822788,237.0317663937857,710.2489239528514,-300.7917077548323,156.72690303776503,0.7870174028374639,1.1084821598043237E-8
717.7301624774991,-189.10783887505588,132.96012389598178,717.7301624774991,-678.2042363526749,236.8096013834246,710.2160554213411,-300.78833592323997,156.67316149716865,0.7867474146897272,1.5355480213602015E-10
717.7301624774991,-189.10783887505588,132.96012389598178,717.7301624774991,-678.7682766344498,234.11671386064342,710.4193197649676,-299.25280861729345,155.7144423617926,0.7568776163440314,2.1309641032860603E-6
717.7301624774991,-189.10783887505588,132.96012389598178,717.7301624774991,-679.027635944646,232.8530287455838,710.643439297587,-298.67886705142416,155.30126699198183,0.7458004763091998,3.062343592983235E-7
717.7301624774991,-189.10783887505588,132.96012389598178,717.7301624774991,-679.1788151604107,232.10869021299473,710.7927613708277,-298.46197162569274,155.0840732986756,0.7414601610814987,4.804992352492105E-8
717.7301624774991,-189.10783887505588,132.96012389598178,717.7301624774991,-679.2290529669868,231.86005057467844,710.7380064173177,-298.5204153227561,155.03812312817823,0.7422682870635838,3.237540511099086E-9
717.7301624774991,-189.10783887505588,132.96012389598178,717.7301624774991,-679.7535108419912,229.2244712947694,710.8951648603102,-297.1220267920666,154.1524341592256,0.7162035827104793,1.758580216369171E-6
717.7301624774991,-189.10783887505588,132.96012389598178,717.7301624774991,-680.0727329891088,227.58291579929073,711.1374316495268,-296.5631088515225,153.6697871973564,0.7056347566509743,3.016670786227635E-7
717.7301624774991,-189.10783887505588,132.96012389598178,717.7301624774991,-680.1885030928194,226.98023467787897,711.2677830026854,-296.34128688200377,153.4905609417932,0.7015237837392788,4.652954242465859E-8
717.7301624774991,-189.10783887505588,132.96012389598178,717.7301624774991,-680.1885815475874,226.97982489632966,711.2461112924318,-296.39821857250087,153.50136801903668,0.7024712533634138,2.4676354577813486E-9
717.7301624774991,-189.10783887505588,132.96012389598178,717.7301624774991,-680.6765868436584,224.3940673774951,711.2860573115291,-295.1829564148165,152.6905610769574,0.68059928110799,1.33169512085382E-6
717.7301624774991,-189.10783887505588,132.96012389598178,717.7301624774991,-681.0528668788161,222.34742401394942,711.6080129370034,-294.6857472857882,152.1438205444319,0.6712687073732159,2.534338916303818E-7
717.7301624774991,-189.10783887505588,132.96012389598178,717.7301624774991,-681.2064281259806,221.49812961809948,711.435384538906,-294.68256331053266,151.95504840980303,0.6706403591302802,9.78754445004009E-10
717.7301624774991,-189.10783887505588,132.96012389598178,717.7301624774991,-681.660974418347,218.93342595233105,711.577732426111,-293.77202063727367,151.2288641877242,0.6545228572086146,7.697870204528888E-7
717.7301624774991,-189.10783887505588,132.96012389598178,717.7301624774991,-681.9236171286162,217.41489702537726,711.811889962511,-293.34565098237687,150.82355514452206,0.6469548751006073,1.756947771169784E-7
717.7301624774991,-189.10783887505588,132.96012389598178,717.7301624774991,-682.1641952823137,215.99884622718795,711.6743868459426,-293.3108562475688,150.50960949377577,0.6455750566168229,5.4786865217183085E-9
717.7301624774991,-189.10783887505588,132.96012389598178,717.7301624774991,-682.5646751191844,213.58487669520173,711.9549195026984,-291.919226741166,149.75823494200841,0.6227527250928395,1.6502161421605479E-6
717.7301624774991,-189.10783887505588,132.96012389598178,717.7301624774991,-682.8261597429033,211.9678427558076,712.1668303087065,-291.4302838674077,149.33436529094436,0.6145242020311651,2.2242379715545176E-7
717.7301624774991,-189.10783887505588,132.96012389598178,717.7301624774991,-682.9506082158301,211.18620119655236,712.095145297821,-291.34668319330734,149.1550430793418,0.6128533013025559,8.990117919938136E-9
717.7301624774991,-189.10783887505588,132.96012389598178,717.7301624774991,-683.4017500410727,208.28295831026787,712.22575501943,-290.2316695278758,148.3698495258862,0.5948150359193398,1.0992119637632024E-6
717.7301624774991,-189.10783887505588,132.96012389598178,717.7301624774991,-683.6611840933009,206.56031909574585,712.5061167113303,-289.81954349099186,147.94819584070353,0.5880198912132346,1.622522125892147E-7
717.7301624774991,-189.10783887505588,132.96012389598178,717.7301624774991,-683.8488324916466,205.28819061470824,712.3148127245379,-289.828255992126,147.68482458417054,0.5875504667719771,1.5967750468345934E-9
717.7301624774991,-189.10783887505588,132.96012389598178,717.7301624774991,-684.2557520840339,202.44784975310193,712.5311993740215,-288.7904223982758,146.94930945409106,0.5713452030919838,9.41703273144869E-7
717.7301624774991,-189.10783887505588,132.96012389598178,717.7301624774991,-684.4701212666529,200.9028143327588,712.7978555331,-288.35602477056307,146.57276460442287,0.5645691818778411,1.7056616766701848E-7
717.7301624774991,-189.10783887505588,132.96012389598178,717.7301624774991,-684.6514279850219,199.56756561245325,712.6636087500088,-288.3243805394528,146.29610515262695,0.5635792981374953,3.410797864918926E-9
717.7301624774991,-189.10783887505588,132.96012389598178,717.7301624774991,-685.0174480123995,196.78535061118512,712.8458523470744,-287.40403494546763,145.61117336919045,0.5496277078317849,7.374917807214989E-7
717.7301624774991,-189.10783887505588,132.96012389598178,717.7301624774991,-685.2361248757057,195.06265065663263,713.0904603904862,-287.02533015453184,145.2168804529169,0.5438045921273243,1.3265902913066965E-7
717.7301624774991,-189.10783887505588,132.96012389598178,717.7301624774991,-685.4081104090552,193.67289417768245,712.8467012262522,-286.9654108052827,144.93111127134907,0.5424673647621939,6.4997019026096394E-9
717.7301624774991,-189.10783887505588,132.96012389598178,717.7301624774991,-685.7425144759072,190.8738441256234,713.0513042029094,-285.81284510061937,144.23711873847287,0.5258622301505868,1.1076318889437148E-6
717.7301624774991,-189.10783887505588,132.96012389598178,717.7301624774991,-685.9630949632419,188.9498952613213,713.3428956361914,-285.38250524735844,143.809151842066,0.5195427094270089,1.6631131037109236E-7
717.7301624774991,-189.10783887505588,132.96012389598178,717.7301624774991,-686.1275111663623,187.47108935654214,713.063836258225,-285.32049918940845,143.51231185885658,0.518245852048735,6.471758821936268E-9
717.7301624774991,-189.10783887505588,132.96012389598178,717.7301624774991,-686.4366166528416,184.57491629170698,713.3423470964736,-284.1610495466718,142.82513061705822,0.5021821860116686,1.1057406747337453E-6
717.7301624774991,-189.10783887505588,132.96012389598178,717.7301624774991,-686.650365720159,182.47208185150873,713.5821268290325,-283.7082735177047,142.37409856122602,0.4957968911564851,1.8037001334394362E-7
717.7301624774991,-189.10783887505588,132.96012389598178,717.7301624774991,-686.8135074387014,180.8043239584195,713.3625924964873,-283.69597516675975,142.05283471306723,0.49520687275678643,1.3481751625531005E-9
717.7301624774991,-189.10783887505588,132.96012389598178,717.7301624774991,-687.1055105661071,177.6626852352597,713.5926455094545,-282.4453898561894,141.3385317383795,0.47855755440227715,1.2655517474313814E-6
717.7301624774991,-189.10783887505588,132.96012389598178,717.7301624774991,-687.2755925476374,175.7256380494921,713.8762418435128,-281.9148223442422,140.9271959030243,0.4715320346123489,2.3389194625719536E-7
717.7301624774991,-189.10783887505588,132.96012389598178,717.7301624774991,-687.4475078243775,173.6734429879026,713.5940475401517,-281.897824400347,140.54087358261785,0.4708857797498541,1.7051865358959005E-9
717.7301624774991,-189.10783887505588,132.96012389598178,717.7301624774991,-687.692319134751,170.55687966253254,713.8512009423039,-280.79791452753847,139.8741966700228,0.4567834063329237,9.702052000714575E-7
717.7301624774991,-189.10783887505588,132.96012389598178,717.7301624774991,-687.8370300721859,168.58587087560937,714.1549959228896,-280.2762313236831,139.4725601825323,0.45015740471935745,2.217221371552275E-7
717.7301624774991,-189.10783887505588,132.96012389598178,717.7301624774991,-687.9595379015636,166.82725218236772,713.880212705754,-280.2673998684058,139.1489622876665,0.4497501469740294,6.857965206077122E-10
717.7301624774991,-189.10783887505588,132.96012389598178,717.7301624774991,-688.1812280534863,163.386300355651,714.0632191051155,-279.20084284258024,138.45267408185742,0.43654296123095704,9.035436267741446E-7
717.7301624774991,-189.10783887505588,132.96012389598178,717.7301624774991,-688.2881487051774,161.5786192775347,714.3464855051105,-278.7069008731839,138.09692575192344,0.43053127576363065,1.9397812625231026E-7
717.7301624774991,-189.10783887505588,132.96012389598178,717.7301624774991,-688.3500593779545,160.47748691163406,714.1976536036472,-278.7557494783753,137.9013608313943,0.4309587147663112,2.5997119098853692E-9
717.7301624774991,-189.10783887505588,132.96012389598178,717.7301624774991,-688.5576254473474,156.4102985838703,714.290501397277,-277.88113881660075,137.12820935165198,0.42037465616946085,6.097670737932257E-7
717.7301624774991,-189.10783887505588,132.96012389598178,717.7301624774991,-688.6522975608541,154.29867577545244,714.5690369136598,-277.4024510895437,136.73171845710098,0.4147195427721391,1.8034158535285001E-7
717.7301624774991,-189.10783887505588,132.96012389598178,717.7301624774991,-688.7139691018353,152.80236771623115,714.3391514691921,-277.4273076597796,136.46779989848784,0.4148579416257302,9.098527217832398E-10
717.7301624774991,-189.10783887505588,132.96012389598178,717.7301624774991,-688.8508710887819,148.98827893113202,714.4491441411346,-276.5832543521556,135.7657048258856,0.40504110614076927,5.524642978912272E-7
717.7301624774991,-189.10783887505588,132.96012389598178,717.7301624774991,-688.9604108554746,145.10122288084807,715.272798442255,-272.6090036431307,134.98831373360562,0.36192367281252025,1.189016647826984E-5
717.7301624774991,-189.10783887505588,132.96012389598178,717.7301624774991,-688.9976654851466,143.45589693723127,715.4214658194178,-271.32616389398777,134.68639403250825,0.3486819192838042,1.2266400723297117E-6
717.7301624774991,-189.10783887505588,132.96012389598178,717.7301624774991,-689.0291177868104,141.83226519534284,715.5938131895779,-270.97269022033385,134.41298569487853,0.345063019179621,9.438505622215357E-8
717.7301624774991,-189.10783887505588,132.96012389598178,717.7301624774991,-689.0548471204966,140.23947458359783,715.4850330459964,-271.02668611930756,134.15288234273982,0.3455593561542039,2.44639296294428E-9
717.7301624774991,-189.10783887505588,132.96012389598178,717.7301624774991,-689.1023900831328,135.29438228650346,715.5506023284677,-270.3634760108818,133.33947133547528,0.33883671542964944,3.270804523082464E-7
717.7301624774991,-189.10783887505588,132.96012389598178,717.7301624774991,-689.1002796726247,130.2107339109626,716.2104824132787,-266.6996422608696,132.53345719116473,0.3036608817837537,1.0026691609315314E-5
717.7301624774991,-189.10783887505588,132.96012389598178,717.7301624774991,-689.0831486559555,127.99125989165783,716.3579415275741,-265.5478850766262,132.20044599463444,0.2931402302055579,9.844460102723817E-7
717.7301624774991,-189.10783887505588,132.96012389598178,717.7301624774991,-689.0680579601891,126.6530380121839,716.4883282849305,-265.29714464006395,131.9989824360349,0.29090004187573526,4.715116733471842E-8
717.7301624774991,-189.10783887505588,132.96012389598178,717.7301624774991,-689.0354254573933,124.45082463225889,716.3458108014767,-265.3510625132488,131.6623831347576,0.2914269732556122,2.6021033704970452E-9
717.7301624774991,-189.10783887505588,132.96012389598178,717.7301624774991,-688.8966291051676,118.42860090899225,716.4031270384446,-264.6218548546084,130.76452911575166,0.2850854980985624,4.191945718071173E-7
717.7301624774991,-189.10783887505588,132.96012389598178,717.7301624774991,-688.6825735721568,112.34254759998669,717.0554401843997,-260.96444785244574,129.99458337708208,0.2540113572625909,1.0126549259271296E-5
717.7301624774991,-189.10783887505588,132.96012389598178,717.7301624774991,-688.5893966600926,110.1967007651556,717.3830382511435,-259.62374505671585,129.74642484173643,0.24320340152373407,1.3471753415781155E-6
717.7301624774991,-189.10783887505588,132.96012389598178,717.7301624774991,-688.510332337095,108.52348083892421,717.3259031097393,-259.4796211174203,129.51670872193168,0.24213642010525843,1.7690693116575114E-8
717.7301624774991,-189.10783887505588,132.96012389598178,717.7301624774991,-688.3614832899927,105.65081159406307,717.1678445341955,-259.518989860446,129.10861448126144,0.24261882378547775,2.771369460260221E-9
717.7301624774991,-189.10783887505588,132.96012389598178,717.7301624774991,-687.917662291432,98.4817239429122,717.1939288120745,-258.8706456944263,128.13802568850687,0.23794457095858196,3.7443125091977146E-7
717.7301624774991,-189.10783887505588,132.96012389598178,717.7301624774991,-687.3973203292749,91.63709554512721,717.8221190969244,-255.6451990566736,127.44219641906267,0.21374921874190697,7.966345481393581E-6
717.7301624774991,-189.10783887505588,132.96012389598178,717.7301624774991,-687.1488155456449,88.74264367598583,718.1592933629743,-254.21312380397197,127.17989338602192,0.20352838034547563,1.5526798307731044E-6
717.7301624774991,-189.10783887505588,132.96012389598178,717.7301624774991,-686.8413979606869,85.40695197285262,717.4781733145204,-254.12594605455794,126.74833212027116,0.20319135608065636,1.1890512426457503E-8
717.7301624774991,-189.10783887505588,132.96012389598178,717.7301624774991,-686.2124091939751,79.22888374611503,717.391434340906,-253.50484380308242,125.99955434318107,0.19933466931598362,3.5843620192099757E-7
717.7301624774991,-189.10783887505588,132.96012389598178,717.7301624774991,-685.2003927895346,70.57280186169352,718.1429049127267,-250.54618071195426,125.23379624363804,0.1798169319244286,6.8293155463316365E-6
717.7301624774991,-189.10783887505588,132.96012389598178,717.7301624774991,-684.65956560653,66.41325219299107,718.7926672827862,-249.2419475195555,124.88480784505487,0.1716529755738514,1.3235882367228437E-6
717.7301624774991,-189.10783887505588,132.96012389598178,717.7301624774991,-684.1167976188716,62.48934439579946,718.2521935777745,-249.3346792929666,124.38607222254572,0.17269281850878435,1.9192757287557555E-8
717.7301624774991,-189.10783887505588,132.96012389598178,717.7301624774991,-682.7523773618517,53.492711567667456,717.939954322564,-249.0426344418963,123.31175803595772,0.1718705210692456,1.5436226257989484E-7
717.7301624774991,-189.10783887505588,132.96012389598178,717.7301624774991,-681.4231159867234,45.63505348397406,718.6523516611617,-246.67907894879107,122.7483493952177,0.15782296889340242,4.363029279314201E-6
717.7301624774991,-189.10783887505588,132.96012389598178,717.7301624774991,-680.7423012629134,41.88018432308593,719.1364141041009,-245.16836005544988,122.57438149554943,0.1490714962572381,1.7007950815086324E-6
717.7301624774991,-189.10783887505588,132.96012389598178,717.7301624774991,-680.0518139821316,38.22885500306022,718.8059624940829,-245.34590658060958,122.10857303893908,0.15062248882156765,5.0599089435998147E-8
717.7301624774991,-189.10783887505588,132.96012389598178,717.7301624774991,-678.1141903553593,28.687461074310292,718.5047314540545,-245.14091737426992,121.01197990251029,0.15072930516221278,1.348270644082603E-7
717.7301624774991,-189.10783887505588,132.96012389598178,717.7301624774991,-676.1046826667769,19.672551157829375,719.0585835813736,-243.0227643825254,120.41817188343086,0.1394714802280455,3.5785529325932456E-6
717.7301624774991,-189.10783887505588,132.96012389598178,717.7301624774991,-675.008363801674,15.058979389081813,719.4473559185334,-241.43845089396206,120.26238282910938,0.13109198014202747,1.8367748836854567E-6
717.7301624774991,-189.10783887505588,132.96012389598178,717.7301624774991,-674.0589768458204,11.212870206789717,719.0558329768438,-241.60161902871909,119.78153110781929,0.13259775090108833,5.562498043092704E-8
717.7301624774991,-189.10783887505588,132.96012389598178,717.7301624774991,-671.413408089225,1.1218217793496308,718.6766359955301,-241.35275693109566,118.67896744582211,0.1328168356785028,2.065283010988982E-7
717.7301624774991,-189.10783887505588,132.96012389598178,717.7301624774991,-668.5572184535894,-8.914089482487356,719.1939344214594,-239.35269361940044,118.09213251504457,0.12332547451724321,3.2179018396622097E-6
717.7301624774991,-189.10783887505588,132.96012389598178,717.7301624774991,-664.9808197163558,-20.483370932622137,719.8261145090403,-235.36989195924647,118.04309479583219,0.10433868383336359,1.0794208601033706E-5
717.7301624774991,-189.10783887505588,132.96012389598178,717.7301624774991,-663.8685291229178,-23.891038023124537,720.4495273561002,-233.16867142971094,118.4033315513739,0.0941521515633466,3.5959425061355943E-6
717.7301624774991,-189.10783887505588,132.96012389598178,717.7301624774991,-662.892817737582,-26.81407240691206,719.7967123075824,-233.16960236278877,118.10120442191499,0.09460011220006571,6.903771963415991E-9
717.7301624774991,-189.10783887505588,132.96012389598178,717.7301624774991,-660.0286668490447,-35.068367081866484,718.9772707049156,-232.72236724078107,117.39809531140588,0.0937542248972983,3.175527923571089E-7
717.7301624774991,-189.10783887505588,132.96012389598178,717.7301624774991,-655.2602370924642,-47.87665786082462,719.1948037051618,-231.2788132135238,116.60053138486336,0.08902794035400038,1.9749535318980593E-6
717.7301624774991,-189.10783887505588,132.96012389598178,717.7301624774991,-648.6702497215492,-64.02310010281172,719.8617513197088,-228.31567316053088,116.15438560825422,0.07827914454266194,6.243438585483644E-6
717.7301624774991,-189.10783887505588,132.96012389598178,717.7301624774991,-644.9954822346186,-72.384602435288,720.6231976458506,-226.34102331368445,116.1892414639662,0.07115088617523477,2.4340347444232727E-6
717.7301624774991,-189.10783887505588,132.96012389598178,717.7301624774991,-643.6975320039612,-75.24220774554345,720.2649005797396,-226.5656342717081,115.80443282420308,0.07254696525772404,9.762184009821804E-8
717.7301624774991,-189.10783887505588,132.96012389598178,717.7301624774991,-637.224373681782,-88.83160550981049,719.6197597495998,-226.555852065336,114.4255263903008,0.07482192211923118,2.817408282260265E-7
717.7301624774991,-189.10783887505588,132.96012389598178,717.7301624774991,-630.1217634287182,-102.63851436361557,719.7219841887568,-225.58129124300748,113.47526132795173,0.07314308256104073,1.2620098324939585E-6
717.7301624774991,-189.10783887505588,132.96012389598178,717.7301624774991,-621.5419274596583,-118.03939608364732,720.2935580974882,-223.08274194791028,113.23992933279922,0.06540638406216001,3.8462072115956926E-6
717.7301624774991,-189.10783887505588,132.96012389598178,717.7301624774991,-609.7697750052947,-137.30555185874448,720.8784972671924,-219.00400870329742,113.7525183411826,0.05264532172921172,1.0236817898564121E-5
717.7301624774991,-189.10783887505588,132.96012389598178,717.7301624774991,-604.6262834501781,-145.14852792533623,721.4169402152701,-216.30864787298276,114.7544812400997,0.04411830717242331,5.8104855516111685E-6
717.7301624774991,-189.10783887505588,132.96012389598178,717.7301624774991,-604.4650481425351,-145.3892765156798,720.8326444635954,-216.53647211963045,114.57897281110408,0.0449631758413797,6.042522113589369E-8
717.7301624774991,-189.10783887505588,132.96012389598178,717.7301624774991,-596.7224204899185,-156.60913009162738,719.6943998960868,-216.06405352073367,113.81043858699536,0.04512044170559932,5.06338867757512E-7
717.7301624774991,-189.10783887505588,132.96012389598178,717.7301624774991,-585.664867595636,-171.57644693304854,719.2847246781222,-215.2432229403988,112.88941611849495,0.044795518020914,1.0840462767283525E-6
717.7301624774991,-189.10783887505588,132.96012389598178,717.7301624774991,-572.0028547979005,-188.58521782341649,719.5670904967072,-213.72989852141512,112.2831543518827,0.04249708019260366,1.7724899758504356E-6
717.7301624774991,-189.10783887505588,132.96012389598178,717.7301624774991,-553.2039798629233,-209.7263218787861,720.1378463838622,-211.08372048444883,112.27647495354242,0.037118340651302394,2.751869557268531E-6
717.7301624774991,-189.10783887505588,132.96012389598178,717.7301624774991,-529.0052042150074,-233.74109103922882,720.7440140276113,-207.52508712689163,113.09051618967652,0.029516045515227938,6.744189373089598E-6
717.7301624774991,-189.10783887505588,132.96012389598178,717.7301624774991,-498.948104000846,-259.46695226821464,721.0199608369488,-203.67816020999177,114.50613568395784,0.02189283234209378,9.07605734574997E-6
717.7301624774991,-189.10783887505588,132.96012389598178,717.7301624774991,-465.3019840300799,-283.8333431618472,721.1949656118851,-200.09157687754475,116.38500699499667,0.015416749337058555,9.357378180252614E-6
717.7301624774991,-189.10783887505588,132.96012389598178,717.7301624774991,-420.6739253213227,-310.18448862679287,721.0813456614671,-196.6248378727232,118.57495351427164,0.010115862595585496,9.350374999700114E-6
717.7301624774991,-189.10783887505588,132.96012389598178,717.7301624774991,-363.7631281725865,-335.5433765396029,720.9168448270243,-193.679292742055,120.6974426603717,0.006491037859605556,6.753363305996037E-6
717.7301624774991,-189.10783887505588,132.96012389598178,717.7301624774991,-304.64382109200204,-353.50820684422735,720.5631307584026,-191.56853149912016,122.59929075704198,0.004255378124680447,4.044687913007942E-6
717.7301624774991,-189.10783887505588,132.96012389598178,717.7301624774991,-262.08778443927713,-361.68513034734286,720.181271326856,-190.43425744172373,123.9698917976977,0.0030798719486626156,1.708891082567966E-6
717.7301624774991,-189.10783887505588,132.96012389598178,717.7301624774991,-245.971070820685,-363.79592574276955,719.6328364132089,-190.04567982585672,124.76716422821724,0.0025286489877670536,5.150758451266489E-7
717.7301624774991,-189.10783887505588,132.96012389598178,717.7301624774991,-254.8262058578427,-362.7021565340664,719.3178590295148,-190.1627710891283,125.00359467998314,0.0023938242590719997,4.5840391972788105E-8
717.7276391930513,-189.13049811100538,132.96387747713453,717.7276391930513,-273.9884653655524,-359.7826348326192,719.2406533726248,-190.49906058863505,125.01701745269906,0.0024168754541279676,3.620320689835655E-9
717.7276391930513,-189.13049811100538,132.96387747713453,717.7276391930513,-278.6317411337688,-358.9604332632275,719.2068123881083,-190.5801241918839,124.99631985912416,0.002438020397280572,8.932953341276778E-10
717.7276391930513,-189.13049811100538,132.96387747713453,717.7276391930513,-279.5713179807595,-358.7885583086851,719.2015448876219,-190.5960591481526,124.99520568880024,0.002440456982982079,1.1625552500301594E-11
717.7276391930513,-189.13049811100538,132.96387747713453,717.7276391930513,-280.10593623453485,-358.6899333066647,719.1993580761051,-190.60481226683405,124.9963184528907,0.002440763366203562,5.30354334383987E-12
717.7276391930513,-189.13049811100538,132.96387747713453,717.7276391930513,-280.4899043494589,-358.6187288992071,719.1977794595422,-190.61105374182796,124.99736996738463,0.002440830054143663,3.4730656539374542E-12
717.7276391930513,-189.13049811100538,132.96387747713453,717.7276391930513,-280.86054259364016,-358.54970213101205,719.1960470593109,-190.61714871492535,124.9980145575145,0.002441128620016668,2.254637520539984E-12
717.7276391930513,-189.13049811100538,132.96387747713453,717.7276391930513,-281.01388423926187,-358.5210595795424,719.1951854517092,-190.6197709667286,124.9977455505898,0.002441587149771293,4.092004807978778E-13
717.7276391930513,-189.13049811100538,132.96387747713453,717.7276391930513,-281.1089903155272,-358.50326992112514,719.194662613592,-190.62143598855215,124.99737391675214,0.0024419994693954195,3.313635876576345E-13
717.7276391930513,-189.13049811100538,132.96387747713453,717.7276391930513,-281.19868963587646,-358.48647414481684,719.1945893305201,-190.62286347833987,124.99778764330924,0.0024419114165372797,3.2931601515236975E-13
717.7276391930513,-189.13049811100538,132.96387747713453,717.7276391930513,-281.2599717644574,-358.47498961045943,719.1943819204478,-190.62383477147364,124.99809142085661,0.002441838476560545,1.675465415694819E-13
717.7272957583914,-189.12847982472215,132.9623210850456,717.7272957583914,-281.4349685512401,-358.4433281895442,719.1944680898234,-190.62448717528414,124.9981305545127,0.0024411787579175924,1.8551105509451144E-14
717.7272957583914,-189.12847982472215,132.9623210850456,717.7272957583914,-279.4096042354802,-358.8194583406762,719.2168824591007,-190.59039058435403,124.99896130828475,0.002436825394866568,3.571397367877946E-11
717.7272957583914,-189.12847982472215,132.9623210850456,717.7272957583914,-157.8303966830161,-366.05714746468425,720.3193115448457,-188.62217665641896,124.88977757406525,0.002429117373019272,3.793343696110785E-8
717.7272957583914,-189.12847982472215,132.9623210850456,717.7272957583914,104.32436319416252,-271.86533227392863,723.5417225011704,-183.1461250245943,124.70946985899462,0.003870734669562418,8.259564936204713E-6
717.7272957583914,-189.12847982472215,132.9623210850456,717.7272957583914,212.18110686806722,-165.28357683890331,726.6870544097204,-177.8341668941282,124.56859560946234,0.0074565521119498825,1.4004091192820886E-5
717.7272957583914,-189.12847982472215,132.9623210850456,717.7272957583914,251.4231951302686,-103.49956103203519,729.323070712676,-173.35504055727475,124.49607898751836,0.012210342349710973,1.1763198288275065E-5
717.7272957583914,-189.12847982472215,132.9623210850456,717.7272957583914,261.5706405533136,-83.53318207948863,730.442943880382,-171.37514416785768,124.43442040341594,0.014865430996532768,2.423024406973416E-6
728.9203724880139,-170.54355922395732,132.9964725686576,728.9203724880139,-250.6029199591195,-360.5524092644159,730.0653135182389,-171.93726938548295,124.40454670884671,0.002824110373209774,1.0417655859098879E-8
728.9203724880139,-170.54355922395732,132.9964725686576,728.9203724880139,-256.8084476940952,-359.5056787131766,730.0398206448956,-172.0452812637602,124.42286459968324,0.0028240848542226854,9.879265224473449E-10
728.9203724880139,-170.54355922395732,132.9964725686576,728.9203724880139,-254.62156590914515,-359.8837246312761,729.8408281884629,-172.0525479131273,124.15051306018123,0.003005351022094984,5.347974093482824E-8
728.9203724880139,-170.54355922395732,132.9964725686576,728.9203724880139,-231.00907908552668,-363.3339827812738,728.7019786095395,-171.83470289413125,122.39813607528507,0.004284698053615668,2.303824794655517E-6
728.9203724880139,-170.54355922395732,132.9964725686576,728.9203724880139,-182.78852225709107,-366.8535658231756,727.9973970780025,-170.85452696464944,120.30249899740392,0.006109984526122099,3.322773463759721E-6
728.9203724880139,-170.54355922395732,132.9964725686576,728.9203724880139,-129.12186927909607,-365.2848170681416,728.1291982930868,-169.35704960039922,118.72338167883632,0.007825874896125514,2.1273623636037123E-6
728.9203724880139,-170.54355922395732,132.9964725686576,728.9203724880139,-62.36038044894204,-355.15964982471473,728.9159593082853,-167.15559963565667,117.70894604025202,0.009406672204987377,1.5803923147660884E-6
728.9203724880139,-170.54355922395732,132.9964725686576,728.9203724880139,18.58841723859601,-329.85241797702383,730.4916558390045,-164.13329323186616,117.30909617659867,0.01107334213639883,1.6716074942927218E-6
728.9203724880139,-170.54355922395732,132.9964725686576,728.9203724880139,94.55125570297074,-290.94307394576913,732.3813051908251,-160.7176959344333,117.282955017506,0.013316262014304997,2.4545447910885814E-6
728.9203724880139,-170.54355922395732,132.9964725686576,728.9203724880139,150.42740921426852,-250.38015350526913,734.2525307129252,-157.45705247875017,117.36558598884287,0.016210521004824684,3.415830901457944E-6
728.9203724880139,-170.54355922395732,132.9964725686576,728.9203724880139,190.3694786772318,-213.04077842165825,736.1227675434703,-154.43943375254008,117.55611236405335,0.019531911378853174,3.931849807281347E-6
728.9203724880139,-170.54355922395732,132.9964725686576,728.9203724880139,220.6158613826066,-178.44261886133168,738.0609752546568,-151.57388809703477,117.8929193132274,0.023201826961824004,4.436962643455752E-6
728.9203724880139,-170.54355922395732,132.9964725686576,728.9203724880139,242.9966568619503,-148.04532090630025,740.0133466482661,-148.97732221345413,118.3400650605696,0.02695902125397791,4.250885086953694E-6
728.9203724880139,-170.54355922395732,132.9964725686576,728.9203724880139,257.8526398395329,-124.83427933645257,741.7334633752924,-146.90248268720634,118.76806309013793,0.03029609732691247,2.9474017302374878E-6
728.9203724880139,-170.54355922395732,132.9964725686576,728.9203724880139,265.8132906833587,-111.11968736133161,742.9439552934305,-145.72996912318362,119.11471883713193,0.032211782042921244,1.0470884770752143E-6
728.9203724880139,-170.54355922395732,132.9964725686576,728.9203724880139,268.7982965902198,-105.70571370066585,743.5593731650513,-145.46387908662072,119.37023960111253,0.03243210167212958,9.293439326311582E-8
728.9203724880139,-170.54355922395732,132.9964725686576,728.9203724880139,269.1177767663503,-105.11675603323647,743.7517388121607,-145.50121507065208,119.43395767370507,0.032264356995690364,2.9293557470286066E-9
728.9203724880139,-170.54355922395732,132.9964725686576,728.9203724880139,268.4887831319825,-106.27450846635409,743.777990578494,-145.6868765340165,119.44967366864333,0.03185086660385909,2.1381641922877694E-8
728.9203724880139,-170.54355922395732,132.9964725686576,728.9203724880139,268.42031427647294,-106.40009750179752,743.8563666184598,-145.83706903308362,119.52235916836952,0.031445907916813516,2.041849167330494E-8
728.9203724880139,-170.54355922395732,132.9964725686576,728.9203724880139,268.782170985074,-105.7353911954855,743.9204227301043,-145.78746155164802,119.54388163111895,0.03152050547313757,2.131713005098076E-9
728.9203724880139,-170.54355922395732,132.9964725686576,728.9203724880139,269.4258792003567,-104.54698293494869,744.0015815680669,-145.6380122294638,119.54974382434466,0.03182237929545184,1.325454857578017E-8
728.9203724880139,-170.54355922395732,132.9964725686576,728.9203724880139,270.60730311191594,-102.34565426016877,744.158564804251,-145.36223959138377,119.5629154238132,0.03238156719270786,4.5771636863122084E-8
728.9203724880139,-170.54355922395732,132.9964725686576,728.9203724880139,271.75375151722017,-100.18390591787426,744.330005917466,-145.1223765607945,119.59435401397269,0.032848050731061014,3.7827936286962175E-8
728.9203724880139,-170.54355922395732,132.9964725686576,728.9203724880139,272.81745566298366,-98.15501559099434,744.4968300692482,-144.90927047051204,119.63173414034966,0.033254947335049294,3.1268275596264645E-8
728.9203724880139,-170.54355922395732,132.9964725686576,728.9203724880139,273.0850175489303,-97.64109130692216,744.5432062374551,-144.8606292994323,119.64420289732814,0.03334324393018921,1.757616381988227E-9
728.9203724880139,-170.54355922395732,132.9964725686576,728.9203724880139,272.9611211672726,-97.87924826632525,744.5385428493672,-144.91803584077923,119.65656558583618,0.03320420268393685,2.356529345278995E-9
728.9203724880139,-170.54355922395732,132.9964725686576,728.9203724880139,272.9233816475826,-97.95173018260456,744.5396134385937,-144.94084218143948,119.66311907245773,0.033146958731242654,3.97346347405703E-10
728.9203724880139,-170.54355922395732,132.9964725686576,728.9203724880139,272.9764413384911,-97.84981633607185,744.5478724576221,-144.92886542676342,119.66436353859226,0.03317097627443884,9.213670259940034E-11
728.9203724880139,-170.54355922395732,132.9964725686576,728.9203724880139,273.0208786440887,-97.76441982605553,744.5550142417148,-144.9186541687081,119.6653182802288,0.03319157610425366,6.629845165266617E-11
728.9203724880139,-170.54355922395732,132.9964725686576,728.9203724880139,273.0681627831319,-97.67350835193162,744.5624007345374,-144.90804755187244,119.66647542265147,0.03321279843934095,7.265472941904025E-11
728.9203724880139,-170.54355922395732,132.9964725686576,728.9203724880139,273.1101463485734,-97.59274992832346,744.5688209417195,-144.89881842756571,119.66760645731662,0.03323113262817883,5.574686217265972E-11
728.9203724880139,-170.54355922395732,132.9964725686576,728.9203724880139,273.15726926207753,-97.50206278635574,744.5763061244378,-144.8879836580745,119.66863495383109,0.03325301024915776,7.478380975853158E-11
728.9203724880139,-170.54355922395732,132.9964725686576,728.9203724880139,273.1901084352115,-97.43883762867802,744.5813825512778,-144.8802830367414,119.66927781222248,0.033268685785228666,3.7353660749429175E-11
728.9203724880139,-170.54355922395732,132.9964725686576,728.9203724880139,273.2085751591419,-97.40327402504835,744.5844806852895,-144.87622441272717,119.66978188250579,0.033276727709778915,1.0801585090801406E-11
728.9203724880139,-170.54355922395732,132.9964725686576,728.9203724880139,273.22668199870486,-97.36839672607726,744.5877536995647,-144.87241148247463,119.67036359429474,0.03328413178351458,9.799527415315371E-12
728.9203724880139,-170.54355922395732,132.9964725686576,728.9203724880139,273.2384662031402,-97.34569445210965,744.5897903372472,-144.86953354057857,119.67053692183904,0.033290058122382275,5.098107539273467E-12
728.9203724880139,-170.54355922395732,132.9964725686576,728.9203724880139,273.25274738398,-97.3181779448382,744.5922352235367,-144.8664497794735,119.67095723685131,0.03329612147880577,6.3104731136319264E-12
728.9203724880139,-170.54355922395732,132.9964725686576,728.9203724880139,273.27728020448103,-97.27089917348997,744.596045793415,-144.86087084890252,119.67153460717634,0.033307350910811266,2.000409527542634E-11
728.9203724880139,-170.54355922395732,132.9964725686576,728.9203724880139,273.4564119237649,-96.92530895893455,744.6230843006579,-144.819480881659,119.67546737731092,0.03339124957339279,1.0926660314663987E-9
728.9203724880139,-170.54355922395732,132.9964725686576,728.9203724880139,273.47655496979155,-96.88640672288568,744.6261745352242,-144.8145689517741,119.67578241079525,0.03340139840892959,1.492294628694043E-11
728.9203724880139,-170.54355922395732,132.9964725686576,728.9203724880139,273.4862246588665,-96.86772870020647,744.6278148925845,-144.8124557209665,119.67606080987727,0.03340557773868373,2.95250861830184E-12
728.9203724880139,-170.54355922395732,132.9964725686576,728.9203724880139,273.4948697381336,-96.85102818973257,744.6294124912141,-144.81013024073354,119.6760841699263,0.033410515377024025,3.1662093842216095E-12
728.9203724880139,-170.54355922395732,132.9964725686576,728.9203724880139,273.50421440022706,-96.83297449895622,744.6310509502948,-144.808231670031,119.6764280753624,0.03341415097861908,2.498734906423293E-12
728.9203724880139,-170.54355922395732,132.9964725686576,728.9203724880139,273.51524348007877,-96.81166423475943,744.6325642713111,-144.80609837429336,119.67688991902756,0.03341817787712418,3.2613097796359566E-12
728.9203724880139,-170.54355922395732,132.9964725686576,728.9203724880139,273.52740433810425,-96.7881642569192,744.6346043015103,-144.80356729663202,119.67730697973903,0.033423084527359356,4.372752718356176E-12
728.9203724880139,-170.54355922395732,132.9964725686576,728.9203724880139,273.5350925882277,-96.77330569791988,744.6360981472537,-144.80163687586318,119.67739999910168,0.03342708754007045,2.2687245408459244E-12
728.9203724880139,-170.54355922395732,132.9964725686576,728.9203724880139,273.5479042373473,-96.74854278705527,744.6379450121303,-144.79889229581624,119.6777997605079,0.033432498812915656,5.048566151313449E-12
728.9203724880139,-170.54355922395732,132.9964725686576,728.9203724880139,273.5649506096694,-96.71558957296224,744.6407049246825,-144.7948369685718,119.67812366106236,0.03344079566567834,1.0336242153542809E-11
728.9203724880139,-170.54355922395732,132.9964725686576,728.9203724880139,273.83173198019824,-96.19907836377635,744.6812548878959,-144.7333509503596,119.68433523330259,0.03356540664665242,2.4288718404696095E-9
728.9203724880139,-170.54355922395732,132.9964725686576,728.9203724880139,273.8586992096582,-96.14678545806686,744.6855222335258,-144.72707422830356,119.68494372190258,0.03357816531602911,2.5209172796876437E-11
728.9203724880139,-170.54355922395732,132.9964725686576,728.9203724880139,273.8625058713184,-96.13940263759119,744.686102301765,-144.72613085393687,119.68500022439287,0.03358012793237929,5.489248770864853E-13
728.9203724880139,-170.54355922395732,132.9964725686576,728.9203724880139,273.866498433983,-96.1316589483304,744.6867834561232,-144.72541082323858,119.68519844164797,0.03358143033628173,3.923905413490906E-13
728.9203724880139,-170.54355922395732,132.9964725686576,728.9203724880139,273.87119362784813,-96.12255206192313,744.6876468837394,-144.72444370255056,119.68536953454739,0.03358329190967825,6.464264873875124E-13
728.9203724880139,-170.54355922395732,132.9964725686576,728.9203724880139,273.8750594395369,-96.11505351685321,744.6883680908676,-144.72344095460602,119.68540401309218,0.03358539862747451,6.045011652185878E-13
728.9203724880139,-170.54355922395732,132.9964725686576,728.9203724880139,273.88098232434413,-96.10356424841075,744.689570499687,-144.7221934765124,119.68560584019704,0.03358781412653419,1.060249564504339E-12
728.9203724880139,-170.54355922395732,132.9964725686576,728.9203724880139,273.8857656658174,-96.0942849446455,744.6903006916124,-144.72104748892997,119.68569750731177,0.033590170551060096,8.264721699971074E-13
728.9203724880139,-170.54355922395732,132.9964725686576,728.9203724880139,273.8890709379656,-96.08787270040582,744.690720070912,-144.72045752878248,119.68586496880545,0.033591243715962865,2.6547922854503595E-13
728.9203724880139,-170.54355922395732,132.9964725686576,728.9203724880139,273.89266189199145,-96.08090597443547,744.6912825130407,-144.71974434205313,119.68600970342368,0.033592601915232355,3.6025050975295277E-13
728.9203724880139,-170.54355922395732,132.9964725686576,728.9203724880139,273.8968406411517,-96.07279854325304,744.6917992985673,-144.719285323478,119.68636934408002,0.03359316110096586,2.4103478203336404E-13
728.9203724880139,-170.54355922395732,132.9964725686576,728.9203724880139,273.8995564660405,-96.0675292207271,744.6923300817724,-144.71849399453006,119.68634900258425,0.03359488109488285,3.732033803203235E-13
728.9203724880139,-170.54355922395732,132.9964725686576,728.9203724880139,273.90135231529086,-96.06404477745741,744.6927395643886,-144.71768532291202,119.68618847472763,0.033596808315066694,4.612686235197463E-13
728.9203724880139,-170.54355922395732,132.9964725686576,728.9203724880139,273.90390013131866,-96.05910119596464,744.6930780435627,-144.71706742649653,119.68623359108278,0.033598088561641155,2.3862982038361074E-13
728.9203724880139,-170.54355922395732,132.9964725686576,728.9203724880139,273.90551725155603,-96.05596339320519,744.693475544859,-144.71686700188704,119.68636106338954,0.033598352039243724,4.111139865088099E-14
728.9203724880139,-170.54355922395732,132.9964725686576,728.9203724880139,273.9083952407202,-96.05037891052814,744.6939541438105,-144.7162925445269,119.6864757156525,0.033599446292065856,2.33006945853698E-13
728.9203724880139,-170.54355922395732,132.9964725686576,728.9203724880139,273.9121538699301,-96.04308536447337,744.6943969183319,-144.71533601595772,119.68651917739851,0.03360146494658805,5.563189690200149E-13
728.9203724880139,-170.54355922395732,132.9964725686576,728.9203724880139,273.91429633412247,-96.03892782331917,744.6948811562434,-144.71502174461548,119.68666299021669,0.033601953238823284,8.756722100882969E-14
728.9203724880139,-170.54355922395732,132.9964725686576,728.9203724880139,273.9168683088975,-96.03393667280508,744.695279226241,-144.71452084225217,119.68677194196212,0.03360289887690043,1.801415989135954E-13
728.9203724880139,-170.54355922395732,132.9964725686576,728.9203724880139,273.91865981272565,-96.0304600156733,744.6957761717133,-144.7140954978498,119.68680845297624,0.033603752215382025,1.145279515313833E-13
728.9203724880139,-170.54355922395732,132.9964725686576,728.9203724880139,273.9207728965323,-96.02635920295222,744.6961145009833,-144.71355797492922,119.6868330695921,0.03360487905780877,1.757492744965279E-13
728.9203724880139,-170.54355922395732,132.9964725686576,728.9203724880139,273.9239023883076,-96.02028570014201,744.6966145585984,-144.7128874360594,119.68693423864977,0.03360619842466656,3.0319632268077384E-13
728.9203724880139,-170.54355922395732,132.9964725686576,728.9203724880139,273.92563846744144,-96.01691634903062,744.6968328052164,-144.71259606835227,119.68703191000398,0.03360671075891751,6.77832408457235E-14
728.9203724880139,-170.54355922395732,132.9964725686576,728.9203724880139,273.92701702730176,-96.0142408202006,744.6971111154681,-144.71211513017826,119.68698088154844,0.03360780390066875,1.4936998780237315E-13
728.9203724880139,-170.54355922395732,132.9964725686576,728.9203724880139,273.928715026287,-96.0109452649478,744.6974090822871,-144.71172410965326,119.68702178815826,0.033608593310984806,9.859504411627263E-14
728.9203724880139,-170.54355922395732,132.9964725686576,728.9203724880139,273.9315463088469,-96.00545004685765,744.6979071399526,-144.71114842494515,119.68712933406562,0.03360969697551739,2.312333479081609E-13
728.9203724880139,-170.54355922395732,132.9964725686576,728.9203724880139,273.9333465568492,-96.00195587031686,744.698529023759,-144.71070096293676,119.68715578094174,0.03361060016338662,1.234331064111575E-13
728.9203724880139,-170.54355922395732,132.9964725686576,728.9203724880139,273.93619041299337,-95.99643597366733,744.6989460963692,-144.71021525523378,119.68731151552927,0.03361145793439274,1.859573667053631E-13
728.9203724880139,-170.54355922395732,132.9964725686576,728.9203724880139,273.9388070332385,-95.99135699091539,744.6992144404601,-144.7098109037415,119.68747674268715,0.033612138247802854,1.3910206300734127E-13
728.9203724880139,-170.54355922395732,132.9964725686576,728.9203724880139,273.9396608238561,-95.98969971239325,744.6994988079211,-144.7093675620771,119.68737023180753,0.03361321116878639,1.4411472733650816E-13
728.9203724880139,-170.54355922395732,132.9964725686576,728.9203724880139,273.9421449419748,-95.98487774641822,744.6998664027199,-144.70876397655576,119.68741392983327,0.03361445957965331,2.275966829873974E-13
728.9203724880139,-170.54355922395732,132.9964725686576,728.9203724880139,273.9446180262496,-95.9800770707948,744.7001697938329,-144.70803171155657,119.68738978381978,0.033616073502544426,3.2199920795946177E-13
728.9203724880139,-170.54355922395732,132.9964725686576,728.9203724880139,273.94713605119773,-95.97518902685349,744.7007724118674,-144.70767840540353,119.68756729192094,0.033616599884718025,1.1484615775958426E-13
728.9203724880139,-170.54355922395732,132.9964725686576,728.9203724880139,273.94847272827747,-95.9725941870364,744.7011312585042,-144.7072248167434,119.68752448329911,0.03361761703888815,1.31356741797782E-13
728.9203724880139,-170.54355922395732,132.9964725686576,728.9203724880139,273.95147119342084,-95.96677324659117,744.7015400837486,-144.70663864914212,119.68765066546183,0.033618730282872496,2.461972620274509E-13
728.9203724880139,-170.54355922395732,132.9964725686576,728.9203724880139,273.9548316846202,-95.9602492800039,744.7019662279979,-144.7059840273458,119.68779330562924,0.033619974144119096,3.07810154415469E-13
728.9203724880139,-170.54355922395732,132.9964725686576,728.9203724880139,273.9585556893942,-95.95301932323918,744.7025734268439,-144.70523170733202,119.6879375633271,0.03362141624984625,3.967615479039498E-13
728.9203724880139,-170.54355922395732,132.9964725686576,728.9203724880139,273.9615472207364,-95.94721121534963,744.7031396241822,-144.7044820201925,119.6879786169794,0.0336229730281991,3.4501660385399314E-13
728.9203724880139,-170.54355922395732,132.9964725686576,728.9203724880139,273.9648061743286,-95.94088369052511,744.7036212802374,-144.70380004097547,119.68809276251994,0.033624304945737614,3.186336851133071E-13
728.9203724880139,-170.54355922395732,132.9964725686576,728.9203724880139,273.9675451573339,-95.9355655599642,744.704058689804,-144.70300118535948,119.68807248629932,0.033626050291634575,3.8032050437604865E-13
728.9203724880139,-170.54355922395732,132.9964725686576,728.9203724880139,273.97067923851375,-95.92948009754716,744.7044608148503,-144.70225367086388,119.68813510720224,0.03362759160322282,3.530738001730057E-13
728.9203724880139,-170.54355922395732,132.9964725686576,728.9203724880139,273.975584892758,-95.91995435117468,744.7053088871248,-144.70153091083102,119.6884635344083,0.033628740076876946,4.619260382597774E-13
728.9203724880139,-170.54355922395732,132.9964725686576,728.9203724880139,273.9786252776714,-95.91405031288204,744.7057605723614,-144.70062577722214,119.68843167815103,0.03363073152743744,4.931523247481675E-13
728.9203724880139,-170.54355922395732,132.9964725686576,728.9203724880139,273.98242895401484,-95.90666378905465,744.7064222129678,-144.69961325113366,119.6884535858166,0.03363288112709511,6.086926138709048E-13
728.9203724880139,-170.54355922395732,132.9964725686576,728.9203724880139,273.986563735236,-95.89863393623136,744.707026048323,-144.69867777696336,119.6885625173989,0.03363476728901038,5.709682184435957E-13
728.9203724880139,-170.54355922395732,132.9964725686576,728.9203724880139,273.99251763337986,-95.88707068486616,744.707985411247,-144.69739961814443,119.6887549321134,0.03363728395976796,1.1015254147355142E-12
728.9203724880139,-170.54355922395732,132.9964725686576,728.9203724880139,274.0065420119123,-95.85983058067265,744.7099405175893,-144.6942947908394,119.68916011760487,0.033643499636361186,6.376231746556404E-12
728.9203724880139,-170.54355922395732,132.9964725686576,728.9203724880139,274.5494981460156,-94.80205745524313,744.7981965474646,-144.5758717574673,119.70621576721425,0.0338782778102229,9.415437664363409E-9
728.9203724880139,-170.54355922395732,132.9964725686576,728.9203724880139,274.54466414545584,-94.81150230899968,744.7976690489124,-144.5769448515306,119.70606962375211,0.03387611228283542,7.671207806888122E-13
728.9203724880139,-170.54355922395732,132.9964725686576,728.9203724880139,274.54565706103995,-94.80956235317427,744.7976316196753,-144.57640552941464,119.70593641338081,0.03387746013288043,2.14860645884773E-13
728.9203724880139,-170.54355922395732,132.9964725686576,728.9203724880139,274.5461334208993,-94.80863163514886,744.7976035161239,-144.57611475363805,119.70585611264428,0.033878197111980105,6.412265787674511E-14
728.9203724880139,-170.54355922395732,132.9964725686576,728.9203724880139,274.54569096011187,-94.80949612088997,744.7977056836195,-144.57629515608906,119.70588479833597,0.033877756714758615,2.215674103945759E-14
728.9203724880139,-170.54355922395732,132.9964725686576,728.9203724880139,274.5443815045953,-94.81205452814885,744.7975762492385,-144.57632905780787,119.70571378680597,0.033877886272332416,8.584432781138497E-15
728.9203724880139,-170.54355922395732,132.9964725686576,728.9203724880139,274.5457882029958,-94.80930612681155,744.7976328849859,-144.57631956606,119.70591128015135,0.033877678784397645,7.117996420441137E-15
728.9203724880139,-170.54355922395732,132.9964725686576,728.9203724880139,274.54603452398646,-94.80882486160485,744.7977286736983,-144.57648874303183,119.7060333011654,0.03387715803163701,3.123560186969979E-14
728.9203724880139,-170.54355922395732,132.9964725686576,728.9203724880139,274.54628315627576,-94.8083390792514,744.7977492432675,-144.57641553965658,119.70603159970182,0.0338773202722803,3.19444916555059E-15
728.9203724880139,-170.54355922395732,132.9964725686576,728.9203724880139,274.54643048913704,-94.80805121697205,744.797776789659,-144.57626426442258,119.7059753681456,0.033877716522635125,1.8874482960919654E-14
728.9203724880139,-170.54355922395732,132.9964725686576,728.9203724880139,274.54579733523883,-94.80928828413721,744.7976687133125,-144.5762824737672,119.70589360922702,0.03387777790559128,2.0997237177506663E-15
728.9203724880139,-170.54355922395732,132.9964725686576,728.9203724880139,274.5463939320979,-94.80812264298558,744.7976358732187,-144.57635495176316,119.70601652475045,0.03387748097111254,1.0671466126403357E-14
728.9203724880139,-170.54355922395732,132.9964725686576,728.9203724880139,274.54480073874674,-94.81123543462834,744.7976323250388,-144.57623309944222,119.70572497890862,0.03387808129855938,4.277910544796549E-14
728.9203724880139,-170.54355922395732,132.9964725686576,728.9203724880139,274.54563665731314,-94.80960221813123,744.797781273997,-144.57611754423246,119.70578608142375,0.03387825537053189,1.2551132736324584E-14
728.9203724880139,-170.54355922395732,132.9964725686576,728.9203724880139,274.5472444343935,-94.80646090403363,744.7978345305346,-144.5759867024848,119.70595039445203,0.03387835437488013,2.689645730520153E-14
728.9203724880139,-170.54355922395732,132.9964725686576,728.9203724880139,274.5487524805968,-94.80351439687342,744.7979043399256,-144.5758180186915,119.70608099700891,0.03387857395304159,3.229588599444172E-14
728.9203724880139,-170.54355922395732,132.9964725686576,728.9203724880139,274.5491376563549,-94.80276181067612,744.7979444554545,-144.57578918463096,119.70612164859332,0.03387858836083203,1.4345780182409012E-15
728.9203724880139,-170.54355922395732,132.9964725686576,728.9203724880139,274.54952625403155,-94.80200253528983,744.798030281808,-144.57589074537378,119.70622952865713,0.03387823413099415,1.430918211823622E-14
728.9203724880139,-170.54355922395732,132.9964725686576,728.9203724880139,274.54939336416555,-94.80226218723834,744.7981432479484,-144.57591948231058,119.70622511956353,0.033878166041557564,5.59253983417939E-16
728.9203724880139,-170.54355922395732,132.9964725686576,728.9203724880139,274.5491812755399,-94.80267658393961,744.7980419259728,-144.57581425915458,119.70614075656104,0.03387850303466961,1.2821445067909191E-14
728.9203724880139,-170.54355922395732,132.9964725686576,728.9203724880139,274.54814102119974,-94.80470910710807,744.7980192384626,-144.57562195807682,119.7058926913167,0.0338792116558389,5.93419965654423E-14
728.9203724880139,-170.54355922395732,132.9964725686576,728.9203724880139,274.55098752361596,-94.79914735317558,744.7982812454075,-144.57559692977298,119.70628936570475,0.033878795685003196,3.027635685960758E-14
728.9203724880139,-170.54355922395732,132.9964725686576,728.9203724880139,274.55003110685277,-94.80101610588636,744.798268688281,-144.57559387027888,119.70615021384916,0.03387896115754246,3.2120137720351913E-15
728.9203724880139,-170.54355922395732,132.9964725686576,728.9203724880139,274.5494232314844,-94.80220382986721,744.7982453602818,-144.57549510910377,119.70601222178419,0.03387933806801882,1.670401234986021E-14
728.9203724880139,-170.54355922395732,132.9964725686576,728.9203724880139,274.55120492419303,-94.79872256921706,744.7985298818564,-144.57552518554095,119.7062839220909,0.03387893981554337,1.665376027542343E-14
728.9203724880139,-170.54355922395732,132.9964725686576,728.9203724880139,274.5531371890156,-94.79494702887214,744.7986018033262,-144.57536898816323,119.70648195344566,0.03387905519677596,3.861752176699693E-14
728.9203724880139,-170.54355922395732,132.9964725686576,728.9203724880139,274.5533123105108,-94.7946048470944,744.7987586107572,-144.57511458408558,119.7063769475977,0.03387972416718771,5.528188492693629E-14
728.9203724880139,-170.54355922395732,132.9964725686576,728.9203724880139,274.5538232186734,-94.79360654524623,744.7988539176819,-144.57490097056402,119.70634112470367,0.03388022962735634,3.1322297709448035E-14
728.9203724880139,-170.54355922395732,132.9964725686576,728.9203724880139,274.5543375779574,-94.7926014944153,744.7989901855984,-144.57495292752228,119.706441711455,0.03387998922873224,6.228860541603231E-15
728.9203724880139,-170.54355922395732,132.9964725686576,728.9203724880139,274.5541872253485,-94.7928952818842,744.7990223650046,-144.57455395497422,119.70621589780566,0.03388112555794713,1.541391655446224E-13
728.9203724880139,-170.54355922395732,132.9964725686576,728.9203724880139,275.3139618213137,-93.3021596131691,744.825544077545,-144.28428492044324,119.66836307968646,0.03456861540898133,5.601126820670566E-8
728.9203724880139,-170.54355922395732,132.9964725686576,728.9203724880139,283.1566383913794,-77.13712941780358,745.9421612383246,-141.0584470833614,119.34028980381959,0.04259711859174371,6.976386079253366E-6
728.9203724880139,-170.54355922395732,132.9964725686576,728.9203724880139,309.019249047411,-8.49385545018228,778.0138573286337,-130.31285749030678,121.12679650841301,0.0655714064480154,7.279831515652669E-5
728.9203724880139,-170.54355922395732,132.9964725686576,728.9203724880139,326.31577509901524,77.04290345879153,826.8799943260669,-94.46821065476456,124.42928467527989,0.20361245968301978,9.424889882513657E-4
728.9203724880139,-170.54355922395732,132.9964725686576,728.9203724880139,320.2037994589025,37.25186464843797,839.1932534365703,-78.97501583419938,115.13148739948892,0.31321087486778415,2.2177657701040232E-4
728.9203724880139,-170.54355922395732,132.9964725686576,728.9203724880139,314.9285446654634,13.343489550349688,847.5532502985147,-75.9103328558783,109.67247982660172,0.32992106778625657,1.3120357958097726E-5
728.9203724880139,-170.54355922395732,132.9964725686576,728.9203724880139,322.831372306204,51.872019179999384,869.7394563832406,-67.24181825390096,116.01081574920431,0.3300046482759119,6.250374238570462E-5
728.9203724880139,-170.54355922395732,132.9964725686576,728.9203724880139,327.9004047294537,93.58055194753427,872.6238036181772,-67.68574004408006,124.86268837374087,0.30710065839722867,8.205544332414116E-7
728.9203724880139,-170.54355922395732,132.9964725686576,728.9203724880139,327.8262856189033,173.33873020631458,841.7913277402495,-103.62277521142457,138.41360512168924,0.12474846540481746,0.0010902663392111315
728.9203724880139,-170.54355922395732,132.9964725686576,728.9203724880139,191.77746336428223,477.5592050145975,781.0204593926792,-155.42645162442295,147.372651637611,0.012605319692148934,0.0012969327378494972
728.9203724880139,-170.54355922395732,132.9964725686576,728.9203724880139,-654.352110921401,259.20774506213155,716.2042194211991,-198.5942920106611,140.31407509338163,0.0336657897486084,0.0013112320121403702
728.9203724880139,-170.54355922395732,132.9964725686576,728.9203724880139,-651.8166950343344,-2.5622554692165807,655.6026064241124,-218.98285512464798,119.35272466178293,0.08541728274353683,3.611915536857668E-4
728.9203724880139,-170.54355922395732,132.9964725686576,728.9203724880139,-543.9075065312913,-199.56835246713345,618.3254260754079,-219.14088160528894,89.70959355553222,0.11733180102255453,2.5280117053100515E-4
728.9203724880139,-170.54355922395732,132.9964725686576,728.9203724880139,-382.83185759672426,-319.69953842988775,617.9407010235583,-206.75146033532394,55.78462186663049,0.2439955602587472,0.0011032998292277167
728.9203724880139,-170.54355922395732,132.9964725686576,728.9203724880139,-228.55060842517065,-363.6273108358105,644.4026642192968,-182.38341507597346,31.63027502608722,0.47214291899972133,5.346785556053472E-4
728.9203724880139,-170.54355922395732,132.9964725686576,728.9203724880139,-73.51774791625579,-357.4991868821496,702.2565295775154,-149.18557705465406,25.02522855145412,0.7019377178757472,5.494747189205161E-5
728.9203724880139,-170.54355922395732,132.9964725686576,728.9203724880139,93.9584230142037,-291.31320371988,784.6800311501188,-113.27942379318256,41.13429988483617,0.6252957019256062,5.064297359661481E-4
728.9203724880139,-170.54355922395732,132.9964725686576,728.9203724880139,245.83206568650374,-143.8271878731895,862.5505554605071,-82.69287295776448,74.5897189318051,0.36148913597814636,0.0011910899217959024
728.9203724880139,-170.54355922395732,132.9964725686576,728.9203724880139,319.99096231079784,36.16732828518896,919.5358121225555,-57.927799194660324,110.76666569930217,0.2401523096172286,5.916600658478655E-4
728.9203724880139,-170.54355922395732,132.9964725686576,728.9203724880139,329.4516084236302,135.19472848206672,947.6753364353054,-43.0897845057245,133.55683001226822,0.22282249208903748,1.4340773239051934E-4
728.9203724880139,-170.54355922395732,132.9964725686576,728.9203724880139,329.34641662729337,122.50780995438488,941.6485586333811,-45.2853566209601,130.36831219289525,0.23154104172794374,3.638620584852782E-6
728.9203724880139,-170.54355922395732,132.9964725686576,728.9203724880139,322.65578744950756,50.811288740503855,907.7897152954147,-64.1151974555342,115.26158598483946,0.230857482504889,3.0953132674216375E-4
728.9203724880139,-170.54355922395732,132.9964725686576,728.9203724880139,277.1418938820998,-89.6641101064632,851.4496897557294,-105.96763420992636,100.87902718228102,0.13705370484785132,0.0014173718761277762
728.9203724880139,-170.54355922395732,132.9964725686576,728.9203724880139,206.36031863572455,-195.55103823356106,828.8767602526306,-129.53711566939745,97.25111215154337,0.08100640690205275,3.009181673596276E-4
728.9203724880139,-170.54355922395732,132.9964725686576,728.9203724880139,160.51905779621413,-241.70012951328724,814.0791458276652,-138.96362953983217,97.2543146254445,0.06712416675924665,2.683789559018122E-5
728.9203724880139,-170.54355922395732,132.9964725686576,728.9203724880139,126.74544253527782,-269.02249394038347,803.7575770633038,-144.83589190343608,98.23242214500902,0.05796897076534499,1.288614408403431E-5
728.9203724880139,-170.54355922395732,132.9964725686576,728.9203724880139,112.48234760971903,-279.18835983177803,798.1566287638599,-147.26568240950263,99.09573231224536,0.05394776555148705,3.123006194102414E-6
728.9203724880139,-170.54355922395732,132.9964725686576,728.9203724880139,105.85137125342212,-283.6638716043925,792.7555618096494,-148.71544536897528,100.09098687195203,0.0512517700744219,1.8954762475609681E-6
728.9203724880139,-170.54355922395732,132.9964725686576,728.9203724880139,107.34231114903085,-282.67099434094655,787.4427125379116,-149.24095100649615,101.13158795097416,0.049853414312621185,9.404440408722614E-7
728.9203724880139,-170.54355922395732,132.9964725686576,728.9203724880139,113.1818107222758,-278.7072005372222,782.3053300160299,-149.29517041173008,102.1637002887814,0.04905144372956886,5.375127045355369E-7
728.9203724880139,-170.54355922395732,132.9964725686576,728.9203724880139,121.12025372550849,-273.1220079463013,777.697370719828,-149.11778320403806,103.16279689573113,0.04842438982472594,5.886568566050482E-7
728.9203724880139,-170.54355922395732,132.9964725686576,728.9203724880139,143.69135379495006,-255.92051014102006,774.3685505566798,-147.2049747322715,104.11116579602924,0.05070599124379516,2.7518707934550965E-6
728.9203724880139,-170.54355922395732,132.9964725686576,728.9203724880139,207.39382208868923,-194.3616429662093,795.9587543081434,-140.77428045871585,107.21120897929092,0.04953135893792608,3.1020320278311784E-5
728.9203724880139,-170.54355922395732,132.9964725686576,728.9203724880139,265.55183398538486,-111.58645410773417,802.2699844963226,-115.8457000179774,102.31932555942569,0.14667459063332777,4.680601560494205E-4
728.9203724880139,-170.54355922395732,132.9964725686576,728.9203724880139,91.15363085765111,-293.0488075406172,727.7765840803858,-133.86149758098543,73.27776017899802,0.23916884988653345,6.589834507574842E-4
728.9203724880139,-170.54355922395732,132.9964725686576,728.9203724880139,-110.419184934111,-363.37542391245313,667.8662444392871,-159.7811154258402,44.14441045672078,0.37740857535472994,6.315926917697871E-4
728.9203724880139,-170.54355922395732,132.9964725686576,728.9203724880139,-214.2131203428882,-365.0928461601021,638.957339625077,-180.18853732487625,22.987110249741562,0.5650168981943217,3.7539942430607265E-4
728.9203724880139,-170.54355922395732,132.9964725686576,728.9203724880139,-234.9759643423694,-362.8346127523989,657.0054889183239,-185.948605828627,14.4489658695461,0.7639426324622669,5.971558095765984E-5
728.9203724880139,-170.54355922395732,132.9964725686576,728.9203724880139,-196.9458072323926,-366.30596213409956,699.7563300835848,-176.40520265329317,22.144819531698573,0.7145553162558965,2.943184302462379E-5
728.9203724880139,-170.54355922395732,132.9964725686576,728.9203724880139,-101.7108295855457,-362.2429193727804,757.4860234950165,-158.06588930154174,43.2218305097922,0.42947879508511183,3.08175316976993E-4
728.9203724880139,-170.54355922395732,132.9964725686576,728.9203724880139,122.20607796226355,-272.33999251601256,820.7607370033887,-126.86269809531113,72.51665093022046,0.19955762015231762,0.0012141827524221192
728.9203724880139,-170.54355922395732,132.9964725686576,728.9203724880139,301.87579045336474,-30.771528122735305,884.0898022031231,-85.44485849579138,103.49631748566625,0.17822982634393367,0.0017601259747224566
728.9203724880139,-170.54355922395732,132.9964725686576,728.9203724880139,329.0889213596663,113.8291997878238,938.4703051797562,-40.54924320495624,128.00953394492439,0.2790412704368456,0.0015439413126356021
728.9203724880139,-170.54355922395732,132.9964725686576,728.9203724880139,329.3509300241884,143.26777333027113,969.5088898903593,-16.717023961476087,136.15713675436257,0.31178446960783546,4.2401596701299054E-4
728.9203724880139,-170.54355922395732,132.9964725686576,728.9203724880139,328.73902943059,106.22154649193124,964.9324815163845,-23.779478097923757,125.12598496872428,0.28335734557064407,4.2674194913647334E-5
728.9203724880139,-170.54355922395732,132.9964725686576,728.9203724880139,321.01596905614974,41.51297593107448,926.3790530548986,-53.50498959664301,111.21457846433523,0.24582600007811412,7.543032641304688E-4
728.9203724880139,-170.54355922395732,132.9964725686576,728.9203724880139,300.50386576487654,-34.67679128515101,868.6290404623965,-90.09573720204965,104.36039863477862,0.18358403484056557,9.260042309331292E-4
728.9203724880139,-170.54355922395732,132.9964725686576,728.9203724880139,211.57279922449035,-189.47381847549028,825.0792562450953,-128.5294348868229,97.54050057632378,0.08677107353888923,8.209134710673118E-4
728.9203724880139,-170.54355922395732,132.9964725686576,728.9203724880139,-81.45834241346253,-359.00334871771963,787.7842408949326,-162.96146889303554,91.12210529034596,0.06363959195519041,7.543201435934006E-5
728.9203724880139,-170.54355922395732,132.9964725686576,728.9203724880139,-350.1706834536609,-333.6233901043395,743.2036691380026,-189.0248033493821,84.98748933289633,0.11721391092371643,1.2157941066276513E-4
728.9203724880139,-170.54355922395732,132.9964725686576,728.9203724880139,-459.5593795302,-275.0107033642047,699.1292806538981,-214.43794490881987,71.03023029302051,0.27933293436978823,4.614452934872216E-4
728.9203724880139,-170.54355922395732,132.9964725686576,728.9203724880139,-468.9660923770324,-268.1817817105366,653.4867409508228,-232.19306651135642,50.119213102312955,0.510602657645015,5.162359972448984E-4
728.9203724880139,-170.54355922395732,132.9964725686576,728.9203724880139,-434.8179082863263,-291.45501868524434,631.5945951268383,-235.2364118605238,29.09316953344998,0.7169135528281333,2.8295374841858515E-4
728.9203724880139,-170.54355922395732,132.9964725686576,728.9203724880139,-382.0396867330844,-320.0701760037605,636.8228175708691,-225.63510495233447,14.97945598402626,0.8769268902484482,2.224178850029072E-4
728.9203724880139,-170.54355922395732,132.9964725686576,728.9203724880139,-339.1800199310071,-337.7069841004003,661.8214275963336,-213.87615177043267,12.045161016344423,0.9470800635997186,2.702628207193079E-5
728.9203724880139,-170.54355922395732,132.9964725686576,728.9203724880139,-291.4094689945343,-352.17507632444347,696.8590118509587,-198.58757410517646,20.424133826253268,0.7971551202214937,8.292273709237248E-5
728.9203724880139,-170.54355922395732,132.9964725686576,728.9203724880139,-211.85023854368313,-365.29436443677776,732.7017793275091,-178.65949173307186,35.092335280258595,0.5378850742236466,1.657007702051785E-4
728.9203724880139,-170.54355922395732,132.9964725686576,728.9203724880139,-38.3932861118939,-349.22371087082377,777.2243085141351,-149.28325872756778,55.41701878536017,0.3043856217780054,4.968213017240987E-4
728.9203724880139,-170.54355922395732,132.9964725686576,728.9203724880139,139.407561971146,-259.3430519122419,808.5194835760702,-121.29425063547097,70.65615826969105,0.2545312826967525,6.51417381458878E-4
728.9203724880139,-170.54355922395732,132.9964725686576,728.9203724880139,242.3749684888344,-148.95793770275563,835.9013944303321,-97.08496043882329,82.83651482940795,0.282542185237129,5.55157957579953E-4
728.9203724880139,-170.54355922395732,132.9964725686576,728.9203724880139,303.4214573688697,-26.242853749187844,868.533737479175,-66.77335741485629,98.13251331120932,0.38039929418961543,8.841309703343014E-4
728.9203724880139,-170.54355922395732,132.9964725686576,728.9203724880139,323.1969309512658,54.12741424075304,898.4127001955228,-36.5231721220313,111.58834028499791,0.5378422344416918,8.00467742403237E-4
728.9203724880139,-170.54355922395732,132.9964725686576,728.9203724880139,327.77676683324444,92.04708138583082,922.6595665995,-13.170510431398728,120.06436805743036,0.6648164111637982,4.3905740277678504E-4
728.9203724880139,-170.54355922395732,132.9964725686576,728.9203724880139,328.4409456083182,101.14582206841158,934.2698895261606,-0.923746400604692,122.16948029968984,0.7378266132836658,1.1519928966371948E-4
728.9203724880139,-170.54355922395732,132.9964725686576,728.9203724880139,326.963190723155,83.12630355890258,929.9478270748729,-5.945740770091273,116.49715667836287,0.7105584847417662,2.286448509832561E-5
728.9203724880139,-170.54355922395732,132.9964725686576,728.9203724880139,321.2789998333218,42.93776725734868,913.5873578795567,-32.688791277239915,107.75358426750017,0.5020496052882879,6.261020458266962E-4
728.9203724880139,-170.54355922395732,132.9964725686576,728.9203724880139,304.7298520994783,-22.294172638915626,883.6110169373469,-73.14548125034409,101.17266334612364,0.26668080538694505,0.0013499006590964406
728.9203724880139,-170.54355922395732,132.9964725686576,728.9203724880139,243.93654389330655,-146.6573207542693,853.8896753804921,-119.73693398991634,98.7167439018846,0.0831182831862448,0.0012719071726903025
728.9203724880139,-170.54355922395732,132.9964725686576,728.9203724880139,-68.74690270743899,-356.53130061899105,826.1494374788169,-163.2635316674173,97.98770312130878,0.026392442814494953,3.6594292154541765E-5
728.9203724880139,-170.54355922395732,132.9964725686576,728.9203724880139,-496.81924094620354,-245.8757743915592,792.2551467075825,-201.27537175030116,97.31060470514973,0.07841994868923068,4.3741257193441387E-4
728.9203724880139,-170.54355922395732,132.9964725686576,728.9203724880139,-592.6839503303929,-134.95406427817446,756.3726457287552,-231.29713422531563,94.43358358684071,0.2471601009907688,5.231785641149704E-4
728.9203724880139,-170.54355922395732,132.9964725686576,728.9203724880139,-607.4722024295579,-110.09478755089714,719.7808947517764,-252.83656579057927,87.21162651567514,0.48331892521800496,3.500904395347014E-4
728.9203724880139,-170.54355922395732,132.9964725686576,728.9203724880139,-595.2529123043857,-130.8632731410735,686.5182090397943,-263.13265427820374,75.47352211015638,0.6625694961680643,1.4752523400933624E-4
728.9203724880139,-170.54355922395732,132.9964725686576,728.9203724880139,-557.1055195118962,-184.13102680398586,662.7790316014242,-258.2970865152896,61.005279616562234,0.6813237705583378,1.1623247890828848E-4
728.9203724880139,-170.54355922395732,132.9964725686576,728.9203724880139,-479.60186271948874,-260.0467375755503,655.662678318002,-238.13826692783636,47.033272084461004,0.5991130605227405,4.4022642712836674E-4
728.9203724880139,-170.54355922395732,132.9964725686576,728.9203724880139,-370.5889214552692,-325.24129655316324,674.7519121027028,-211.69945515341917,38.721925403102205,0.5511784907328333,2.3774498916145762E-4
728.9203724880139,-170.54355922395732,132.9964725686576,728.9203724880139,-200.644099246978,-366.0966625176934,710.1030808606848,-176.11573724194167,40.604914339863484,0.4591397828040504,1.6731902856602193E-6
728.9203724880139,-170.54355922395732,132.9964725686576,728.9203724880139,65.49403773706635,-307.78267033724876,740.0790245904525,-125.13802605492108,48.205692408587055,0.5085615837225683,6.460958719122093E-4
728.9203724880139,-170.54355922395732,132.9964725686576,728.9203724880139,202.75424067332304,-199.6425999887467,770.1582692766718,-85.58103964118213,57.28787282890184,0.7431175603135529,9.896724288377197E-4
728.9203724880139,-170.54355922395732,132.9964725686576,728.9203724880139,251.79186364946204,-134.64655571029843,789.2323727647199,-61.0816308160854,63.62809754339287,0.9938951452896474,4.5244635635150013E-4
728.9203724880139,-170.54355922395732,132.9964725686576,728.9203724880139,254.09845367365384,-130.9716332363146,798.2266272235438,-64.0370913753324,66.78938584603847,0.8789498462517613,1.2531424651295297E-5
728.9203724880139,-170.54355922395732,132.9964725686576,728.9203724880139,227.67356472735398,-169.3660948763651,805.0870575164654,-88.61370844533576,70.78789704079944,0.5033880211920765,3.817096430631939E-4
728.9203724880139,-170.54355922395732,132.9964725686576,728.9203724880139,148.66046746907736,-251.85257490704092,808.718059377727,-125.5581877200177,78.75975897519035,0.18783713612138225,7.02870278705987E-4
728.9203724880139,-170.54355922395732,132.9964725686576,728.9203724880139,-122.81317897335217,-364.7201243026268,780.7009840409207,-165.69621896464795,82.45001379180684,0.1005808730242602,1.9672584331970008E-5
728.9203724880139,-170.54355922395732,132.9964725686576,728.9203724880139,-262.0990897249503,-358.54964412303366,752.1332111683315,-180.1010198043653,81.68408752729178,0.11914928550988081,4.173449276952413E-6
728.9203724880139,-170.54355922395732,132.9964725686576,728.9203724880139,-7.937985836176495,-339.8242413422613,756.6751930584683,-151.93421613143911,78.88465645375629,0.1452134619585307,9.483563469684804E-5
728.9203724880139,-170.54355922395732,132.9964725686576,728.9203724880139,221.09947509453704,-177.83424288559516,799.9517154544466,-106.95888135725879,82.5319699952212,0.28200511149181345,0.0010277066617646264
728.9203724880139,-170.54355922395732,132.9964725686576,728.9203724880139,293.86772405383454,-52.265935826231214,852.7908836124248,-77.91624249728162,96.04569122927424,0.33631435819243166,6.966073731900541E-4
728.9203724880139,-170.54355922395732,132.9964725686576,728.9203724880139,309.8965065939492,-5.485812063296777,881.5473367637408,-77.07657857319916,106.05550336340934,0.2331637286039321,5.247849968267629E-6
728.9203724880139,-170.54355922395732,132.9964725686576,728.9203724880139,285.7038104157888,-71.54774684810548,871.229202472403,-109.35742648964657,105.56558618535169,0.08490639774960532,7.153313043618247E-4
728.9203724880139,-170.54355922395732,132.9964725686576,728.9203724880139,180.17492783458337,-223.36927050349604,831.2220068863434,-144.40115721295751,106.43312657433631,0.0272906651362056,4.2292320525116547E-4
728.9203724880139,-170.54355922395732,132.9964725686576,728.9203724880139,-383.1125095214352,-319.5678227192367,780.7981469801829,-183.82188518426383,104.72660426277656,0.03256822668225474,1.6179516764336558E-4
728.9203724880139,-170.54355922395732,132.9964725686576,728.9203724880139,-546.8538975610718,-196.23069711909224,732.5969347558712,-214.02321105294627,94.95690455167917,0.15349989443268797,5.76970486006796E-4
728.9203724880139,-170.54355922395732,132.9964725686576,728.9203724880139,-447.55312732266,-283.25549341080796,728.8054411714804,-202.51591358414407,84.95280587957834,0.15322421312764964,1.6786535707175547E-4
728.9203724880139,-170.54355922395732,132.9964725686576,728.9203724880139,-95.74444011566891,-361.37696096172954,762.8132045138979,-162.84499910358468,82.11400703535702,0.11201639109863445,2.7459175660962368E-5
728.9203724880139,-170.54355922395732,132.9964725686576,728.9203724880139,167.20177161803477,-235.68779817588248,799.7353827448047,-127.87857909280176,86.42319486628034,0.15172216127283047,5.005973924018853E-4
728.9203724880139,-170.54355922395732,132.9964725686576,728.9203724880139,273.9929977291082,-95.88613824377157,846.9603446986172,-103.0055274241113,98.22254721719608,0.1663524770418518,5.156819215397666E-4
728.9203724880139,-170.54355922395732,132.9964725686576,728.9203724880139,318.62367803801806,29.481188723776782,891.9158413928542,-82.47936396272195,114.36073927616874,0.15986704601489773,3.5895017724001034E-4
728.9203724880139,-170.54355922395732,132.9964725686576,728.9203724880139,327.8311720483441,92.71462517729185,918.0347116903781,-76.8827019339708,125.42620039561211,0.12169753054739668,2.4130815644631613E-5
728.9203724880139,-170.54355922395732,132.9964725686576,728.9203724880139,324.8544259293059,200.67834832640534,925.9982969969425,-83.7697995502798,144.85160924114436,0.0793203485602081,6.236794034233129E-5
728.9203724880139,-170.54355922395732,132.9964725686576,728.9203724880139,304.6946048602798,288.39495196225914,886.1305760494392,-105.91288512769594,154.13010457840127,0.06910068329528257,3.987567890829021E-4
728.9203724880139,-170.54355922395732,132.9964725686576,728.9203724880139,267.1074288831293,374.7848358306036,830.4317880603202,-138.9862137288934,150.43091033639834,0.025093930208227692,6.11298306781192E-4
728.9203724880139,-170.54355922395732,132.9964725686576,728.9203724880139,318.32586087687446,237.90924629176743,772.4974329428109,-169.5066943542958,133.2189867308848,2.525084460017959E-5,7.353223016629776E-4
728.9203724880139,-170.54355922395732,132.9964725686576,728.9203724880139,-449.5462863013546,-281.92216799039875,719.816726541923,-187.05912383533897,108.435366344349,0.035404772359922114,6.180926882547998E-4
728.9203724880139,-170.54355922395732,132.9964725686576,728.9203724880139,-378.05586232554094,-321.9086208975251,693.9777667879312,-193.70151307321578,82.22998305056177,0.13428547993416087,5.467937635510301E-4
728.9203724880139,-170.54355922395732,132.9964725686576,728.9203724880139,-253.32791682032877,-360.1026555357796,701.1706969158496,-182.03947033796354,64.52189703687816,0.22711373524535586,2.94945998526345E-4
728.9203724880139,-170.54355922395732,132.9964725686576,728.9203724880139,-139.73457093209106,-366.05343098852336,722.6784637711803,-165.94062289975903,58.437226841090364,0.27725729411675076,3.0358647417803253E-5
728.9203724880139,-170.54355922395732,132.9964725686576,728.9203724880139,-37.43181401824708,-348.9591927038756,745.1728762457446,-150.5132608975796,60.47307697664675,0.27964278308195645,2.1485961719052212E-5
728.9203724880139,-170.54355922395732,132.9964725686576,728.9203724880139,48.102086751273816,-316.66348950943745,767.4905254283115,-137.71718603914877,65.48675539315735,0.26576137347310924,6.901718243686148E-5
728.9203724880139,-170.54355922395732,132.9964725686576,728.9203724880139,146.95884470020397,-253.25761932213229,797.8566608678823,-123.53651348220745,75.81056297855156,0.2266892938595972,2.00889618038821E-4
728.9203724880139,-170.54355922395732,132.9964725686576,728.9203724880139,267.19448377063804,-108.63424922652675,851.1972949699513,-100.75916872947946,94.4755970928519,0.1822272840167577,5.490772371936122E-4
728.9203724880139,-170.54355922395732,132.9964725686576,728.9203724880139,325.6314346042591,71.26823349147824,911.3974707487665,-65.11770935345486,119.88063209570083,0.2082219243752506,9.858205083264479E-4
728.9203724880139,-170.54355922395732,132.9964725686576,728.9203724880139,328.54361363828673,163.19570905524088,966.1558528255828,-30.8544609037214,141.44891203044028,0.2292346657716037,8.519876681767448E-4
728.9203724880139,-170.54355922395732,132.9964725686576,728.9203724880139,326.832658591298,184.15209739908713,999.8966971856025,-8.2312675152385,149.6904486829369,0.22072113044051644,3.9348414332821246E-4
728.9203724880139,-170.54355922395732,132.9964725686576,728.9203724880139,326.7636361508188,184.81879814822096,1010.7872175105931,-3.1816286751492555,150.43656701166776,0.19875455131838446,1.8588514548069716E-5
728.9203724880139,-170.54355922395732,132.9964725686576,728.9203724880139,325.15049005664525,198.47478583190116,1024.2689496882733,-4.362242188738744,154.94806216535005,0.13951860318778864,1.7995906968899748E-6
728.9203724880139,-170.54355922395732,132.9964725686576,728.9203724880139,318.2697193198155,238.17051270826593,1028.9905889174897,-8.865312793698042,167.7834866007137,0.1137997738750573,3.642177912667575E-5
728.9203724880139,-170.54355922395732,132.9964725686576,728.9203724880139,300.41736888738933,300.9125355063616,1018.2797405579453,-15.059714909089237,188.43256806912964,0.1512930943466229,1.1765092016256218E-4
728.9203724880139,-170.54355922395732,132.9964725686576,728.9203724880139,256.7457239010239,392.65753727905974,987.1470877976415,-34.21054857545707,215.8452031552603,0.2603863009058781,7.156977852531768E-4
728.9203724880139,-170.54355922395732,132.9964725686576,728.9203724880139,174.64514419166395,494.7211731825945,943.578419110475,-60.35536703315071,248.46314467298788,0.5291069858152332,0.0013563798274285287
728.9203724880139,-170.54355922395732,132.9964725686576,728.9203724880139,79.28476635992527,566.1082453663427,893.8535861682667,-84.64608708629908,281.9115579555207,1.0,0.0012714026915032945
728.9203724880139,-170.54355922395732,132.9964725686576,728.9203724880139,182.01674235306186,-221.5472253755045,754.5954452840739,-147.0986452499687,109.41966468319913,0.04362136874671072,0.022802961084149226
