717.7301624774991,-189.10783887505588,132.96012389598178,717.7301624774991,-670.549648911059,267.91857509210774,708.2457839123468,-327.2523635758406,171.68499304153576,1.0,0.0401224447235696
717.7301624774991,-189.10783887505588,132.96012389598178,717.7301624774991,-670.5366579096528,267.96490974801475,708.2404118630847,-327.2477733039608,171.69804636307856,1.0,4.6367567784642806E-11
717.7301624774991,-189.10783887505588,132.96012389598178,717.7301624774991,-670.5611583681745,267.87751028134386,708.2258709986859,-327.2491261804844,171.67137726272526,1.0,5.305961002399291E-11
717.7301624774991,-189.10783887505588,132.96012389598178,717.7301624774991,-670.5636772368001,267.8685213640045,708.2238156691078,-327.24833466864413,171.66837380809238,1.0,1.8167929171372121E-12
717.7301624774991,-189.10783887505588,132.96012389598178,717.7301624774991,-670.5650521787495,267.8636144284422,708.222689861423,-327.24776526941105,171.66669581463893,1.0,7.361870673087005E-13
717.7301624774991,-189.10783887505588,132.96012389598178,717.7301624774991,-670.5655327610012,267.8618992661651,708.2209051051972,-327.24886560266754,171.66647337106025,1.0,9.208484015554164E-13
717.7301624774991,-189.10783887505588,132.96012389598178,717.7301624774991,-670.8955886213482,266.6783507553143,708.205489735712,-327.0668120469625,171.25007477496538,1.0,6.044110706760437E-8
717.7301624774991,-189.10783887505588,132.96012389598178,717.7301624774991,-671.1516973943533,265.7521359442507,708.4436152510233,-327.0544968587797,170.96125998609082,1.0,5.749198792513293E-9
717.7301624774991,-189.10783887505588,132.96012389598178,717.7301624774991,-671.2983999992581,265.21844220801506,708.4335908547687,-326.832743270798,170.73619359464712,1.0,5.4962025285944464E-8
717.7301624774991,-189.10783887505588,132.96012389598178,717.7301624774991,-671.3648727017004,264.975855249206,708.493858970707,-326.4430469697463,170.5550300672935,1.0,1.3211208267624044E-7
717.7301624774991,-189.10783887505588,132.96012389598178,717.7301624774991,-671.3853845692462,264.9009019715569,708.6817853913593,-325.8720299171288,170.3758691241658,1.0,2.633756485984344E-7
717.7301624774991,-189.10783887505588,132.96012389598178,717.7301624774991,-671.4609591965614,264.6243457487966,708.867321655766,-325.1986889137592,170.107796662545,1.0,3.820987610768931E-7
717.7301624774991,-189.10783887505588,132.96012389598178,717.7301624774991,-671.538881433931,264.3385436442677,709.0594022454349,-324.2727149083755,169.7690069324903,1.0,7.118730285777782E-7
717.7301624774991,-189.10783887505588,132.96012389598178,717.7301624774991,-671.5890411582641,264.15421462932983,709.300363973658,-323.1086275022391,169.3970079410013,1.0,1.100405578591168E-6
717.7301624774991,-189.10783887505588,132.96012389598178,717.7301624774991,-671.6831572266353,263.80760043974885,709.6037126892631,-321.6912747981636,168.90934749345112,1.0,1.652975650848992E-6
717.7301624774991,-189.10783887505588,132.96012389598178,717.7301624774991,-671.8262946256842,263.278551133762,709.9374932639076,-319.9814142900458,168.29177179940731,1.0,2.4287311048805703E-6
717.7301624774991,-189.10783887505588,132.96012389598178,717.7301624774991,-671.9618354720538,262.7754464519352,710.3270090320311,-318.10630930088854,167.64136950143276,1.0,2.901757985862406E-6
717.7301624774991,-189.10783887505588,132.96012389598178,717.7301624774991,-672.1364905549071,262.1240571604379,710.703870736816,-316.0818533486872,166.91351998285066,1.0,3.4050326029822375E-6
717.7301624774991,-189.10783887505588,132.96012389598178,717.7301624774991,-672.285326325306,261.5661720479384,711.1935207208708,-313.96614613729696,166.19332265421846,1.0,3.684720189378254E-6
717.7301624774991,-189.10783887505588,132.96012389598178,717.7301624774991,-672.3995400603495,261.1362978341393,711.5294056641377,-311.7750348260854,165.493295490205,1.0,3.913010616134535E-6
717.7301624774991,-189.10783887505588,132.96012389598178,717.7301624774991,-672.594419160687,260.39923360609345,711.8912379427721,-309.71485755289956,164.75015015899612,0.9932101805476062,3.526681530118555E-6
717.7301624774991,-189.10783887505588,132.96012389598178,717.7301624774991,-672.7503922116375,259.80601701858836,712.2885918935048,-307.56655085739453,164.02852558208468,0.9462045511194295,3.789751248711255E-6
717.7301624774991,-189.10783887505588,132.96012389598178,717.7301624774991,-672.813937576216,259.56348119468686,712.2731475145018,-307.26594139845724,163.88636714922058,0.9395283366678887,7.856895030293677E-8
717.7301624774991,-189.10783887505588,132.96012389598178,717.7301624774991,-673.0737429487708,258.5666670938251,712.160507959208,-307.2639030019409,163.62586842037334,0.9381178587174706,3.3322684549426296E-9
717.7301624774991,-189.10783887505588,132.96012389598178,717.7301624774991,-673.3965887221326,257.31609187321845,712.0741464748694,-307.33382775502764,163.31826723893033,0.937905021745232,1.5274207155020054E-8
717.7301624774991,-189.10783887505588,132.96012389598178,717.7301624774991,-673.4245764976199,257.207046025411,712.1633693965096,-307.2404056179902,163.26592726984217,0.9358291217027475,7.871848197467536E-9
717.7301624774991,-189.10783887505588,132.96012389598178,717.7301624774991,-673.4727483222113,257.01911992709984,712.1652799473717,-307.23168630993854,163.2148463878127,0.9354008261879638,3.2769446528698216E-10
717.7301624774991,-189.10783887505588,132.96012389598178,717.7301624774991,-673.4755921183885,257.008016332758,712.2354475458334,-307.18141508158783,163.19908630175377,0.9343544703002387,2.033505274049046E-9
717.7301624774991,-189.10783887505588,132.96012389598178,717.7301624774991,-673.5044495004545,256.8952828083177,712.3533362962687,-307.05514395908074,163.13749854771086,0.9316018212063283,1.3914469603812196E-8
717.7301624774991,-189.10783887505588,132.96012389598178,717.7301624774991,-673.5443954191717,256.73905055023795,712.4279032998369,-306.83917631059546,163.04178966724373,0.9269189294845817,3.989955769045228E-8
717.7301624774991,-189.10783887505588,132.96012389598178,717.7301624774991,-673.6070998928237,256.49338287200345,712.5170919990551,-306.49587984432156,162.89066957995618,0.9195079761530394,1.0071702140432922E-7
717.7301624774991,-189.10783887505588,132.96012389598178,717.7301624774991,-673.6722082517032,256.2377452658479,712.6218434143759,-305.99360015680253,162.69693397418922,0.9088717013970232,2.103641582471265E-7
717.7301624774991,-189.10783887505588,132.96012389598178,717.7301624774991,-673.7095453514395,256.0908921067623,712.6576777042037,-305.93933913186095,162.645434916527,0.9075852071385688,3.130700665208156E-9
717.7301624774991,-189.10783887505588,132.96012389598178,717.7301624774991,-673.8265964229787,255.62929720858722,712.5887556566508,-305.94310174592965,162.52796068165446,0.9070662916324362,7.737846242773393E-10
717.7301624774991,-189.10783887505588,132.96012389598178,717.7301624774991,-674.2250383554964,254.0439905680302,712.4447279106577,-306.0224820201693,162.14168471830388,0.9066865282578556,2.1350704191905136E-8
717.7301624774991,-189.10783887505588,132.96012389598178,717.7301624774991,-674.3151571439479,253.68236003460794,712.4124565887847,-306.0391823113813,162.05328206327874,0.9065750457103278,1.0356792473243363E-9
717.7301624774991,-189.10783887505588,132.96012389598178,717.7301624774991,-674.3282247179199,253.62982664900193,712.4093609365432,-306.03817239142444,162.0395875786992,0.9064892128221519,1.3489522019934927E-11
717.7301624774991,-189.10783887505588,132.96012389598178,717.7301624774991,-674.3603542121056,253.5005584358751,712.4350527311681,-306.0112502807901,161.99982500964896,0.9057883898456267,9.3714171564828E-10
717.7301624774991,-189.10783887505588,132.96012389598178,717.7301624774991,-674.3775907339904,253.4311491708096,712.5819217180031,-305.826613306073,161.93623536936602,0.9019800224082194,2.7814436564487697E-8
717.7301624774991,-189.10783887505588,132.96012389598178,717.7301624774991,-674.4087707388321,253.3054833085923,712.6684513109287,-305.61990206747606,161.85288960106078,0.8976512502479133,3.581302769007834E-8
717.7301624774991,-189.10783887505588,132.96012389598178,717.7301624774991,-674.4504199049737,253.13740560603526,712.8094175578296,-305.2368961582733,161.7152238549278,0.8897445119852813,1.2061125152858446E-7
717.7301624774991,-189.10783887505588,132.96012389598178,717.7301624774991,-674.5047792903474,252.9176590301864,712.9139371601132,-304.77295283987587,161.54477455398904,0.8802015872220113,1.7766657933981133E-7
717.7301624774991,-189.10783887505588,132.96012389598178,717.7301624774991,-674.5836313908533,252.59813993251805,713.051535820178,-304.1272057392278,161.30487160440697,0.8670308294232967,3.450438748270637E-7
717.7301624774991,-189.10783887505588,132.96012389598178,717.7301624774991,-674.6437820693542,252.35379151040405,713.1051505036975,-304.0737143604062,161.230322461294,0.8657057631225521,3.5741946915008093E-9
717.7301624774991,-189.10783887505588,132.96012389598178,717.7301624774991,-674.839059532334,251.55684087748412,713.0116525515249,-304.0967724288713,161.03595972599697,0.8652266703987099,3.4442098769278528E-9
717.7301624774991,-189.10783887505588,132.96012389598178,717.7301624774991,-675.237028916862,249.91486124893208,712.8656429225078,-304.17443505559044,160.64326617598988,0.8648655394046325,2.05550106436892E-8
717.7301624774991,-189.10783887505588,132.96012389598178,717.7301624774991,-675.2762140413794,249.7518658477864,712.850627937044,-304.18258220605713,160.60441425873225,0.8648396548426152,2.122267552282139E-10
717.7301624774991,-189.10783887505588,132.96012389598178,717.7301624774991,-675.2879432181601,249.70303006560027,712.8476915655308,-304.1819808514421,160.59204391757524,0.8647724206813518,8.861201954112118E-12
717.7301624774991,-189.10783887505588,132.96012389598178,717.7301624774991,-675.3019352357936,249.6447444077083,712.8878136092851,-304.1329213758402,160.56567937556886,0.8637513697242155,2.131393330548239E-9
717.7301624774991,-189.10783887505588,132.96012389598178,717.7301624774991,-675.3226906993505,249.5582279349378,713.010956444007,-303.9393797767771,160.49762075107787,0.8598829493708986,3.061829491853809E-8
717.7301624774991,-189.10783887505588,132.96012389598178,717.7301624774991,-675.3466694265195,249.4581911071809,713.1015471189293,-303.7394126741152,160.42472760486825,0.8558789572835704,3.287321600201523E-8
717.7301624774991,-189.10783887505588,132.96012389598178,717.7301624774991,-675.3875094176138,249.28760137667552,713.2557878334968,-303.3500710905832,160.2890695633349,0.8481441241883262,1.23821896496826E-7
717.7301624774991,-189.10783887505588,132.96012389598178,717.7301624774991,-675.4435654132992,249.05302244072033,713.3604173053599,-302.8710010491683,160.11645752258266,0.8386532668355816,1.8852045036138588E-7
717.7301624774991,-189.10783887505588,132.96012389598178,717.7301624774991,-675.5055182126573,248.7931827997155,713.4629105139084,-302.22179020304384,159.89761875585089,0.8259728611222045,3.428917736358057E-7
717.7301624774991,-189.10783887505588,132.96012389598178,717.7301624774991,-675.5568829175254,248.57728330654498,713.5078738211823,-302.1625178606911,159.83048370544842,0.8246276582822509,3.9362255680569735E-9
717.7301624774991,-189.10783887505588,132.96012389598178,717.7301624774991,-675.7531679308236,247.7482927471467,713.4110885903297,-302.1814678772311,159.63152921636095,0.8241012020526645,3.017034191157521E-9
717.7301624774991,-189.10783887505588,132.96012389598178,717.7301624774991,-676.1696294802363,245.96814189680975,713.2551837795794,-302.26335012000214,159.21445198805645,0.8237858332391249,2.222194118549355E-8
717.7301624774991,-189.10783887505588,132.96012389598178,717.7301624774991,-676.1943518576998,245.86153606787926,713.2460014673101,-302.26859004145257,159.18956829362233,0.8237743003607438,8.447730535671708E-11
717.7301624774991,-189.10783887505588,132.96012389598178,717.7301624774991,-676.2123131451883,245.78401828904867,713.2410913840284,-302.26857517825823,159.17058928175834,0.8236938178015335,1.356379233398167E-11
717.7301624774991,-189.10783887505588,132.96012389598178,717.7301624774991,-676.2372554962112,245.67627829424373,713.3016268364253,-302.18101531849953,159.1239587608615,0.8219377980362618,6.747265649295266E-9
717.7301624774991,-189.10783887505588,132.96012389598178,717.7301624774991,-676.2522431390853,245.61148604595252,713.405892824905,-302.0175026596049,159.0703025491493,0.8188022887642163,2.1595166779514124E-8
717.7301624774991,-189.10783887505588,132.96012389598178,717.7301624774991,-676.2764407665799,245.50679568621194,713.5097255084903,-301.79753031112074,158.99392342032212,0.8145725302233037,3.9413200524000576E-8
717.7301624774991,-189.10783887505588,132.96012389598178,717.7301624774991,-676.3187374226341,245.32355360717122,713.6303091931009,-301.44981539599246,158.869088207037,0.807892985973147,9.902408185580995E-8
717.7301624774991,-189.10783887505588,132.96012389598178,717.7301624774991,-676.3677626516974,245.11076669922906,713.7607574945125,-300.9091468366071,158.69297805100445,0.7976478691980089,2.3620990525858436E-7
717.7301624774991,-189.10783887505588,132.96012389598178,717.7301624774991,-676.4582790296632,244.71677238326612,713.8676643683197,-300.28734549545425,158.45522560641388,0.7858340376742532,3.2009210536490064E-7
717.7301624774991,-189.10783887505588,132.96012389598178,717.7301624774991,-676.480967193732,244.6177872821877,713.8986614870282,-300.189281096587,158.40899163888298,0.7839503736025795,8.244681589624443E-9
717.7301624774991,-189.10783887505588,132.96012389598178,717.7301624774991,-676.6926490009962,243.68976281190498,713.7943559640529,-300.21217068675,158.19171907288268,0.7834683920694723,3.6406926144303186E-9
717.7301624774991,-189.10783887505588,132.96012389598178,717.7301624774991,-677.1118710029704,241.82731191375638,713.6345276335045,-300.2950630534091,157.764510013485,0.7832082212486532,2.2191814142842794E-8
717.7301624774991,-189.10783887505588,132.96012389598178,717.7301624774991,-677.1348809504645,241.72411703308245,713.6251309383886,-300.30023716468264,157.74098274560683,0.7832051942918762,7.595411114353267E-11
717.7301624774991,-189.10783887505588,132.96012389598178,717.7301624774991,-677.1645727326535,241.5908034310656,713.6144891420882,-300.30436467473,157.71002144187554,0.7831550583022412,8.498002338738161E-11
717.7301624774991,-189.10783887505588,132.96012389598178,717.7301624774991,-677.1856576655491,241.49602949737442,713.6593160951328,-300.2265658861067,157.67005989615726,0.7816576564510258,5.262060813040214E-9
717.7301624774991,-189.10783887505588,132.96012389598178,717.7301624774991,-677.1952191008596,241.45302349918924,713.7721540069589,-300.06584425186884,157.62405954608917,0.7787150081214123,2.0469439889886366E-8
717.7301624774991,-189.10783887505588,132.96012389598178,717.7301624774991,-677.2202922153535,241.3401630827056,713.8690854258014,-299.8590006659728,157.5512097671437,0.7748781557213705,3.485204460293018E-8
717.7301624774991,-189.10783887505588,132.96012389598178,717.7301624774991,-677.2514281988023,241.19984027647496,714.003037052039,-299.52963544526006,157.4447718651198,0.7688291940982451,8.735331716239594E-8
717.7301624774991,-189.10783887505588,132.96012389598178,717.7301624774991,-677.2993750776121,240.9833805594809,714.0951748039852,-299.09211629099286,157.29659625817723,0.7608065414545215,1.5519786295465763E-7
717.7301624774991,-189.10783887505588,132.96012389598178,717.7301624774991,-677.3868913168109,240.58710446582725,714.2316656314318,-298.4588973238592,157.06339882474865,0.7492339740227021,3.292528618691264E-7
717.7301624774991,-189.10783887505588,132.96012389598178,717.7301624774991,-677.4295490169775,240.39339343605047,714.2757795978081,-298.418453992467,157.00901734797776,0.7483583553916674,1.9248120049150848E-9
717.7301624774991,-189.10783887505588,132.96012389598178,717.7301624774991,-677.6584302764599,239.34771547196607,714.1596499288648,-298.4456971760072,156.76971827053282,0.74791726670974,4.41079281932462E-9
717.7301624774991,-189.10783887505588,132.96012389598178,717.7301624774991,-678.0503282468875,237.53183176611418,714.0061879561315,-298.5248282306697,156.36148846469544,0.7477414014828746,1.9434551871151166E-8
717.7301624774991,-189.10783887505588,132.96012389598178,717.7301624774991,-678.0872995250643,237.3588167155129,713.9909469277858,-298.53231020015187,156.3226016442751,0.7477249402205792,1.7504286843012185E-10
717.7301624774991,-189.10783887505588,132.96012389598178,717.7301624774991,-678.1245062168372,237.18439679791973,713.976937380862,-298.5383403523934,156.28308037467906,0.7476821881466763,1.4678317737478212E-10
717.7301624774991,-189.10783887505588,132.96012389598178,717.7301624774991,-678.1424339129053,237.1002451565538,714.0069313795667,-298.4851666782312,156.25207153354805,0.7466808976561236,2.5118678746747452E-9
717.7301624774991,-189.10783887505588,132.96012389598178,717.7301624774991,-678.1607289204263,237.0142960289188,714.121302477357,-298.3078433712324,156.19424907149912,0.7435137419457378,2.5289077832610508E-8
717.7301624774991,-189.10783887505588,132.96012389598178,717.7301624774991,-678.1799422107434,236.92395288860115,714.2262528558663,-298.1030512318383,156.1296310937723,0.7398709215823663,3.35932573427535E-8
717.7301624774991,-189.10783887505588,132.96012389598178,717.7301624774991,-678.2123129828541,236.77155586632955,714.3917636860671,-297.7470397663844,156.018573797132,0.7335699557196749,1.0142892160553941E-7
717.7301624774991,-189.10783887505588,132.96012389598178,717.7301624774991,-678.2637757501527,236.52879396490871,714.4628054951248,-297.32913977995236,155.87374992585714,0.7261542165947218,1.4172794052887544E-7
717.7301624774991,-189.10783887505588,132.96012389598178,717.7301624774991,-678.3149704848827,236.28670509407203,714.5960998027991,-296.6943013233294,155.68371198308873,0.7150995131015458,3.2125529993327964E-7
717.7301624774991,-189.10783887505588,132.96012389598178,717.7301624774991,-678.3768572070574,235.99326274188752,714.6398059747286,-296.6384612810623,155.60455289807882,0.7139226022769808,3.6991520746604108E-9
717.7301624774991,-189.10783887505588,132.96012389598178,717.7301624774991,-678.4642655466929,235.57731385539716,714.5510818021028,-296.6253298272692,155.50635439722407,0.7133605379253366,7.996553989185223E-10
717.7301624774991,-189.10783887505588,132.96012389598178,717.7301624774991,-678.6054519585878,234.90170905888232,714.3107057517384,-296.5463906916666,155.33501600382687,0.7114589989163908,9.242088216344089E-9
717.7301624774991,-189.10783887505588,132.96012389598178,717.7301624774991,-678.7323804008186,234.29031848617655,714.2603684018283,-296.5720880953527,155.20037609218198,0.7114149440343865,2.0201630742789677E-9
717.7301624774991,-189.10783887505588,132.96012389598178,717.7301624774991,-678.9761967397603,233.1049787959609,714.3205471521645,-296.7099988883428,154.95746773020244,0.71285582501689,2.4816498035572825E-8
717.7301624774991,-189.10783887505588,132.96012389598178,717.7301624774991,-679.0273868563639,232.85425037892787,714.4110465996906,-296.70160985824145,154.89839072297016,0.7125355120135913,2.9423744139598493E-10
717.7301624774991,-189.10783887505588,132.96012389598178,717.7301624774991,-679.1010782170147,232.4921559217264,714.4953504852191,-296.5123871858282,154.77714520128575,0.709067479704113,3.229068954207869E-8
717.7301624774991,-189.10783887505588,132.96012389598178,717.7301624774991,-679.1304908809207,232.34724841993136,714.5637811631196,-296.32289420139244,154.70564119185002,0.7057689071241796,2.9387489759440953E-8
717.7301624774991,-189.10783887505588,132.96012389598178,717.7301624774991,-679.1651068570102,232.17642345438617,714.7225385375477,-295.9356012232542,154.58832117573965,0.6991574904036946,1.1942143488604255E-7
717.7301624774991,-189.10783887505588,132.96012389598178,717.7301624774991,-679.2209304505913,231.90029504133034,714.8192366443047,-295.489398140027,154.43559529493976,0.6915277368310598,1.609334357389575E-7
717.7301624774991,-189.10783887505588,132.96012389598178,717.7301624774991,-679.2918431922125,231.54836818300473,714.9511287954832,-294.8879263707518,154.2351410627615,0.6813553145767841,2.9156088064582743E-7
717.7301624774991,-189.10783887505588,132.96012389598178,717.7301624774991,-679.3673442591837,231.17222793876442,715.0917306026507,-294.114489096419,153.99576714912834,0.6684869768959263,4.780672574142253E-7
717.7301624774991,-189.10783887505588,132.96012389598178,717.7301624774991,-679.4105420363104,230.95634460253137,715.145968773998,-294.02130063765094,153.9290532689738,0.6668344333387053,8.018923249082366E-9
717.7301624774991,-189.10783887505588,132.96012389598178,717.7301624774991,-679.6783675540087,229.6066778524097,715.0089207842974,-294.0569266859815,153.6359841134928,0.6664693510357023,6.15394636129569E-9
717.7301624774991,-189.10783887505588,132.96012389598178,717.7301624774991,-680.0728288232067,227.58241854799365,714.8451540686857,-294.13989397458573,153.20265497051648,0.6664278952640705,1.959962802824653E-8
717.7301624774991,-189.10783887505588,132.96012389598178,717.7301624774991,-680.0950442831512,227.46707668543922,714.8352984687101,-294.14497498822897,153.17804312981727,0.6664320490721211,6.828834562223556E-11
717.7301624774991,-189.10783887505588,132.96012389598178,717.7301624774991,-680.1491579464434,227.185507761646,714.813663254851,-294.15346674870034,153.11721501108792,0.6663797204767005,2.8801926213926853E-10
717.7301624774991,-189.10783887505588,132.96012389598178,717.7301624774991,-680.1727395516036,227.06253259805635,714.878214147722,-294.05730971117555,153.07151443535992,0.6647552283007319,7.80286205015305E-9
717.7301624774991,-189.10783887505588,132.96012389598178,717.7301624774991,-680.178133954898,227.034378026412,714.9865714693965,-293.9088464649083,153.03683535646618,0.6623599067226871,1.7057382726885977E-8
717.7301624774991,-189.10783887505588,132.96012389598178,717.7301624774991,-680.202977060058,226.9046035158812,715.0821859098311,-293.7041900102616,152.96897556951535,0.6590023644266374,3.359674123355363E-8
717.7301624774991,-189.10783887505588,132.96012389598178,717.7301624774991,-680.2365439842544,226.72896209803062,715.2447780170769,-293.33800330065515,152.8602871772624,0.6530609180543483,1.0627634884544304E-7
717.7301624774991,-189.10783887505588,132.96012389598178,717.7301624774991,-680.2807504516322,226.49712691290893,715.3252574206642,-292.88708383642444,152.72342785728452,0.6457762187972605,1.615986071154967E-7
717.7301624774991,-189.10783887505588,132.96012389598178,717.7301624774991,-680.349412595648,226.13585168233232,715.4520750729127,-292.28815547661975,152.53074170783043,0.6361607443452307,2.8708416399085963E-7
717.7301624774991,-189.10783887505588,132.96012389598178,717.7301624774991,-680.4075591178892,225.82876709331606,715.6319097508089,-291.53342456518317,152.32126899704735,0.6242847833848627,4.4892510421400956E-7
717.7301624774991,-189.10783887505588,132.96012389598178,717.7301624774991,-680.4724956564597,225.48457507561966,715.6437590480674,-291.45372410079403,152.2319553765646,0.6228511121745323,6.6116261849702655E-9
717.7301624774991,-189.10783887505588,132.96012389598178,717.7301624774991,-680.6260933398461,224.66511573331704,715.5519428209998,-291.4725921492112,152.0588222213554,0.6226419488200097,1.8567098500866261E-9
717.7301624774991,-189.10783887505588,132.96012389598178,717.7301624774991,-681.0704729486534,222.25047430053274,715.3584022043764,-291.56944813057873,151.55672526321317,0.6226912914021239,2.5081681366164012E-8
717.7301624774991,-189.10783887505588,132.96012389598178,717.7301624774991,-681.1800956650096,221.64436205385218,715.3092653505786,-291.5953702183959,151.43104663638883,0.6227342408765126,1.677989123792866E-9
717.7301624774991,-189.10783887505588,132.96012389598178,717.7301624774991,-681.2123324638846,221.46530673677557,715.2960876127829,-291.60033571253217,151.3934389552618,0.6227061800957625,9.788818971270855E-11
717.7301624774991,-189.10783887505588,132.96012389598178,717.7301624774991,-681.2536612608203,221.23520253225126,715.3396513024933,-291.5127850779076,151.3282665634896,0.6212356752569789,7.012345027729464E-9
717.7301624774991,-189.10783887505588,132.96012389598178,717.7301624774991,-681.2691061544601,221.1490517153564,715.4711651918722,-291.3344157728964,151.27780310121548,0.6184696708389862,2.5015670861406174E-8
717.7301624774991,-189.10783887505588,132.96012389598178,717.7301624774991,-681.2903508170828,221.03040797884694,715.551265808409,-291.16781902617697,151.22255953176793,0.6158686458690398,2.2186351240607445E-8
717.7301624774991,-189.10783887505588,132.96012389598178,717.7301624774991,-681.310782379735,220.9161493025999,715.7250624195998,-290.8510615008613,151.1415053613315,0.6110085942485554,7.82041178019598E-8
717.7301624774991,-189.10783887505588,132.96012389598178,717.7301624774991,-681.3618476231275,220.62990701110897,715.8193931669159,-290.4021455779793,151.00050496271547,0.6040873320702652,1.6030258193714687E-7
717.7301624774991,-189.10783887505588,132.96012389598178,717.7301624774991,-681.4073891907998,220.37381137635475,715.95595691946,-289.76997183349,150.83389247020204,0.5945168287096659,3.126995696095037E-7
717.7301624774991,-189.10783887505588,132.96012389598178,717.7301624774991,-681.4829649262792,219.9471070948598,716.0681570670088,-289.08909041619285,150.62362269568942,0.5842490307931645,3.683384573925871E-7
717.7301624774991,-189.10783887505588,132.96012389598178,717.7301624774991,-681.5913849118537,219.3311658198889,716.2384044996593,-288.1737212957282,150.33415304404477,0.5706277777090032,6.677895949674053E-7
717.7301624774991,-189.10783887505588,132.96012389598178,717.7301624774991,-681.6308639883954,219.10575485428836,716.2575353531088,-288.0466614185478,150.26519768886627,0.5686843797834453,1.380463565227946E-8
717.7301624774991,-189.10783887505588,132.96012389598178,717.7301624774991,-681.8619352497814,217.7740408313984,716.115418523847,-288.0908620469133,149.9972991667279,0.5686447173622359,5.810742193135716E-9
717.7301624774991,-189.10783887505588,132.96012389598178,717.7301624774991,-682.3291481567585,215.01339970166188,715.901902271722,-288.1983379972749,149.44501597422348,0.5688273987302521,2.8340949859078473E-8
717.7301624774991,-189.10783887505588,132.96012389598178,717.7301624774991,-682.3800697084291,214.70672192102097,715.8776448357827,-288.21090669617774,149.383790467551,0.5688594086574696,3.688554610816518E-10
717.7301624774991,-189.10783887505588,132.96012389598178,717.7301624774991,-682.419568346751,214.46802268895183,715.8601925104679,-288.2185423612796,149.33578396331188,0.5688539468678807,1.7327701538976558E-10
717.7301624774991,-189.10783887505588,132.96012389598178,717.7301624774991,-682.4463308966525,214.3058815595317,715.8919470083193,-288.16055380663255,149.29276015901232,0.5679463115458669,3.0301938405563786E-9
717.7301624774991,-189.10783887505588,132.96012389598178,717.7301624774991,-682.4713001315603,214.15430531929377,716.0624059024217,-288.0147125644671,149.23750006384404,0.5657952900442603,1.7175031017985974E-8
717.7301624774991,-189.10783887505588,132.96012389598178,717.7301624774991,-682.5087733075628,213.92627670769087,716.1855519594782,-287.87176674372546,149.167096193869,0.5636522358369956,1.7083768474399352E-8
717.7301624774991,-189.10783887505588,132.96012389598178,717.7301624774991,-682.5475432864026,213.6896606866929,716.3387354979178,-287.55687123772714,149.06694446408648,0.5590690187836379,7.861889926679668E-8
717.7301624774991,-189.10783887505588,132.96012389598178,717.7301624774991,-682.5986730296875,213.37651902387734,716.4219589797104,-287.1280678076931,148.93293010600317,0.5528689629957722,1.4559243816305238E-7
717.7301624774991,-189.10783887505588,132.96012389598178,717.7301624774991,-682.6380134840201,213.13472555040389,716.526106931046,-286.5886696375635,148.79600826013152,0.5452084231135487,2.2628446057704603E-7
717.7301624774991,-189.10783887505588,132.96012389598178,717.7301624774991,-682.687019846451,212.83247275093157,716.6336006894257,-285.8822898214254,148.62043333411955,0.5352957266942978,3.876604010177712E-7
717.7301624774991,-189.10783887505588,132.96012389598178,717.7301624774991,-682.7625875739628,212.36408530231898,716.7488106322171,-285.00344490437243,148.38485346712068,0.523101925088808,6.040263842572425E-7
717.7301624774991,-189.10783887505588,132.96012389598178,717.7301624774991,-682.8210601001598,211.9997037755055,716.8090913824342,-284.9020517853199,148.29601934664208,0.5215788735205749,9.577982513230358E-9
717.7301624774991,-189.10783887505588,132.96012389598178,717.7301624774991,-683.0374500174019,210.63598396055323,716.6454956787477,-284.9151772676706,148.02688086350258,0.5211837813570596,2.1972137457720136E-9
717.7301624774991,-189.10783887505588,132.96012389598178,717.7301624774991,-683.4846510640217,207.7369088621464,716.4610076548241,-285.0405039647977,147.47038427183608,0.5216971037297023,3.145420235923254E-8
717.7301624774991,-189.10783887505588,132.96012389598178,717.7301624774991,-683.5845129855484,207.07367704670997,716.4387213878872,-285.0822312723039,147.34503546908635,0.5219977653535746,2.6307439168634354E-9
717.7301624774991,-189.10783887505588,132.96012389598178,717.7301624774991,-683.6156128864646,206.86588444467938,716.42695235438,-285.0895048232118,147.3048893242111,0.5220139592721955,1.2659010787463528E-10
717.7301624774991,-189.10783887505588,132.96012389598178,717.7301624774991,-683.6340722883389,206.74226581441076,716.5152182272747,-285.049135482966,147.27433795355452,0.5214246598005543,1.450385906536481E-9
717.7301624774991,-189.10783887505588,132.96012389598178,717.7301624774991,-683.6837179846517,206.40874405300337,716.6166019393477,-284.8502896264856,147.17867193921504,0.5186225244242557,3.265231046227392E-8
717.7301624774991,-189.10783887505588,132.96012389598178,717.7301624774991,-683.7019285843411,206.28601580766292,716.6838466704546,-284.70183722982745,147.13238219144077,0.5165860253483102,1.735120067486745E-8
717.7301624774991,-189.10783887505588,132.96012389598178,717.7301624774991,-683.7258592495637,206.12441792526238,716.8702587862718,-284.33740904568754,147.04655824580718,0.5116640709997755,1.023854042835148E-7
717.7301624774991,-189.10783887505588,132.96012389598178,717.7301624774991,-683.7666349236184,205.84822643533045,716.9285336094804,-283.9512422310623,146.93532410310542,0.5064409752157266,1.1671091095322255E-7
717.7301624774991,-189.10783887505588,132.96012389598178,717.7301624774991,-683.8259719216105,205.4443900158198,717.0363194268053,-283.40501188155264,146.77619597011397,0.4991137712126547,2.338248017588815E-7
717.7301624774991,-189.10783887505588,132.96012389598178,717.7301624774991,-683.8738735242271,205.11669641391052,717.1538858307086,-282.7309893326772,146.61410410531954,0.4902371157396872,3.5110250973808123E-7
717.7301624774991,-189.10783887505588,132.96012389598178,717.7301624774991,-683.9422437226401,204.64632744406424,717.2944026222259,-281.8536877129465,146.39612942207404,0.4788344399942988,5.965347160762677E-7
717.7301624774991,-189.10783887505588,132.96012389598178,717.7301624774991,-684.0073251108132,204.19563837846067,717.3499638198214,-281.7599622596332,146.29641108309426,0.47749059487716716,8.409756697765129E-9
717.7301624774991,-189.10783887505588,132.96012389598178,717.7301624774991,-684.1376643744525,203.28417288377125,717.2242530186472,-281.7592455998934,146.1222036933596,0.4771705035560598,4.653470674758528E-10
717.7301624774991,-189.10783887505588,132.96012389598178,717.7301624774991,-684.5899504986296,200.02335570779033,716.9678689649369,-281.8636213133902,145.51456813043583,0.4774152489223078,2.5033277624744998E-8
717.7301624774991,-189.10783887505588,132.96012389598178,717.7301624774991,-684.7462722992809,198.85810044139657,716.9878182928035,-281.9671442470285,145.30630190552327,0.47835654291018065,1.2428703545359957E-8
717.7301624774991,-189.10783887505588,132.96012389598178,717.7301624774991,-684.7820552867345,198.5884042686106,717.0058686479342,-281.9958977209773,145.25869293057994,0.47863653448025306,8.873882126172934E-10
717.7301624774991,-189.10783887505588,132.96012389598178,717.7301624774991,-684.8321080992375,198.20925340857434,717.0436998749103,-281.96608620719746,145.18248253896206,0.4781405499744158,1.146216574840683E-9
717.7301624774991,-189.10783887505588,132.96012389598178,717.7301624774991,-684.8708431563609,197.9142891663839,717.1354464782574,-281.7839314084511,145.10241402058645,0.4757464682439261,2.6823210348318462E-8
717.7301624774991,-189.10783887505588,132.96012389598178,717.7301624774991,-684.8945472606965,197.733110457756,717.2197794492012,-281.5892118917249,145.04252673233145,0.47323782133431147,2.9655575999523026E-8
717.7301624774991,-189.10783887505588,132.96012389598178,717.7301624774991,-684.9210305067247,197.53007824022808,717.3786028634205,-281.25439673020634,144.9604077410042,0.46897888951657174,8.634761150468264E-8
717.7301624774991,-189.10783887505588,132.96012389598178,717.7301624774991,-684.9526764480514,197.2866118477553,717.4428424741142,-280.8982530659742,144.86819377010076,0.4644685054179378,9.8044897534989E-8
717.7301624774991,-189.10783887505588,132.96012389598178,717.7301624774991,-684.9907741270006,196.99226056121876,717.544330519869,-280.3483543262645,144.7417859364594,0.4575880368005295,2.3219498435515723E-7
717.7301624774991,-189.10783887505588,132.96012389598178,717.7301624774991,-685.0598106443061,196.45533393731372,717.6493288617195,-279.6848223966002,144.5564173295858,0.44932876792845317,3.4233496383103427E-7
717.7301624774991,-189.10783887505588,132.96012389598178,717.7301624774991,-685.1271052333329,195.92747576499835,717.8178806034313,-278.868651857178,144.35484397730178,0.4393505076272001,5.139865386534976E-7
717.7301624774991,-189.10783887505588,132.96012389598178,717.7301624774991,-685.2048034530659,195.31236312188747,717.9233602693454,-277.85182749248366,144.11396438126215,0.4271477012531373,7.962733655053237E-7
717.7301624774991,-189.10783887505588,132.96012389598178,717.7301624774991,-685.265727696123,194.82569881953305,718.0138570878901,-277.73924242321806,144.01151068299262,0.4257012495612897,1.1371793211258986E-8
717.7301624774991,-189.10783887505588,132.96012389598178,717.7301624774991,-685.3897678136477,193.8226493857322,717.8693055490218,-277.7378404983354,143.82944114976584,0.42542670194167015,4.0578765239475764E-10
717.7301624774991,-189.10783887505588,132.96012389598178,717.7301624774991,-685.8332416354965,190.09045080278412,717.5788355762909,-277.8435942893612,143.16596939324987,0.4257368032571242,2.3918418426027775E-8
717.7301624774991,-189.10783887505588,132.96012389598178,717.7301624774991,-686.0047154173401,188.57931197457452,717.6594891455908,-278.0045127252203,142.91060065655137,0.4272604595961924,2.6059723518920088E-8
717.7301624774991,-189.10783887505588,132.96012389598178,717.7301624774991,-686.0473158993225,188.19739550536082,717.6679618548732,-278.03437633168346,142.84474673212142,0.4275208952982203,1.0033393843475458E-9
717.7301624774991,-189.10783887505588,132.96012389598178,717.7301624774991,-686.0866436664302,187.84243059073606,717.6874583090613,-277.98124199826526,142.77458141447104,0.42681671383853537,2.690746139285634E-9
717.7301624774991,-189.10783887505588,132.96012389598178,717.7301624774991,-686.1226562019194,187.51533773979764,717.7712033700299,-277.79573839206233,142.6950194259216,0.42457576667714964,2.740667646000059E-8
717.7301624774991,-189.10783887505588,132.96012389598178,717.7301624774991,-686.1427917159758,187.33158382142852,717.845100414375,-277.6271947490361,142.64339985679513,0.42257278531213255,2.204228672402071E-8
717.7301624774991,-189.10783887505588,132.96012389598178,717.7301624774991,-686.1717606718915,187.06610922061276,717.9842804125506,-277.32174976330964,142.56231057389357,0.4189746057270486,7.17933125729249E-8
717.7301624774991,-189.10783887505588,132.96012389598178,717.7301624774991,-686.2103698659945,186.7102279182343,718.0883873827775,-276.9443684925839,142.45760642636515,0.41455260525157134,1.0988321271221202E-7
717.7301624774991,-189.10783887505588,132.96012389598178,717.7301624774991,-686.2467662269308,186.3725467152773,718.1717226540381,-276.47999812221127,142.34735642915405,0.40917806218297137,1.6501853009615504E-7
717.7301624774991,-189.10783887505588,132.96012389598178,717.7301624774991,-686.294077656838,185.93034162278332,718.2921747971541,-275.8335421806831,142.19987960174126,0.4017822442253198,3.1934378093342766E-7
717.7301624774991,-189.10783887505588,132.96012389598178,717.7301624774991,-686.3298253506425,185.59372690082546,718.4321277421415,-275.0734286833469,142.0600407321593,0.3932414008459908,4.376129456657889E-7
717.7301624774991,-189.10783887505588,132.96012389598178,717.7301624774991,-686.4174134156792,184.75961298829117,718.584268746884,-274.0500452176019,141.80765693409342,0.3818653135834769,8.040917591775437E-7
717.7301624774991,-189.10783887505588,132.96012389598178,717.7301624774991,-686.4503874086025,184.44205682547505,718.6448230580432,-273.901696400449,141.73747805324598,0.38019682009021194,1.7611761841688297E-8
717.7301624774991,-189.10783887505588,132.96012389598178,717.7301624774991,-686.629668529821,182.67962728222793,718.4674995289939,-273.92917904488814,141.43668644747086,0.38016729324526694,2.399093850195184E-9
717.7301624774991,-189.10783887505588,132.96012389598178,717.7301624774991,-687.0446993823967,178.3350393018856,718.2056733342281,-274.0818024124275,140.70344782521266,0.38105603782822994,3.493095253122048E-8
717.7301624774991,-189.10783887505588,132.96012389598178,717.7301624774991,-687.1719468527824,176.9162877908391,718.153192421673,-274.1521012020301,140.46562263255987,0.3815821569317333,6.0699543187600975E-9
717.7301624774991,-189.10783887505588,132.96012389598178,717.7301624774991,-687.1784686507881,176.84232706315944,718.2012058490242,-274.18340502228057,140.45565375670893,0.3819083920240453,7.550391157535855E-10
717.7301624774991,-189.10783887505588,132.96012389598178,717.7301624774991,-687.214683870987,176.42931952000342,718.2545355915421,-274.14241784754614,140.38099109605346,0.3813971980234732,1.6450895607717629E-9
717.7301624774991,-189.10783887505588,132.96012389598178,717.7301624774991,-687.2470809684027,176.05647509496418,718.3464599529016,-273.96539364944306,140.3015470833535,0.37942468704288923,2.4676147819887026E-8
717.7301624774991,-189.10783887505588,132.96012389598178,717.7301624774991,-687.2663877145536,175.83272841361924,718.4217803455787,-273.79189464388844,140.24821729593359,0.3775211315983892,2.314448678663162E-8
717.7301624774991,-189.10783887505588,132.96012389598178,717.7301624774991,-687.2842532747628,175.62463064165476,718.5816461917391,-273.51021264077826,140.18845815828843,0.37446788218310934,6.004896578506937E-8
717.7301624774991,-189.10783887505588,132.96012389598178,717.7301624774991,-687.3147826277439,175.26663872060482,718.6874245882525,-273.1710275312412,140.09856422019655,0.3707988183021793,8.785247013164441E-8
717.7301624774991,-189.10783887505588,132.96012389598178,717.7301624774991,-687.3487893069173,174.86424437064971,718.769363594709,-272.72299593066646,139.9925037349524,0.3660022504117524,1.5260036203756273E-7
717.7301624774991,-189.10783887505588,132.96012389598178,717.7301624774991,-687.3955499867673,174.3044941905166,718.8955736532805,-272.0703975322858,139.84376695844855,0.3590954650709077,3.23452391790471E-7
717.7301624774991,-189.10783887505588,132.96012389598178,717.7301624774991,-687.4277193634208,173.9149369228,718.9863011761431,-271.35429796650965,139.71961410718356,0.3516520534145145,3.8606648382900074E-7
717.7301624774991,-189.10783887505588,132.96012389598178,717.7301624774991,-687.47741148719,173.30574440674837,719.1324765413517,-270.4106391837708,139.5420103272205,0.34198923486336824,6.724583835650936E-7
717.7301624774991,-189.10783887505588,132.96012389598178,717.7301624774991,-687.5469890744016,172.43687083078018,719.2764581314478,-269.32229786298706,139.3131679871449,0.33104865518893384,8.977440803304982E-7
717.7301624774991,-189.10783887505588,132.96012389598178,717.7301624774991,-687.5990140995207,171.77440249718694,719.3443690236747,-269.1710574159778,139.19412807621066,0.3294785994415115,1.8822300667313008E-8
717.7301624774991,-189.10783887505588,132.96012389598178,717.7301624774991,-687.6867118794354,170.63116574091737,719.0959172486911,-269.1394717148164,139.00706080579877,0.32903966535962786,1.5208966398830614E-9
717.7301624774991,-189.10783887505588,132.96012389598178,717.7301624774991,-687.8175407587664,168.85766207146935,718.6361485560144,-269.02368137121,138.71253255375618,0.32771403811233407,1.3665232922011476E-8
717.7301624774991,-189.10783887505588,132.96012389598178,717.7301624774991,-687.890996435494,167.82216247721152,718.5575906150843,-269.0511570276692,138.54769637011896,0.327869001129828,1.1101619841780098E-9
717.7301624774991,-189.10783887505588,132.96012389598178,717.7301624774991,-688.1006215554429,164.68082428049536,718.5252398165163,-269.2355776393357,138.05380076276384,0.3293444442091145,3.403786378177266E-8
717.7301624774991,-189.10783887505588,132.96012389598178,717.7301624774991,-688.1870093657861,163.29132206362132,718.7723807349083,-269.4509653065967,137.84292292525532,0.33131616216462706,3.8120993104794693E-8
717.7301624774991,-189.10783887505588,132.96012389598178,717.7301624774991,-688.2628308546357,162.01686118469976,718.9305957274192,-269.1985596775561,137.62235320554564,0.3287180170642231,5.1543293136023953E-8
717.7301624774991,-189.10783887505588,132.96012389598178,717.7301624774991,-688.2849964947388,161.63354906170153,718.9934616283184,-269.04939441721535,137.5520772245348,0.3272252759205591,1.7195961388509702E-8
717.7301624774991,-189.10783887505588,132.96012389598178,717.7301624774991,-688.2989863683929,161.38895194578689,719.1789822501837,-268.74775582347183,137.49559996801588,0.32426625082203836,6.812599245486481E-8
717.7301624774991,-189.10783887505588,132.96012389598178,717.7301624774991,-688.3295260606475,160.84752326507603,719.2771841157353,-268.41261602846214,137.39022789411172,0.32097964220271064,8.528573406632768E-8
717.7301624774991,-189.10783887505588,132.96012389598178,717.7301624774991,-688.3619314722233,160.2612415467106,719.385764419093,-267.9243991725366,137.27011397400702,0.3162510503806585,1.7966585822318217E-7
717.7301624774991,-189.10783887505588,132.96012389598178,717.7301624774991,-688.3831735597777,159.8699766540146,719.4528214741414,-267.3923985983052,137.17949110487933,0.31117402273843225,2.1160571477660863E-7
717.7301624774991,-189.10783887505588,132.96012389598178,717.7301624774991,-688.4156923222314,159.2596958691888,719.5889346057562,-266.65406445287294,137.044643149493,0.3042114412857718,4.0830682319784757E-7
717.7301624774991,-189.10783887505588,132.96012389598178,717.7301624774991,-688.4479486311786,158.6399757013039,719.7340129102337,-265.7998935552725,136.9042104220882,0.29629349028004104,5.455404712357949E-7
717.7301624774991,-189.10783887505588,132.96012389598178,717.7301624774991,-688.5055955794337,157.49337884992266,719.8549836968704,-264.76954813005335,136.67705689875177,0.2869010093201114,7.9827499901417E-7
717.7301624774991,-189.10783887505588,132.96012389598178,717.7301624774991,-688.559567137819,156.36890719069808,720.0303506162211,-263.64288958964045,136.4535042394781,0.27686685322159826,9.521556622615995E-7
717.7301624774991,-189.10783887505588,132.96012389598178,717.7301624774991,-688.6138597564427,155.1802747335358,720.1270639022075,-262.3837313958877,136.21974703665242,0.26593960181714305,1.187763566498661E-6
717.7301624774991,-189.10783887505588,132.96012389598178,717.7301624774991,-688.6331369736948,154.74260675413817,720.1597261038999,-262.13319677569973,136.14449436277525,0.2637884198337575,4.728708814252483E-8
717.7301624774991,-189.10783887505588,132.96012389598178,717.7301624774991,-688.6722169358238,153.82713548744212,719.9752175707521,-262.1000157535763,136.00903744526758,0.26346798548387496,1.103546848388311E-9
717.7301624774991,-189.10783887505588,132.96012389598178,717.7301624774991,-688.7683670228375,151.38175821761496,719.4222828706213,-261.9327047931348,135.64505291056273,0.2619592477870605,2.386732146884798E-8
717.7301624774991,-189.10783887505588,132.96012389598178,717.7301624774991,-688.791553676719,150.7417200563448,719.2772297876483,-261.88889098431383,135.55008878456505,0.2615666269087267,1.6324837621125245E-9
717.7301624774991,-189.10783887505588,132.96012389598178,717.7301624774991,-688.8004557155663,150.48977520691534,719.2230967590192,-261.87140211561666,135.51273293754224,0.2614102296621154,2.592343030379252E-10
717.7301624774991,-189.10783887505588,132.96012389598178,717.7301624774991,-688.914085987423,146.87828999110087,719.0952032454294,-261.98820160307946,134.98963232926295,0.2622576479764767,1.2620271287415748E-8
717.7301624774991,-189.10783887505588,132.96012389598178,717.7301624774991,-688.9872450577643,143.9409833533637,719.4628148801233,-262.06155063445914,134.56269932880838,0.26277480178070556,4.989012640445555E-9
717.7301624774991,-189.10783887505588,132.96012389598178,717.7301624774991,-689.0213928829935,142.25735569651619,719.6117655654879,-261.9959903813004,134.31567433991967,0.2621749218939801,3.6071455419388608E-9
717.7301624774991,-189.10783887505588,132.96012389598178,717.7301624774991,-689.032807237347,141.6218793740653,719.7429698963338,-261.7857589564485,134.2193496043175,0.260389257397955,3.2999070266300904E-8
717.7301624774991,-189.10783887505588,132.96012389598178,717.7301624774991,-689.0395448980565,141.22385870126936,719.8976035823549,-261.4943254285631,134.15665278414392,0.25793859482014336,6.288936027186512E-8
717.7301624774991,-189.10783887505588,132.96012389598178,717.7301624774991,-689.0509252951008,140.50401816880304,720.0123724076238,-261.1098566088721,134.0465987847601,0.25472886646416903,1.0967061044376798E-7
717.7301624774991,-189.10783887505588,132.96012389598178,717.7301624774991,-689.0635356822062,139.61604081829682,720.1441651692122,-260.56765468275046,133.9114693858671,0.25025143123077515,2.1783124891725104E-7
717.7301624774991,-189.10783887505588,132.96012389598178,717.7301624774991,-689.0716211297074,138.97813300393798,720.2155875177716,-259.9899096981891,133.81332359352936,0.2455458094088559,2.467608025108534E-7
717.7301624774991,-189.10783887505588,132.96012389598178,717.7301624774991,-689.0824445961243,137.99933356240456,720.3456663531118,-259.13112375088394,133.6658837685498,0.23865698492877327,5.454976228158118E-7
717.7301624774991,-189.10783887505588,132.96012389598178,717.7301624774991,-689.0909421755637,137.0706486792234,720.5214721113836,-258.2360966099203,133.52844993493332,0.2316114016493783,5.920479793055522E-7
717.7301624774991,-189.10783887505588,132.96012389598178,717.7301624774991,-689.1029483864318,135.17156340616773,720.5407409636387,-256.5446629089278,133.25839172755258,0.21868123132341724,2.1189981832613955E-6
717.7301624774991,-189.10783887505588,132.96012389598178,717.7301624774991,-688.5994814463947,110.41907242570063,709.0905381864508,-259.5527711893783,129.78108603071695,0.2419280546276144,6.77641788525649E-6
717.7301624774991,-189.10783887505588,132.96012389598178,717.7301624774991,-686.8444511259808,85.438919944772,698.3818813456529,-268.26499295076593,125.40262627486487,0.3175958917261931,6.114683274819553E-5
717.7301624774991,-189.10783887505588,132.96012389598178,717.7301624774991,-688.2941385173405,104.44629831183339,724.3393419002092,-252.36536318042909,129.3468155655629,0.189169183652911,1.8532865679512944E-4
717.7301624774991,-189.10783887505588,132.96012389598178,717.7301624774991,-689.1075147152338,132.39077363742064,752.0542300424112,-230.74804267250585,132.91270814364398,0.06938020701008946,3.4626309997995924E-4
717.7301624774991,-189.10783887505588,132.96012389598178,717.7301624774991,-688.4315753130098,106.96385051611725,750.1920951303291,-232.73787315694202,130.68861502108632,0.07781082076451509,3.251128132412932E-6
717.7301624774991,-189.10783887505588,132.96012389598178,717.7301624774991,-687.2794978126881,90.24012587014468,745.3411047294035,-236.44356599061575,128.9009163263648,0.09537720733496112,1.088096236510138E-5
717.7301624774991,-189.10783887505588,132.96012389598178,717.7301624774991,-687.5903393979228,94.03459663596902,745.2989368427284,-236.8457497771904,129.2323634425898,0.09707970465241482,1.3398093899180501E-7
717.7301624774991,-189.10783887505588,132.96012389598178,717.7301624774991,-687.527779074565,93.24157392852098,744.922500204054,-237.03743617355636,129.14066574095943,0.09808829316905725,2.888908858281002E-8
717.7301624774991,-189.10783887505588,132.96012389598178,717.7301624774991,-685.509761149996,73.08415574728025,725.2998666107411,-247.4315183821825,125.92512540024754,0.159125842472769,8.137245258533314E-5
717.7301624774991,-189.10783887505588,132.96012389598178,717.7301624774991,-679.5978553248136,35.90578981905165,698.4311998126045,-271.15403877564546,116.72546258211571,0.35851540990677044,4.783353415620642E-4
717.7301624774991,-189.10783887505588,132.96012389598178,717.7301624774991,-675.1895344936389,15.808149159901618,687.5240949128896,-279.9489910383572,111.06623145123893,0.46154591280183604,7.253637345239165E-5
717.7301624774991,-189.10783887505588,132.96012389598178,717.7301624774991,-669.5263449761458,-5.596936536162929,696.5468171394909,-273.3207558481053,108.67235379965925,0.40050560184414724,3.648706890570967E-5
717.7301624774991,-189.10783887505588,132.96012389598178,717.7301624774991,-666.3796166682023,-16.07561048396309,712.2671867721115,-261.47566154422015,110.36211559377918,0.2871801054979336,1.0276403262980326E-4
717.7301624774991,-189.10783887505588,132.96012389598178,717.7301624774991,-663.119032723166,-26.141692896565615,724.0807811104401,-250.8214784214949,112.24594604501499,0.2013130161195844,8.541291465146029E-5
717.7301624774991,-189.10783887505588,132.96012389598178,717.7301624774991,-656.7160525628367,-44.07817278505496,735.9621540247159,-240.61005070541648,113.46118527417022,0.13578391131153905,7.38669747931204E-5
717.7301624774991,-189.10783887505588,132.96012389598178,717.7301624774991,-642.947055851372,-76.8730601677506,750.6588007914864,-227.77986493416077,115.08005963833284,0.07342948538941235,1.1273781480133102E-4
717.7301624774991,-189.10783887505588,132.96012389598178,717.7301624774991,-584.0227539473468,-173.7028993941522,773.6801060680795,-207.24388327104796,118.87695308441357,0.01512818695558207,2.5329828483444504E-4
717.7301624774991,-189.10783887505588,132.96012389598178,717.7301624774991,-208.4844373425219,-366.6642824652674,796.0546714739609,-189.51685270094592,122.41372741173961,6.858205542056975E-4,8.636881198945139E-6
717.7301624774991,-189.10783887505588,132.96012389598178,717.7301624774991,245.8936723312177,-113.56307024253786,816.4697561924045,-175.83918335943574,125.44053774428386,0.0010319317998194878,1.2977846053701883E-4
717.7301624774991,-189.10783887505588,132.96012389598178,717.7301624774991,211.9744627472393,-165.59135797165555,816.5654089001798,-178.87509327299225,125.34322993004562,2.9229892587837806E-4,4.602256148100326E-6
717.7301624774991,-189.10783887505588,132.96012389598178,717.7301624774991,-527.9886557029056,-234.68072256437733,796.9835819143415,-198.29495205102475,122.99332171415128,0.0018894869015564995,1.5988223547349053E-4
717.7301624774991,-189.10783887505588,132.96012389598178,717.7301624774991,-671.529132832184,1.5459118155139038,766.4935560102165,-231.66327610995722,121.36778888918303,0.07375434924732908,8.34471032422351E-4
717.7301624774991,-189.10783887505588,132.96012389598178,717.7301624774991,-680.7685392975201,42.02192697031204,722.87450381713,-266.35553387538596,118.67229065253159,0.31241717811899955,8.905873867439072E-4
717.7301624774991,-189.10783887505588,132.96012389598178,717.7301624774991,-680.1622873700989,38.80318780931161,682.4453943673633,-292.11337456399025,113.20939020410663,0.6104086989886592,4.919473807599977E-4
717.7301624774991,-189.10783887505588,132.96012389598178,717.7301624774991,-673.8248687963135,10.284124188155175,651.2571218838763,-306.3895083933682,103.2775561968457,0.8065374560568573,1.813755137890568E-4
717.7301624774991,-189.10783887505588,132.96012389598178,717.7301624774991,-663.8624824527783,-23.909339038617787,650.4429891945715,-301.8317910536528,95.7136302021774,0.7642790247696694,3.353970117105027E-5
717.7301624774991,-189.10783887505588,132.96012389598178,717.7301624774991,-656.168728298967,-45.51711714764565,678.543858059062,-282.1089901049675,97.42174065462527,0.5300881590134605,2.615626949673376E-4
717.7301624774991,-189.10783887505588,132.96012389598178,717.7301624774991,-658.7564056217807,-38.59226971234767,713.3107554542148,-260.12671580304476,107.01847477573176,0.28545611656652786,4.1431512557116166E-4
717.7301624774991,-189.10783887505588,132.96012389598178,717.7301624774991,-670.0977926137258,-3.5999888839664322,750.3681713100478,-237.47081104999583,119.22916572679804,0.1066795275546454,4.528824632324598E-4
717.7301624774991,-189.10783887505588,132.96012389598178,717.7301624774991,-684.4974227266997,65.21678318049057,794.3576541822123,-205.6052230310775,130.70414607120296,0.004233939522049068,8.027733976979644E-4
717.7301624774991,-189.10783887505588,132.96012389598178,717.7301624774991,255.35263497591947,361.99044325166545,832.9693323064298,-178.94936314405714,138.19478271879916,1.3986457330175133E-4,5.313338651061072E-4
717.7301624774991,-189.10783887505588,132.96012389598178,717.7301624774991,286.65922949576134,286.7316968665351,851.4651174897764,-165.74055298243297,140.512610284049,0.0013758937875271928,1.2936830907228031E-4
717.7301624774991,-189.10783887505588,132.96012389598178,717.7301624774991,294.01233574378705,261.7813056801075,861.1066530089173,-160.57839975641164,140.56733273548338,0.002479918629910321,1.803870449335823E-5
717.7301624774991,-189.10783887505588,132.96012389598178,717.7301624774991,297.47781016633724,248.0010129179563,862.8504446299725,-163.4917789291942,139.01639439063715,7.727638436473439E-4,7.564472485908019E-6
717.7301624774991,-189.10783887505588,132.96012389598178,717.7301624774991,302.6836566037107,223.1883067146461,853.3392537623504,-173.54887210353206,135.81470212931194,2.817836456736319E-4,8.247874476078117E-5
717.7301624774991,-189.10783887505588,132.96012389598178,717.7301624774991,-666.1664543016706,-16.75653331770738,831.9321292273004,-191.24663577952683,132.28889920232433,0.003944352707195519,2.4054591089227377E-4
717.7301624774991,-189.10783887505588,132.96012389598178,717.7301624774991,-677.8272179001789,27.35061407182735,803.7787462874007,-214.48228710301234,127.47684830998315,0.012862472192525539,4.230148394952507E-4
717.7301624774991,-189.10783887505588,132.96012389598178,717.7301624774991,-668.8753688107817,-7.834468398511092,781.9497228596077,-231.77092866027363,120.44003456618117,0.06789709296474732,2.5828917627167313E-4
717.7301624774991,-189.10783887505588,132.96012389598178,717.7301624774991,-669.3050272155923,-6.362021902320578,769.7813144792284,-237.65060025167554,118.87615622149906,0.0993604392915289,2.648353521016093E-5
717.7301624774991,-189.10783887505588,132.96012389598178,717.7301624774991,-665.5461901413902,-18.718804906330746,760.9896148699563,-242.9910968855541,115.80584814616452,0.13437531009657938,2.6552271997613224E-5
717.7301624774991,-189.10783887505588,132.96012389598178,717.7301624774991,-666.945939658664,-14.249758379340904,742.7313400570279,-257.49266631815584,111.89248115085906,0.24512335798262164,1.6774792058238294E-4
717.7301624774991,-189.10783887505588,132.96012389598178,717.7301624774991,-673.9303029487016,10.701470502618676,726.3039382879715,-261.10563457068355,114.80429531684067,0.27300033167801185,1.1583502828126073E-5
717.7301624774991,-189.10783887505588,132.96012389598178,717.7301624774991,-673.1989887584829,7.837149968163601,726.6429161883624,-250.21267391010346,117.16636546268876,0.18720108676057012,9.53281004459398E-5
717.7301624774991,-189.10783887505588,132.96012389598178,717.7301624774991,-660.0353110970909,-35.04974458371308,730.3887909704583,-242.3650647518413,113.9598742971786,0.145277907592471,5.4334692908500385E-5
717.7301624774991,-189.10783887505588,132.96012389598178,717.7301624774991,-631.7388747888796,-99.58614256696387,736.5256759897796,-232.56269583604035,110.13012797150782,0.10478029664802474,8.31857153695443E-5
717.7301624774991,-189.10783887505588,132.96012389598178,717.7301624774991,-582.3259968258255,-175.8755609880737,744.423537992674,-222.4988483490323,106.7346430239703,0.07443458032420208,7.549357384017631E-5
717.7301624774991,-189.10783887505588,132.96012389598178,717.7301624774991,-528.1770657701194,-234.5069622121265,749.1329378509033,-216.92875568785163,102.80913871908729,0.06787700205379617,3.324706363915738E-5
717.7301624774991,-189.10783887505588,132.96012389598178,717.7301624774991,-507.9209271174309,-252.21284343864255,752.4411218081776,-216.39834000350783,99.9891961412736,0.07367228398234704,4.629151513071246E-6
717.7301624774991,-189.10783887505588,132.96012389598178,717.7301624774991,-493.09289565665074,-264.0198318366604,756.1704056418364,-216.6127916519993,97.04087493216065,0.0822121509457183,4.470388850274861E-6
717.7301624774991,-189.10783887505588,132.96012389598178,717.7301624774991,-489.7400828214945,-266.56491148944815,759.7460754560742,-217.39091263148924,95.37335045141086,0.08844113158924707,2.3638454897023198E-6
717.7301624774991,-189.10783887505588,132.96012389598178,717.7301624774991,-503.89276700774315,-255.51181720208388,762.5264138322036,-221.11088397451513,93.4655867064647,0.10434920955805467,1.0849600423247199E-5
717.7301624774991,-189.10783887505588,132.96012389598178,717.7301624774991,-502.85925091772276,-256.34701891189513,762.2515626686647,-220.89800688689076,93.51443854433538,0.10366677681567898,2.1629857455195244E-8
717.7301624774991,-189.10783887505588,132.96012389598178,717.7301624774991,-506.3297033191893,-253.52440195025156,761.9218503875512,-221.17066348805164,93.89665773308445,0.1032338432471656,1.614373467316295E-7
717.7301624774991,-189.10783887505588,132.96012389598178,717.7301624774991,-504.7318715668306,-254.83037365054338,762.0009765519153,-220.90260781527996,93.89557877388398,0.10240534132212223,2.1246405547352942E-8
717.7301624774991,-189.10783887505588,132.96012389598178,717.7301624774991,-498.61720303943264,-259.7279883439525,762.5135551331334,-219.82070245505588,93.9933661267157,0.09868622430844733,4.096873615701632E-7
717.7301624774991,-189.10783887505588,132.96012389598178,717.7301624774991,-490.17150955349075,-266.2399089166758,763.1083811560845,-218.56116990035085,93.90602386045057,0.09524602442705543,5.039846933010492E-7
717.7301624774991,-189.10783887505588,132.96012389598178,717.7301624774991,-467.22645789614774,-282.5516494074961,759.2129557163485,-219.5154162636704,87.53092376879513,0.12513483859579547,2.5348289410080247E-5
717.7301624774991,-189.10783887505588,132.96012389598178,717.7301624774991,-409.040535929205,-316.0717332884366,754.715465871779,-218.14664895777028,73.67220992720763,0.197026570814072,1.3094249051012196E-4
717.7301624774991,-189.10783887505588,132.96012389598178,717.7301624774991,-385.3823745772672,-326.905407139865,753.52170034935,-217.6458024794865,66.09650482955138,0.24816003715175286,3.8726925661947465E-5
717.7301624774991,-189.10783887505588,132.96012389598178,717.7301624774991,-371.6341667291666,-332.53331283550824,754.6550618892038,-216.95213223303008,61.94934993835895,0.2773752022078823,1.2630209270495743E-5
717.7301624774991,-189.10783887505588,132.96012389598178,717.7301624774991,-363.35881007297655,-335.69390525194035,755.7901110877656,-216.41480521275045,59.51709106816847,0.29494933114209737,4.510795380485359E-6
717.7301624774991,-189.10783887505588,132.96012389598178,717.7301624774991,-351.29273728397106,-340.0050531816651,757.8694019899254,-214.59245375950903,58.641642275140214,0.295115965268271,1.4748047886016793E-6
717.7301624774991,-189.10783887505588,132.96012389598178,717.7301624774991,-348.9662784878569,-340.7964373087792,759.6558452991716,-214.33007034405884,58.21150458249457,0.2964640217997719,1.754795178742277E-7
717.7301624774991,-189.10783887505588,132.96012389598178,717.7301624774991,-353.647454870666,-339.19103279858473,762.0091945055918,-215.6554383548224,56.78102425489442,0.3106691900708381,2.3465481063146733E-6
717.7301624774991,-189.10783887505588,132.96012389598178,717.7301624774991,-351.7863905418692,-339.83548609589195,761.8460402824289,-215.53889450608796,56.14307000803359,0.31614308640964167,3.027665415058322E-7
717.7301624774991,-189.10783887505588,132.96012389598178,717.7301624774991,-344.60842362249605,-342.24464054057586,760.2879492657521,-214.93038593721474,54.04725412282082,0.3350005330617266,3.5179443695762832E-6
717.7301624774991,-189.10783887505588,132.96012389598178,717.7301624774991,-330.01938125753367,-346.77306989343197,758.5833755077877,-214.6673842889248,45.942679150975266,0.4181134735587298,4.6645334359872354E-5
717.7301624774991,-189.10783887505588,132.96012389598178,717.7301624774991,-326.22119242652235,-347.87241272968225,759.4336148255818,-214.88862708341253,42.5514111823793,0.4561071977611888,8.210142849099287E-6
717.7301624774991,-189.10783887505588,132.96012389598178,717.7301624774991,-325.86100109869597,-347.9749784014434,759.8598396977588,-215.39540967217923,40.51169093184927,0.4814561666869377,3.268535262727769E-6
717.7301624774991,-189.10783887505588,132.96012389598178,717.7301624774991,-325.50499087085393,-348.0760669747625,759.8466271173974,-215.33320373691572,40.47029230673306,0.48176020879619086,2.370450556996115E-9
717.7301624774991,-189.10783887505588,132.96012389598178,717.7301624774991,-318.56113631971414,-349.9910576748938,756.8912709381538,-214.83881374930036,36.96562268368635,0.5277514078163409,9.149343625647483E-6
717.7301624774991,-189.10783887505588,132.96012389598178,717.7301624774991,-313.43957078671497,-351.334848656746,756.5871290577874,-215.23876222665598,31.17536941084066,0.6084574082379027,2.4481312716519842E-5
717.7301624774991,-189.10783887505588,132.96012389598178,717.7301624774991,-312.6782752360166,-351.52965644779573,757.4797542138458,-215.60387599674038,29.075573649940225,0.6390906629735849,3.3430296751103605E-6
717.7301624774991,-189.10783887505588,132.96012389598178,717.7301624774991,-312.31628240040067,-351.621839701573,757.8649932456011,-215.60325595745024,28.752969996811316,0.6432838489227841,7.190802737379401E-8
717.7301624774991,-189.10783887505588,132.96012389598178,717.7301624774991,-307.0984680591278,-352.9186793304471,756.5462717758901,-214.7091033250518,27.53555062210222,0.6603402009661391,1.4314603413000652E-6
717.7301624774991,-189.10783887505588,132.96012389598178,717.7301624774991,-303.08383645214434,-353.87606208068485,755.9575878449167,-214.97278688775668,22.480786941976703,0.7427136641984347,1.859391165765918E-5
717.7301624774991,-189.10783887505588,132.96012389598178,717.7301624774991,-303.14985486635055,-353.8606014112315,756.9240880468894,-215.31543112089435,21.085575250255545,0.7658111862674261,1.5230055279026041E-6
717.7301624774991,-189.10783887505588,132.96012389598178,717.7301624774991,-303.1849751208878,-353.8523728478363,757.2082127113188,-215.43809484920632,20.598452902962435,0.774091947712865,1.8565123100109224E-7
717.7301624774991,-189.10783887505588,132.96012389598178,717.7301624774991,-298.2135287545332,-354.99064046034476,754.9961079044837,-214.97594164196494,17.27082729280309,0.8348306948407944,8.322985762147493E-6
717.7301624774991,-189.10783887505588,132.96012389598178,717.7301624774991,-297.1061997649979,-355.23692038540867,755.9805922623669,-215.32248410439246,14.459137284811334,0.8865109616726824,5.905346207143118E-6
717.7301624774991,-189.10783887505588,132.96012389598178,717.7301624774991,-296.89681666829864,-355.28319276722436,756.4986361404667,-215.4556411792561,13.614541006562916,0.9021477652514952,5.366141666295214E-7
717.7301624774991,-189.10783887505588,132.96012389598178,717.7301624774991,-296.66780203564474,-355.33369577092,756.5536771804182,-215.5030426432798,13.132871355653776,0.9115176565175793,1.7001179020926675E-7
717.7301624774991,-189.10783887505588,132.96012389598178,717.7301624774991,-294.6896843032771,-355.7652324300136,755.5379552391058,-215.24344769064086,11.981610218862102,0.9349675051069197,1.0262341553955067E-6
717.7301624774991,-189.10783887505588,132.96012389598178,717.7301624774991,-291.6879746709491,-356.4040715046381,755.1508569577328,-215.34241286008262,7.8066417890237005,1.0,1.2590680655982027E-5
717.7301624774991,-189.10783887505588,132.96012389598178,717.7301624774991,-291.64459672020905,-356.4131623494001,755.5449427545116,-215.54005702957082,6.808081127435628,1.0,7.640598521970538E-7
717.7301624774991,-189.10783887505588,132.96012389598178,717.7301624774991,-289.89637277238614,-356.77620458581134,754.3278351992819,-215.37122094037005,5.345088645208762,1.0,1.5871681195297457E-6
717.7301624774991,-189.10783887505588,132.96012389598178,717.7301624774991,-288.23760657602116,-357.11465525058134,753.897379963475,-215.59186769049785,2.0291747607852244,1.0,8.075138521625146E-6
717.7301624774991,-189.10783887505588,132.96012389598178,717.7301624774991,-286.4663751557885,-357.46960135858853,753.9267780456388,-215.15101978975972,1.7713185926205028,1.0,8.435391918497386E-8
717.7301624774991,-189.10783887505588,132.96012389598178,717.7301624774991,-279.9078284748172,-358.7261194428808,753.1542658454712,-213.2062315359006,2.466186505192667,1.0,7.867630938563036E-7
717.7301624774991,-189.10783887505588,132.96012389598178,717.7301624774991,-270.0315205091783,-360.4477780986855,751.6609884735193,-210.12326050883686,4.824887232639753,1.0,5.897303485799023E-6
717.7301624774991,-189.10783887505588,132.96012389598178,717.7301624774991,-256.4369678617388,-362.48592603266036,749.3803917367409,-206.00252041515714,8.639441899618816,0.9815364314103847,1.3929072013720899E-5
717.7301624774991,-189.10783887505588,132.96012389598178,717.7301624774991,-253.65919202280634,-362.85548982225765,748.17679768778,-205.02004767157018,10.739268943517487,0.9380050637222125,3.6108526311749896E-6
717.7301624774991,-189.10783887505588,132.96012389598178,717.7301624774991,-252.12289053641257,-363.0530848637412,748.5721308736134,-204.3921228493556,12.652252398412173,0.897922569879588,2.8931353584073593E-6
717.7301624774991,-189.10783887505588,132.96012389598178,717.7301624774991,-252.35754638932013,-363.0232170534497,748.6383582136757,-204.45992755054047,12.57410898671813,0.8995068438551733,5.446447650534105E-9
717.7301624774991,-189.10783887505588,132.96012389598178,717.7301624774991,-251.09134776281616,-363.18304558835257,747.7871075212763,-204.21568758268,12.03028180744218,0.9109090985005454,2.38536652354798E-7
717.7301624774991,-189.10783887505588,132.96012389598178,717.7301624774991,-251.16753175219569,-363.17352192940984,747.6890968372687,-204.30132531476616,11.496425468482897,0.9218307642645555,2.149769673046187E-7
717.7301624774991,-189.10783887505588,132.96012389598178,717.7301624774991,-251.74866958412923,-363.10048361894394,748.0448026633852,-204.38641046821687,11.967196109570494,0.9121653053612953,1.6790125508066818E-7
717.7301624774991,-189.10783887505588,132.96012389598178,717.7301624774991,-251.44486559479773,-363.1387524379021,748.0279013495158,-204.3122390170956,11.958429995687766,0.9121808426825166,2.3645851385870554E-10
717.7301624774991,-189.10783887505588,132.96012389598178,717.7301624774991,-251.41482666124887,-363.142526039504,748.0276544341154,-204.30495236004407,11.957190851870877,0.912187614331563,3.356632435350492E-12
717.7301624774991,-189.10783887505588,132.96012389598178,717.7301624774991,-251.40245611926812,-363.14407953551216,748.0283248356686,-204.3018197239802,11.957730760492893,0.9121681598911325,6.299641632077547E-13
717.7301624774991,-189.10783887505588,132.96012389598178,717.7301624774991,-251.39438904657302,-363.14509243189667,748.0274221530029,-204.29998554684778,11.956421004427,0.9121908634780336,1.7154500209007535E-12
717.7301624774991,-189.10783887505588,132.96012389598178,717.7301624774991,-251.39311691632793,-363.14525214757754,748.0283074260662,-204.29957797636337,11.957156957056725,0.9121739470204673,4.4812512463493925E-13
717.7301624774991,-189.10783887505588,132.96012389598178,717.7301624774991,-251.38984314024924,-363.14566315423036,748.0278598328698,-204.29879471287688,11.956935400666737,0.9121770869599722,7.40135468183035E-14
717.7301624774991,-189.10783887505588,132.96012389598178,717.7301624774991,-251.38725996654637,-363.1459874436275,748.0280717736773,-204.2981884725994,11.956666627876274,0.9121805455335783,8.602929867936258E-14
717.7301624774991,-189.10783887505588,132.96012389598178,717.7301624774991,-251.38574533203965,-363.1461775831823,748.0278739977228,-204.29785334270994,11.956347024195338,0.9121863281618637,9.461282551573245E-14
717.7301624774991,-189.10783887505588,132.96012389598178,717.7301624774991,-251.38651561357324,-363.1460808865217,748.0281237289337,-204.29798691142085,11.956803224194033,0.9121772731595877,1.6180021543553603E-13
717.7301624774991,-189.10783887505588,132.96012389598178,717.7301624774991,-251.3851781581387,-363.1462487821162,748.0278924530012,-204.2976988737047,11.956458161905687,0.9121837271427398,1.0511591428216089E-13
717.7301624774991,-189.10783887505588,132.96012389598178,717.7301624774991,-251.38480830579942,-363.14629521036505,748.0281095377139,-204.29759320585603,11.956569981261111,0.9121809173077213,1.1316690233390747E-14
717.7301624774991,-189.10783887505588,132.96012389598178,717.7301624774991,-251.36518285744714,-363.148758427504,748.0043155880556,-204.29143991397402,11.966858536092104,0.912000860412177,8.848326656108797E-11
717.7301624774991,-189.10783887505588,132.96012389598178,717.7301624774991,-251.3471976100417,-363.1510150882762,747.853696298815,-204.2807870637843,12.016258781448272,0.9112404602483232,1.8606479708214692E-9
717.7301624774991,-189.10783887505588,132.96012389598178,717.7301624774991,-254.60723688346536,-362.7311397556343,746.581731236856,-205.0790242720806,12.092187515116308,0.9137406340137535,2.319346730286489E-8
717.7301624774991,-189.10783887505588,132.96012389598178,717.7301624774991,-263.7510558752137,-361.4368726117512,742.0778408802846,-207.5305037987412,10.938183095665948,0.9501539380170162,1.6223859788255167E-6
717.7301624774991,-189.10783887505588,132.96012389598178,717.7301624774991,-272.4804303499358,-360.03988725083633,738.3281573907228,-209.95001994334072,9.715838007563121,0.987872764626711,1.8687634284737353E-6
717.7301624774991,-189.10783887505588,132.96012389598178,717.7301624774991,-258.6432641855855,-362.18109295723457,743.2054852820121,-206.41338555501414,9.732439544317486,0.9699209087695556,1.6413328780224061E-7
717.7301624774991,-189.10783887505588,132.96012389598178,717.7301624774991,-252.56351792424977,-362.99690730370367,746.6588369425573,-204.72555469610853,10.895147383402332,0.9365317865448851,1.3526787542585174E-6
717.7301624774991,-189.10783887505588,132.96012389598178,717.7301624774991,-251.65229140589798,-363.1126444128796,747.5287097746308,-204.47135367700824,11.10405176871555,0.930329449263881,4.174433566709359E-8
717.7301624774991,-189.10783887505588,132.96012389598178,717.7301624774991,-251.11213861513397,-363.1804477303896,747.413830239616,-204.38255289397807,10.736255929629976,0.9376643135383715,1.039989615496742E-7
717.7301624774991,-189.10783887505588,132.96012389598178,717.7301624774991,-251.11271120493433,-363.1803761716457,747.35010910935,-204.42606809435685,10.389209394601579,0.94487597564213,9.000244996929255E-8
717.7301624774991,-189.10783887505588,132.96012389598178,717.7301624774991,-250.95939429867693,-363.1995128054318,747.3410548417785,-204.39331444807576,10.34338523557389,0.9457350313237508,1.802222829318996E-9
717.7301624774991,-189.10783887505588,132.96012389598178,717.7301624774991,-250.94790073627152,-363.20094546456477,747.3221008408358,-204.39485242545544,10.307901983306095,0.9464878071754667,9.208540415601719E-10
717.7301624774991,-189.10783887505588,132.96012389598178,717.7301624774991,-250.94453940365102,-363.2013643996505,747.3265198576669,-204.39571392252375,10.294218833313181,0.9467600641867473,1.3759295472599577E-10
717.7301624774991,-189.10783887505588,132.96012389598178,717.7301624774991,-250.94777991421861,-363.2009605234564,747.3220956453719,-204.39851372332924,10.278282892611713,0.9470971232469604,1.9187082003244723E-10
717.7301624774991,-189.10783887505588,132.96012389598178,717.7301624774991,-250.9575003127028,-363.1997489071788,747.3285599349614,-204.4010340524926,10.277645162601033,0.9471060321571522,6.554742141521376E-13
717.7301624774991,-189.10783887505588,132.96012389598178,717.7301624774991,-250.9705216766336,-363.1981255331609,747.3340234534088,-204.4044499809312,10.276472867903209,0.9471296427704524,1.8477874104164628E-12
717.7301624774991,-189.10783887505588,132.96012389598178,717.7301624774991,-250.96732851621513,-363.19852365672926,747.3335152124297,-204.40386150957136,10.274761515830193,0.9471636525344621,2.304363586646678E-12
717.7301624774991,-189.10783887505588,132.96012389598178,717.7301624774991,-250.966919508668,-363.19857465032436,747.333339915979,-204.40385991230247,10.273950531590685,0.9471803648556998,4.760439770749736E-13
717.7301624774991,-189.10783887505588,132.96012389598178,717.7301624774991,-250.9695104414847,-363.198251616321,747.3347233103352,-204.40451346471357,10.27392704798703,0.9471802698258538,7.971003122567159E-15
717.7301624774991,-189.10783887505588,132.96012389598178,717.7301624774991,-250.9699591892282,-363.1981956656626,747.3347780008717,-204.40470085332714,10.273327918723226,0.9471927970648754,2.803350309127671E-13
717.7301624774991,-189.10783887505588,132.96012389598178,717.7301624774991,-250.96998798794866,-363.1981920749734,747.3355387840194,-204.40468014630918,10.273551999334387,0.9471869814894304,3.716756576248815E-14
717.7301624774991,-189.10783887505588,132.96012389598178,717.7301624774991,-250.97159409224622,-363.1979918195908,747.3353478766348,-204.4052276519757,10.27239560857825,0.9472121066024857,1.0850191050245287E-12
717.7301624774991,-189.10783887505588,132.96012389598178,717.7301624774991,-250.97177305058324,-363.1979695060366,747.3352811978555,-204.40534376185272,10.271824815195458,0.9472240747710474,2.478112762669402E-13
717.7301624774991,-189.10783887505588,132.96012389598178,717.7301624774991,-250.9722053508675,-363.1979156040816,747.3354720330716,-204.40544844793257,10.271855881735945,0.9472234031299794,1.4082088975773938E-15
717.7301624774991,-189.10783887505588,132.96012389598178,717.7301624774991,-250.97254784299443,-363.19787289970856,747.335419395386,-204.40558484566498,10.271451745267711,0.9472320226180442,1.283120494969727E-13
717.7301624774991,-189.10783887505588,132.96012389598178,717.7301624774991,-250.97279257873328,-363.19784238415554,747.3353464391175,-204.40581052572094,10.27013468559636,0.9472594021135764,1.3091273881264914E-12
717.7301624774991,-189.10783887505588,132.96012389598178,717.7301624774991,-250.9739875518834,-363.1976933838598,747.3360099673866,-204.40607371899745,10.270430570243974,0.947253004653867,7.816474924589447E-14
717.7301624774991,-189.10783887505588,132.96012389598178,717.7301624774991,-250.97467209716245,-363.1976080271114,747.335918300788,-204.40626767288933,10.270253750701329,0.9472572255679873,2.922910979695281E-14
717.7301624774991,-189.10783887505588,132.96012389598178,717.7301624774991,-250.97454881370976,-363.1976233995396,747.3356534246254,-204.40630572055204,10.269700327908083,0.9472689632737492,2.2539026667495535E-13
717.7301624774991,-189.10783887505588,132.96012389598178,717.7301624774991,-250.97462861042533,-363.1976134495519,747.3358189748394,-204.40634659409005,10.269533239720829,0.9472721869270844,2.1448436112390553E-14
717.7301624774991,-189.10783887505588,132.96012389598178,717.7301624774991,-250.97613163639784,-363.1974260322612,747.3361973996799,-204.40671657048637,10.269593169722384,0.9472712993388278,8.138433477398917E-15
717.7301624774991,-189.10783887505588,132.96012389598178,717.7301624774991,-250.9758122533172,-363.19746585758304,747.3362816982547,-204.40668978396604,10.269164769928636,0.9472797785071331,1.348499615890736E-13
717.7301624774991,-189.10783887505588,132.96012389598178,717.7301624774991,-250.97660110723012,-363.1973674914392,747.336347396129,-204.40687073408702,10.269302325194957,0.9472773424344166,1.854775304014854E-14
717.7301624774991,-189.10783887505588,132.96012389598178,717.7301624774991,-250.97694956544245,-363.19732404003446,747.3366443128122,-204.40694693541656,10.269392992921155,0.9472752204256505,7.259022431051193E-15
717.7301624774991,-189.10783887505588,132.96012389598178,717.7301624774991,-250.97736830402266,-363.1972718246083,747.3366014751604,-204.40706586597526,10.26928253330675,0.9472778284783775,1.1356327503654075E-14
717.7301624774991,-189.10783887505588,132.96012389598178,717.7301624774991,-250.97828504382275,-363.19715750869307,747.3368475812456,-204.40728989660852,10.269332154616421,0.947276993583693,4.3516567611506435E-15
717.7301624774991,-189.10783887505588,132.96012389598178,717.7301624774991,-250.97782484566142,-363.19721489484687,747.3371095337151,-204.40719125809153,10.269196388797184,0.9472790749727789,1.5860432482869358E-14
717.7301624774991,-189.10783887505588,132.96012389598178,717.7301624774991,-250.9785409348806,-363.1971255992004,747.3371731860074,-204.407380535918,10.26912062192244,0.9472809866154043,7.143541910876555E-15
717.7301624774991,-189.10783887505588,132.96012389598178,717.7301624774991,-250.97833665098312,-363.19715107331564,747.3371861455339,-204.40734162060102,10.26902129475991,0.9472828804973218,7.851868172204657E-15
717.7301624774991,-189.10783887505588,132.96012389598178,717.7301624774991,-250.97870719779092,-363.19710486622296,747.3372198874667,-204.40746773790178,10.268756157564724,0.9472885185429099,5.706867432778292E-14
717.7301624774991,-189.10783887505588,132.96012389598178,717.7301624774991,-250.97886737706457,-363.1970848918213,747.3365726736291,-204.4076081831867,10.267952474053004,0.9473062017345527,4.878662861914723E-13
717.7301624774991,-189.10783887505588,132.96012389598178,717.7301624774991,-250.97882874659336,-363.1970897090571,747.3367454903857,-204.40761061410277,10.267855183294614,0.9473079020355574,6.890491947132391E-15
717.7301624774991,-189.10783887505588,132.96012389598178,717.7301624774991,-250.97830943550207,-363.19715446706806,747.3367162192422,-204.40750144364648,10.267684818948197,0.9473111259871406,2.4487045747572077E-14
717.7301624774991,-189.10783887505588,132.96012389598178,717.7301624774991,-250.97909430618878,-363.19705659360415,747.3365951083391,-204.40769611333695,10.267704349263653,0.947311416744939,1.3882489336475025E-15
717.7301624774991,-189.10783887505588,132.96012389598178,717.7301624774991,-250.97901515706266,-363.19706646356633,747.3368349662545,-204.4076872694924,10.267615873982095,0.9473128021746491,5.8050829441706724E-15
717.7301624774991,-189.10783887505588,132.96012389598178,717.7301624774991,-250.97964388908497,-363.1969880598038,747.3366995284588,-204.4078332889986,10.26771109761242,0.9473114588956878,9.308511612886152E-15
717.7301624774991,-189.10783887505588,132.96012389598178,717.7301624774991,-250.97910614142097,-363.1970551177397,747.3368457825324,-204.40770871290798,10.26762714551404,0.9473126105467589,7.160382781775013E-15
717.7301624774991,-189.10783887505588,132.96012389598178,717.7301624774991,-250.98017537986482,-363.19692178152917,747.3367742663576,-204.40797980475162,10.267606513235364,0.9473138287684587,2.143938869964948E-15
717.7301624774991,-189.10783887505588,132.96012389598178,717.7301624774991,-250.97944645395899,-363.19701268032725,747.3370274758962,-204.40780463812806,10.26754324756999,0.947314261448239,5.240315391374319E-15
717.7301624774991,-189.10783887505588,132.96012389598178,717.7301624774991,-250.98043388337624,-363.1968895452638,747.3369470476606,-204.40803462739242,10.267687470373858,0.9473120489285407,2.1627749007266393E-14
717.7301624774991,-189.10783887505588,132.96012389598178,717.7301624774991,-250.98103775284832,-363.19681424015795,747.3369616444347,-204.4081812312137,10.267727938567532,0.9473115758225364,2.497043600211067E-15
717.7301624774991,-189.10783887505588,132.96012389598178,717.7301624774991,-250.98078585711892,-363.1968456527235,747.3371100367716,-204.40811319636666,10.267766237211163,0.9473103892322594,1.5833547885950708E-15
717.7301624774991,-189.10783887505588,132.96012389598178,717.7301624774991,-250.98024219770954,-363.19691344913025,747.3373041131799,-204.40798518355254,10.267697940207995,0.9473111380615941,5.136338353639299E-15
717.7301624774991,-189.10783887505588,132.96012389598178,717.7301624774991,-250.98076354030485,-363.1968484357274,747.336917751256,-204.40812505369064,10.267626211872624,0.9473135660943659,5.7523850574907625E-15
717.7301624774991,-189.10783887505588,132.96012389598178,717.7301624774991,-250.98058100279266,-363.1968711989121,747.3369722459425,-204.40808785466498,10.267556913024777,0.9473147890263266,3.954911467799069E-15
717.7301624774991,-189.10783887505588,132.96012389598178,717.7301624774991,-250.98055515834125,-363.19687442181686,747.3370050636137,-204.40809007368247,10.267487072638772,0.9473161573903615,3.556745002242896E-15
717.7301624774991,-189.10783887505588,132.96012389598178,717.7301624774991,-250.9805799131076,-363.1968713348002,747.3370951289851,-204.40810900168458,10.267385140821006,0.9473181264167126,7.868800607577314E-15
717.7301624774991,-189.10783887505588,132.96012389598178,717.7301624774991,-250.98053766899022,-363.196876602807,747.3369937653667,-204.4081442486111,10.26701742358594,0.9473258310840641,1.0017380608680392E-13
717.7301624774991,-189.10783887505588,132.96012389598178,717.7301624774991,-250.98134565541486,-363.1967758431036,747.336959815173,-204.40836674260566,10.266860394957746,0.9473296305751973,2.4699625076537048E-14
717.7301624774991,-189.10783887505588,132.96012389598178,717.7301624774991,-250.98119901981053,-363.19679412935176,747.3370620951913,-204.40835609464946,10.266650483407318,0.9473336937435851,3.228157463349409E-14
717.7301624774991,-189.10783887505588,132.96012389598178,717.7301624774991,-250.9815855322464,-363.1967459290785,747.3371480971035,-204.40843792840968,10.266772629882638,0.9473312867673349,1.2672526822590568E-14
717.7301624774991,-189.10783887505588,132.96012389598178,717.7301624774991,-250.98146301749887,-363.1967612073892,747.3372198990598,-204.40841999588187,10.266669707753692,0.9473332120675475,8.000049729088081E-15
717.7301624774991,-189.10783887505588,132.96012389598178,717.7301624774991,-250.98190332249376,-363.1967062986194,747.3373974387071,-204.40851262653018,10.266813602421706,0.9473302445173608,1.748096291280296E-14
717.7301624774991,-189.10783887505588,132.96012389598178,717.7301624774991,-250.98236520778482,-363.196648698226,747.3372706852106,-204.40864052166665,10.266718175784462,0.9473327055137235,8.974050346485626E-15
717.7301624774991,-189.10783887505588,132.96012389598178,717.7301624774991,-250.98261418156773,-363.19661764923666,747.3373918412849,-204.4086933003664,10.266796333774977,0.9473310601639127,5.194937307425148E-15
717.7301624774991,-189.10783887505588,132.96012389598178,717.7301624774991,-250.98245331535622,-363.19663771053325,747.337323544908,-204.40866134457775,10.266728630966838,0.9473324613089238,3.717890115223732E-15
717.7301624774991,-189.10783887505588,132.96012389598178,717.7301624774991,-250.98254429417824,-363.1966263647567,747.3373831200826,-204.4086961314399,10.26663289497651,0.9473343938585418,7.245169016927752E-15
717.7301624774991,-189.10783887505588,132.96012389598178,717.7301624774991,-250.98271047916873,-363.19660564013424,747.3373267707216,-204.40875556308276,10.26649098779842,0.9473375107529399,1.6129963552388004E-14
717.7301624774991,-189.10783887505588,132.96012389598178,717.7301624774991,-250.98286224825532,-363.196586713243,747.3374395991992,-204.40879693901002,10.266464834360534,0.947337964114558,7.093548017790421E-16
717.7301624774991,-189.10783887505588,132.96012389598178,717.7301624774991,-250.98313461497204,-363.19655274668713,747.3374582183302,-204.4088690137069,10.266435372648544,0.9473387134948765,1.069544208734207E-15
717.7301624774991,-189.10783887505588,132.96012389598178,717.7301624774991,-250.98368938898224,-363.1964835609564,747.3376072342569,-204.40900113615513,10.266493108531648,0.9473376378318497,3.984397431181727E-15
717.7301624774991,-189.10783887505588,132.96012389598178,717.7301624774991,-250.98338296357133,-363.1965217752721,747.3374518393888,-204.40892677352394,10.266472330435192,0.9473381206851784,6.533491157874507E-16
717.7301624774991,-189.10783887505588,132.96012389598178,717.7301624774991,-250.98323753493344,-363.1965399116116,747.3374993421213,-204.40891236306402,10.266295025223968,0.9473416015202512,2.3206350282833415E-14
717.7301624774991,-189.10783887505588,132.96012389598178,717.7301624774991,-250.98294016604285,-363.19657699621627,747.3373548276677,-204.40885020757156,10.266194598754765,0.947343712048608,8.466042917280151E-15
717.7301624774991,-189.10783887505588,132.96012389598178,717.7301624774991,-250.9828824779146,-363.19658419042946,747.3373246792768,-204.40884872347834,10.266090328621175,0.947345870073485,7.893408082241911E-15
717.7301624774991,-189.10783887505588,132.96012389598178,717.7301624774991,-250.98363172693212,-363.1964907520059,747.3373564642111,-204.4090306818228,10.266140077481111,0.9473452706149618,3.796397440397124E-15
717.7301624774991,-189.10783887505588,132.96012389598178,717.7301624774991,-250.9839199176268,-363.1964548116004,747.3372592621511,-204.40911486001556,10.2660454307524,0.9473475578584619,7.997944849378551E-15
717.7301624774991,-189.10783887505588,132.96012389598178,717.7301624774991,-250.98356802260875,-363.19649869658093,747.3373386478312,-204.40902206741134,10.266080868459369,0.9473464775100843,1.5987556617964145E-15
717.7301624774991,-189.10783887505588,132.96012389598178,717.7301624774991,-250.98333046097486,-363.1965283228521,747.3374157134441,-204.40897308257811,10.265995268113699,0.947347964807457,6.0845739577772356E-15
717.7301624774991,-189.10783887505588,132.96012389598178,717.7301624774991,-250.98369442534795,-363.19648293286957,747.3372752483913,-204.4090692388466,10.265957163459575,0.9473492058539174,1.8155803167639874E-15
717.7301624774991,-189.10783887505588,132.96012389598178,717.7301624774991,-250.98365605504324,-363.19648771804157,747.3371864912127,-204.409066489005,10.26590194512633,0.9473504606797821,2.233305974264475E-15
717.7301624774991,-189.10783887505588,132.96012389598178,717.7301624774991,-250.98371643905537,-363.19648018753236,747.337418396285,-204.40907654112036,10.265942939648,0.9473492825897096,1.2912721861217024E-15
717.7301624774991,-189.10783887505588,132.96012389598178,717.7301624774991,-250.9834838161089,-363.1965091979725,747.3372810209946,-204.40903685478747,10.265792723189918,0.9473524475940489,1.7417901476233895E-14
717.7301624774991,-189.10783887505588,132.96012389598178,717.7301624774991,-250.98397771909228,-363.1964476031303,747.3373253285345,-204.40915109931382,10.265871241317768,0.9473510737646549,6.225560958474712E-15
717.7301624774991,-189.10783887505588,132.96012389598178,717.7301624774991,-250.983798646775,-363.1964699353696,747.3372722304823,-204.40912060181225,10.26575518137733,0.9473534342973436,1.0393853598221894E-14
717.7301624774991,-189.10783887505588,132.96012389598178,717.7301624774991,-250.983154712838,-363.1965502402982,747.3373421321044,-204.40896113639297,10.2657371450384,0.9473532844721776,1.0404285199717804E-15
717.7301624774991,-189.10783887505588,132.96012389598178,717.7301624774991,-250.98333577540012,-363.1965276600923,747.3373032131473,-204.4090030078328,10.265766010570331,0.9473528677949992,8.405998290977178E-16
717.7301624774991,-189.10783887505588,132.96012389598178,717.7301624774991,-250.98361095266807,-363.1964933427682,747.3374707690087,-204.40905997562356,10.265863348294772,0.9473507697198456,7.891432211805634E-15
717.7301624774991,-189.10783887505588,132.96012389598178,717.7301624774991,-250.9840382526632,-363.1964400539297,747.3375813749348,-204.40916088445545,10.265914677593742,0.9473498067178759,2.9552364428670713E-15
717.7301624774991,-189.10783887505588,132.96012389598178,717.7301624774991,-250.9843379515725,-363.19640267807614,747.337602907763,-204.4092275517146,10.265983618548375,0.9473485433388003,4.31776171302251E-15
717.7301624774991,-189.10783887505588,132.96012389598178,717.7301624774991,-250.98419543842866,-363.19642045110464,747.3377872157944,-204.4091857979099,10.266031438813286,0.9473471724351353,2.0342516139533023E-15
717.7301624774991,-189.10783887505588,132.96012389598178,717.7301624774991,-250.98431840304315,-363.19640511600517,747.3378572873561,-204.40921562643922,10.266039875943108,0.9473469642359473,1.0692099013985302E-16
717.7301624774991,-189.10783887505588,132.96012389598178,717.7301624774991,-250.98447644074898,-363.19638540684286,747.3377241712748,-204.40925398407168,10.266050550082412,0.94734705874077,1.7286129941535263E-16
717.7301624774991,-189.10783887505588,132.96012389598178,717.7301624774991,-250.985070954607,-363.19631126350845,747.3376898814175,-204.4093965067584,10.266104920269129,0.9473463721177757,3.765405048337182E-15
717.7301624774991,-189.10783887505588,132.96012389598178,717.7301624774991,-250.9846236230423,-363.1963670514323,747.3377554032077,-204.40928550143005,10.266094212934803,0.9473462032677968,4.3605735338985503E-16
717.7301624774991,-189.10783887505588,132.96012389598178,717.7301624774991,-250.98414509575403,-363.1964267294054,747.3377203918445,-204.40917088589822,10.266049634421933,0.9473468733296558,2.5074175849098364E-15
717.7301624774991,-189.10783887505588,132.96012389598178,717.7301624774991,-250.9849512277859,-363.19632619500277,747.3376540931635,-204.40937683294135,10.266021578488107,0.9473480690566776,2.089302963395376E-15
717.7301624774991,-189.10783887505588,132.96012389598178,717.7301624774991,-250.98481419127407,-363.19634328520505,747.3375305083205,-204.409355399995,10.265917485112311,0.9473503232157958,8.246552940121E-15
717.7301624774991,-189.10783887505588,132.96012389598178,717.7301624774991,-250.9848296476565,-363.1963413575988,747.3375949157592,-204.40936168073205,10.265898248164973,0.9473506254947365,2.899625449358369E-16
717.7301624774991,-189.10783887505588,132.96012389598178,717.7301624774991,-250.984363055203,-363.1963995473603,747.3375372601158,-204.4092669913656,10.265717923800906,0.9473541336051279,2.6706016426737868E-14
717.7301624774991,-189.10783887505588,132.96012389598178,717.7301624774991,-250.98433837414694,-363.19640262537615,747.3374782484651,-204.40927107376098,10.265635488099065,0.9473559095538088,4.97717048183093E-15
717.7301624774991,-189.10783887505588,132.96012389598178,717.7301624774991,-250.9841665975921,-363.19642404788374,747.3373991486627,-204.40924868443966,10.265469104223882,0.9473593523399418,2.0705323637447805E-14
717.7301624774991,-189.10783887505588,132.96012389598178,717.7301624774991,-250.9844670911649,-363.1963865728474,747.3372762232505,-204.409339961516,10.265342314192935,0.9473623503720013,1.381187397934161E-14
717.7301624774991,-189.10783887505588,132.96012389598178,717.7301624774991,-250.98457530322517,-363.19637307750224,747.3374110495643,-204.40934924224342,10.265485806908288,0.947359248862678,1.5137062398426842E-14
717.7301624774991,-189.10783887505588,132.96012389598178,717.7301624774991,-250.98470533675004,-363.1963568607263,747.3373929712931,-204.40939563250805,10.265375680565569,0.9473616272243189,9.71984007785251E-15
717.7301624774991,-189.10783887505588,132.96012389598178,717.7301624774991,-250.98512158390156,-363.196304949367,747.3374085270827,-204.40948905302372,10.265464800100006,0.9473600320821937,7.346305228913028E-15
717.7301624774991,-189.10783887505588,132.96012389598178,717.7301624774991,-250.9849609181685,-363.1963249864869,747.3373886403206,-204.40945548416028,10.265410433960255,0.9473610810836645,2.4802548515071258E-15
717.7301624774991,-189.10783887505588,132.96012389598178,717.7301624774991,-250.98467369343265,-363.1963608070394,747.3373578857423,-204.40938701963958,10.265381021448832,0.9473615535798476,1.0419513637090895E-15
717.7301624774991,-189.10783887505588,132.96012389598178,717.7301624774991,-250.98465791202602,-363.19636277517526,747.3373000893481,-204.40938895788616,10.265333700257884,0.9473626104595775,1.636593011617927E-15
717.7301624774991,-189.10783887505588,132.96012389598178,717.7301624774991,-250.98510127330462,-363.19630748236716,747.3373292648695,-204.4094984668877,10.265348416314964,0.9473625421183548,5.824012676994595E-16
717.7301624774991,-189.10783887505588,132.96012389598178,717.7301624774991,-250.98467508147132,-363.1963606339339,747.3373833628376,-204.4093870540094,10.265383540986619,0.947361461663496,1.7383475107047622E-15
717.7301624774991,-189.10783887505588,132.96012389598178,717.7301624774991,-250.9849858732209,-363.1963218742686,747.3372434847952,-204.40947356226695,10.265315728653576,0.9473632795175999,4.469511630841255E-15
717.7301624774991,-189.10783887505588,132.96012389598178,717.7301624774991,-250.9847001801731,-363.1963575038154,747.3373260625588,-204.4094175420391,10.26518961616651,0.947365561298759,1.2816011282804632E-14
717.7301624774991,-189.10783887505588,132.96012389598178,717.7301624774991,-250.98440771491133,-363.1963939777701,747.3373412616122,-204.40936442121583,10.265026616300162,0.9473687063210883,2.0815271350977712E-14
717.7301624774991,-189.10783887505588,132.96012389598178,717.7301624774991,-250.9849279389346,-363.1963290994225,747.3372136337711,-204.40948702694834,10.26509109977107,0.9473679143395889,4.603901895058507E-15
717.7301624774991,-189.10783887505588,132.96012389598178,717.7301624774991,-250.98524592601763,-363.19628944224127,747.3372827787445,-204.40956750793026,10.265086107649864,0.9473681078509603,1.6340825162942903E-16
717.7301624774991,-189.10783887505588,132.96012389598178,717.7301624774991,-250.98482392693978,-363.1963420710445,747.3373175916112,-204.40945881749323,10.265107843658058,0.9473673366243814,9.010178146790584E-16
717.7301624774991,-189.10783887505588,132.96012389598178,717.7301624774991,-250.98574054666017,-363.19622775611515,747.3372400336568,-204.40968609126423,10.265131285788812,0.9473675606004662,1.940149928643255E-15
717.7301624774991,-189.10783887505588,132.96012389598178,717.7301624774991,-250.98482233606865,-363.1963422694463,747.3372807487411,-204.40945475699877,10.265137198882769,0.9473667905822236,8.742727527998342E-16
717.7301624774991,-189.10783887505588,132.96012389598178,717.7301624774991,-250.98541054387888,-363.19626891214244,747.337203185853,-204.4095999833897,10.265157200192391,0.9473668769113268,1.050873648847162E-15
717.7301624774991,-189.10783887505588,132.96012389598178,717.7301624774991,-250.98525890685647,-363.19628782335514,747.3374429305856,-204.4095576494741,10.265191296141978,0.9473656936134582,1.1216462632718147E-15
717.7301624774991,-189.10783887505588,132.96012389598178,717.7301624774991,-250.98527002656658,-363.1962864365766,747.3370837284082,-204.40963252215633,10.264613330825597,0.9473781744170932,2.495334768196675E-13
717.7301624774991,-189.10783887505588,132.96012389598178,717.7301624774991,-250.98455002397674,-363.1963762301307,747.3369602191418,-204.4095159712176,10.264097990217493,0.947388523435379,2.0312016081095713E-13
717.7301624774991,-189.10783887505588,132.96012389598178,717.7301624774991,-250.98541902552222,-363.196267854364,747.337085398835,-204.40972319991133,10.264186285948398,0.9473870564887698,9.424954906248197E-15
717.7301624774991,-189.10783887505588,132.96012389598178,717.7301624774991,-250.984959244057,-363.1963251952703,747.3366900386933,-204.40967376042343,10.263656833043513,0.9473982980782005,2.0754665518697113E-13
717.7301624774991,-189.10783887505588,132.96012389598178,717.7301624774991,-250.98461989966177,-363.1963675157834,747.3368753476217,-204.40960314601136,10.263539694742803,0.9474001960656603,1.1475300796422384E-14
717.7301624774991,-189.10783887505588,132.96012389598178,717.7301624774991,-250.98503432559323,-363.19631583162675,747.3371255112212,-204.40967944260447,10.263762465973457,0.94739547166553,3.9034754290382685E-14
717.7301624774991,-189.10783887505588,132.96012389598178,717.7301624774991,-250.3788183741661,-363.27154283964654,746.6542381950184,-204.31409817273948,9.805125268723657,0.9575782113806475,1.601329844183507E-7
717.7301624774991,-189.10783887505588,132.96012389598178,717.7301624774991,-250.03147503421044,-363.3143067944851,744.7370792247417,-204.77193357060264,5.36285348673789,1.0,1.4886844609802432E-5
