717.7301624774991,-189.10783887505588,132.96012389598178,717.7301624774991,-670.3158757727888,268.74975982240335,708.2016130707442,-327.1509435143976,171.91380189764993,1.0,0.026695807724193107
717.7301624774991,-189.10783887505588,132.96012389598178,717.7301624774991,-670.304993403922,268.7883185881093,708.2002320096642,-327.1399616515334,171.9226444965194,1.0,1.236163062081431E-10
717.7301624774991,-189.10783887505588,132.96012389598178,717.7301624774991,-670.2868161765119,268.85269839188584,708.2857777600301,-326.82926206917415,171.85483801264527,1.0,7.412097930989952E-8
717.7301624774991,-189.10783887505588,132.96012389598178,717.7301624774991,-670.3765964635505,268.5343949404052,708.3933699671875,-325.07218380203506,171.26152339648496,1.0,2.5390027486707184E-6
717.7301624774991,-189.10783887505588,132.96012389598178,717.7301624774991,-670.6646019714076,267.50782516272284,708.9202334694594,-321.09386115136584,169.83722179495825,1.0,1.3272303825634066E-5
717.7301624774991,-189.10783887505588,132.96012389598178,717.7301624774991,-671.6082134642471,264.08368593305477,709.2997687663188,-314.9034001162797,167.14613275130327,1.0,3.3661549936018776E-5
717.7301624774991,-189.10783887505588,132.96012389598178,717.7301624774991,-672.9864901680637,258.9023758325727,709.9829698902669,-306.3142589594768,163.46620315245124,0.9179934269862907,6.506263539286172E-5
717.7301624774991,-189.10783887505588,132.96012389598178,717.7301624774991,-674.8923483660237,251.33837501762918,708.6579759604075,-304.9297056547882,161.18414043655875,0.8799819714653602,2.616722111955194E-6
717.7301624774991,-189.10783887505588,132.96012389598178,717.7301624774991,-675.6481854832924,248.1924592985808,709.1384647822772,-304.88867897253374,160.38168655222336,0.8757964727853833,3.690801144873674E-8
717.7301624774991,-189.10783887505588,132.96012389598178,717.7301624774991,-675.7099097691703,247.9315316526896,709.0777389165562,-304.9872516991183,160.33941391405125,0.877436686237843,8.203697044004432E-9
717.7301624774991,-189.10783887505588,132.96012389598178,717.7301624774991,-676.1218919288036,246.17369255345918,709.2101999946034,-304.51382925749266,159.7879411503727,0.8661932997056621,2.5270409864666574E-7
717.7301624774991,-189.10783887505588,132.96012389598178,717.7301624774991,-676.4467573205319,244.76700458046236,709.287114932726,-304.3933656655539,159.40930464195748,0.8623493921404487,2.999036103344269E-8
717.7301624774991,-189.10783887505588,132.96012389598178,717.7301624774991,-676.4980254772892,244.54330364920537,709.2045778650804,-304.3776840637764,159.35001891107424,0.8617694286440398,5.971137666248039E-10
717.7301624774991,-189.10783887505588,132.96012389598178,717.7301624774991,-676.7872599492044,243.27232748553615,709.2525234996334,-303.77497542131437,158.89762292733596,0.8487238334692568,3.482849179271291E-7
717.7301624774991,-189.10783887505588,132.96012389598178,717.7301624774991,-677.1780930560549,241.53004138556594,709.4362640009346,-303.5759135436155,158.42323973944042,0.8431847869508732,6.493163862260323E-8
717.7301624774991,-189.10783887505588,132.96012389598178,717.7301624774991,-677.1943089047252,241.4571182044728,709.4104396235427,-303.5810800762803,158.4064399930635,0.8432005010131981,5.545726402089984E-11
717.7301624774991,-189.10783887505588,132.96012389598178,717.7301624774991,-677.4923273307412,240.10764573329993,709.3633361794494,-302.84099935256563,157.9122396653116,0.8277032401665567,5.062048114334668E-7
717.7301624774991,-189.10783887505588,132.96012389598178,717.7301624774991,-677.894064063342,238.2598203161811,709.5460191064763,-302.60894423245855,157.41177846723664,0.8216178462219543,8.109835857030453E-8
717.7301624774991,-189.10783887505588,132.96012389598178,717.7301624774991,-677.9192218714069,238.14297351128118,709.5292734517053,-302.6017170795546,157.38183324788943,0.8213647906296909,1.3121733865123704E-10
717.7301624774991,-189.10783887505588,132.96012389598178,717.7301624774991,-678.2043483521206,236.8090739019956,709.4888340398189,-301.94009830501363,156.91758718095895,0.8077163148313496,4.0735647142695365E-7
717.7301624774991,-189.10783887505588,132.96012389598178,717.7301624774991,-678.5749963378597,235.04783993117778,709.6399311265743,-301.7051215650536,156.44443585916943,0.8018287554177199,7.83922767373026E-8
717.7301624774991,-189.10783887505588,132.96012389598178,717.7301624774991,-678.6170756116428,234.84587927701665,709.5896038082882,-301.7010356845601,156.3951115260006,0.8015548849776886,1.4496137676375036E-10
717.7301624774991,-189.10783887505588,132.96012389598178,717.7301624774991,-678.9568906960395,233.1993698532577,709.586370413469,-300.9248696309226,155.84157034664423,0.7858753263207395,5.596139958847391E-7
717.7301624774991,-189.10783887505588,132.96012389598178,717.7301624774991,-679.2477851277613,231.76717368189014,709.8419108188825,-300.68304970804616,155.45251101099677,0.7803716898756697,7.241717630953151E-8
717.7301624774991,-189.10783887505588,132.96012389598178,717.7301624774991,-679.3846253405471,231.08592403575705,709.6192015330718,-300.5780391026744,155.27017995213552,0.7778267695887869,1.4136894627501063E-8
717.7301624774991,-189.10783887505588,132.96012389598178,717.7301624774991,-679.5880573049873,230.06396176517643,709.689828049286,-299.95875156058133,154.90606309720818,0.7658998798648374,3.3879453186637834E-7
717.7301624774991,-189.10783887505588,132.96012389598178,717.7301624774991,-679.9107590062533,228.41950578529298,709.8879128564179,-299.75098961453835,154.47981407438078,0.7609729479232007,5.980086795034548E-8
717.7301624774991,-189.10783887505588,132.96012389598178,717.7301624774991,-680.1086456395767,227.39638682812955,709.5501317137383,-299.6264910704975,154.2166439542895,0.7578529580524148,2.169806820631286E-8
717.7301624774991,-189.10783887505588,132.96012389598178,717.7301624774991,-680.2780748396149,226.51117574746814,709.75056386341,-298.909386280703,153.8735455623963,0.7446436648593456,4.353027161420433E-7
717.7301624774991,-189.10783887505588,132.96012389598178,717.7301624774991,-680.5697608679728,224.9665325370542,710.0103797937466,-298.69709787479593,153.47628943189022,0.7398986774645602,5.831443025588162E-8
717.7301624774991,-189.10783887505588,132.96012389598178,717.7301624774991,-680.7011240379665,224.26205149193805,709.7814664609534,-298.61637977014755,153.29876800221504,0.7379099293840918,9.17064393239141E-9
717.7301624774991,-189.10783887505588,132.96012389598178,717.7301624774991,-680.9191310748084,223.08033730457032,709.8906255825838,-297.8829322142074,152.8922295241746,0.724479104799067,4.65386804669128E-7
717.7301624774991,-189.10783887505588,132.96012389598178,717.7301624774991,-681.216727770832,221.44086456741104,710.121549962231,-297.68122420521706,152.48152204177254,0.7199918721425057,5.402108048275508E-8
717.7301624774991,-189.10783887505588,132.96012389598178,717.7301624774991,-681.3630378879029,220.62322357208456,709.8795063680417,-297.59811886991423,152.28057850600888,0.7179500133099354,1.005445785050087E-8
717.7301624774991,-189.10783887505588,132.96012389598178,717.7301624774991,-681.6022246931817,219.2693350940163,710.0143987523841,-296.82121279429333,151.8367986483342,0.7040114596622623,5.223046802086807E-7
717.7301624774991,-189.10783887505588,132.96012389598178,717.7301624774991,-681.8633903886024,217.76558629422954,710.2556339083421,-296.57878312553964,151.45636020127284,0.6990904169481788,6.765556999630022E-8
717.7301624774991,-189.10783887505588,132.96012389598178,717.7301624774991,-681.9660584080751,217.16686613638768,710.0717294826583,-296.4990179664738,151.30832420643324,0.6973337244618814,7.874351465987653E-9
717.7301624774991,-189.10783887505588,132.96012389598178,717.7301624774991,-682.224448850066,215.64028455592356,710.1001211475502,-295.7568630421194,150.8418140966134,0.684177364269713,4.823615224292625E-7
717.7301624774991,-189.10783887505588,132.96012389598178,717.7301624774991,-682.488921312587,214.04716042322337,710.3446509231495,-295.54263791110196,150.4526519729946,0.6798204440268059,5.53472524044295E-8
717.7301624774991,-189.10783887505588,132.96012389598178,717.7301624774991,-682.7125735269692,212.67440071772916,710.0893787050774,-295.50118268445794,150.1420264690898,0.6782822229440619,5.9919087859632825E-9
717.7301624774991,-189.10783887505588,132.96012389598178,717.7301624774991,-682.963073813254,211.10746501605536,710.3291037559952,-294.6889124269754,149.6672064314498,0.6643814682586578,5.661876827829501E-7
717.7301624774991,-189.10783887505588,132.96012389598178,717.7301624774991,-683.1814604946405,209.71464441241443,710.5399143769948,-294.4480819486202,149.32476975926824,0.6598525657778332,6.203366019508223E-8
717.7301624774991,-189.10783887505588,132.96012389598178,717.7301624774991,-683.2932141617256,208.9917939603264,710.3359878741027,-294.36037002647646,149.15349205727108,0.6580187892704897,9.330969204531217E-9
717.7301624774991,-189.10783887505588,132.96012389598178,717.7301624774991,-683.5480778476204,207.31636159500272,710.380855843268,-293.55023905265847,148.6666609480622,0.6444032516016417,5.623924212751484E-7
717.7301624774991,-189.10783887505588,132.96012389598178,717.7301624774991,-683.8154223436105,205.51635628647392,710.6646490449041,-293.357193263504,148.2498437958341,0.6405888569914018,4.642881499834345E-8
717.7301624774991,-189.10783887505588,132.96012389598178,717.7301624774991,-683.9531436030142,204.57104756475047,710.4298191418382,-293.3039436567882,148.0387337864195,0.6392429774182709,5.043545344762083E-9
717.7301624774991,-189.10783887505588,132.96012389598178,717.7301624774991,-684.2162176871421,202.72897962737323,710.5660994623446,-292.66977749868727,147.55369222223644,0.6286293358330954,3.563475257269325E-7
717.7301624774991,-189.10783887505588,132.96012389598178,717.7301624774991,-684.4300183547754,201.19456179548047,710.7962412878405,-292.4224690326913,147.19250840782755,0.624220310983399,6.363372637496789E-8
717.7301624774991,-189.10783887505588,132.96012389598178,717.7301624774991,-684.5769360595385,200.11943996749716,710.5313638508093,-292.3585659089653,146.9554431820647,0.6227064901034598,6.63940712043723E-9
717.7301624774991,-189.10783887505588,132.96012389598178,717.7301624774991,-684.8028082308167,198.4314714870573,710.656895438487,-291.7893985167627,146.5222951869941,0.6134019251610038,2.838889559244353E-7
717.7301624774991,-189.10783887505588,132.96012389598178,717.7301624774991,-685.1400751155973,195.82522240228928,711.4882975770919,-288.57176552196205,145.5657754840163,0.5654699780203039,8.163813049894129E-6
717.7301624774991,-189.10783887505588,132.96012389598178,717.7301624774991,-685.287716627119,194.6490930391569,711.5973547068278,-287.7514389928781,145.22426897056454,0.5534963443759804,5.403425787827904E-7
717.7301624774991,-189.10783887505588,132.96012389598178,717.7301624774991,-685.4069618362211,193.68228252014606,711.7892767172892,-287.31459948511343,144.97571332549578,0.5471116421779497,1.582774779224408E-7
717.7301624774991,-189.10783887505588,132.96012389598178,717.7301624774991,-685.4801862967518,193.08077521543487,711.7384266607318,-287.351930662023,144.85945474549564,0.5474185806431392,1.9131670971176613E-9
717.7301624774991,-189.10783887505588,132.96012389598178,717.7301624774991,-685.8574235809862,189.87980497806237,711.732702914982,-286.87047917377697,144.16218320085176,0.5397327516649852,2.286858963969935E-7
717.7301624774991,-189.10783887505588,132.96012389598178,717.7301624774991,-686.179104055454,186.99860400005485,712.5352220875542,-283.7943407493635,143.25384836988007,0.497920485812511,7.407819711235657E-6
717.7301624774991,-189.10783887505588,132.96012389598178,717.7301624774991,-686.3328053010326,185.56556812646207,712.5952043762668,-282.8180998649722,142.87448910528124,0.48498577350655925,7.534784601117954E-7
717.7301624774991,-189.10783887505588,132.96012389598178,717.7301624774991,-686.4258616381234,184.67844013919617,712.759628797903,-282.52733307184076,142.67523318823496,0.48109026171643593,7.058321510018214E-8
717.7301624774991,-189.10783887505588,132.96012389598178,717.7301624774991,-686.4768673956519,184.1856006480679,712.7015624363456,-282.5631120676284,142.58535315186364,0.481413574907711,1.4740539701446408E-9
717.7301624774991,-189.10783887505588,132.96012389598178,717.7301624774991,-686.8231807962437,180.70358854063264,712.6268431582091,-282.2223525036324,141.89215615395818,0.4762749593803104,1.2067710598927278E-7
717.7301624774991,-189.10783887505588,132.96012389598178,717.7301624774991,-687.1470420609359,177.19757511069008,713.3839145504345,-279.35194390447947,140.97589688757932,0.4404798539005248,6.422249212473963E-6
717.7301624774991,-189.10783887505588,132.96012389598178,717.7301624774991,-687.283700653836,175.63108288414793,713.5240235604308,-278.4733139782734,140.6146708454699,0.42981717922181184,6.0545700047239E-7
717.7301624774991,-189.10783887505588,132.96012389598178,717.7301624774991,-687.3680298953454,174.63484098469723,713.5918720867236,-278.2348790991783,140.41475152474936,0.42685999156777205,4.7534311431535524E-8
717.7301624774991,-189.10783887505588,132.96012389598178,717.7301624774991,-687.5021092158661,172.99949566242378,713.4672006880112,-278.29641714774016,140.1252436722153,0.42728332740619385,5.238709953834572E-9
717.7301624774991,-189.10783887505588,132.96012389598178,717.7301624774991,-687.8232750226592,168.7779092561309,713.492593593423,-277.82403898877976,139.33172899043674,0.421136421032418,2.0481324016517375E-7
717.7301624774991,-189.10783887505588,132.96012389598178,717.7301624774991,-688.0247063356845,165.85327460054995,714.2302672698426,-274.97294120232357,138.62113464811247,0.38876443585045284,6.211456462200384E-6
717.7301624774991,-189.10783887505588,132.96012389598178,717.7301624774991,-688.1386705145941,164.0765033953845,714.3917796303147,-274.0332611032777,138.25553151341964,0.37838238718333295,6.803981726786774E-7
717.7301624774991,-189.10783887505588,132.96012389598178,717.7301624774991,-688.3079962072593,161.2303011063105,714.0113694540623,-274.03590911883776,137.76968086558267,0.3780668682337911,6.496307193600857E-10
717.7301624774991,-189.10783887505588,132.96012389598178,717.7301624774991,-688.5126356930724,157.3496485972884,714.1375553957433,-273.51257629528465,137.08221371437037,0.3721240283074156,2.2745445012532383E-7
717.7301624774991,-189.10783887505588,132.96012389598178,717.7301624774991,-688.6641071802602,154.02038972950723,714.8997186836883,-270.6474975630672,136.39766836673857,0.34235086821921046,6.209805678371905E-6
717.7301624774991,-189.10783887505588,132.96012389598178,717.7301624774991,-688.7434858826623,152.04467888923514,715.1150728050349,-269.73088207221525,136.03967778857304,0.3331210116544421,6.370665754804369E-7
717.7301624774991,-189.10783887505588,132.96012389598178,717.7301624774991,-688.8239637446972,149.8063265918124,714.738328569337,-269.6976683920355,135.6769315707784,0.3326412453470757,1.4975643400046521E-9
717.7301624774991,-189.10783887505588,132.96012389598178,717.7301624774991,-688.9549305649928,145.32478843295513,714.7046712259976,-269.29034535997647,134.9435900617402,0.3284403389554923,1.3281049733961967E-7
717.7301624774991,-189.10783887505588,132.96012389598178,717.7301624774991,-689.0447266504012,140.90419347659835,715.5305651616258,-265.9521364045191,134.18119091738944,0.2968373946457099,8.350216405535035E-6
717.7301624774991,-189.10783887505588,132.96012389598178,717.7301624774991,-689.1078379031088,132.99129996159215,718.7187657289035,-260.198018163948,132.96455652017792,0.24723703231973576,2.4792986922180863E-5
717.7301624774991,-189.10783887505588,132.96012389598178,717.7301624774991,-689.0979109823872,129.80928367382407,728.6480609012542,-251.35356298799024,132.56786344495774,0.18107094996470505,5.8221576816026174E-5
717.7301624774991,-189.10783887505588,132.96012389598178,717.7301624774991,-689.0563964944415,125.78797398847392,732.0523716226414,-248.50573525265602,132.10801499293922,0.16215293030631686,6.003403250595292E-6
717.7301624774991,-189.10783887505588,132.96012389598178,717.7301624774991,-689.0314108593299,124.21814617441268,731.9017193633633,-247.3331073097108,131.94196026455344,0.15501409989599246,1.0196566109779418E-6
717.7301624774991,-189.10783887505588,132.96012389598178,717.7301624774991,-688.923080429359,119.36879173119023,732.710884023618,-245.24902876037837,131.43349266023714,0.14264791371757896,3.2557355182627207E-6
717.7301624774991,-189.10783887505588,132.96012389598178,717.7301624774991,-685.3102395604,71.45258326801255,741.4616892016691,-230.2433386664697,127.86110901580864,0.07118820714346379,1.8176228461470233E-4
717.7301624774991,-189.10783887505588,132.96012389598178,717.7301624774991,-679.5915179455117,35.873767668600166,743.6589151759416,-227.7384493866728,125.3135795287566,0.06316882628482928,6.438696589644243E-6
717.7301624774991,-189.10783887505588,132.96012389598178,717.7301624774991,-678.3222012353112,29.66778313226031,744.4137084850745,-226.76305253487882,125.00963131004056,0.05990215167998045,7.623359673145136E-7
717.7301624774991,-189.10783887505588,132.96012389598178,717.7301624774991,-654.2869243019312,-50.36586575473797,748.2359621086006,-216.40486190362435,122.20243096006956,0.03252359280209422,8.699288744976595E-5
717.7301624774991,-189.10783887505588,132.96012389598178,717.7301624774991,-521.3756420764591,-240.6681766323822,753.8855469291045,-203.71970906522068,116.52937684769455,0.01665630347309692,1.2280411894372337E-4
717.7301624774991,-189.10783887505588,132.96012389598178,717.7301624774991,-399.8124667375671,-320.4751634354308,757.8016641600373,-198.25519939762063,113.27505058292837,0.015675390233593947,2.0487960529327333E-5
717.7301624774991,-189.10783887505588,132.96012389598178,717.7301624774991,-328.74796104639086,-347.1446941177252,759.4761954487612,-195.1116127970814,112.31819991733605,0.015108426474952736,2.361172957741035E-6
717.7301624774991,-189.10783887505588,132.96012389598178,717.7301624774991,-60.97747558455205,-350.3437246331227,763.1458566377104,-182.67238320753657,108.68578008491548,0.020822342801517225,3.2467322845913326E-5
717.7301624774991,-189.10783887505588,132.96012389598178,717.7301624774991,129.5023328493253,-252.38071026743825,769.7859883807182,-163.48943170646584,101.9761212985305,0.058372118121473866,2.3408990044513907E-4
717.7301624774991,-189.10783887505588,132.96012389598178,717.7301624774991,183.31980926594068,-200.65289578425507,779.4454842165771,-150.5307449817788,98.4035574099409,0.0994611970210343,1.0924551009614985E-4
717.7301624774991,-189.10783887505588,132.96012389598178,717.7301624774991,191.49691999559937,-191.29289077776087,783.7441353213885,-145.73272592887955,96.00706220451869,0.12172465925208882,2.01763741862716E-5
717.7301624774991,-189.10783887505588,132.96012389598178,717.7301624774991,180.26391451124042,-204.03321105343986,783.9219400110313,-146.05656480666693,93.68264182237232,0.12837381112908483,2.407209911637132E-6
717.7301624774991,-189.10783887505588,132.96012389598178,717.7301624774991,181.7066650507401,-202.44500975326025,783.9780107288875,-144.65567192468544,92.75272952725729,0.1373699624460044,2.044619752640126E-6
717.7301624774991,-189.10783887505588,132.96012389598178,717.7301624774991,196.00195632372285,-185.9292701608835,784.9176418658999,-138.19085996119534,90.7984215568701,0.17335423508190023,2.9124887047575022E-5
717.7301624774991,-189.10783887505588,132.96012389598178,717.7301624774991,202.11178546542206,-178.40333820401366,785.9596948217271,-133.258714034896,88.51098130810107,0.20800474827277332,2.0928010914743966E-5
717.7301624774991,-189.10783887505588,132.96012389598178,717.7301624774991,201.2963061150999,-179.42522078988117,786.1806172045776,-132.0654524270355,87.31715165571941,0.21999438861767523,2.081361845109332E-6
717.7301624774991,-189.10783887505588,132.96012389598178,717.7301624774991,200.1006290427246,-180.91368594022305,786.3853921790626,-132.0773465541419,86.96837557312384,0.22130663987473284,3.8257465358530566E-8
717.7301624774991,-189.10783887505588,132.96012389598178,717.7301624774991,205.27359164352683,-174.3886800094773,786.7608596615174,-128.8232717456147,85.97923644185235,0.24523144661951551,7.491983513192197E-6
717.7301624774991,-189.10783887505588,132.96012389598178,717.7301624774991,206.99284204667438,-172.16976741809714,786.8810892261502,-125.29102882888466,83.79985416837886,0.2793482687492415,1.272900448396657E-5
717.7301624774991,-189.10783887505588,132.96012389598178,717.7301624774991,207.04981403705435,-172.0957956321729,786.9478866001269,-124.60120498464359,83.28765039344049,0.28675242697604625,5.440538085845503E-7
717.7301624774991,-189.10783887505588,132.96012389598178,717.7301624774991,210.36969888222714,-167.73523161749875,787.1951654024522,-122.62415246177721,82.91641972647716,0.3024941248605769,2.4029107396620236E-6
717.7301624774991,-189.10783887505588,132.96012389598178,717.7301624774991,214.7286194993167,-161.85526730272022,787.5400540925444,-118.1393575184166,81.15053573210355,0.3463237818564833,1.6268941647917854E-5
717.7301624774991,-189.10783887505588,132.96012389598178,717.7301624774991,224.15253211838703,-148.49300855480817,789.173841598696,-113.32597550592723,81.34849034659058,0.38276863484897,1.2435536619739201E-5
717.7301624774991,-189.10783887505588,132.96012389598178,717.7301624774991,225.4524248159203,-146.5748252042485,789.3618723767964,-112.62236632010729,81.3865300179827,0.38841588422913187,2.6910202061985195E-7
717.7301624774991,-189.10783887505588,132.96012389598178,717.7301624774991,230.0580765953239,-139.62002084658457,789.8731012258079,-109.48984646058702,81.18519875185456,0.4173946751213076,5.548963205897657E-6
717.7301624774991,-189.10783887505588,132.96012389598178,717.7301624774991,232.43169223047286,-135.93469516033804,790.1527836252851,-105.82326371332081,79.83393022782286,0.4613059987256547,1.0870238568069163E-5
717.7301624774991,-189.10783887505588,132.96012389598178,717.7301624774991,231.89322768052224,-136.77697395869916,789.9088231406083,-105.55194260977645,79.4255208802721,0.4672746162052959,1.4817019871893778E-7
717.7301624774991,-189.10783887505588,132.96012389598178,717.7301624774991,234.83018264546993,-132.13712978511955,789.0641716277605,-102.0925629824221,78.54766382763262,0.5118027912976587,8.59266117043588E-6
717.7301624774991,-189.10783887505588,132.96012389598178,717.7301624774991,235.41098242856881,-131.20605554222942,789.2356996830368,-100.48336519449992,77.81159468584738,0.5344842993462802,2.2790487414173863E-6
717.7301624774991,-189.10783887505588,132.96012389598178,717.7301624774991,235.6448378996603,-130.82987510457457,789.3305355624165,-100.04377295072996,77.64744160857981,0.5404203011237313,1.5576277236629258E-7
717.7301624774991,-189.10783887505588,132.96012389598178,717.7301624774991,238.4779688948066,-126.21236112855587,788.8530357703269,-97.16043992874576,77.22806861391362,0.5785065071897925,5.340288137651064E-6
717.7301624774991,-189.10783887505588,132.96012389598178,717.7301624774991,238.34350256086967,-126.43407554692743,789.1294971679669,-95.59578881310449,76.21335294750145,0.6044988175055012,2.5717402346507804E-6
717.7301624774991,-189.10783887505588,132.96012389598178,717.7301624774991,238.99764507771962,-125.35304767983996,789.3902295442069,-95.04146769351725,76.2017230126796,0.6108150097844377,1.6993837173792625E-7
717.7301624774991,-189.10783887505588,132.96012389598178,717.7301624774991,241.4192589192053,-121.29647496597633,789.4022118386829,-92.82437301042792,76.09795033523531,0.6399400524131202,2.8467758744371977E-6
717.7301624774991,-189.10783887505588,132.96012389598178,717.7301624774991,241.9275450169578,-120.43383387149225,789.7553842081834,-90.9418689421341,75.25102490094963,0.6705252083846241,3.1187849494519357E-6
717.7301624774991,-189.10783887505588,132.96012389598178,717.7301624774991,242.46601290595189,-119.51563822566169,789.8669231491365,-90.44669309314429,75.24219712565818,0.6769766848973507,1.372190900518287E-7
717.7301624774991,-189.10783887505588,132.96012389598178,717.7301624774991,245.34705770732458,-114.52511371546271,789.8891537889089,-87.70592369343555,75.19698836593881,0.7154269436205193,4.280324224914967E-6
717.7301624774991,-189.10783887505588,132.96012389598178,717.7301624774991,244.81166044417134,-115.46263695847608,790.0451545061953,-86.94738743688097,74.47235960738433,0.7317637375137023,7.648337456082569E-7
717.7301624774991,-189.10783887505588,132.96012389598178,717.7301624774991,243.81931254488424,-117.1879953522274,789.9113746911111,-87.51333570866873,74.25816027537101,0.7258084820893933,2.626226832083279E-7
717.7301624774991,-189.10783887505588,132.96012389598178,717.7301624774991,243.20759987535067,-118.2437005534949,789.4504077486773,-87.46677344790626,73.89995146674661,0.7308993678337504,3.556829829242365E-8
717.7301624774991,-189.10783887505588,132.96012389598178,717.7301624774991,242.17994483875034,-120.00399928996151,789.7941293368893,-87.64485124556357,73.4488261715081,0.7310498035819615,1.0716814699171201E-7
717.7301624774991,-189.10783887505588,132.96012389598178,717.7301624774991,241.55763742972843,-121.06201592488745,789.3181539575581,-88.48990421213738,73.61201155891905,0.7191016769057116,4.841548291998958E-7
717.7301624774991,-189.10783887505588,132.96012389598178,717.7301624774991,241.3399018429582,-121.43080068812623,788.9945602905944,-88.95031267413626,73.76788455048515,0.7122875992390668,1.664687658559248E-7
717.7301624774991,-189.10783887505588,132.96012389598178,717.7301624774991,240.55112841246964,-122.76076267650194,788.8361050624961,-88.98984671944557,73.37272164177318,0.715513152341684,4.0940102611992125E-8
717.7301624774991,-189.10783887505588,132.96012389598178,717.7301624774991,240.05288976841766,-123.59604732233612,788.7463874884178,-88.95832545449638,73.08983754948423,0.718611687620501,2.1787418763589018E-8
717.7301624774991,-189.10783887505588,132.96012389598178,717.7301624774991,239.0500106135116,-125.26624176276573,788.1742797598743,-90.08950389179992,73.24115621420549,0.703225354303013,8.076158694054077E-7
717.7301624774991,-189.10783887505588,132.96012389598178,717.7301624774991,238.9333442256458,-125.45958427224525,787.7871889436594,-90.57644955724729,73.4741354486325,0.6956924588232397,2.1241828603433683E-7
717.7301624774991,-189.10783887505588,132.96012389598178,717.7301624774991,237.93782328506305,-127.1014119570267,787.6013771569372,-90.65588360591508,73.00502081516768,0.6990613705757136,7.145933538270149E-8
717.7301624774991,-189.10783887505588,132.96012389598178,717.7301624774991,237.46258957477627,-127.88019041936059,787.5366908771148,-90.58399089537562,72.71452373103926,0.7026907347383049,3.3308388133162514E-8
717.7301624774991,-189.10783887505588,132.96012389598178,717.7301624774991,236.57212118824165,-129.33088166941963,787.1071537403833,-91.60753431134127,72.88341057561101,0.6884868742896788,6.792178833255383E-7
717.7301624774991,-189.10783887505588,132.96012389598178,717.7301624774991,236.51534245263545,-129.4230072624353,786.718365180958,-92.02987709586795,73.11465331178061,0.6819427342915451,1.7010452330392756E-7
717.7301624774991,-189.10783887505588,132.96012389598178,717.7301624774991,235.5167933515801,-131.0359399125419,786.5290380191533,-92.10089831557156,72.64932577878096,0.6854132903306291,6.880607292326052E-8
717.7301624774991,-189.10783887505588,132.96012389598178,717.7301624774991,234.99028035625204,-131.8809327105559,786.4499001028116,-92.00767507873559,72.3229533678581,0.6896556007995686,4.666124348458583E-8
717.7301624774991,-189.10783887505588,132.96012389598178,717.7301624774991,234.09359214837266,-133.31144570866496,786.0571353235182,-93.0136081619832,72.49917134191443,0.675741476312157,6.585369079513751E-7
717.7301624774991,-189.10783887505588,132.96012389598178,717.7301624774991,234.09328921115141,-133.3119271844152,785.6165778763,-93.47433253272457,72.78889987080501,0.6684115006367405,2.179420170595462E-7
717.7301624774991,-189.10783887505588,132.96012389598178,717.7301624774991,233.04763052197862,-134.9666565089817,785.4248952940459,-93.54556008483036,72.31020806995573,0.6720032316301029,7.367806554852667E-8
717.7301624774991,-189.10783887505588,132.96012389598178,717.7301624774991,232.53033294592294,-135.77999604047795,785.366895837888,-93.43283778441652,71.97961267477257,0.6764543845521517,5.469277589562662E-8
717.7301624774991,-189.10783887505588,132.96012389598178,717.7301624774991,231.57726537826235,-137.26948784073141,784.9278798715783,-94.48205741668741,72.17668296772769,0.662143473633647,7.213775017109226E-7
717.7301624774991,-189.10783887505588,132.96012389598178,717.7301624774991,229.62043312774662,-140.29183716843045,784.1356358971403,-95.19988886968588,71.67806291698395,0.6591149576846679,5.619190975916538E-7
717.7301624774991,-189.10783887505588,132.96012389598178,717.7301624774991,225.7123653093765,-146.18893700228784,782.9618386666506,-95.65856052133527,70.07437717747351,0.6700789875116069,1.197298016211063E-6
717.7301624774991,-189.10783887505588,132.96012389598178,717.7301624774991,227.09062307713035,-144.12982588320926,783.4540849640617,-95.99817574297738,70.97106281149138,0.6566160768717408,4.473097036791435E-7
717.7301624774991,-189.10783887505588,132.96012389598178,717.7301624774991,231.27320737053438,-137.7422513382649,785.0611059087995,-94.28871302284865,71.90179880005886,0.6666347328357057,2.782476760817377E-6
717.7301624774991,-189.10783887505588,132.96012389598178,717.7301624774991,229.5085857246352,-140.46315429256452,784.549291753436,-95.10645491949128,71.5622306337458,0.6602085416694837,5.580854043291518E-7
717.7301624774991,-189.10783887505588,132.96012389598178,717.7301624774991,228.69021882103263,-141.71201336110494,784.0441012589703,-95.28370997747554,71.27751543031764,0.661676787451143,6.808986848292957E-8
717.7301624774991,-189.10783887505588,132.96012389598178,717.7301624774991,225.39998555065486,-146.65257876586833,783.2263100150934,-95.23732977265442,69.63831136631165,0.678723448028517,6.693617117840734E-7
717.7301624774991,-189.10783887505588,132.96012389598178,717.7301624774991,224.06368598602987,-148.62341795965517,785.554775255665,-94.48133906749847,68.47052728553703,0.692739634404978,1.2035456324808815E-6
717.7301624774991,-189.10783887505588,132.96012389598178,717.7301624774991,220.53598096221342,-153.7312447727155,787.7275714356991,-94.9009912323789,67.02896912017795,0.6941086235087744,1.0013973506132285E-6
717.7301624774991,-189.10783887505588,132.96012389598178,717.7301624774991,219.5249980137083,-155.1704100920714,787.9199352474285,-94.76024198981733,66.43482045240816,0.7009030782274326,1.5386474178981836E-7
717.7301624774991,-189.10783887505588,132.96012389598178,717.7301624774991,220.6001748588698,-153.63949836860064,789.41656020067,-92.98953616608522,65.72329101578879,0.72679588970501,2.550706086709745E-6
717.7301624774991,-189.10783887505588,132.96012389598178,717.7301624774991,214.37896587241138,-162.33362543623684,791.6987809400287,-94.27887918982762,63.55909585430669,0.7230976415803256,3.965158701974976E-6
717.7301624774991,-189.10783887505588,132.96012389598178,717.7301624774991,210.69505242794688,-167.30250798777337,792.4878083093603,-94.81713441365747,62.14529063782075,0.7273330365179181,1.2063869941979034E-6
717.7301624774991,-189.10783887505588,132.96012389598178,717.7301624774991,211.16024710477146,-166.68209500189914,792.3066980735072,-94.76796707726866,62.336935322673355,0.726666595826279,1.7471388033871543E-8
717.7301624774991,-189.10783887505588,132.96012389598178,717.7301624774991,212.03242391931187,-165.513475548367,792.2632704121038,-94.72422307409829,62.73277413945701,0.7234724125022528,5.413609046741398E-8
717.7301624774991,-189.10783887505588,132.96012389598178,717.7301624774991,209.7030401434528,-168.61885875447484,791.6959569248071,-94.73541400465498,61.596123112664884,0.7364865180215661,3.5419767862277407E-7
717.7301624774991,-189.10783887505588,132.96012389598178,717.7301624774991,200.1498730871772,-180.85261274472123,790.251383100236,-95.11360357114688,57.18362081662414,0.7825889191312152,6.925198552754143E-6
717.7301624774991,-189.10783887505588,132.96012389598178,717.7301624774991,199.29786834205018,-181.9065250225401,788.7623277282829,-95.131718904113,56.777036408351336,0.7917819768260483,5.274669779925662E-8
717.7301624774991,-189.10783887505588,132.96012389598178,717.7301624774991,194.4044579074746,-187.8487260701441,788.0862199620733,-95.87708514507071,54.972400590849816,0.8041700504005243,2.2098430269683E-6
717.7301624774991,-189.10783887505588,132.96012389598178,717.7301624774991,191.68691901511866,-191.06973948602717,787.3935846518139,-95.18557316221771,53.03880592385494,0.8386855710701455,2.3397065584698624E-6
717.7301624774991,-189.10783887505588,132.96012389598178,717.7301624774991,195.7727288512543,-186.20589651764732,788.6878896262891,-94.07808193672034,54.1557573308946,0.8366247342839093,1.807930380979217E-6
717.7301624774991,-189.10783887505588,132.96012389598178,717.7301624774991,194.9537483077605,-187.1909299061507,791.034592315422,-94.09586633266468,53.7588078872904,0.8327843973413327,5.057473171823808E-8
717.7301624774991,-189.10783887505588,132.96012389598178,717.7301624774991,195.56647566723038,-186.45445268345708,793.1636361216358,-94.11072353456024,54.07920508845129,0.8212043390876451,3.289808129727904E-8
717.7301624774991,-189.10783887505588,132.96012389598178,717.7301624774991,194.54772640704218,-187.67737738556485,795.1374305603954,-94.27850778282217,53.707162330685094,0.8159507794280478,9.716136124132139E-8
717.7301624774991,-189.10783887505588,132.96012389598178,717.7301624774991,197.1402397137213,-184.54959530404176,794.4159280931133,-92.62524460950652,53.647984597136656,0.8424801550585009,1.2736287719725211E-6
717.7301624774991,-189.10783887505588,132.96012389598178,717.7301624774991,190.71442381771308,-192.20913781696856,797.5294776621068,-93.25993724958373,50.903871618056456,0.8540662288952662,3.767169005905249E-6
717.7301624774991,-189.10783887505588,132.96012389598178,717.7301624774991,184.75171112611505,-199.04746166935126,798.1635440566106,-94.43707294063692,48.887341961138134,0.859684588233687,3.6474167763679993E-6
717.7301624774991,-189.10783887505588,132.96012389598178,717.7301624774991,182.11978642150083,-201.98770818638775,797.2445472928922,-94.71224643320247,47.78974084253349,0.8732605550165511,6.49316368098519E-7
717.7301624774991,-189.10783887505588,132.96012389598178,717.7301624774991,178.60968111014714,-205.8374934154919,794.3486051545802,-95.23394127899809,46.46913256501267,0.8944206513188533,1.1905042023291137E-6
717.7301624774991,-189.10783887505588,132.96012389598178,717.7301624774991,178.61012159330485,-205.83701533188867,791.044577199819,-95.01414247589318,46.266846475405515,0.9131197321210207,6.092091763111329E-8
717.7301624774991,-189.10783887505588,132.96012389598178,717.7301624774991,179.50755414627994,-204.86037877922013,789.977725492937,-94.96417391174376,46.681414911761294,0.9124335086372027,7.332850930504988E-8
717.7301624774991,-189.10783887505588,132.96012389598178,717.7301624774991,175.95901703413952,-208.69202481169833,789.3680326270523,-95.44839578838506,45.30782279175611,0.9261235252676598,1.2314268337343617E-6
717.7301624774991,-189.10783887505588,132.96012389598178,717.7301624774991,172.28746345978075,-212.57342794857072,787.9086799039078,-94.83230238455249,42.822369572233185,0.9752407438757121,3.4540465784707086E-6
717.7301624774991,-189.10783887505588,132.96012389598178,717.7301624774991,175.54632198988506,-209.13247024175422,788.7866766155119,-94.20267094705943,43.926846402157935,0.9656104030796114,1.08797381577696E-6
717.7301624774991,-189.10783887505588,132.96012389598178,717.7301624774991,175.795946414694,-208.86618796606922,790.423935729866,-94.22835785897853,44.08107036312103,0.956618243966375,1.0849545593273273E-8
717.7301624774991,-189.10783887505588,132.96012389598178,717.7301624774991,175.87567324285553,-208.78105869996233,792.0018092294343,-94.1144501726023,44.01596089640731,0.9528632081151771,1.151454026859862E-8
717.7301624774991,-189.10783887505588,132.96012389598178,717.7301624774991,176.27646581047853,-208.35250389482906,793.2241435881795,-94.08432833901915,44.196803558849325,0.9458447318951207,1.5233411622782755E-8
717.7301624774991,-189.10783887505588,132.96012389598178,717.7301624774991,174.92322665016306,-209.79544984801106,794.0720640810852,-94.23652081268136,43.63348083214885,0.9478565480324533,1.8121985037558207E-7
717.7301624774991,-189.10783887505588,132.96012389598178,717.7301624774991,175.04376631412848,-209.6673829363511,793.6634509228946,-94.21774408441588,43.6787472992479,0.9491982415614522,1.4568926453969034E-9
717.7301624774991,-189.10783887505588,132.96012389598178,717.7301624774991,175.4065755852986,-209.28137220088962,793.4510964712421,-94.22692553155252,43.87671746391612,0.9472153797728131,1.4851321819465563E-8
717.7301624774991,-189.10783887505588,132.96012389598178,717.7301624774991,175.60066590100146,-209.07453303809655,793.1104056247608,-93.12707050355142,42.94645886676986,0.977849897770719,1.5290585503674788E-6
717.7301624774991,-189.10783887505588,132.96012389598178,717.7301624774991,171.25023184342368,-213.65502416892218,794.6558970294659,-93.41817764083031,40.919765174856195,0.9957339482703925,1.918599274851471E-6
717.7301624774991,-189.10783887505588,132.96012389598178,717.7301624774991,169.17678244421612,-215.79785827232064,794.9943594201629,-93.98313062580203,40.36474209812579,0.993839275576147,4.6213582631684827E-7
717.7301624774991,-189.10783887505588,132.96012389598178,717.7301624774991,167.19965257038504,-217.81754292426638,794.1316643078677,-93.92783354425467,39.25729417877511,1.0,4.896354071927965E-7
717.7301624774991,-189.10783887505588,132.96012389598178,717.7301624774991,163.78215837364635,-221.2554176063794,794.3743504479359,-93.72882627185601,37.2228435519518,1.0,1.8456948564430208E-6
717.7301624774991,-189.10783887505588,132.96012389598178,717.7301624774991,162.40584926258762,-222.6212691097146,794.4325351900311,-94.45408276596558,37.21103762622454,1.0,1.9755267376517396E-7
717.7301624774991,-189.10783887505588,132.96012389598178,717.7301624774991,160.22990143509898,-224.7592398446394,793.4283025126233,-96.17602459265052,37.798606429106286,1.0,1.944917048295337E-6
717.7301624774991,-189.10783887505588,132.96012389598178,717.7301624774991,157.33270225495815,-227.5658133977766,790.9542966947538,-99.32746886793868,39.529511122377244,0.9458263933198094,8.734252041340838E-6
717.7301624774991,-189.10783887505588,132.96012389598178,717.7301624774991,158.0259091133303,-226.89840526170764,789.8602104944879,-100.2816169550272,40.877824908890915,0.9176495668906546,1.968609283242136E-6
717.7301624774991,-189.10783887505588,132.96012389598178,717.7301624774991,157.35150455172615,-227.54774474530478,790.0230563892942,-100.6306644222794,40.89530246588939,0.9120390942968292,4.758953720714609E-8
717.7301624774991,-189.10783887505588,132.96012389598178,717.7301624774991,154.98165615101837,-229.8103536965329,789.0367722286629,-100.15291765153648,39.1757459276416,0.9470281316934842,1.8333489774340876E-6
717.7301624774991,-189.10783887505588,132.96012389598178,717.7301624774991,150.99182948335536,-233.55347146236056,790.2835068181276,-100.5966970138733,37.57474175374719,0.9595925788893914,1.6041629453374725E-6
717.7301624774991,-189.10783887505588,132.96012389598178,717.7301624774991,149.89670047537217,-234.56664016318723,790.9473852602887,-100.80257286200175,37.22527406373891,0.959305886010736,1.1540306101968775E-7
717.7301624774991,-189.10783887505588,132.96012389598178,717.7301624774991,148.85862040249705,-235.52145285297075,790.1481020127708,-100.63302193048989,36.49688278028586,0.9758140049045967,3.1181900689836705E-7
717.7301624774991,-189.10783887505588,132.96012389598178,717.7301624774991,144.8270386434065,-239.1789597498099,791.4062431952271,-100.76818469753965,34.51386934627703,0.9992054447840726,1.806327509821102E-6
717.7301624774991,-189.10783887505588,132.96012389598178,717.7301624774991,143.44664891752106,-240.4130308018577,792.064912581259,-100.96253172786513,33.995615493725154,1.0,1.9586282548385038E-7
717.7301624774991,-189.10783887505588,132.96012389598178,717.7301624774991,142.16592646482044,-241.54981241751642,791.4399713470823,-100.67921275784639,32.9902421835894,1.0,6.518444310427993E-7
717.7301624774991,-189.10783887505588,132.96012389598178,717.7301624774991,139.52323437257448,-243.87089618611094,792.2144366583676,-100.88161012321152,31.793854224635965,1.0,7.882977523134258E-7
717.7301624774991,-189.10783887505588,132.96012389598178,717.7301624774991,137.56168788709343,-245.5725963343748,792.4716226722285,-101.7117979450789,31.68878267695456,1.0,2.8454641216746884E-7
717.7301624774991,-189.10783887505588,132.96012389598178,717.7301624774991,135.9669028900403,-246.9430377996747,791.3431173493308,-103.2468434715654,32.61746594904989,0.995141836704908,2.1429112194908937E-6
717.7301624774991,-189.10783887505588,132.96012389598178,717.7301624774991,134.15574519775842,-248.48535741477974,789.0702099342205,-105.9052838942277,34.78253695257163,0.9354900705341423,8.431556114633443E-6
717.7301624774991,-189.10783887505588,132.96012389598178,717.7301624774991,134.98669681225854,-247.77959288915224,788.140194136811,-106.85584926984981,36.33214724439728,0.9036140123027786,2.3848114769478224E-6
717.7301624774991,-189.10783887505588,132.96012389598178,717.7301624774991,133.84978474264224,-248.74443901519072,788.5989745030298,-107.18872838929094,36.13968686225013,0.9005954101909504,9.626237079941202E-8
717.7301624774991,-189.10783887505588,132.96012389598178,717.7301624774991,132.1835302554791,-250.1480280953669,788.1331122981718,-106.81231094760784,34.8308535493895,0.9266914979268924,1.1430216196515368E-6
717.7301624774991,-189.10783887505588,132.96012389598178,717.7301624774991,128.48870270277084,-253.21656724138325,789.5147615278127,-107.30048461700555,33.487713960011206,0.9357715483638316,1.3368996988334673E-6
717.7301624774991,-189.10783887505588,132.96012389598178,717.7301624774991,127.12457873990692,-254.3344126642384,789.234466421307,-107.29487322030991,32.76257028384126,0.9481621646964525,2.3502371293835643E-7
717.7301624774991,-189.10783887505588,132.96012389598178,717.7301624774991,123.6619096107444,-257.1361263194352,790.3680720363385,-107.52378659642405,31.205932432935924,0.9652884927119885,1.3577611763375686E-6
717.7301624774991,-189.10783887505588,132.96012389598178,717.7301624774991,121.90819672587983,-258.5357580735192,791.0513010971546,-107.85381279404068,30.680456731244192,0.9667138459369706,2.797065964462704E-7
717.7301624774991,-189.10783887505588,132.96012389598178,717.7301624774991,119.95302467010876,-260.0810732128163,790.7718459244735,-107.78402035120004,29.538388062373258,0.9871678537487523,6.521753772895343E-7
717.7301624774991,-189.10783887505588,132.96012389598178,717.7301624774991,117.2833609337703,-262.16572020904243,791.9317614905215,-108.07442546273742,28.458441421969127,0.9963248546855052,7.824285812005745E-7
717.7301624774991,-189.10783887505588,132.96012389598178,717.7301624774991,116.25506522976602,-262.96095005268967,791.5418615186924,-108.09366098759067,27.92044853559983,1.0,1.408731280124549E-7
717.7301624774991,-189.10783887505588,132.96012389598178,717.7301624774991,114.27386629648751,-264.4811182609019,792.1614337645311,-108.18289192024814,26.945453627672123,1.0,5.059689926817674E-7
717.7301624774991,-189.10783887505588,132.96012389598178,717.7301624774991,112.1665555278025,-266.08090065812473,792.6969148253278,-108.8295814403571,26.63074877714962,1.0,3.0210707290903255E-7
717.7301624774991,-189.10783887505588,132.96012389598178,717.7301624774991,111.57598623138503,-266.5260927865957,791.8653780503905,-109.75588928331993,27.53373417392902,0.9906514574367782,1.2057050033973694E-6
717.7301624774991,-189.10783887505588,132.96012389598178,717.7301624774991,110.70639838393018,-267.179130785201,789.9921725108536,-111.67807495663916,29.620508313644763,0.9406752456027542,5.904773365192927E-6
717.7301624774991,-189.10783887505588,132.96012389598178,717.7301624774991,111.49792438839833,-266.58483614330606,788.9278742441711,-112.37701509837675,30.974674293119705,0.9149832350400073,1.6654930509048247E-6
717.7301624774991,-189.10783887505588,132.96012389598178,717.7301624774991,110.7006791207842,-267.18341602080613,789.107159063947,-112.53862130337961,30.76597019880637,0.9156803838894635,5.121771570660471E-8
717.7301624774991,-189.10783887505588,132.96012389598178,717.7301624774991,109.39086837627289,-268.16145588910723,788.8717701403251,-112.16206183551736,29.56064210893453,0.9401737576676747,1.048085677033808E-6
717.7301624774991,-189.10783887505588,132.96012389598178,717.7301624774991,105.78879004813606,-270.8170154392426,790.253468877863,-112.80812841196803,28.489350746127656,0.9444070396761122,1.143096339740659E-6
717.7301624774991,-189.10783887505588,132.96012389598178,717.7301624774991,104.9423583390163,-271.43384430627174,789.8112948660984,-112.79299779488343,28.007766408977915,0.9541627930667107,1.1663943843294545E-7
717.7301624774991,-189.10783887505588,132.96012389598178,717.7301624774991,103.66904934750195,-272.3566580446577,790.4458609736497,-112.68751307942989,27.164749423688136,0.9667630277563676,4.085238834064642E-7
717.7301624774991,-189.10783887505588,132.96012389598178,717.7301624774991,100.92694682379428,-274.323343832113,791.7650109097406,-113.19041340192096,26.35252428276695,0.968903470657015,6.678104039624291E-7
717.7301624774991,-189.10783887505588,132.96012389598178,717.7301624774991,101.21998815729782,-274.1145042137441,790.9652068263309,-112.79649969671956,25.962422938041442,0.9834078977732869,2.1924537101423084E-7
717.7301624774991,-189.10783887505588,132.96012389598178,717.7301624774991,97.62351766918962,-276.65570730966976,792.5552915788918,-113.15611185050125,24.457760667818576,0.9979773222815138,1.5238164559252283E-6
717.7301624774991,-189.10783887505588,132.96012389598178,717.7301624774991,95.92691846519509,-277.8381077311568,793.226438826308,-113.49409302362524,23.983964734478718,0.9991921442040628,2.4900201743424216E-7
717.7301624774991,-189.10783887505588,132.96012389598178,717.7301624774991,94.52358562408065,-278.80827585877194,792.798849419942,-113.4989912876816,23.193252212661122,1.0,3.146575230715052E-7
717.7301624774991,-189.10783887505588,132.96012389598178,717.7301624774991,92.92282859490038,-279.9063225566828,793.6317126555107,-113.64687860846092,22.492355299527134,1.0,3.2224554678071663E-7
717.7301624774991,-189.10783887505588,132.96012389598178,717.7301624774991,92.01549914393044,-280.52466279037594,793.6561604830812,-114.23323742177294,22.832274574393892,1.0,2.746727116219973E-7
717.7301624774991,-189.10783887505588,132.96012389598178,717.7301624774991,92.27035101159052,-280.35127717603604,792.5273035793805,-115.23509543420798,24.44976954026359,0.9738003318888512,2.671315337517716E-6
717.7301624774991,-189.10783887505588,132.96012389598178,717.7301624774991,92.86710204082729,-279.9443840661913,791.5708259819941,-115.56062184734768,25.2626903574739,0.9602887857807367,5.375903207712296E-7
717.7301624774991,-189.10783887505588,132.96012389598178,717.7301624774991,92.06181288038678,-280.4931708444558,791.6788305205358,-115.68065200698882,24.987189603166684,0.9631020138140914,6.414097292809974E-8
717.7301624774991,-189.10783887505588,132.96012389598178,717.7301624774991,92.25730774647033,-280.3601565968184,790.3291106388618,-115.21482677037437,24.412633717153,0.9837118970206677,3.9834821740629625E-7
717.7301624774991,-189.10783887505588,132.96012389598178,717.7301624774991,85.16467395627504,-285.10038452975715,791.4559614311553,-115.8384416280102,21.279076645051134,1.0,6.511307969314869E-6
717.7301624774991,-189.10783887505588,132.96012389598178,717.7301624774991,75.68076416244301,-291.17074706420874,789.4817771480322,-116.76656283091461,17.0859206145511,1.0,1.220216962221134E-5
717.7301624774991,-189.10783887505588,132.96012389598178,717.7301624774991,77.81108874338977,-289.8333080291357,788.8546799013247,-117.0434232266293,18.8117497678262,1.0,1.9078213187927837E-6
717.7301624774991,-189.10783887505588,132.96012389598178,717.7301624774991,78.6550577755963,-289.2993119692836,789.3257912563273,-116.52434373709549,18.496670992452948,1.0,2.1771621244578022E-7
717.7301624774991,-189.10783887505588,132.96012389598178,717.7301624774991,81.5645708746973,-287.4402169700334,789.1113245607637,-115.34118275185409,18.387946379213503,1.0,3.9373192258466947E-7
717.7301624774991,-189.10783887505588,132.96012389598178,717.7301624774991,78.78703747619008,-289.2155921568848,789.6036848668166,-115.56355430052352,17.061636307364694,1.0,1.132535925952626E-6
717.7301624774991,-189.10783887505588,132.96012389598178,717.7301624774991,63.69541479865305,-298.42197463383246,789.1086744181919,-117.4019425752447,10.601572044832409,1.0,3.186294744975582E-5
717.7301624774991,-189.10783887505588,132.96012389598178,717.7301624774991,63.36577769498899,-298.6149830507025,785.9835498265802,-118.50320949312237,12.26949138394977,1.0,2.920725934694835E-6
717.7301624774991,-189.10783887505588,132.96012389598178,717.7301624774991,73.0082682439519,-292.8275536955343,782.8860886231838,-118.42037078719362,18.133708980968436,1.0,1.888020259110651E-5
717.7301624774991,-189.10783887505588,132.96012389598178,717.7301624774991,81.5125152718571,-287.4737281204792,780.8506878896994,-119.153112584289,24.278960079243745,0.9770335943778699,2.3160838531659902E-5
717.7301624774991,-189.10783887505588,132.96012389598178,717.7301624774991,78.3321948979802,-289.50387260014253,782.6143178708198,-121.0464326186802,25.446326172576846,0.9302416109521301,2.9474605432126195E-6
717.7301624774991,-189.10783887505588,132.96012389598178,717.7301624774991,78.77152338841395,-289.225436341832,782.3812722652841,-121.37971080764109,26.218650979241147,0.9146017667668445,5.085674069570874E-7
717.7301624774991,-189.10783887505588,132.96012389598178,717.7301624774991,80.66904434388587,-288.0154493629348,781.8721695282175,-121.17048557962653,26.946717899196813,0.906491452657047,3.8791498600080364E-7
717.7301624774991,-189.10783887505588,132.96012389598178,717.7301624774991,81.19818570765037,-287.6758863008313,781.6716097278761,-121.11098408953634,27.146996914930696,0.9044978119342059,2.9591837935772733E-8
717.7301624774991,-189.10783887505588,132.96012389598178,717.7301624774991,81.09087107936037,-287.7448287002162,781.3046092165592,-121.03979680033878,26.976781417437053,0.9092730620091223,2.42346468071014E-8
717.7301624774991,-189.10783887505588,132.96012389598178,717.7301624774991,80.92574086533605,-287.85083819102164,781.320418795556,-121.05064303248614,26.902151080197598,0.9103364883134433,3.4651485680558317E-9
717.7301624774991,-189.10783887505588,132.96012389598178,717.7301624774991,80.90890482523812,-287.8616413698963,781.2602111574415,-121.03520578067634,26.868756255205227,0.9112520994633013,9.756971506551361E-10
717.7301624774991,-189.10783887505588,132.96012389598178,717.7301624774991,80.90132183180359,-287.8665068373611,781.247545926699,-121.03311066778922,26.86128475083902,0.9114399397204591,4.04469822299034E-11
717.7301624774991,-189.10783887505588,132.96012389598178,717.7301624774991,80.89816836602941,-287.8685301352367,781.2438644019069,-121.0326050455077,26.858747418940112,0.9114994878682139,4.262230558284159E-12
717.7301624774991,-189.10783887505588,132.96012389598178,717.7301624774991,80.89675765460149,-287.86943525220465,781.2411975966834,-121.03184024277559,26.856772837481145,0.9115491057600258,3.1630916696631233E-12
717.7301624774991,-189.10783887505588,132.96012389598178,717.7301624774991,81.21559422925347,-287.6646988554816,781.2820612809367,-120.9266318577263,26.869772100327907,0.9123141798231293,3.378973628227965E-9
717.7301624774991,-189.10783887505588,132.96012389598178,717.7301624774991,81.19381813080972,-287.67869292895574,781.2768944107281,-120.93237064525604,26.866625948809315,0.9123224762628352,2.428426114186286E-11
717.7301624774991,-189.10783887505588,132.96012389598178,717.7301624774991,81.19270723916159,-287.67940678362027,781.2764156035363,-120.93207008768377,26.865542147251574,0.9123451740034084,8.478672893195376E-13
717.7301624774991,-189.10783887505588,132.96012389598178,717.7301624774991,81.19817735133532,-287.67589167070497,781.2772188373342,-120.93001493295691,26.8653776029779,0.9123670334536754,1.1469816185172805E-12
717.7301624774991,-189.10783887505588,132.96012389598178,717.7301624774991,81.20183685947555,-287.673540002062,781.2773794920973,-120.92858021069415,26.8651744794918,0.9123850881254226,6.582127902460468E-13
717.7301624774991,-189.10783887505588,132.96012389598178,717.7301624774991,81.20336858532326,-287.672555672917,781.2778561067131,-120.92778560939594,26.864787458670435,0.9123983297784012,4.189793716460838E-13
717.7301624774991,-189.10783887505588,132.96012389598178,717.7301624774991,81.20522053798013,-287.6713655466947,781.2778701471929,-120.92697998297024,26.864560886435697,0.912410581687506,2.8804688682021813E-13
717.7301624774991,-189.10783887505588,132.96012389598178,717.7301624774991,81.20696049425104,-287.67024738256885,781.2780641981605,-120.92630397945814,26.864473919027034,0.9124185494485583,1.4135226953388976E-13
717.7301624774991,-189.10783887505588,132.96012389598178,717.7301624774991,81.20859598634692,-287.6691963419458,781.2782458489474,-120.92567901194091,26.86440844205339,0.9124256616196167,1.1345026509016696E-13
717.7301624774991,-189.10783887505588,132.96012389598178,717.7301624774991,81.21015592762276,-287.668193845298,781.2785795212642,-120.92504493177384,26.864286894090668,0.9124332896349652,1.4552676466427126E-13
717.7301624774991,-189.10783887505588,132.96012389598178,717.7301624774991,81.21127396245785,-287.66747533490496,781.278721567626,-120.92462799236336,26.864258160141844,0.9124377178706756,4.576639660031602E-14
717.7301624774991,-189.10783887505588,132.96012389598178,717.7301624774991,81.21178688916055,-287.6671456987201,781.2786180270194,-120.92425660519154,26.863964727818058,0.9124468563023133,1.4721787794433231E-13
717.7301624774991,-189.10783887505588,132.96012389598178,717.7301624774991,81.2130207009246,-287.66635277673447,781.278553438879,-120.92362637566998,26.863668323491225,0.9124586626961686,2.5581624889651014E-13
717.7301624774991,-189.10783887505588,132.96012389598178,717.7301624774991,81.21345450389182,-287.66607398752245,781.2786653237406,-120.92349843773083,26.86370982940099,0.9124589619494203,7.95954251308499E-15
717.7301624774991,-189.10783887505588,132.96012389598178,717.7301624774991,81.21321187686593,-287.6662299150662,781.2787051053854,-120.92350077514128,26.86357890915781,0.912460967711812,9.117641127177554E-15
717.7301624774991,-189.10783887505588,132.96012389598178,717.7301624774991,81.21400270216125,-287.66572167975306,781.2785694998428,-120.92318209385215,26.86352161424344,0.9124657515616459,3.571856748281255E-14
717.7301624774991,-189.10783887505588,132.96012389598178,717.7301624774991,81.2144125416244,-287.6654582896683,781.2784579051624,-120.92298876582117,26.86344808356506,0.9124693923268856,2.033790559606223E-14
717.7301624774991,-189.10783887505588,132.96012389598178,717.7301624774991,81.21470174030978,-287.665272431028,781.2785463971651,-120.92277238265328,26.863271773839102,0.912474308314692,5.171361263516746E-14
717.7301624774991,-189.10783887505588,132.96012389598178,717.7301624774991,81.21508543685925,-287.6650258412333,781.2786036979425,-120.9225685725298,26.863167435939687,0.9124780056163797,2.879230540704694E-14
717.7301624774991,-189.10783887505588,132.96012389598178,717.7301624774991,81.2154456549359,-287.6647943398702,781.278603877445,-120.92250777491819,26.863272606436738,0.9124769127676037,1.0818028932855547E-14
717.7301624774991,-189.10783887505588,132.96012389598178,717.7301624774991,81.21560796811625,-287.6646900259107,781.2785658251925,-120.92242432095829,26.86323276820866,0.9124785844115301,4.542724637947698E-15
717.7301624774991,-189.10783887505588,132.96012389598178,717.7301624774991,81.21583097131551,-287.66454670809725,781.2785854034084,-120.92223668916156,26.863064486858974,0.9124832925166212,4.338626650348048E-14
717.7301624774991,-189.10783887505588,132.96012389598178,717.7301624774991,81.21587757978435,-287.66451675413896,781.2787474851046,-120.92224472832933,26.863102844285976,0.9124820321406317,9.849459265987506E-16
717.7301624774991,-189.10783887505588,132.96012389598178,717.7301624774991,81.21571310942298,-287.66462245460417,781.2786164993641,-120.92224101830868,26.86300585831964,0.9124841115468494,5.134156662000981E-15
717.7301624774991,-189.10783887505588,132.96012389598178,717.7301624774991,81.21600252553921,-287.66443645496344,781.2785633147705,-120.92214022174832,26.863009525046408,0.912485298990542,2.435850133543974E-15
717.7301624774991,-189.10783887505588,132.96012389598178,717.7301624774991,81.21627013123677,-287.6642644720181,781.2786484880558,-120.92206021269124,26.863033441555046,0.9124854691036623,2.9509559455933465E-15
717.7301624774991,-189.10783887505588,132.96012389598178,717.7301624774991,81.2164547172753,-287.6641458434225,781.2786120807881,-120.92199199252403,26.863029660048,0.9124863776520008,1.1792938709795572E-15
717.7301624774991,-189.10783887505588,132.96012389598178,717.7301624774991,81.21668157008972,-287.66400005092413,781.2785975635762,-120.92183640326505,26.86291337320023,0.9124900001249259,2.4321387732231008E-14
717.7301624774991,-189.10783887505588,132.96012389598178,717.7301624774991,81.2167998538201,-287.663924032929,781.2785303129083,-120.92180416417709,26.86292880798038,0.9124903119845801,6.796232724818225E-16
717.7301624774991,-189.10783887505588,132.96012389598178,717.7301624774991,81.21688261096179,-287.66387084695606,781.2787466515407,-120.92183247086915,26.863018749125843,0.9124878027921354,6.07955805508148E-15
717.7301624774991,-189.10783887505588,132.96012389598178,717.7301624774991,81.21709319250621,-287.6637355112896,781.2786784667263,-120.92180851323488,26.86309825691717,0.9124869710230169,4.683069328284435E-15
717.7301624774991,-189.10783887505588,132.96012389598178,717.7301624774991,81.21732791737745,-287.6635846591151,781.2786605428624,-120.92164234975573,26.862969883086492,0.9124909169099045,2.875366521506029E-14
717.7301624774991,-189.10783887505588,132.96012389598178,717.7301624774991,81.21721183652787,-287.6636592615801,781.2786512585328,-120.92165937438824,26.86293199632476,0.9124913931788109,1.2396345714855187E-15
717.7301624774991,-189.10783887505588,132.96012389598178,717.7301624774991,81.21730424965128,-287.6635998698165,781.2785853764047,-120.92158304822183,26.862864484565478,0.9124935393690996,7.0646243368752005E-15
717.7301624774991,-189.10783887505588,132.96012389598178,717.7301624774991,81.21746142523969,-287.66349885665795,781.2786822181597,-120.92156391463553,26.862921880487505,0.9124924707748904,2.5253849921169216E-15
717.7301624774991,-189.10783887505588,132.96012389598178,717.7301624774991,81.21758340175293,-287.66342046508345,781.2787576094383,-120.92155428930654,26.862974550177626,0.91249145092099,1.801068567049478E-15
717.7301624774991,-189.10783887505588,132.96012389598178,717.7301624774991,81.21803710606346,-287.6631288790407,781.2788060810096,-120.92147588888733,26.863104178402864,0.9124899796209024,1.6848780017064217E-14
717.7301624774991,-189.10783887505588,132.96012389598178,717.7301624774991,81.21781151297378,-287.6632738629741,781.2787968897576,-120.92144483716083,26.862930751411255,0.9124932059468276,1.9444255968161833E-14
717.7301624774991,-189.10783887505588,132.96012389598178,717.7301624774991,81.21790378905038,-287.66321455910133,781.2787031463396,-120.92142855610646,26.86295659341377,0.9124932648072129,6.853266409961859E-16
717.7301624774991,-189.10783887505588,132.96012389598178,717.7301624774991,81.21781552042225,-287.66327128747275,781.2788939772718,-120.92149223739445,26.86300672807144,0.9124911228852294,4.311419408008301E-15
717.7301624774991,-189.10783887505588,132.96012389598178,717.7301624774991,81.21783239342827,-287.6632604435523,781.2785907108071,-120.92141763850583,26.862900010672945,0.9124946911780046,1.2436888425916777E-14
717.7301624774991,-189.10783887505588,132.96012389598178,717.7301624774991,81.21839642139267,-287.6628979542839,781.278623722648,-120.92120341274,26.86287948124928,0.912497195336947,1.3013984032850721E-14
717.7301624774991,-189.10783887505588,132.96012389598178,717.7301624774991,81.21830566592612,-287.6629562810433,781.2787210918002,-120.92126782410915,26.862929372457955,0.9124953617267136,4.332830208743732E-15
717.7301624774991,-189.10783887505588,132.96012389598178,717.7301624774991,81.21784340909576,-287.6632533640178,781.2785078339242,-120.92145455964483,26.862963568651963,0.9124935254834656,1.2364085644724696E-14
717.7301624774991,-189.10783887505588,132.96012389598178,717.7301624774991,81.218501280612,-287.6628305632847,781.2785863617725,-120.92122501522306,26.862971247889362,0.9124955742140266,1.2524281586888224E-14
717.7301624774991,-189.10783887505588,132.96012389598178,717.7301624774991,81.21810696083182,-287.6630839848159,781.2785080761515,-120.9212704017185,26.862823183860343,0.9124978003278029,1.633210936326901E-14
717.7301624774991,-189.10783887505588,132.96012389598178,717.7301624774991,81.21893951920615,-287.66254891538676,781.2785230111913,-120.92102994012563,26.862910756193003,0.9124988571031665,3.0478064133482215E-14
717.7301624774991,-189.10783887505588,132.96012389598178,717.7301624774991,81.21862343884354,-287.6627520544971,781.2782685351448,-120.921064314397,26.86278894773909,0.9125013545626688,1.076649774129641E-14
717.7301624774991,-189.10783887505588,132.96012389598178,717.7301624774991,81.21872156214872,-287.66268899246626,781.2781164196172,-120.92097648182573,26.862706699936666,0.9125041544020367,1.000186769731354E-14
717.7301624774991,-189.10783887505588,132.96012389598178,717.7301624774991,81.21883216946506,-287.66261790715384,781.2781806997646,-120.9209396622959,26.862710750973918,0.9125042638768787,3.9935505384841636E-16
717.7301624774991,-189.10783887505588,132.96012389598178,717.7301624774991,81.21861273414683,-287.66275893420544,781.2782374803145,-120.92101252170025,26.86270242258334,0.9125034381338061,1.5816212838613678E-15
717.7301624774991,-189.10783887505588,132.96012389598178,717.7301624774991,81.2187643282139,-287.66266150749817,781.2783011536249,-120.92100624247144,26.862776724448736,0.912502064389088,3.1907331339025327E-15
717.7301624774991,-189.10783887505588,132.96012389598178,717.7301624774991,81.21846548688771,-287.6628535672255,781.2782809620583,-120.92105779464887,26.862691204890808,0.9125029975165821,7.31975397966531E-15
717.7301624774991,-189.10783887505588,132.96012389598178,717.7301624774991,81.21878625739751,-287.6626474140105,781.2782541751473,-120.92096852274588,26.862730194969828,0.9125033907372561,4.828111728417409E-15
717.7301624774991,-189.10783887505588,132.96012389598178,717.7301624774991,81.21895296675203,-287.6625402728856,781.2783134242885,-120.92091756097109,26.862743354481324,0.9125035166868652,1.0959717810378134E-15
717.7301624774991,-189.10783887505588,132.96012389598178,717.7301624774991,81.21874910221996,-287.6626712929668,781.2782237909024,-120.920951301423,26.862682793122076,0.9125044583978195,3.5170518962385474E-15
717.7301624774991,-189.10783887505588,132.96012389598178,717.7301624774991,81.2186046313386,-287.6627641417285,781.2782476428641,-120.92099913870939,26.8626771051793,0.9125039647062244,6.901125111336202E-16
717.7301624774991,-189.10783887505588,132.96012389598178,717.7301624774991,81.21852569041587,-287.66281487556887,781.2780599787777,-120.92101461488198,26.862657406111452,0.9125047524428554,4.56944147814771E-16
717.7301624774991,-189.10783887505588,132.96012389598178,717.7301624774991,81.21884414667457,-287.66261020961656,781.2782465275784,-120.92100048253238,26.862812028420876,0.9125017245476307,1.3933984761508936E-14
717.7301624774991,-189.10783887505588,132.96012389598178,717.7301624774991,81.21879145547084,-287.66264407330294,781.2783010169001,-120.92094217319641,26.862692078392143,0.9125041440615321,1.288534855178787E-14
717.7301624774991,-189.10783887505588,132.96012389598178,717.7301624774991,81.218696428161,-287.6627051456177,781.2783315571718,-120.92100824896946,26.862742189985624,0.9125025122510633,4.4561621650997055E-15
717.7301624774991,-189.10783887505588,132.96012389598178,717.7301624774991,81.21879828918387,-287.66263968139936,781.2781939828174,-120.92095815361235,26.862720733490534,0.9125038581818454,1.49665413828486E-15
717.7301624774991,-189.10783887505588,132.96012389598178,717.7301624774991,81.2190361879909,-287.66248678804686,781.2781671111582,-120.9207928702361,26.862595491933348,0.9125077728955413,2.78565662346509E-14
717.7301624774991,-189.10783887505588,132.96012389598178,717.7301624774991,81.2185889525928,-287.662774218164,781.2780639829928,-120.9209237273927,26.862551071324447,0.9125074615216895,8.588038868975222E-15
717.7301624774991,-189.10783887505588,132.96012389598178,717.7301624774991,81.2187879122317,-287.6626463504785,781.2781248440232,-120.92089906106412,26.862623031747177,0.9125063311326436,4.00931265688846E-15
717.7301624774991,-189.10783887505588,132.96012389598178,717.7301624774991,81.21858215038966,-287.662778589812,781.2782113702668,-120.92094841469566,26.86258571188438,0.9125061347994262,2.4781927252594233E-15
717.7301624774991,-189.10783887505588,132.96012389598178,717.7301624774991,81.2189022196238,-287.6625728871685,781.2783182793394,-120.92088872931069,26.862670349289232,0.9125050130931119,7.865654828431336E-15
717.7301624774991,-189.10783887505588,132.96012389598178,717.7301624774991,81.21885084987079,-287.66260590159254,781.2783362617524,-120.92090851579121,26.862672647584617,0.9125047049345364,1.1721572305063035E-16
717.7301624774991,-189.10783887505588,132.96012389598178,717.7301624774991,81.21878027974353,-287.6626512557402,781.2783809647169,-120.92092417548093,26.862657876384446,0.9125046334636813,3.206964822775848E-16
717.7301624774991,-189.10783887505588,132.96012389598178,717.7301624774991,81.21896490220766,-287.6625326021779,781.2782686874746,-120.92091875001024,26.86275182385728,0.9125035134691146,4.936006325288492E-15
717.7301624774991,-189.10783887505588,132.96012389598178,717.7301624774991,81.21861065402172,-287.66276027106295,781.2781739658744,-120.92096541874596,26.86262797765758,0.9125053806510872,1.2305154774595992E-14
717.7301624774991,-189.10783887505588,132.96012389598178,717.7301624774991,81.21887582758663,-287.6625898488612,781.2782776664118,-120.92081510518702,26.862541154981642,0.9125080655526089,1.7493482445192002E-14
717.7301624774991,-189.10783887505588,132.96012389598178,717.7301624774991,81.2190692403212,-287.6624655458841,781.2782961080818,-120.92080860562356,26.86263830628127,0.9125064675741842,5.338442649932038E-15
717.7301624774991,-189.10783887505588,132.96012389598178,717.7301624774991,81.21916365679542,-287.6624048660242,781.2784153733991,-120.92082799155185,26.86272083258433,0.9125044997335309,4.690988359640526E-15
717.7301624774991,-189.10783887505588,132.96012389598178,717.7301624774991,81.21880115956284,-287.6626378366588,781.2782535883912,-120.92091873865193,26.862660996490007,0.9125050649287103,7.258975082899697E-15
717.7301624774991,-189.10783887505588,132.96012389598178,717.7301624774991,81.21918669926649,-287.6623900570158,781.2782133589373,-120.9208176655672,26.862717544665713,0.9125053382179107,7.676232136868072E-15
717.7301624774991,-189.10783887505588,132.96012389598178,717.7301624774991,81.21927977906032,-287.66233023618105,781.2782882408669,-120.92077426686582,26.862701638236985,0.9125058119674225,9.973806979998599E-16
717.7301624774991,-189.10783887505588,132.96012389598178,717.7301624774991,81.21904108332555,-287.6624836418999,781.2782774473511,-120.92086229580912,26.862706231475528,0.9125048372012525,1.9453558043700323E-15
717.7301624774991,-189.10783887505588,132.96012389598178,717.7301624774991,81.21923119950557,-287.6623614574561,781.278399672321,-120.92079315659203,26.862704088568563,0.9125051988120014,1.1279866833344245E-15
717.7301624774991,-189.10783887505588,132.96012389598178,717.7301624774991,81.21940304606645,-287.66225101448225,781.2784900849474,-120.92076657402416,26.86275803072357,0.9125042878624731,2.6229503110978014E-15
717.7301624774991,-189.10783887505588,132.96012389598178,717.7301624774991,81.21938670756239,-287.66226151497585,781.2784129695739,-120.92082521302177,26.86284021040359,0.9125025645472248,7.470393152173014E-15
717.7301624774991,-189.10783887505588,132.96012389598178,717.7301624774991,81.21927851967243,-287.66233104556886,781.2785188752752,-120.92083322305658,26.86279267420238,0.9125029114160996,1.443147116206486E-15
717.7301624774991,-189.10783887505588,132.96012389598178,717.7301624774991,81.21960031874224,-287.66212423043794,781.2786056705394,-120.92075828999585,26.862854545888723,0.9125023950096123,6.29467455122609E-15
717.7301624774991,-189.10783887505588,132.96012389598178,717.7301624774991,81.21971310222969,-287.6620517462066,781.2785731185593,-120.92073418797742,26.862879592039945,0.9125023457789726,8.543501567978852E-16
717.7301624774991,-189.10783887505588,132.96012389598178,717.7301624774991,81.22008591522373,-287.66181214466377,781.2786284222078,-120.92064355574243,26.862945327981436,0.9125020373932595,7.992486126487934E-15
717.7301624774991,-189.10783887505588,132.96012389598178,717.7301624774991,81.22008691353082,-287.66181150306556,781.2785569479574,-120.9206155887383,26.86290236583085,0.9125032830013062,1.9306360020802125E-15
717.7301624774991,-189.10783887505588,132.96012389598178,717.7301624774991,81.22033632350573,-287.6616512106047,781.2784632925737,-120.92049045108715,26.862845975046667,0.9125058565695487,9.732362778465664E-15
717.7301624774991,-189.10783887505588,132.96012389598178,717.7301624774991,81.22021199664837,-287.66173111384205,781.2784296272932,-120.92052897884264,26.862836972965567,0.9125057085502393,5.927086527723712E-16
717.7301624774991,-189.10783887505588,132.96012389598178,717.7301624774991,81.22049105209553,-287.66155176850083,781.2784184938488,-120.92043717934038,26.86284889639859,0.9125065236372186,2.6152285569944596E-15
717.7301624774991,-189.10783887505588,132.96012389598178,717.7301624774991,81.22026326158087,-287.66169816654997,781.2784402029595,-120.92044622362123,26.86273663935492,0.9125082101531903,7.248146391720477E-15
717.7301624774991,-189.10783887505588,132.96012389598178,717.7301624774991,81.22046862442838,-287.6615661824832,781.278391123625,-120.92039577703758,26.86277203773315,0.9125083248247862,2.3914559677503777E-15
717.7301624774991,-189.10783887505588,132.96012389598178,717.7301624774991,81.22058295001179,-287.66149270683655,781.2783757265563,-120.92036668572106,26.86279017612017,0.9125083854577415,7.054586242262246E-16
717.7301624774991,-189.10783887505588,132.96012389598178,717.7301624774991,81.22069679623255,-287.6614195392267,781.2784702899382,-120.92035303342368,26.86283207123276,0.9125075224030369,1.33486967000954E-15
717.7301624774991,-189.10783887505588,132.96012389598178,717.7301624774991,81.22043906792024,-287.6615851780805,781.2784997058908,-120.92043296835155,26.862813514509725,0.9125068818949569,2.5425855380379576E-15
717.7301624774991,-189.10783887505588,132.96012389598178,717.7301624774991,81.22049062726964,-287.66155204153114,781.2785453259823,-120.9204562905685,26.862878397216036,0.9125054096975828,3.3169171719481314E-15
717.7301624774991,-189.10783887505588,132.96012389598178,717.7301624774991,81.22076830119832,-287.66137358381474,781.2785600685784,-120.92036821568144,26.862895349963765,0.9125060157236072,2.81321492735602E-15
717.7301624774991,-189.10783887505588,132.96012389598178,717.7301624774991,81.22048095507662,-287.6615582577294,781.2785925810632,-120.92040928813019,26.86279989895141,0.9125070482935895,7.71942618366569E-15
717.7301624774991,-189.10783887505588,132.96012389598178,717.7301624774991,81.22030573946606,-287.66167086656986,781.2784460712176,-120.9204356962038,26.862743816727743,0.9125081837594421,2.774865265894977E-15
717.7301624774991,-189.10783887505588,132.96012389598178,717.7301624774991,81.22026883403268,-287.6616945852086,781.2784291948732,-120.92041448290198,26.86269034223011,0.9125093490708193,2.3415249398047365E-15
717.7301624774991,-189.10783887505588,132.96012389598178,717.7301624774991,81.22042538563991,-287.66159397150955,781.2784394861608,-120.92037300350896,26.862712623212133,0.9125093870450941,1.2452734302499717E-15
717.7301624774991,-189.10783887505588,132.96012389598178,717.7301624774991,81.22021459144574,-287.6617294462004,781.2784276005481,-120.92040941779584,26.86265237881969,0.912510035536109,3.637933586979554E-15
717.7301624774991,-189.10783887505588,132.96012389598178,717.7301624774991,81.22042380591265,-287.66159498678024,781.2785030449356,-120.92036267472733,26.862695675877262,0.9125095645860102,2.796473796351012E-15
717.7301624774991,-189.10783887505588,132.96012389598178,717.7301624774991,81.22050789793022,-287.66154094189136,781.2784173861254,-120.92033061880883,26.862692434328807,0.9125102446010039,2.9558954739641164E-16
717.7301624774991,-189.10783887505588,132.96012389598178,717.7301624774991,81.2205592674176,-287.6615079273522,781.2783994036395,-120.9203108322451,26.862690135987577,0.9125105527641493,1.1721843560729576E-16
717.7301624774991,-189.10783887505588,132.96012389598178,717.7301624774991,81.22042712547935,-287.6615928533367,781.2783142404336,-120.92035232556026,26.86268141391028,0.9125105405633077,6.511690121452108E-16
717.7301624774991,-189.10783887505588,132.96012389598178,717.7301624774991,81.22073078374623,-287.66139769584805,781.2783760019736,-120.92024338559384,26.862680312175797,0.9125115095531717,2.6295791038380897E-15
717.7301624774991,-189.10783887505588,132.96012389598178,717.7301624774991,81.2206102349351,-287.66147517114524,781.2782513012149,-120.92025649244587,26.862633851102657,0.9125125544795013,1.5662163724904592E-15
717.7301624774991,-189.10783887505588,132.96012389598178,717.7301624774991,81.22054136231387,-287.6615194347437,781.2784088014633,-120.92033853712516,26.86272331388045,0.9125096788804739,1.051233794176868E-14
717.7301624774991,-189.10783887505588,132.96012389598178,717.7301624774991,81.22053749825037,-287.66152191812995,781.2784199956568,-120.92032711649978,26.862703400820266,0.91251009186225,3.8616856327853224E-16
717.7301624774991,-189.10783887505588,132.96012389598178,717.7301624774991,81.22089526599265,-287.661291984972,781.2784120656904,-120.92022195147328,26.862738181222653,0.9125106604926597,5.448594896802081E-15
717.7301624774991,-189.10783887505588,132.96012389598178,717.7301624774991,81.22085838844217,-287.6613156857637,781.2783258843406,-120.92024920308566,26.862760131908203,0.912510296074591,8.097913371195882E-16
717.7301624774991,-189.10783887505588,132.96012389598178,717.7301624774991,81.22059495218215,-287.66148499318666,781.2784415216043,-120.92034060978563,26.86275625912066,0.9125090031989305,2.038723964768229E-15
717.7301624774991,-189.10783887505588,132.96012389598178,717.7301624774991,81.22076852145526,-287.66137344225814,781.2785166860801,-120.92025938915933,26.862726141998394,0.912510112526522,3.523101190528255E-15
717.7301624774991,-189.10783887505588,132.96012389598178,717.7301624774991,81.2210386854766,-287.6611998108206,781.2782710929337,-120.92020460427182,26.86279072819923,0.9125104470680415,5.17813811942217E-15
717.7301624774991,-189.10783887505588,132.96012389598178,717.7301624774991,81.22093626383051,-287.66126563611203,781.2781762137747,-120.92021232006408,26.86274593197973,0.9125114221674068,1.287134018887558E-15
717.7301624774991,-189.10783887505588,132.96012389598178,717.7301624774991,81.22066204328783,-287.6614418745348,781.2782519659597,-120.92031305329789,26.862750590053935,0.9125100224345538,2.5040612589207177E-15
717.7301624774991,-189.10783887505588,132.96012389598178,717.7301624774991,81.22049969483655,-287.66154621391826,781.2782594601556,-120.92036230005726,26.862737179937568,0.9125096959925046,1.0556982428297112E-15
717.7301624774991,-189.10783887505588,132.96012389598178,717.7301624774991,81.22082777652858,-287.66133535969686,781.278351465555,-120.9202588260508,26.862758127918852,0.912510141579179,3.976165571776315E-15
717.7301624774991,-189.10783887505588,132.96012389598178,717.7301624774991,81.22097938050396,-287.6612379254936,781.2782288959655,-120.92019181459375,26.862737938190662,0.9125115961477122,2.0805097880190354E-15
717.7301624774991,-189.10783887505588,132.96012389598178,717.7301624774991,81.22075322920855,-287.6613832704091,781.2783084907048,-120.92025962490534,26.862718027926746,0.9125109392356611,2.095926108494068E-15
717.7301624774991,-189.10783887505588,132.96012389598178,717.7301624774991,81.22083557950171,-287.66133034481396,781.2783786634365,-120.92023509952242,26.86272553774222,0.9125108413126867,2.8158958347250845E-16
717.7301624774991,-189.10783887505588,132.96012389598178,717.7301624774991,81.22009225193605,-287.66180807214596,781.2782795659443,-120.92041587671943,26.862594580689944,0.9125114163198661,3.175680960010535E-14
717.7301624774991,-189.10783887505588,132.96012389598178,717.7301624774991,81.2205146373191,-287.66153661056944,781.2783919646919,-120.92032834836978,26.862692639183592,0.9125103502064833,1.2380795978663102E-14
717.7301624774991,-189.10783887505588,132.96012389598178,717.7301624774991,81.22063715465353,-287.6614578701645,781.2784000904801,-120.92032997521987,26.862763117052566,0.9125091411461117,2.6597830959326097E-15
717.7301624774991,-189.10783887505588,132.96012389598178,717.7301624774991,81.22082459139878,-287.6613374067438,781.2783461173818,-120.92031411646391,26.862842391337352,0.9125081797676143,4.1616976292288334E-15
717.7301624774991,-189.10783887505588,132.96012389598178,717.7301624774991,81.2206226474232,-287.66146719378804,781.2784349518626,-120.9203709918736,26.86281889200336,0.9125076674508362,1.8750434944530567E-15
717.7301624774991,-189.10783887505588,132.96012389598178,717.7301624774991,78.65245107340937,-289.30096491840783,780.658495992898,-119.05340095777714,22.48346121786932,1.0,1.651954760055964E-5
