729.6839131590871,-169.19944245922065,132.84602394966993,729.6839131590871,-662.5265323327585,214.26090217783084,706.811451622278,-326.6493164963848,158.83033047753773,1.0,0.06264111523223224
729.6839131590871,-169.19944245922065,132.84602394966993,729.6839131590871,-662.544026456981,214.15482691759485,706.8212304513094,-326.6175607536077,158.7903216660059,1.0,1.0520259897921612E-9
729.6839131590871,-169.19944245922065,132.84602394966993,729.6839131590871,-662.5755362236332,213.96340865707765,706.8190893588068,-326.58960259566976,158.7229935278618,1.0,1.0895583027420357E-9
729.6839131590871,-169.19944245922065,132.84602394966993,729.6839131590871,-662.7583051800501,212.84383035535487,706.9004002167458,-326.36985217178614,158.32077267482816,1.0,5.8133464810140206E-8
729.6839131590871,-169.19944245922065,132.84602394966993,729.6839131590871,-663.0655506200296,210.92462031318166,707.3173572484224,-325.19727977590793,157.50876547447285,1.0,1.2183200829646831E-6
729.6839131590871,-169.19944245922065,132.84602394966993,729.6839131590871,-663.6140800294153,207.3723022435248,708.3852757150316,-321.9304690201267,155.8681477393771,1.0,8.983004660358905E-6
729.6839131590871,-169.19944245922065,132.84602394966993,729.6839131590871,-664.4161910767349,201.841472268365,710.2140351102354,-316.0450202738668,153.30509869466536,1.0,2.8732690389553146E-5
729.6839131590871,-169.19944245922065,132.84602394966993,729.6839131590871,-665.4079400884535,194.30435845801492,712.6716282300888,-307.8271137464759,150.0158745967079,1.0,5.55741444626144E-5
729.6839131590871,-169.19944245922065,132.84602394966993,729.6839131590871,-666.4374526935052,185.3280320881697,715.5920805662643,-297.88563839322114,146.42847308532356,1.0,8.041982563211566E-5
729.6839131590871,-169.19944245922065,132.84602394966993,729.6839131590871,-667.2843808118839,176.56551829971488,718.4840166658566,-287.2735671379261,143.2100013143542,0.8657259940188669,9.018213521589126E-5
729.6839131590871,-169.19944245922065,132.84602394966993,729.6839131590871,-667.2354647766917,177.11927178842035,719.1051840620528,-283.55833350320444,143.01203463740194,0.7969363213778237,1.030747900548425E-5
729.6839131590871,-169.19944245922065,132.84602394966993,729.6839131590871,-667.3222839107415,176.13152757690153,719.4416517128443,-282.75907635309994,142.71404351387415,0.782372379148755,4.979219015839973E-7
729.6839131590871,-169.19944245922065,132.84602394966993,729.6839131590871,-667.2774884965896,176.64396974164208,719.5058212802741,-282.6080802679629,142.8184879251571,0.7798912730579547,1.8714974552245445E-8
729.6839131590871,-169.19944245922065,132.84602394966993,729.6839131590871,-667.292264736038,176.47560561526564,719.4700552656507,-282.6125618321961,142.78025052819152,0.7798944152467218,4.468106135848752E-11
729.6839131590871,-169.19944245922065,132.84602394966993,729.6839131590871,-667.4230587439383,174.95573988528764,719.4672698801322,-282.4414237371151,142.41720345167408,0.776320318355266,2.9701809664188374E-8
729.6839131590871,-169.19944245922065,132.84602394966993,729.6839131590871,-667.6706283618149,171.91617655829484,719.9535077690712,-281.1943973779855,141.62418426027864,0.7536604986340086,1.2567182998530428E-6
729.6839131590871,-169.19944245922065,132.84602394966993,729.6839131590871,-667.7500479147765,170.88933873556556,720.0631082603513,-281.0048187864021,141.37764958571515,0.7501121839674824,3.172707573161508E-8
729.6839131590871,-169.19944245922065,132.84602394966993,729.6839131590871,-667.7914143275015,170.3432983639459,719.9241906649701,-280.9465080236017,141.25011109683456,0.7488835279785883,3.3659250713817783E-9
729.6839131590871,-169.19944245922065,132.84602394966993,729.6839131590871,-667.8744281513383,169.2226461810749,719.8421909270612,-280.6740343828967,140.97771139170095,0.743830369601828,6.250116603248941E-8
729.6839131590871,-169.19944245922065,132.84602394966993,729.6839131590871,-668.0798694032186,166.2873099921402,720.3685618641464,-279.53898637178503,140.2423779665614,0.723948290594296,1.0295385080992744E-6
729.6839131590871,-169.19944245922065,132.84602394966993,729.6839131590871,-668.1724814242556,164.87579737999198,720.5798583392702,-279.38095604243523,139.91872856633682,0.7210280772172643,2.3372190522607255E-8
729.6839131590871,-169.19944245922065,132.84602394966993,729.6839131590871,-668.2108513789505,164.2723468008443,720.4723384423112,-279.31428138180337,139.7807441120356,0.7197238662578386,4.1544398997402115E-9
729.6839131590871,-169.19944245922065,132.84602394966993,729.6839131590871,-668.319619338397,162.49478500472415,720.4184448153559,-279.11906649379205,139.3754748098609,0.7160314993332186,3.518556341071464E-8
729.6839131590871,-169.19944245922065,132.84602394966993,729.6839131590871,-668.482230312231,159.6172352357854,720.9530812265891,-277.9272368931595,138.67593603212137,0.6959295843421353,1.1113421697696961E-6
729.6839131590871,-169.19944245922065,132.84602394966993,729.6839131590871,-668.5369227908781,158.5769535098619,721.0820585759978,-277.6141733149484,138.4326500548905,0.6906708161180447,7.775114743651772E-8
729.6839131590871,-169.19944245922065,132.84602394966993,729.6839131590871,-668.5487247195035,158.34689268272177,721.0774210868649,-277.58089047005757,138.3808693514939,0.6900857492066351,9.458517453327622E-10
729.6839131590871,-169.19944245922065,132.84602394966993,729.6839131590871,-668.6321286746742,156.65761649650273,721.121253669146,-277.3861471604872,138.00407187571167,0.6866449209995024,3.315108049486751E-8
729.6839131590871,-169.19944245922065,132.84602394966993,729.6839131590871,-668.7919738067615,153.02776375961963,721.5100277878386,-276.0636591132426,137.1629536077021,0.6650349336341229,1.3554305448132704E-6
729.6839131590871,-169.19944245922065,132.84602394966993,729.6839131590871,-668.8349602515852,151.93396151127524,721.6682420586776,-275.7908709431619,136.91821349394752,0.6606310073832278,5.843058387229496E-8
729.6839131590871,-169.19944245922065,132.84602394966993,729.6839131590871,-668.8681227047733,151.04519925152306,721.4022007532815,-275.7048061909075,136.72521402455726,0.6590774830145847,6.346588649663516E-9
729.6839131590871,-169.19944245922065,132.84602394966993,729.6839131590871,-668.9052378734297,149.99589361251978,721.4192633960174,-275.41545805663094,136.491350540475,0.6544178772930991,6.494879668303103E-8
729.6839131590871,-169.19944245922065,132.84602394966993,729.6839131590871,-669.0192285070806,146.26919328747988,722.0204139367873,-274.04715646846614,135.66181607938287,0.6330655739948733,1.4255460440017274E-6
729.6839131590871,-169.19944245922065,132.84602394966993,729.6839131590871,-669.0543287601292,144.89146462677905,722.1709313373017,-273.7227056716719,135.3648125039255,0.6280519045716765,8.079816461880649E-8
729.6839131590871,-169.19944245922065,132.84602394966993,729.6839131590871,-669.0626159737841,144.54250906056765,722.1634439220018,-273.68673182246675,135.29096106260502,0.6274768072326449,1.0436074598529868E-9
729.6839131590871,-169.19944245922065,132.84602394966993,729.6839131590871,-669.1081193037102,142.4019025378313,722.0928739389976,-273.55028198957797,134.84071617909686,0.6252422772254856,1.5418507593995005E-8
729.6839131590871,-169.19944245922065,132.84602394966993,729.6839131590871,-669.1648696625701,138.72578596629896,721.9739711601176,-272.4066638635697,134.05977567576338,0.6078779232824574,9.797248475046143E-7
729.6839131590871,-169.19944245922065,132.84602394966993,729.6839131590871,-669.1764560950313,137.64037852732864,722.0907551358425,-272.0934332681721,133.8326898610908,0.6032372804560282,7.314494546470482E-8
729.6839131590871,-169.19944245922065,132.84602394966993,729.6839131590871,-669.1817492671726,137.0523143579683,722.0334391928151,-272.08380921164826,133.71157762855404,0.6030628304798292,8.29381018268635E-11
729.6839131590871,-169.19944245922065,132.84602394966993,729.6839131590871,-669.1970618169364,134.38895512663737,721.9824453655566,-271.8408399380018,133.1627626821882,0.599422071362569,4.3912295859668556E-8
729.6839131590871,-169.19944245922065,132.84602394966993,729.6839131590871,-669.1944305085361,130.60729092297797,721.8436532648673,-270.4653341462536,132.39260481224687,0.5794071163053561,1.4035056992931941E-6
729.6839131590871,-169.19944245922065,132.84602394966993,729.6839131590871,-669.1867153201872,129.27853504941996,721.9914904365062,-270.0672360177645,132.12631616220216,0.5737754037190684,1.1767843269946188E-7
729.6839131590871,-169.19944245922065,132.84602394966993,729.6839131590871,-669.1825988165851,128.74195780409948,721.9418053917021,-270.0494620160622,132.01820576063574,0.5735201791498237,2.5547066928634055E-10
729.6839131590871,-169.19944245922065,132.84602394966993,729.6839131590871,-669.1597622391772,126.5469251630542,721.8199038231837,-269.99068183443825,131.5761352234419,0.5727144513659563,3.0228074684808873E-9
729.6839131590871,-169.19944245922065,132.84602394966993,729.6839131590871,-669.1010092910866,122.92516314803314,721.8146815588605,-268.8832121352873,130.8677368852661,0.5572586014119287,9.27127387847807E-7
729.6839131590871,-169.19944245922065,132.84602394966993,729.6839131590871,-669.0723393624245,121.57273953034864,721.9168346193364,-268.52905502331157,130.60591255208635,0.5524328742712491,9.529816120647775E-8
729.6839131590871,-169.19944245922065,132.84602394966993,729.6839131590871,-669.0661406920132,121.30115505278224,721.888192499227,-268.5097672957222,130.55236309088875,0.5521744478422512,3.092442183958644E-10
729.6839131590871,-169.19944245922065,132.84602394966993,729.6839131590871,-669.0054011757665,118.91750531219384,721.7315994719921,-268.4181473174581,130.0810117370245,0.5510280483277132,8.021894388600148E-9
729.6839131590871,-169.19944245922065,132.84602394966993,729.6839131590871,-668.8786082670988,114.93705252351177,721.7012367683773,-267.2075538127132,129.33332102773883,0.5347513613222481,1.12814141112338E-6
729.6839131590871,-169.19944245922065,132.84602394966993,729.6839131590871,-668.8247921776058,113.49376519826644,721.7960906420477,-266.85395623518974,129.06351887881982,0.5301314741623315,9.732549161742533E-8
729.6839131590871,-169.19944245922065,132.84602394966993,729.6839131590871,-668.81464699444,113.23359428807694,721.7715583560818,-266.8345745076081,129.01335003899362,0.5298901170569509,3.3434273030605664E-10
729.6839131590871,-169.19944245922065,132.84602394966993,729.6839131590871,-668.7445223869707,111.52202057371296,721.64662402919,-266.7947691425155,128.6799873710028,0.5295044894221335,2.1318099298622784E-9
729.6839131590871,-169.19944245922065,132.84602394966993,729.6839131590871,-668.5485360860109,107.34146172831421,721.5706834496926,-265.7965829431701,127.91226556035511,0.5166386259174295,7.910996003361681E-7
729.6839131590871,-169.19944245922065,132.84602394966993,729.6839131590871,-668.4800730546217,106.03461010670506,721.6954543175319,-265.54642536842243,127.67218248055633,0.5135342644161881,5.0718681908129235E-8
729.6839131590871,-169.19944245922065,132.84602394966993,729.6839131590871,-668.44372693141,105.36613272259706,721.535863206513,-265.5040393384463,127.5451323236274,0.513024866650762,1.7833841661008096E-9
729.6839131590871,-169.19944245922065,132.84602394966993,729.6839131590871,-668.310777975542,103.04879657673953,721.3132844963827,-265.27798161501624,127.11008113858821,0.5103223263174008,4.6464489861941156E-8
729.6839131590871,-169.19944245922065,132.84602394966993,729.6839131590871,-668.0847869166909,99.47817886564813,721.3817806620714,-264.27214152672565,126.48710575443965,0.49777733537876684,8.054514470148123E-7
729.6839131590871,-169.19944245922065,132.84602394966993,729.6839131590871,-667.9739060394634,97.85981980802136,721.5322521077529,-263.96275825900386,126.19891397552959,0.49409456034138144,7.948207914059108E-8
729.6839131590871,-169.19944245922065,132.84602394966993,729.6839131590871,-667.9346350968233,97.30439167520399,721.4068193300916,-263.9135064866984,126.09636504334347,0.4935238067695276,2.336829827977073E-9
729.6839131590871,-169.19944245922065,132.84602394966993,729.6839131590871,-667.7295299292833,94.53477381225437,721.1337489802554,-263.7147074774943,125.58267505473157,0.49139602083469636,4.139448608102615E-8
729.6839131590871,-169.19944245922065,132.84602394966993,729.6839131590871,-667.4385447434198,90.9199347564805,721.2146090392711,-262.6422664516961,124.98294745645373,0.47846987031543026,9.235697060374502E-7
729.6839131590871,-169.19944245922065,132.84602394966993,729.6839131590871,-667.3133069602802,89.45733888293773,721.3557138334423,-262.4067351151363,124.72711348525007,0.47583668929325473,4.848821709705318E-8
729.6839131590871,-169.19944245922065,132.84602394966993,729.6839131590871,-667.2380808237517,88.60221425832535,721.1957536768156,-262.36820679940786,124.56927439429137,0.4754880208661683,2.009616581223408E-9
729.6839131590871,-169.19944245922065,132.84602394966993,729.6839131590871,-666.9771782678736,85.75753561960212,720.9886318025259,-262.18417582071106,124.04990830047561,0.4737358687002625,3.952376561483726E-8
729.6839131590871,-169.19944245922065,132.84602394966993,729.6839131590871,-666.6231937824621,82.15468721927647,721.0138400422843,-261.07340236841367,123.48335514641616,0.46076035060963577,9.97131961081465E-7
729.6839131590871,-169.19944245922065,132.84602394966993,729.6839131590871,-666.4616668207908,80.59394051768217,721.1379196771566,-260.731718502262,123.22785492293306,0.4569632749214245,9.88039386900481E-8
729.6839131590871,-169.19944245922065,132.84602394966993,729.6839131590871,-666.4210223311592,80.20857996106594,721.1082934823548,-260.7210247487571,123.15726071707925,0.4569163733920738,2.3966039041860515E-10
729.6839131590871,-169.19944245922065,132.84602394966993,729.6839131590871,-666.108744229585,77.33795413915513,720.9445031929498,-260.6406438765221,122.63143433795332,0.4565935565365342,1.3992839550951295E-8
729.6839131590871,-169.19944245922065,132.84602394966993,729.6839131590871,-665.6208326005644,73.13167550529954,720.9002650285951,-259.5339622199502,121.97971742727938,0.4442333041739249,1.0214294529606518E-6
729.6839131590871,-169.19944245922065,132.84602394966993,729.6839131590871,-665.4344253173301,71.60190759706214,720.9882911370817,-259.18804376107806,121.73984933699606,0.4405116561628825,1.0217697883655628E-7
729.6839131590871,-169.19944245922065,132.84602394966993,729.6839131590871,-665.305118033009,70.56313172816918,720.8959971122607,-259.16649096402693,121.55123684804977,0.440510943060269,1.477264593724564E-9
729.6839131590871,-169.19944245922065,132.84602394966993,729.6839131590871,-664.9437900888535,67.74962010683201,720.7545492753828,-259.1198798026949,121.03853258638259,0.44070116555418803,9.33452541065237E-9
729.6839131590871,-169.19944245922065,132.84602394966993,729.6839131590871,-664.5070546364018,64.50592357412815,720.7116205639438,-258.23709611932463,120.5610478282903,0.4311256300197898,6.51117022846831E-7
729.6839131590871,-169.19944245922065,132.84602394966993,729.6839131590871,-663.8183809487143,59.687936990493114,720.5399201926538,-256.196176771443,119.97851290487569,0.4088051973702439,3.280156870790311E-6
729.6839131590871,-169.19944245922065,132.84602394966993,729.6839131590871,-663.6498933181286,58.55772308457708,720.6214254513455,-255.46964365452945,119.88442860486566,0.4009219817495165,3.95298486940882E-7
729.6839131590871,-169.19944245922065,132.84602394966993,729.6839131590871,-663.535500988355,57.80029630391884,720.4386975381486,-255.37420496563567,119.76373378407692,0.40002693087144303,9.290816091025298E-9
729.6839131590871,-169.19944245922065,132.84602394966993,729.6839131590871,-663.0136722325807,54.43998799998549,720.1381231182663,-255.3231859137229,119.17160770509497,0.4004009159152058,1.4993937908880115E-8
729.6839131590871,-169.19944245922065,132.84602394966993,729.6839131590871,-662.4065915693144,50.707676835221065,720.3482104886648,-254.55552132661978,118.63088686783962,0.39303244889681455,5.274322037949087E-7
729.6839131590871,-169.19944245922065,132.84602394966993,729.6839131590871,-661.6373750569606,46.21529880631458,720.1741564989351,-252.70223277761232,118.15603603867564,0.3741033850125311,2.6936838282077928E-6
729.6839131590871,-169.19944245922065,132.84602394966993,729.6839131590871,-661.4452297750755,45.13009113359486,720.2674933439793,-252.01736156284764,118.08825209006116,0.36712373493266875,3.468260931094492E-7
729.6839131590871,-169.19944245922065,132.84602394966993,729.6839131590871,-661.1604650399435,43.54679516616058,720.0990653107744,-251.94990896400842,117.8254176390538,0.3668748028289095,9.422261414707546E-9
729.6839131590871,-169.19944245922065,132.84602394966993,729.6839131590871,-660.4347970637376,39.63751368062641,719.9040090339131,-251.9208737963474,117.15020460363775,0.36782185047808624,1.7418048271844057E-8
729.6839131590871,-169.19944245922065,132.84602394966993,729.6839131590871,-659.8373608101159,36.542165894552056,720.0276082671037,-251.1566390613918,116.75922361695268,0.3607864326551388,5.018998880766347E-7
729.6839131590871,-169.19944245922065,132.84602394966993,729.6839131590871,-658.899582271028,31.881807178100544,719.8533743531808,-249.3710268361259,116.31659999022253,0.3437543537205222,2.5007923914077497E-6
729.6839131590871,-169.19944245922065,132.84602394966993,729.6839131590871,-658.6898142794646,30.8696742636794,719.9176621995243,-248.60416504627682,116.30350498827485,0.33630254762642503,4.1826797379335055E-7
729.6839131590871,-169.19944245922065,132.84602394966993,729.6839131590871,-658.3436425473197,29.221936401582894,719.5750947229639,-248.5304618038048,116.03992772618088,0.3360444089388731,1.1772509962793219E-8
729.6839131590871,-169.19944245922065,132.84602394966993,729.6839131590871,-657.5674633276735,25.623469451885242,719.3413704793959,-248.441142405332,115.44828878294072,0.3363586721744813,3.3595752890602726E-8
729.6839131590871,-169.19944245922065,132.84602394966993,729.6839131590871,-656.6456398264655,21.50777952210153,719.5904024340458,-247.53628003499873,114.95300105441984,0.32879987320510895,7.262898063756775E-7
729.6839131590871,-169.19944245922065,132.84602394966993,729.6839131590871,-655.5077498405169,16.63832122760998,719.4237935717512,-245.73251605869078,114.55776415591009,0.3127605637362391,2.5227687499550117E-6
729.6839131590871,-169.19944245922065,132.84602394966993,729.6839131590871,-655.2477434136096,15.555576174278826,719.5871899822985,-244.9702983600228,114.56142630890233,0.30584154041024886,4.054263692251816E-7
729.6839131590871,-169.19944245922065,132.84602394966993,729.6839131590871,-654.8376803024042,13.869127265618218,719.1628959445736,-244.88556339156364,114.30362121265199,0.30554581789506974,1.5119476549702076E-8
729.6839131590871,-169.19944245922065,132.84602394966993,729.6839131590871,-654.1450863137125,11.076887849620292,718.8488006336751,-244.75488625990062,113.8741634208532,0.3052539991680815,3.9269232799710415E-8
729.6839131590871,-169.19944245922065,132.84602394966993,729.6839131590871,-652.9510221433079,6.416560796691883,719.1147774150335,-244.06289486466102,113.28030779515234,0.30048107251699563,4.949483358141715E-7
729.6839131590871,-169.19944245922065,132.84602394966993,729.6839131590871,-651.6298456847182,1.4652565455945137,718.9761224279652,-242.37908629711288,112.91693635175326,0.2865618762986356,2.1887876319216E-6
729.6839131590871,-169.19944245922065,132.84602394966993,729.6839131590871,-651.2670941647874,0.1404129941404051,719.2467060738954,-241.66752987363822,112.89670401276044,0.2805901861005363,3.5208454908195393E-7
729.6839131590871,-169.19944245922065,132.84602394966993,729.6839131590871,-650.6823561435873,-1.965710814084133,718.8620088122146,-241.61357032593276,112.57059169307408,0.2808156362838568,1.4336299343657522E-8
729.6839131590871,-169.19944245922065,132.84602394966993,729.6839131590871,-649.4144327667603,-6.414749723067985,718.5207563166994,-241.52881931825462,111.87074166161523,0.2817096489561037,5.593990593751771E-8
729.6839131590871,-169.19944245922065,132.84602394966993,729.6839131590871,-648.2936348645875,-10.22303211574669,718.829136936691,-240.79655443842745,111.46540320691616,0.27662418138928585,4.926138721368552E-7
729.6839131590871,-169.19944245922065,132.84602394966993,729.6839131590871,-646.8951132822367,-14.825388574720364,718.7008034466105,-239.14002821497232,111.22509304707094,0.2635946929548139,2.02210089133077E-6
729.6839131590871,-169.19944245922065,132.84602394966993,729.6839131590871,-646.4620447216123,-16.21909095562947,718.9622523773492,-238.34870534188497,111.24839034427364,0.2572586388974748,4.280890231857514E-7
729.6839131590871,-169.19944245922065,132.84602394966993,729.6839131590871,-645.9412508369421,-17.876396893215656,718.5586039562429,-238.28769699414045,111.00370009150672,0.2572988898672196,1.2754141589978426E-8
729.6839131590871,-169.19944245922065,132.84602394966993,729.6839131590871,-644.7210325676238,-21.682993845616153,718.2203835546874,-238.20345142429568,110.42197012936006,0.2580348729845944,4.953233462503381E-8
729.6839131590871,-169.19944245922065,132.84602394966993,729.6839131590871,-643.1573293517388,-26.41452186246451,718.524406787172,-237.47550365002573,109.90372660244552,0.25372142168869555,5.388512803812096E-7
729.6839131590871,-169.19944245922065,132.84602394966993,729.6839131590871,-641.5031663637195,-31.25514114656869,718.3932908725634,-235.93804105533613,109.65780579213694,0.24252054971508202,1.7370477384924783E-6
729.6839131590871,-169.19944245922065,132.84602394966993,729.6839131590871,-641.1571699067769,-32.247596467771416,718.7102921587555,-235.16820320569065,109.7697590371584,0.2365194376314909,4.2959294690252924E-7
729.6839131590871,-169.19944245922065,132.84602394966993,729.6839131590871,-640.3400773955665,-34.56515283305552,718.3638371974398,-235.14229755275676,109.41444078106224,0.23718765048413393,1.5064429251143826E-8
729.6839131590871,-169.19944245922065,132.84602394966993,729.6839131590871,-638.4825275155871,-39.70363869844758,718.0589357607956,-235.1013892685337,108.61468245898885,0.23897008407669112,7.241591170988304E-8
729.6839131590871,-169.19944245922065,132.84602394966993,729.6839131590871,-637.0168627693218,-43.63870982184392,718.2643261367595,-234.4640486059484,108.2248659071308,0.235373488745511,3.968225827301351E-7
729.6839131590871,-169.19944245922065,132.84602394966993,729.6839131590871,-635.3257523522542,-48.0579926599778,718.1909144630522,-232.95838563943045,108.10112397023488,0.22481547119177342,1.549909156031837E-6
729.6839131590871,-169.19944245922065,132.84602394966993,729.6839131590871,-635.0929740788215,-48.656640479852626,718.5101256502645,-232.37323639701034,108.23479596809636,0.22037803086537489,2.595355801874037E-7
729.6839131590871,-169.19944245922065,132.84602394966993,729.6839131590871,-633.9373859112047,-51.59541368303903,718.0595110783366,-232.30499396090954,107.80120287239328,0.2210058149348873,3.657765200617362E-8
729.6839131590871,-169.19944245922065,132.84602394966993,729.6839131590871,-631.8905037487193,-56.671737230641355,717.7452103165278,-232.29221862093198,107.00329067642735,0.22310949832912605,7.23542634878582E-8
729.6839131590871,-169.19944245922065,132.84602394966993,729.6839131590871,-630.3575033120545,-60.37209867461715,717.9822671522832,-231.7574356175486,106.63518862166626,0.22048772387900695,2.9738781624286797E-7
729.6839131590871,-169.19944245922065,132.84602394966993,729.6839131590871,-628.6968703749681,-64.28873640175183,717.8870609018037,-230.4158355866193,106.58281058743779,0.21143718493314811,1.1598982086943014E-6
729.6839131590871,-169.19944245922065,132.84602394966993,729.6839131590871,-626.9646007296326,-68.27846454853523,718.0418291086196,-228.28980290115825,106.88398139500518,0.19662166741122908,3.165799232392288E-6
729.6839131590871,-169.19944245922065,132.84602394966993,729.6839131590871,-627.730969960582,-66.5250830023362,718.1044821430924,-227.2224491741506,107.61741831708358,0.18784717616062835,1.1933216330924239E-6
729.6839131590871,-169.19944245922065,132.84602394966993,729.6839131590871,-626.4824373925769,-69.37232968021235,717.5570182488362,-226.9501621036779,107.30766897728566,0.18689647428901998,1.0290262891719379E-7
729.6839131590871,-169.19944245922065,132.84602394966993,729.6839131590871,-625.0260551175543,-72.63414344472704,717.1053146087191,-226.7565319550081,106.90010491840542,0.18673757694708334,8.692212486151179E-8
729.6839131590871,-169.19944245922065,132.84602394966993,729.6839131590871,-622.9673534659563,-77.14131600344066,717.3295141674978,-226.27552177162764,106.43328347365332,0.18513277514426005,2.9465237592501064E-7
729.6839131590871,-169.19944245922065,132.84602394966993,729.6839131590871,-620.9860419610874,-81.37084865970192,717.2518340579858,-225.33648764160202,106.22836359905332,0.18001135219600012,6.463935402917073E-7
729.6839131590871,-169.19944245922065,132.84602394966993,729.6839131590871,-619.0930995617335,-85.31835742118207,717.425676727881,-223.53629441514985,106.49676228425434,0.1687388116269109,2.23107881554513E-6
729.6839131590871,-169.19944245922065,132.84602394966993,729.6839131590871,-619.7317812286465,-83.9963421205963,717.6845031952962,-222.60244954758625,107.14302015656187,0.16173029265221797,9.28442195912882E-7
729.6839131590871,-169.19944245922065,132.84602394966993,729.6839131590871,-618.3707805253832,-86.80166909501708,717.138741069878,-222.38044426666735,106.8401696778856,0.16121744840742344,8.116144480984828E-8
729.6839131590871,-169.19944245922065,132.84602394966993,729.6839131590871,-616.4724495866876,-90.64191106059593,716.6077120494525,-222.1503203714589,106.38817343553345,0.16108479145678548,1.2220840551109443E-7
729.6839131590871,-169.19944245922065,132.84602394966993,729.6839131590871,-614.2931007256591,-94.95133198537795,716.8287308943351,-221.8092511947533,105.92051040072394,0.16054811796882343,1.9644962072130225E-7
729.6839131590871,-169.19944245922065,132.84602394966993,729.6839131590871,-611.8760157614392,-99.61354554448005,716.7695366370243,-220.84118739498078,105.72776533900281,0.15582128275405363,6.608338077568732E-7
729.6839131590871,-169.19944245922065,132.84602394966993,729.6839131590871,-610.3711721531342,-102.45698265857652,717.0709075217733,-219.43820826319038,106.05071535144376,0.14757795613394298,1.4267260179759292E-6
729.6839131590871,-169.19944245922065,132.84602394966993,729.6839131590871,-609.3234049636666,-104.41100466989496,717.0520794642734,-217.33324003043649,106.89860285735224,0.13470795349736642,3.7704152993633607E-6
729.6839131590871,-169.19944245922065,132.84602394966993,729.6839131590871,-611.6296230220394,-100.08215237760828,717.4572662914369,-216.26126050341034,108.069180205117,0.1266237680605472,1.648422221908785E-6
729.6839131590871,-169.19944245922065,132.84602394966993,729.6839131590871,-610.1218759024649,-102.92379533703996,716.9300930540275,-215.96627543790194,107.83888681244207,0.12573172284672313,9.988110823019948E-8
729.6839131590871,-169.19944245922065,132.84602394966993,729.6839131590871,-607.6411036721723,-107.50561368325191,716.2046831024952,-215.7031507399173,107.35291179799347,0.12561854906671663,1.5828121044543026E-7
729.6839131590871,-169.19944245922065,132.84602394966993,729.6839131590871,-604.924450865309,-112.39613606673967,716.2957194074473,-215.35840504834727,106.86605155633902,0.1252881376213074,2.140260941273023E-7
729.6839131590871,-169.19944245922065,132.84602394966993,729.6839131590871,-602.3157318255737,-116.97447137751809,716.4559686790121,-214.82641185282847,106.52849128225265,0.12375312776717279,2.9183685629480545E-7
729.6839131590871,-169.19944245922065,132.84602394966993,729.6839131590871,-600.1300999530396,-120.72599428567278,716.5080725387302,-213.70232647108512,106.65924442971038,0.11837099586119647,7.901440130644187E-7
729.6839131590871,-169.19944245922065,132.84602394966993,729.6839131590871,-599.4084648754031,-121.9483971660849,716.8485652255754,-212.215650910295,107.36936176966759,0.1101827463638581,1.99123206450147E-6
729.6839131590871,-169.19944245922065,132.84602394966993,729.6839131590871,-600.0769473194339,-120.81630239272735,716.9474933343669,-210.3703666818085,108.60824801992788,0.09961796618228554,3.6488493442385994E-6
729.6839131590871,-169.19944245922065,132.84602394966993,729.6839131590871,-604.4103168508861,-113.30737296217836,717.4181302902078,-209.33955698590853,110.14294798221871,0.09217353061830053,2.0180568412964135E-6
729.6839131590871,-169.19944245922065,132.84602394966993,729.6839131590871,-602.0955662862073,-117.35578654651786,716.9127159120563,-209.05464334223677,109.81083636132993,0.09174825345899122,1.2527348398024756E-7
729.6839131590871,-169.19944245922065,132.84602394966993,729.6839131590871,-596.0908342666748,-127.46866945178726,716.119646116136,-208.9172408250739,108.6264526427569,0.09380323529443994,3.952786048202407E-7
729.6839131590871,-169.19944245922065,132.84602394966993,729.6839131590871,-591.2108772393548,-135.30756807328362,716.3241813802964,-208.5031975708257,107.87171698886823,0.0940419002971243,4.189676059399051E-7
729.6839131590871,-169.19944245922065,132.84602394966993,729.6839131590871,-589.2063314517292,-138.43650994964815,716.5102872845298,-208.16740176633994,107.67661121199126,0.0932748671872211,1.1071600860740962E-7
729.6839131590871,-169.19944245922065,132.84602394966993,729.6839131590871,-588.0455422316445,-140.2252940341652,716.6492072567594,-207.4054660001287,107.93718700716084,0.08985719651261853,4.4898537828427947E-7
729.6839131590871,-169.19944245922065,132.84602394966993,729.6839131590871,-588.5359935821599,-139.47154230766603,716.9243706858283,-206.32476615787456,108.73680244474735,0.08416365761517468,1.3298312260108265E-6
729.6839131590871,-169.19944245922065,132.84602394966993,729.6839131590871,-590.5062687133266,-136.41325286673367,717.1679537277486,-205.08156394590424,109.91358260271798,0.0773206674451958,2.0903327727252135E-6
729.6839131590871,-169.19944245922065,132.84602394966993,729.6839131590871,-593.4746207432001,-131.711291375568,717.5415173984362,-203.7063437217534,111.32920273205349,0.0699365063256692,2.7167638842334946E-6
729.6839131590871,-169.19944245922065,132.84602394966993,729.6839131590871,-598.1044588328712,-124.13741312268024,717.8428090036685,-202.10786049861764,113.12856191604678,0.061623071455759224,3.906758046203367E-6
729.6839131590871,-169.19944245922065,132.84602394966993,729.6839131590871,-604.3034662277016,-113.49619431686494,718.2787916254612,-200.4137202654385,115.17348125568853,0.05330425826995565,4.566286625812695E-6
729.6839131590871,-169.19944245922065,132.84602394966993,729.6839131590871,-611.6003098051168,-100.13782221052827,718.8451480070496,-198.5050580493819,117.4126567520652,0.04492670459352455,5.538537247137959E-6
729.6839131590871,-169.19944245922065,132.84602394966993,729.6839131590871,-620.7683470342449,-81.82936919289006,719.5888353593427,-196.74184988045175,119.7523917678663,0.03768454672618863,4.997587368123905E-6
729.6839131590871,-169.19944245922065,132.84602394966993,729.6839131590871,-629.6408338656935,-62.07376745097591,720.4105763830279,-195.3115931768666,121.79190269580425,0.03230911094988399,3.2979325005966017E-6
729.6839131590871,-169.19944245922065,132.84602394966993,729.6839131590871,-636.318780265517,-45.47818710257934,721.003155678816,-194.09955651062302,123.34033057765063,0.028354775142636474,2.095570450012142E-6
729.6839131590871,-169.19944245922065,132.84602394966993,729.6839131590871,-640.6521170628453,-33.684380508761706,721.3068125559436,-193.27949429439022,124.34026931615924,0.025915791143263228,9.022670228229565E-7
729.6839131590871,-169.19944245922065,132.84602394966993,729.6839131590871,-642.2324059913518,-29.141060140418688,721.3431249013547,-192.76523414177024,124.7760707471985,0.02458782774643559,2.9015724472734603E-7
729.6839131590871,-169.19944245922065,132.84602394966993,729.6839131590871,-641.8923032122798,-30.130843712857825,721.2840849535105,-192.3942782684271,124.84881899906262,0.023812415778402783,1.0314189560435013E-7
718.1016493129097,-190.14940082086846,132.9680003334264,718.1016493129097,-316.1421231735437,-350.8975118847535,721.3262993696694,-192.26477412360242,124.84406930354581,0.0026176954335357765,1.0175279249443972E-9
718.1016493129097,-190.14940082086846,132.9680003334264,718.1016493129097,-315.18778158733966,-351.14500644835687,721.3367939305338,-192.24696855927832,124.84681531371163,0.002613127050709997,3.7153204522086544E-11
718.1016493129097,-190.14940082086846,132.9680003334264,718.1016493129097,-314.52458152311783,-351.3158156518726,721.3224591196994,-192.23991470927317,124.8280962341467,0.002623583080726859,2.905346434367446E-10
718.1016493129097,-190.14940082086846,132.9680003334264,718.1016493129097,-306.5617727838028,-353.29135397655847,721.240533489171,-192.16791605684267,124.53657763531146,0.0027956213809163157,6.631834429329603E-8
718.1016493129097,-190.14940082086846,132.9680003334264,718.1016493129097,-266.0260065634249,-361.24120708888444,720.6836330998674,-191.68248979638506,122.98248925154377,0.0038220271749354567,1.915251993660517E-6
718.1016493129097,-190.14940082086846,132.9680003334264,718.1016493129097,-230.56136061751636,-365.39619732265936,719.8529830799081,-191.11456704411475,121.06547709839171,0.005385042678021819,2.8323736079448545E-6
718.1016493129097,-190.14940082086846,132.9680003334264,718.1016493129097,-208.641872687016,-366.68991112628396,719.1619878737013,-190.6494552276951,119.45676493235399,0.0069505902469063265,1.9507219052859884E-6
718.1016493129097,-190.14940082086846,132.9680003334264,718.1016493129097,-190.71930515409505,-367.0316748755191,718.6269525119195,-190.16610444281477,118.31325029725613,0.008205045541119851,9.651654219008641E-7
718.1016493129097,-190.14940082086846,132.9680003334264,718.1016493129097,-180.31274642012468,-366.9352305325087,718.2794254317869,-189.8480882967859,117.6551614196334,0.008986745269138207,3.2478942392652276E-7
718.1016493129097,-190.14940082086846,132.9680003334264,718.1016493129097,-173.83681514741602,-366.7658283680597,717.9484899163691,-189.6386442682523,117.3210432732325,0.009402737119230013,8.535912251453299E-8
718.1016493129097,-190.14940082086846,132.9680003334264,718.1016493129097,-170.73785638023423,-366.65504951758805,717.8365971220894,-189.53818166202552,117.23616708324815,0.009512651100894482,5.781158894353463E-9
718.1016493129097,-190.14940082086846,132.9680003334264,718.1016493129097,-167.88218409297448,-366.53592463533,717.8438513052542,-189.44787616518605,117.23121907073889,0.009523524020006996,5.89404872507952E-11
718.1016493129097,-190.14940082086846,132.9680003334264,718.1016493129097,-162.07524830273104,-366.24321945273624,717.9280124503122,-189.26655275436372,117.26930168594427,0.009487517486526391,1.7046815855611414E-9
718.1016493129097,-190.14940082086846,132.9680003334264,718.1016493129097,-156.78033258169106,-365.9172623120531,718.0120177687876,-189.1009858087497,117.29364002664823,0.009469962048109447,9.156184150090932E-10
718.1016493129097,-190.14940082086846,132.9680003334264,718.1016493129097,-153.04979575649503,-365.6537193139106,718.1009110181162,-188.9823373553169,117.28257211603227,0.009494138941022877,2.886144499366398E-10
718.1016493129097,-190.14940082086846,132.9680003334264,718.1016493129097,-150.5867826924196,-365.4643413608326,718.2113493587993,-188.90421734851847,117.28047146596495,0.009504201724162385,5.0092769059676196E-11
718.1016493129097,-190.14940082086846,132.9680003334264,718.1016493129097,-149.73231495618143,-365.39578162730817,718.347614095745,-188.88004561011672,117.3161874936859,0.009462199482928632,1.0351947948176366E-9
718.1013462080429,-190.14796407365995,132.9672416162657,718.1013462080429,-149.58207188978525,-365.3844498540515,718.4724913003785,-188.87643002905878,117.34645509401153,0.009423884619121265,6.810943703100644E-10
718.1013462080429,-190.14796407365995,132.9672416162657,718.1013462080429,-149.0892885024299,-365.34409194974546,718.5211981569829,-188.86182109297368,117.35788220693743,0.009411180479931305,1.1637957064228813E-10
718.1013462080429,-190.14796407365995,132.9672416162657,718.1013462080429,-147.86459201017348,-365.24166682169147,718.5308050657517,-188.82232747898954,117.34776926612929,0.009427764226878839,1.32223971908652E-10
718.1013462080429,-190.14796407365995,132.9672416162657,718.1013462080429,-147.01532462434855,-365.1688596794903,718.5357716688095,-188.79482111841145,117.33987995166285,0.009440442016501455,7.692120634468698E-11
718.1013462080429,-190.14796407365995,132.9672416162657,718.1013462080429,-146.09171771297818,-365.08802354675504,718.539851531217,-188.7648166367632,117.33077867742651,0.009454961314603784,1.0072799997894193E-10
718.1013462080429,-190.14796407365995,132.9672416162657,718.1013462080429,-145.76801854271673,-365.05928421812246,718.5449165384503,-188.75426722358523,117.3273395838242,0.009460377173749179,1.3977724373210781E-11
718.1013462080429,-190.14796407365995,132.9672416162657,718.1013462080429,-145.79199494063602,-365.0614202118164,718.5469949946801,-188.7550085495805,117.32714200390438,0.009460537798203859,5.064841182640975E-14
718.1013462080429,-190.14796407365995,132.9672416162657,718.1013462080429,-145.80737733885675,-365.0627899762211,718.5486463348544,-188.75540135889568,117.32608519728208,0.009461802188971613,8.68853891711557E-13
718.1013462080429,-190.14796407365995,132.9672416162657,718.1013462080429,-145.80778358892664,-365.0628261452915,718.5499966141732,-188.75534944626042,117.32535767110855,0.00946270799489239,3.907278895598534E-13
718.1013462080429,-190.14796407365995,132.9672416162657,718.1013462080429,-145.81140704024887,-365.06314873197704,718.5509663603898,-188.75540235190925,117.324663475954,0.00946356140564197,3.560528386565782E-13
718.1013462080429,-190.14796407365995,132.9672416162657,718.1013462080429,-145.81037580764055,-365.0630569266573,718.5525294041563,-188.75532924174257,117.32420896099961,0.009464131000332344,1.5492465180410206E-13
718.1013462080429,-190.14796407365995,132.9672416162657,718.1013462080429,-145.80616981917723,-365.06268246690934,718.5534589622055,-188.75516229667258,117.32382946034454,0.00946461871968558,1.1336308804099513E-13
718.1013462080429,-190.14796407365995,132.9672416162657,718.1013462080429,-145.8079115971742,-365.06283754199404,718.5542574131396,-188.75519279257566,117.32355261216244,0.009464957576019629,5.696869127334232E-14
718.1013462080429,-190.14796407365995,132.9672416162657,718.1013462080429,-145.8173048804875,-365.0636737449183,718.5551202165324,-188.75546478097675,117.32326722028776,0.009465280305725694,6.9869075054433E-14
718.1013462080429,-190.14796407365995,132.9672416162657,718.1013462080429,-145.81716912053946,-365.0636616606538,718.5558469375742,-188.75544341799636,117.32307550768823,0.009465519448852225,2.7324435811895915E-14
718.1013462080429,-190.14796407365995,132.9672416162657,718.1013462080429,-145.82058357327736,-365.0639655765911,718.556618851312,-188.75553081905795,117.32284289708298,0.009465797236361602,4.212206748748992E-14
718.1013462080429,-190.14796407365995,132.9672416162657,718.1013462080429,-145.8198713427629,-365.0639021838394,718.5571962399962,-188.75548107328427,117.32253735142544,0.00946618079557011,7.003703683049696E-14
718.1013462080429,-190.14796407365995,132.9672416162657,718.1013462080429,-145.8186961299959,-365.0637975806691,718.5576372340392,-188.7554197691745,117.32226665362842,0.009466522599613114,5.5588260193984756E-14
718.1013462080429,-190.14796407365995,132.9672416162657,718.1013462080429,-145.82365700054876,-365.06423911812374,718.5580613238052,-188.7555479928454,117.32194249444086,0.009466909791006355,8.20821738358106E-14
718.1013462080429,-190.14796407365995,132.9672416162657,718.1013462080429,-145.81826563747518,-365.06375926275274,718.5583712317342,-188.75533889170845,117.32151115376172,0.00946746721345598,1.4757525133508246E-13
718.1013462080429,-190.14796407365995,132.9672416162657,718.1013462080429,-145.81878269334052,-365.0638052855823,718.5589379952305,-188.7553604719473,117.32156966645289,0.00946739162945704,2.6621379022434702E-15
718.1013462080429,-190.14796407365995,132.9672416162657,718.1013462080429,-145.83035247190034,-365.06483496306026,718.5594857078864,-188.7557297189207,117.3216022933122,0.009467309800462407,3.1257340118153974E-15
718.1013462080429,-190.14796407365995,132.9672416162657,718.1013462080429,-145.83465067194888,-365.0652174216586,718.5599853869192,-188.75588005517392,117.32176233041247,0.009467094236881184,2.1920306991260817E-14
718.1013462080429,-190.14796407365995,132.9672416162657,718.1013462080429,-145.828528438805,-365.0646726472762,718.560516311665,-188.75569339707386,117.32184315167314,0.009467014010420027,6.91957825129239E-15
718.1013462080429,-190.14796407365995,132.9672416162657,718.1013462080429,-145.82689586165753,-365.06452736293005,718.5609509457851,-188.75563898190683,117.3218125592976,0.009467057424069582,9.15247679255461E-16
717.6782935338397,-189.62745823128972,132.9653730357846,717.6782935338397,-161.8012847072599,-366.25973056679925,718.5613842206811,-188.75549699933833,117.32165055333647,0.009417540506714308,2.1146910148470685E-14
717.6782935338397,-189.62745823128972,132.9653730357846,717.6782935338397,-160.23159645627098,-366.16976228380395,718.5856687334186,-188.705749182256,117.31496025197899,0.009429311310330408,6.771864201970487E-11
717.6782935338397,-189.62745823128972,132.9653730357846,717.6782935338397,-111.18616543838836,-360.84325749326797,719.5366556844394,-187.1231105822268,117.19984395128265,0.009784192008686833,9.465804708566986E-8
717.6782935338397,-189.62745823128972,132.9653730357846,717.6782935338397,10.925249492793029,-325.0505780232792,722.2106109201547,-182.57993009174766,116.87045045867964,0.011908019475181254,3.2690839148912282E-6
717.6782935338397,-189.62745823128972,132.9653730357846,717.6782935338397,116.05051121579709,-262.7124997277879,725.4387249570925,-176.8757615509891,116.45923022898003,0.016948334578036593,1.0680253095003373E-5
717.6782935338397,-189.62745823128972,132.9653730357846,717.6782935338397,178.99802735144897,-204.84411673454466,728.5610398713144,-171.20542167641207,116.08336402521451,0.02464366679891176,1.4555983758512313E-5
717.6782935338397,-189.62745823128972,132.9653730357846,717.6782935338397,205.20612757081614,-173.80235591015767,730.6205438190808,-167.5682981672855,115.82640948600871,0.031093453007029738,6.78853355158689E-6
717.6782935338397,-189.62745823128972,132.9653730357846,717.6782935338397,206.5032866428446,-172.12548714436483,730.8930816484566,-167.26517794617456,115.74245505716834,0.0317698919262308,6.241119291135233E-8
717.6782935338397,-189.62745823128972,132.9653730357846,717.6782935338397,204.6884374407947,-174.46750487469816,730.7957603772264,-167.61773384933625,115.80524080924218,0.031020358926889112,7.373772732663143E-8
717.6782935338397,-189.62745823128972,132.9653730357846,717.6782935338397,203.9779884720461,-175.37656755204316,730.7431618193551,-167.72420428992302,115.80684059667607,0.030823172329138268,5.284299831184693E-9
717.6782935338397,-189.62745823128972,132.9653730357846,717.6782935338397,203.42787986175716,-176.07750618417182,730.7072385772179,-167.8135582330453,115.81402102723416,0.030649461045710473,4.0982987347778475E-9
717.6782935338397,-189.62745823128972,132.9653730357846,717.6782935338397,203.44808315670429,-176.0518089501616,730.7177945716654,-167.8124063090349,115.81542306411185,0.030648867500398556,2.3068957133917626E-12
717.6782935338397,-189.62745823128972,132.9653730357846,717.6782935338397,203.56961346106783,-175.89715757055976,730.7266688064999,-167.77940332006756,115.80337968811745,0.030726889793201633,8.193440786138697E-10
717.6782935338397,-189.62745823128972,132.9653730357846,717.6782935338397,203.65676000528765,-175.78618353688134,730.7363600936056,-167.75813413282748,115.79664989996175,0.030775474676071352,3.204934759657051E-10
717.6782935338397,-189.62745823128972,132.9653730357846,717.6782935338397,203.7475477443184,-175.67050412967112,730.7468262188403,-167.74096743931412,115.7935746727897,0.03081111827287574,1.743406068373064E-10
717.6782935338397,-189.62745823128972,132.9653730357846,717.6782935338397,203.84927421544955,-175.5408036009841,730.7596982531944,-167.72232198100934,115.79060950844891,0.03084921939077927,2.000918379816314E-10
717.6782935338397,-189.62745823128972,132.9653730357846,717.6782935338397,203.9696882479961,-175.3871626816368,730.774134585233,-167.70198992290653,115.7884859314018,0.03088916072617411,2.202724273089118E-10
