728.9203724880139,-170.54355922395732,132.9964725686576,728.9203724880139,-655.6826149887044,253.99273933623022,707.868383612089,-326.4575581760222,171.88225507954056,1.0,0.009633937101753195
728.9203724880139,-170.54355922395732,132.9964725686576,728.9203724880139,-655.6762003054637,254.01845634550017,707.8629962568052,-326.46416064781255,171.89268135379902,1.0,5.858577830067765E-11
728.9203724880139,-170.54355922395732,132.9964725686576,728.9203724880139,-655.68842054403,253.96945936623743,707.8565995836847,-326.46120671134844,171.8752178977931,1.0,3.694399384896918E-11
728.9203724880139,-170.54355922395732,132.9964725686576,728.9203724880139,-655.689997008594,253.96313700509495,707.854511627051,-326.4604791842479,171.87287826365701,1.0,1.1886188870183115E-12
728.9203724880139,-170.54355922395732,132.9964725686576,728.9203724880139,-655.6904183478327,253.961447177999,707.8539273790426,-326.46024494215146,171.8722430170823,1.0,1.0663123131058096E-13
728.9203724880139,-170.54355922395732,132.9964725686576,728.9203724880139,-655.6907672938042,253.96004767303603,707.8536009377493,-326.4601924370813,171.87175219096602,1.0,2.115510642982978E-14
728.9203724880139,-170.54355922395732,132.9964725686576,728.9203724880139,-655.6911743018115,253.95841527904173,707.852978057048,-326.4600320092449,171.87115495915552,1.0,6.618704629723766E-14
728.9203724880139,-170.54355922395732,132.9964725686576,728.9203724880139,-655.694659175638,253.94443747784612,707.8605906689036,-326.4446111047295,171.86253914886157,1.0,2.1351644350029323E-10
728.9203724880139,-170.54355922395732,132.9964725686576,728.9203724880139,-655.710678418561,253.88016233865596,707.9022343599721,-326.3641716961821,171.82055984219818,1.0,5.7173965581798566E-9
728.9203724880139,-170.54355922395732,132.9964725686576,728.9203724880139,-655.8827884760075,253.18728980951803,707.8704031330549,-326.33697112023356,171.5776058626058,1.0,5.2789099624678195E-9
728.9203724880139,-170.54355922395732,132.9964725686576,728.9203724880139,-656.0688129290841,252.4336025348968,707.8924395157225,-326.28718095739754,171.30873552189826,1.0,9.304701384075291E-9
728.9203724880139,-170.54355922395732,132.9964725686576,728.9203724880139,-656.1384024219063,252.15035735450584,707.9141038773498,-326.31671505735324,171.219647552693,1.0,1.830257680603682E-9
728.9203724880139,-170.54355922395732,132.9964725686576,728.9203724880139,-656.2138868495382,251.84230911357366,707.9944185898094,-326.2841538972384,171.10693599441186,1.0,2.5064552462451197E-9
728.9203724880139,-170.54355922395732,132.9964725686576,728.9203724880139,-656.2933093620771,251.51727344662228,707.9857949886424,-326.21398798845854,170.97937196271522,1.0,7.115438914290995E-9
728.9203724880139,-170.54355922395732,132.9964725686576,728.9203724880139,-656.3504294191084,251.28292517922335,707.9773223394325,-326.0974573601725,170.87143879317156,1.0,1.4152016255877177E-8
728.9203724880139,-170.54355922395732,132.9964725686576,728.9203724880139,-656.4562652940417,250.84740417145724,707.9295645672883,-325.9580678428568,170.68996030117825,1.0,2.3350743993464297E-8
728.9203724880139,-170.54355922395732,132.9964725686576,728.9203724880139,-656.5218645285078,250.5766017288059,707.9387192706143,-325.79304879893,170.55834485189234,1.0,2.6916796444394327E-8
728.9203724880139,-170.54355922395732,132.9964725686576,728.9203724880139,-656.5967682093493,250.26657973584196,707.9481973790355,-325.60401101138757,170.40792354222884,1.0,3.527856690054655E-8
728.9203724880139,-170.54355922395732,132.9964725686576,728.9203724880139,-656.6642194450101,249.98665893592423,707.976273099361,-325.389375995825,170.2617905127557,1.0,4.3375112597444365E-8
728.9203724880139,-170.54355922395732,132.9964725686576,728.9203724880139,-656.7480637501626,249.63771646817725,707.9946247056039,-325.13386801792376,170.0829366895741,1.0,6.193135876590699E-8
728.9203724880139,-170.54355922395732,132.9964725686576,728.9203724880139,-656.8481526788621,249.21971630526878,708.0204376979997,-324.85244449578965,169.87516840054468,1.0,7.626982784896557E-8
728.9203724880139,-170.54355922395732,132.9964725686576,728.9203724880139,-656.969954494007,248.70888324523708,708.0377077697945,-324.533593157148,169.62803331421588,1.0,9.929555127667393E-8
728.9203724880139,-170.54355922395732,132.9964725686576,728.9203724880139,-657.0887677617641,248.20827773159232,708.0700873028501,-324.16651122517385,169.37372447441493,1.0,1.2721721573458814E-7
728.9203724880139,-170.54355922395732,132.9964725686576,728.9203724880139,-657.2233511289228,247.63843762220796,708.0980238793511,-323.7603064690867,169.08810668919804,1.0,1.5631472667274522E-7
728.9203724880139,-170.54355922395732,132.9964725686576,728.9203724880139,-657.3711039581387,247.00937397936872,708.1317615952673,-323.29254595027845,168.76962335395928,1.0,2.0526759989532262E-7
728.9203724880139,-170.54355922395732,132.9964725686576,728.9203724880139,-657.5299942294289,246.32878093949097,708.1906831792102,-322.75815094168206,168.42011028641016,1.0,2.648221922211671E-7
728.9203724880139,-170.54355922395732,132.9964725686576,728.9203724880139,-657.6808004251363,245.67880585522153,708.2203650611156,-322.17009167326637,168.07002067680352,1.0,3.1293023475635885E-7
728.9203724880139,-170.54355922395732,132.9964725686576,728.9203724880139,-657.8704640787143,244.8557046627613,708.2415816678842,-321.5426765759726,167.656256679937,1.0,3.651634476069029E-7
728.9203724880139,-170.54355922395732,132.9964725686576,728.9203724880139,-658.061751207134,244.01904903603463,708.289928846059,-320.86302608623026,167.22874282787276,1.0,4.2289488882790027E-7
728.9203724880139,-170.54355922395732,132.9964725686576,728.9203724880139,-658.2636966391266,243.12851858492144,708.3409804948088,-320.12174740095327,166.77271152127528,1.0,4.998046385185174E-7
728.9203724880139,-170.54355922395732,132.9964725686576,728.9203724880139,-658.4865949028288,242.13672148026458,708.3660264038836,-319.3531089809051,166.28132369539068,1.0,5.417863238830063E-7
728.9203724880139,-170.54355922395732,132.9964725686576,728.9203724880139,-658.6736575654157,241.29701316360632,708.4327917333443,-318.4754759800988,165.8178589375226,1.0,6.756097951590381E-7
728.9203724880139,-170.54355922395732,132.9964725686576,728.9203724880139,-658.8848101230726,240.34088402210608,708.4458235216672,-317.6819838310397,165.33960877219283,1.0,5.678089280813026E-7
728.9203724880139,-170.54355922395732,132.9964725686576,728.9203724880139,-659.1270995326767,239.232644089463,708.5467370794936,-316.82558758333795,164.80360762969343,1.0,6.664312088425662E-7
728.9203724880139,-170.54355922395732,132.9964725686576,728.9203724880139,-659.301866875195,238.42567488897348,708.5939395660283,-316.0008214295623,164.37280497255986,1.0,5.932647645559075E-7
728.9203724880139,-170.54355922395732,132.9964725686576,728.9203724880139,-659.5300150758052,237.36239609472452,708.6473299279315,-315.0615231495525,163.84139800718816,1.0,7.81778022957237E-7
728.9203724880139,-170.54355922395732,132.9964725686576,728.9203724880139,-659.7444018189458,236.35282507953752,708.7400433271685,-314.24257755977237,163.35661323358303,1.0,5.990693068435461E-7
728.9203724880139,-170.54355922395732,132.9964725686576,728.9203724880139,-659.9307476357259,235.46685764856272,708.7638547804294,-313.35571507520814,162.89921001395436,1.0,6.821260191679864E-7
728.9203724880139,-170.54355922395732,132.9964725686576,728.9203724880139,-660.1296817226475,234.5121297684089,708.8412957994789,-312.4868797821063,162.4284127511819,1.0,6.603182521691733E-7
728.9203724880139,-170.54355922395732,132.9964725686576,728.9203724880139,-660.3178228240738,233.60050188639235,708.9042802456412,-311.64819504453476,161.98063113716896,1.0,6.127100261288406E-7
728.9203724880139,-170.54355922395732,132.9964725686576,728.9203724880139,-660.532584163865,232.54924971946596,708.9326817747933,-310.79668966998196,161.4921896751963,1.0,6.400235172712844E-7
728.9203724880139,-170.54355922395732,132.9964725686576,728.9203724880139,-660.7074459686787,231.6846893491222,708.9741541868955,-309.91503198146296,161.05713245906813,1.0,6.657536848553211E-7
728.9203724880139,-170.54355922395732,132.9964725686576,728.9203724880139,-660.9013803734224,230.71651778738033,709.0459322242151,-309.04393130436546,160.59726129632847,1.0,6.573241674165312E-7
728.9203724880139,-170.54355922395732,132.9964725686576,728.9203724880139,-661.0829866044937,229.8007606202492,709.1245244734175,-308.1485352953321,160.1517856738204,1.0,6.862807484732905E-7
728.9203724880139,-170.54355922395732,132.9964725686576,728.9203724880139,-661.2542001343678,228.92908901006507,709.1615869055867,-307.2533889046843,159.72287823656674,1.0,6.807581834055063E-7
728.9203724880139,-170.54355922395732,132.9964725686576,728.9203724880139,-661.4404598962819,227.97137930883702,709.2229416047098,-306.34718929632385,159.27070058565266,1.0,7.01891697783743E-7
728.9203724880139,-170.54355922395732,132.9964725686576,728.9203724880139,-661.6166125753863,227.05632730012422,709.2937835881943,-305.45786839328747,158.83788299640906,1.0,6.723340045372372E-7
728.9203724880139,-170.54355922395732,132.9964725686576,728.9203724880139,-661.7674220831358,226.26552723153628,709.3150900591877,-304.5294124614257,158.43647012276742,1.0,7.185336190268502E-7
728.9203724880139,-170.54355922395732,132.9964725686576,728.9203724880139,-661.9376868652593,225.36427713087457,709.396787701469,-303.60768904895434,158.00865901238453,1.0,7.153753217803363E-7
728.9203724880139,-170.54355922395732,132.9964725686576,728.9203724880139,-662.1095362803148,224.44531182115207,709.50786384905,-302.7213898440928,157.5862728178689,1.0,6.635202453073475E-7
728.9203724880139,-170.54355922395732,132.9964725686576,728.9203724880139,-662.2828100810362,223.50895329103562,709.5049924173491,-301.7942745362203,157.15526774067922,1.0,7.225748974666813E-7
728.9203724880139,-170.54355922395732,132.9964725686576,728.9203724880139,-662.4302075029669,222.704472461877,709.5769854064374,-300.8538087666491,156.76185000462007,1.0,7.313541596507784E-7
728.9203724880139,-170.54355922395732,132.9964725686576,728.9203724880139,-662.5810025327996,221.8736596421567,709.6819869244257,-299.92116321143544,156.36607110040725,1.0,7.201313654461032E-7
728.9203724880139,-170.54355922395732,132.9964725686576,728.9203724880139,-662.7341348368891,221.0216807638721,709.7058358007082,-299.03500339534787,155.9763642709831,1.0,6.528387302011875E-7
728.9203724880139,-170.54355922395732,132.9964725686576,728.9203724880139,-662.8962311075841,220.1104581797739,709.8019188985953,-298.00568105482125,155.5488706386344,1.0,8.734751593857982E-7
728.9203724880139,-170.54355922395732,132.9964725686576,728.9203724880139,-663.0452020865424,219.26426364768508,709.8513509935856,-297.0355003072261,155.15311002295485,1.0,7.73338642107061E-7
728.9203724880139,-170.54355922395732,132.9964725686576,728.9203724880139,-663.2057783848271,218.3424614110578,709.929037241604,-296.11549888902493,154.7498381501047,1.0,7.015411197845946E-7
728.9203724880139,-170.54355922395732,132.9964725686576,728.9203724880139,-663.362113835032,217.4350433230893,709.9760511607603,-295.16444925143634,154.34877300785269,1.0,7.451450930751033E-7
728.9203724880139,-170.54355922395732,132.9964725686576,728.9203724880139,-663.4990204136116,216.6320707508624,710.015292589942,-294.2128428823113,153.97839756969108,0.9991422747423094,7.378014466482153E-7
728.9203724880139,-170.54355922395732,132.9964725686576,728.9203724880139,-663.627160504415,215.87326152850238,710.1452509532164,-293.2241827598701,153.6164569279934,0.9774197781290992,7.901728390851745E-7
728.9203724880139,-170.54355922395732,132.9964725686576,728.9203724880139,-663.5963625394083,216.05628922373546,710.1223342152894,-293.0456397016187,153.6332081797728,0.9737712949260799,2.351621845116026E-8
728.9203724880139,-170.54355922395732,132.9964725686576,728.9203724880139,-663.689216665242,215.5032028808145,709.9337553469331,-292.9493700068443,153.47582398646261,0.9710488999845944,1.073794055140442E-8
728.9203724880139,-170.54355922395732,132.9964725686576,728.9203724880139,-663.7111399248051,215.37205964196906,709.8953066885613,-292.92030732772605,153.43750897020826,0.9702794859347802,8.988620011851061E-10
728.9203724880139,-170.54355922395732,132.9964725686576,728.9203724880139,-663.7276276005231,215.2732900784448,709.8796308313439,-292.88490060495405,153.40641048867403,0.9694291094404152,1.1780845018469143E-9
728.9203724880139,-170.54355922395732,132.9964725686576,728.9203724880139,-663.7304228521261,215.256533014843,709.8713731801085,-292.8849682506534,153.4021492883745,0.9694071961090452,4.3299319229710257E-13
728.9203724880139,-170.54355922395732,132.9964725686576,728.9203724880139,-663.7340527171449,215.2347673463708,709.8638574892584,-292.8808317251792,153.39591013080087,0.9692929749982058,1.9157012050178135E-11
728.9203724880139,-170.54355922395732,132.9964725686576,728.9203724880139,-663.9485382667065,213.9379740115162,708.9494250920823,-293.10501802049964,153.10228607963086,0.9719138182746243,5.277049456461806E-8
728.9203724880139,-170.54355922395732,132.9964725686576,728.9203724880139,-664.8547234411113,208.2059994271736,703.527073576798,-296.41426687989724,152.1477219302663,1.0,8.535360994967834E-6
728.9203724880139,-170.54355922395732,132.9964725686576,728.9203724880139,-665.272525704644,205.4067599935235,701.07890176425,-299.08461387656956,151.81019754518857,1.0,5.3541116617439575E-6
728.9203724880139,-170.54355922395732,132.9964725686576,728.9203724880139,-664.9772606316402,207.39616955929267,706.1193482923285,-296.72112073178073,151.98298646621816,1.0,4.051516312050834E-6
728.9203724880139,-170.54355922395732,132.9964725686576,728.9203724880139,-664.8585726304697,208.18069645185977,708.2564047000117,-295.50004535665823,152.00207865841887,1.0,1.0727703397969295E-6
728.9203724880139,-170.54355922395732,132.9964725686576,728.9203724880139,-665.061451137019,206.8345019157452,709.6435194063696,-294.5128467240282,151.50671868565152,0.9967611095185268,8.095060628905436E-7
728.9203724880139,-170.54355922395732,132.9964725686576,728.9203724880139,-665.069317248156,206.78180072128987,711.7865999750851,-292.3788306824313,151.17480876098318,0.9537737918663092,3.4416001100814257E-6
728.9203724880139,-170.54355922395732,132.9964725686576,728.9203724880139,-665.032505120072,207.02810355534683,713.3848660614839,-291.02217954056937,151.0337387908608,0.9274399974186776,1.3663528497930891E-6
728.9203724880139,-170.54355922395732,132.9964725686576,728.9203724880139,-664.7398649639633,208.9570636204033,715.9744013948558,-289.30713376511073,151.25106333103807,0.8962822663174951,2.192186959981111E-6
728.9203724880139,-170.54355922395732,132.9964725686576,728.9203724880139,-664.6184380795902,209.7428997414694,717.3487110920573,-288.2277541399212,151.2767816493953,0.8764312390780763,8.425864731814563E-7
728.9203724880139,-170.54355922395732,132.9964725686576,728.9203724880139,-664.5589521208985,210.1248822558848,717.9490551830859,-287.8309641708208,151.30802955647917,0.869309823920891,1.1568586724668493E-7
728.9203724880139,-170.54355922395732,132.9964725686576,728.9203724880139,-664.8447612155301,208.27144656192013,722.5742075210757,-283.86612987656287,150.2538725595036,0.7953537723421832,1.2288599630916497E-5
728.9203724880139,-170.54355922395732,132.9964725686576,728.9203724880139,-665.3832485722112,204.64618886763247,725.3342168287612,-282.435693612962,149.19775928358962,0.7680651217766163,1.7960702376985673E-6
728.9203724880139,-170.54355922395732,132.9964725686576,728.9203724880139,-665.3201309416306,205.08075712018893,726.4254978244313,-281.98333545573337,149.23219794337098,0.760469809611718,1.4997630477603458E-7
728.9203724880139,-170.54355922395732,132.9964725686576,728.9203724880139,-665.3173811122094,205.09962904666574,727.2513542933451,-281.2845714604647,149.13470822419177,0.7483192895740362,3.6602244227746984E-7
728.9203724880139,-170.54355922395732,132.9964725686576,728.9203724880139,-666.1095918445767,199.43672627572295,733.8529480128644,-276.261665302409,147.1700384043531,0.661348886949605,2.0236502443300054E-5
728.9203724880139,-170.54355922395732,132.9964725686576,728.9203724880139,-666.1018806139263,199.494217651903,735.692302353171,-275.65561770742573,147.10119963812488,0.6513582861902393,2.7084710299313596E-7
728.9203724880139,-170.54355922395732,132.9964725686576,728.9203724880139,-666.0991283011713,199.514725376128,736.6537924456173,-274.57025257848557,146.95993967319848,0.634178503229483,8.824950947726971E-7
728.9203724880139,-170.54355922395732,132.9964725686576,728.9203724880139,-666.8347584606886,193.78335898478448,744.998516519785,-268.2706291051107,144.966308636238,0.5367065221544793,3.110600713997159E-5
728.9203724880139,-170.54355922395732,132.9964725686576,728.9203724880139,-666.8407886287522,193.73410575537685,746.3503313812109,-267.3830420453287,144.84784033198372,0.5238735215954234,5.887370142172946E-7
728.9203724880139,-170.54355922395732,132.9964725686576,728.9203724880139,-666.7881053550461,194.16305196582297,745.5236362448653,-267.93372201522203,145.00068132282522,0.5319408301863898,2.346889416627231E-7
728.9203724880139,-170.54355922395732,132.9964725686576,728.9203724880139,-666.52514351636,196.25995368373916,752.5195828918473,-262.24747828787906,144.69349789300742,0.4547441527718805,2.381867141258109E-5
728.9203724880139,-170.54355922395732,132.9964725686576,728.9203724880139,-667.6397895171733,186.80481605062977,757.4547528067133,-258.0016058809189,142.46339733693492,0.39917572963850656,1.4700695768654857E-5
728.9203724880139,-170.54355922395732,132.9964725686576,728.9203724880139,-667.5468733844846,187.65638213181202,759.3533031189312,-257.3235209645556,142.54044285112343,0.39035940343808173,3.394796655492334E-7
728.9203724880139,-170.54355922395732,132.9964725686576,728.9203724880139,-667.4663613297969,188.38355361903,760.3736566484439,-256.5852820276573,142.58669433841084,0.3816380581820564,4.0108547851689964E-7
728.9203724880139,-170.54355922395732,132.9964725686576,728.9203724880139,-667.5578176431275,187.55677799341095,768.7395664073068,-248.4717165428176,141.5511246585769,0.2938512910660383,4.989074262951015E-5
728.9203724880139,-170.54355922395732,132.9964725686576,728.9203724880139,-668.6556307925745,176.405736068754,774.4311658266957,-244.99862314717763,139.48505149143193,0.2572565110061603,9.679783508490496E-6
728.9203724880139,-170.54355922395732,132.9964725686576,728.9203724880139,-668.1576868782489,181.78356060287467,779.8907755412436,-241.95107654267795,139.99740891697925,0.22855839818180282,6.9321602114654E-6
728.9203724880139,-170.54355922395732,132.9964725686576,728.9203724880139,-667.47904175736,188.269668597964,785.4937586512168,-238.28690376478255,140.53143695356482,0.19721480096103966,1.0037479255484411E-5
728.9203724880139,-170.54355922395732,132.9964725686576,728.9203724880139,-666.8519539451095,193.6428024601932,789.0665322606465,-235.86622888934917,140.9785663959219,0.17810137179625668,4.4323214103208885E-6
728.9203724880139,-170.54355922395732,132.9964725686576,728.9203724880139,-666.6426789926525,195.33156192229376,790.4746748461565,-234.9260647986434,141.0861648859514,0.17090522583445728,6.575495847161514E-7
728.9203724880139,-170.54355922395732,132.9964725686576,728.9203724880139,-666.5006668753468,196.45155408360014,791.6220301508577,-233.50528844612973,141.05209189234105,0.16105802654226567,1.47366649635328E-6
728.9203724880139,-170.54355922395732,132.9964725686576,728.9203724880139,-663.959215871972,213.87285833489005,807.9113629897981,-222.18584000448524,141.46122427643232,0.08983159557600215,9.230625056341871E-5
728.9203724880139,-170.54355922395732,132.9964725686576,728.9203724880139,-650.483298086965,273.20291700010296,833.1288427858489,-199.46228641871224,141.4445996753335,0.013601883093078538,3.5689972050030816E-4
728.9203724880139,-170.54355922395732,132.9964725686576,728.9203724880139,-610.813701897812,369.9821292442116,847.2298741036028,-189.98330782290498,143.46036993710132,0.002173407580216416,6.300284910333965E-5
728.9203724880139,-170.54355922395732,132.9964725686576,728.9203724880139,-607.5729871383243,375.90649528662016,848.5581527219435,-189.503116779963,143.53458799633142,0.0017914264855394572,1.5169251159604785E-7
728.9203724880139,-170.54355922395732,132.9964725686576,728.9203724880139,-642.8280713812502,297.15292104494466,836.9536978535165,-200.4735613470565,143.39952988885904,0.014644500773731658,8.05634513565797E-5
728.9203724880139,-170.54355922395732,132.9964725686576,728.9203724880139,-662.8145289750481,220.57096851536906,812.7685558705366,-223.84957811804003,142.47955815043707,0.09384886399139827,4.098003680136454E-4
728.9203724880139,-170.54355922395732,132.9964725686576,728.9203724880139,-669.1910402706827,169.74820240217252,780.2028196681392,-251.67712346147198,138.97624574835578,0.30957353525323317,5.931270893767908E-4
728.9203724880139,-170.54355922395732,132.9964725686576,728.9203724880139,-670.5192745284028,128.06858196433828,744.7054836117005,-277.55463228160784,131.94174361815683,0.662394920345719,4.905537288104221E-4
728.9203724880139,-170.54355922395732,132.9964725686576,728.9203724880139,-668.9667816563534,93.31913218266189,720.3413010315471,-292.0950377715412,123.32027938243886,0.9342405435328104,1.640638795260478E-4
728.9203724880139,-170.54355922395732,132.9964725686576,728.9203724880139,-666.5396953968906,69.84718198261027,722.3894969456467,-287.3286067431436,118.12762105138867,0.8525434609039247,2.1558672622989268E-5
728.9203724880139,-170.54355922395732,132.9964725686576,728.9203724880139,-666.0299295032308,65.96471242862667,753.409379046894,-263.10358089006155,120.47451123320994,0.4657860477584214,4.391855727121076E-4
728.9203724880139,-170.54355922395732,132.9964725686576,728.9203724880139,-669.1322375577552,95.45543052988809,799.5467533530871,-228.65101520517723,128.62129410482473,0.12472563060128815,8.965182010402587E-4
728.9203724880139,-170.54355922395732,132.9964725686576,728.9203724880139,-664.1516207980833,212.69014577446399,838.6881710733704,-195.30917595149285,136.99491408505102,0.005981357845610942,8.934674265785587E-4
728.9203724880139,-170.54355922395732,132.9964725686576,728.9203724880139,-533.8207348197016,476.55097143481817,857.4378057037186,-176.9111728575346,139.01838216776594,0.002106913090085398,1.5845674060109105E-4
728.9203724880139,-170.54355922395732,132.9964725686576,728.9203724880139,-489.51625953241023,518.0372710016728,860.0878449257244,-174.80399152613774,138.13935863293526,0.0037802475423553464,3.0012301133936688E-6
728.9203724880139,-170.54355922395732,132.9964725686576,728.9203724880139,-664.3418507831972,211.50282424274786,848.0118411594581,-186.20569314554066,135.4865115473911,7.368583159268761E-5,1.0227829920911475E-4
728.9203724880139,-170.54355922395732,132.9964725686576,728.9203724880139,-670.504926175612,139.2119014221598,828.4595877087023,-208.0600729778409,133.46287104958512,0.029162442756272708,3.699171929339886E-4
728.9203724880139,-170.54355922395732,132.9964725686576,728.9203724880139,-670.4311203508348,122.39334894293582,792.3280902918142,-242.2517210611319,131.47546951905412,0.21589986404110378,9.067742492845827E-4
728.9203724880139,-170.54355922395732,132.9964725686576,728.9203724880139,-669.8854907713918,107.35206970024858,754.8620963069224,-273.01563275897644,127.73387599810775,0.5876526557256733,7.177219637020387E-4
728.9203724880139,-170.54355922395732,132.9964725686576,728.9203724880139,-668.6685836813685,89.7360979828599,736.0754454689048,-284.6237647683974,123.08901523893812,0.7929501770382088,1.0345835528747783E-4
728.9203724880139,-170.54355922395732,132.9964725686576,728.9203724880139,-667.5604011615819,78.45970670974161,744.3104960581561,-274.8832945159074,121.54746071784291,0.6308538569051452,7.312091812170969E-5
728.9203724880139,-170.54355922395732,132.9964725686576,728.9203724880139,-668.1507556135981,84.13873928884263,770.8522980179057,-252.3061258537217,124.96858691576978,0.32708490824483727,3.914624425800912E-4
728.9203724880139,-170.54355922395732,132.9964725686576,728.9203724880139,-670.3041983330703,117.5270318143525,808.139271613699,-222.13071865958892,131.39965912613644,0.08661071858462474,6.886846737441517E-4
728.9203724880139,-170.54355922395732,132.9964725686576,728.9203724880139,-658.0513325702075,244.0647890544186,841.6995844234575,-193.0519575466717,138.12453420208558,0.003696403337768079,6.785820132522149E-4
728.9203724880139,-170.54355922395732,132.9964725686576,728.9203724880139,-218.62099526960728,630.6796651151575,865.116956503008,-171.46122560901583,142.49587964550082,0.002823430476465772,2.2082250886689627E-5
728.9203724880139,-170.54355922395732,132.9964725686576,728.9203724880139,66.21905778187391,573.3865986938354,872.5615230605941,-164.82640731337673,143.63065664221585,0.0025912351823568734,1.2290990010905275E-5
728.9203724880139,-170.54355922395732,132.9964725686576,728.9203724880139,64.86536682258568,574.1116928202526,872.7323130101521,-165.3411690133035,142.74484338087387,0.0032338457837731986,7.732748089467696E-7
728.9203724880139,-170.54355922395732,132.9964725686576,728.9203724880139,-357.94012898220006,596.5507041779097,864.8299366826845,-173.5301413696021,140.38424275809234,0.0037768870959787792,1.988688684090128E-5
728.9203724880139,-170.54355922395732,132.9964725686576,728.9203724880139,-657.7948107678044,245.18478688416332,849.0051243551587,-190.1090440306383,137.50137379214814,0.001025888192246625,2.1506275442958802E-4
728.9203724880139,-170.54355922395732,132.9964725686576,728.9203724880139,-670.0577294862608,155.03266341831346,828.6737708931734,-210.09551277745874,134.74131675700966,0.033889528979392396,3.0751432451526546E-4
728.9203724880139,-170.54355922395732,132.9964725686576,728.9203724880139,-670.5171573135219,127.85826146220516,803.4297099219112,-232.0021912359415,132.3648643661485,0.13848020217612134,3.621881301616768E-4
728.9203724880139,-170.54355922395732,132.9964725686576,728.9203724880139,-669.92203441486,108.07382190687987,775.7730988896751,-255.05635801437973,128.7786637015501,0.34619004761344996,4.039029413406408E-4
728.9203724880139,-170.54355922395732,132.9964725686576,728.9203724880139,-669.4801174161145,100.4033613430604,761.6820315304361,-265.5576215545151,126.78966360529634,0.4810910549422462,8.294201084477254E-5
728.9203724880139,-170.54355922395732,132.9964725686576,728.9203724880139,-669.5647666422217,101.72612644301299,761.1767346569222,-264.7509753566174,127.09311923160843,0.4713023146364718,5.001542704629348E-7
728.9203724880139,-170.54355922395732,132.9964725686576,728.9203724880139,-669.5619363432651,101.68099241566813,759.2049491512585,-265.9913549000721,127.0067261220506,0.48883148435454904,1.1342938566566958E-6
728.9203724880139,-170.54355922395732,132.9964725686576,728.9203724880139,-668.7155537783607,90.28038845871788,755.8647804657855,-269.12679335528196,124.54338855948882,0.5354182500590029,8.198649820750683E-6
728.9203724880139,-170.54355922395732,132.9964725686576,728.9203724880139,-668.2675309703706,85.34305769652406,754.9004487912057,-270.0958491831358,123.4650719446332,0.5508390921660752,8.376872272467593E-7
728.9203724880139,-170.54355922395732,132.9964725686576,728.9203724880139,-668.013033384553,82.75582887870843,754.546344892019,-270.4114983586412,122.91056819315529,0.5562686646681806,1.003871810073076E-7
728.9203724880139,-170.54355922395732,132.9964725686576,728.9203724880139,-667.1533381129449,74.86964991481818,751.0988023715157,-272.72981712546976,121.03584927205415,0.5949892847888025,4.660683265294213E-6
728.9203724880139,-170.54355922395732,132.9964725686576,728.9203724880139,-666.4556010394873,69.19015013622118,749.693239640817,-274.23593549056744,119.65493488461411,0.6207820540248025,2.0544573187905193E-6
728.9203724880139,-170.54355922395732,132.9964725686576,728.9203724880139,-666.1761536490958,67.05459404365547,748.5848956407632,-275.2445971311461,119.06643003155341,0.638007984098651,8.543332833902908E-7
728.9203724880139,-170.54355922395732,132.9964725686576,728.9203724880139,-666.0522373215208,66.1298147337902,747.7770891393278,-275.8845286488795,118.7811845830401,0.648998339595971,3.323105493195754E-7
728.9203724880139,-170.54355922395732,132.9964725686576,728.9203724880139,-666.0364043276123,66.01259054405944,747.4680745434642,-276.22676118082086,118.70954350032883,0.6546630908740964,8.943119123450964E-8
728.9203724880139,-170.54355922395732,132.9964725686576,728.9203724880139,-665.2422480297372,60.37961988388341,744.1380019066777,-277.9662591561951,117.22788746322468,0.6876520757167884,2.7396688057417065E-6
728.9203724880139,-170.54355922395732,132.9964725686576,728.9203724880139,-664.4635605250002,55.259529518535885,742.7443769993473,-279.74518431677876,115.80947773455412,0.7210057158205653,2.887363671592877E-6
728.9203724880139,-170.54355922395732,132.9964725686576,728.9203724880139,-664.1444323333097,53.258288079136506,742.1996162411339,-280.33495783908467,115.26034754321404,0.7326034308389264,3.2999873380921475E-7
728.9203724880139,-170.54355922395732,132.9964725686576,728.9203724880139,-664.0171414068792,52.47427881094211,742.0386128663682,-280.4788265441972,115.05786508169138,0.7356592455810432,2.239809972420802E-8
728.9203724880139,-170.54355922395732,132.9964725686576,728.9203724880139,-663.0214237723251,46.59304132961775,739.2967065983811,-282.12551339618363,113.41982882715848,0.76990553771598,2.6602710070481967E-6
728.9203724880139,-170.54355922395732,132.9964725686576,728.9203724880139,-662.3705847964404,42.96216290548506,738.274108753827,-283.2106572214543,112.37152952460625,0.7926386840496228,1.16192089302999E-6
728.9203724880139,-170.54355922395732,132.9964725686576,728.9203724880139,-662.1342005297556,41.68031090735049,737.5340517240517,-283.8301250064324,111.95275552887028,0.8053278143869558,3.4557520599993915E-7
728.9203724880139,-170.54355922395732,132.9964725686576,728.9203724880139,-662.071130579068,41.34143125751913,737.1964017946028,-284.1643721616441,111.80962383319746,0.811929030241277,9.256489923002245E-8
728.9203724880139,-170.54355922395732,132.9964725686576,728.9203724880139,-662.0639609258872,41.30299018973666,737.1621338421422,-284.2851093134734,111.77790507324605,0.8142207630557818,1.1394545340885674E-8
728.9203724880139,-170.54355922395732,132.9964725686576,728.9203724880139,-661.1507018953127,36.53595442860002,734.5555890067062,-285.6147722328891,110.37179415609324,0.8442507521762753,1.8174202820595511E-6
728.9203724880139,-170.54355922395732,132.9964725686576,728.9203724880139,-660.4280827188275,32.9307259807065,733.8804225057794,-286.5145861659877,109.30777280991296,0.8651458474881987,8.821200257072616E-7
728.9203724880139,-170.54355922395732,132.9964725686576,728.9203724880139,-660.0888191823179,31.283944076337036,733.6082621681212,-286.6818226546884,108.8664944145404,0.8700649221831523,4.717676559285467E-8
728.9203724880139,-170.54355922395732,132.9964725686576,728.9203724880139,-658.8748295934141,25.606666817122232,731.9752226078386,-286.97929574132536,107.3908808610511,0.8819743207379623,2.676919103957342E-7
728.9203724880139,-170.54355922395732,132.9964725686576,728.9203724880139,-657.990697263669,21.66234654750312,731.7095816120353,-287.3280123309569,106.32261605200074,0.893217620294576,2.4502166805574554E-7
728.9203724880139,-170.54355922395732,132.9964725686576,728.9203724880139,-657.6892520772054,20.350682880232554,732.4089129539169,-286.9228464501082,106.08535151125545,0.8864216817499884,1.4751884801913494E-7
728.9203724880139,-170.54355922395732,132.9964725686576,728.9203724880139,-656.8163605169782,16.640283551320834,732.5475014230248,-285.90667804980296,105.39218784609722,0.870311177701176,9.750402560917717E-7
728.9203724880139,-170.54355922395732,132.9964725686576,728.9203724880139,-654.877557948629,8.816853953646117,735.4773189533631,-283.52036451306435,104.0300637885897,0.8319413603102485,5.177711370291437E-6
728.9203724880139,-170.54355922395732,132.9964725686576,728.9203724880139,-654.4847014550243,7.294559870042704,736.3970507780413,-282.95305729466804,103.7985233142565,0.8225219487041158,2.7085745960688833E-7
728.9203724880139,-170.54355922395732,132.9964725686576,728.9203724880139,-654.567056055939,7.6120456467281485,736.51922659646,-283.0012676653433,103.86473533241497,0.8230321769970474,2.9405073662684285E-9
728.9203724880139,-170.54355922395732,132.9964725686576,728.9203724880139,-652.2208498957675,-1.1191031526747395,738.7904339298293,-279.7519860249695,102.58907882665508,0.7714828620496724,8.955143449071743E-6
728.9203724880139,-170.54355922395732,132.9964725686576,728.9203724880139,-651.1391953058907,-4.9449446308255744,740.2222606653593,-279.1298348564208,101.82984593994195,0.7639150377359653,4.777557917825425E-7
728.9203724880139,-170.54355922395732,132.9964725686576,728.9203724880139,-648.5885665198045,-13.540113305019105,742.3678074022794,-275.8238171128722,100.72459583008461,0.7140353630274892,9.023253616534425E-6
728.9203724880139,-170.54355922395732,132.9964725686576,728.9203724880139,-647.0557697927462,-18.450261231864403,743.7286378237995,-275.2059179058821,99.73232524425654,0.708334938221335,5.80082593898614E-7
728.9203724880139,-170.54355922395732,132.9964725686576,728.9203724880139,-645.0695816633472,-24.563211449341196,745.5962296551613,-272.935787681822,98.99857487953662,0.6756710224957774,4.20926066965884E-6
728.9203724880139,-170.54355922395732,132.9964725686576,728.9203724880139,-642.0454633084308,-33.39449607061664,747.7336155405808,-271.0612501695341,97.52421717173928,0.653662237996335,3.763674347259228E-6
728.9203724880139,-170.54355922395732,132.9964725686576,728.9203724880139,-641.6730379627322,-34.44609747650833,748.9930007563926,-270.37441618000594,97.51591783181311,0.6426896519853176,3.096054237955326E-7
728.9203724880139,-170.54355922395732,132.9964725686576,728.9203724880139,-641.3439636827767,-35.36913900749565,749.1595281743289,-270.3289717342845,97.3116434041799,0.6429561925924415,9.140762990510138E-9
728.9203724880139,-170.54355922395732,132.9964725686576,728.9203724880139,-637.7252989554645,-45.16419105112749,751.4985105184302,-267.29389094688304,96.10054569639354,0.6043939473107837,7.920134807549876E-6
728.9203724880139,-170.54355922395732,132.9964725686576,728.9203724880139,-634.701304973403,-52.90023816284747,753.4665314204557,-265.7651783258276,94.85989950989145,0.5884657913706437,2.6056293696577446E-6
728.9203724880139,-170.54355922395732,132.9964725686576,728.9203724880139,-634.3743978780185,-53.714408510807914,754.0850796592434,-265.65380065631086,94.71071082619625,0.5872143421625753,1.850128829337875E-8
728.9203724880139,-170.54355922395732,132.9964725686576,728.9203724880139,-631.2308853517031,-61.341345534942405,756.3644893543075,-263.1029692511198,93.95091440054048,0.5557295844116958,5.176118570556051E-6
728.9203724880139,-170.54355922395732,132.9964725686576,728.9203724880139,-625.6171753732142,-74.14599986236956,761.356954925821,-259.22998017521513,92.62778527284854,0.5099847036315107,1.2235345165306761E-5
728.9203724880139,-170.54355922395732,132.9964725686576,728.9203724880139,-624.849814284688,-75.8236093504295,764.6016425895607,-257.49878885171694,93.02784353947007,0.4840840020304449,2.21253808896824E-6
728.9203724880139,-170.54355922395732,132.9964725686576,728.9203724880139,-629.1311809136188,-66.24557428144863,760.763209159069,-261.615887697419,93.42838071829095,0.535315214851578,1.1464152397765083E-5
728.9203724880139,-170.54355922395732,132.9964725686576,728.9203724880139,-631.4975202942887,-60.70805957649222,755.8488608714621,-264.8514817803354,93.36589433488695,0.5822261799833791,6.609056237396274E-6
728.9203724880139,-170.54355922395732,132.9964725686576,728.9203724880139,-631.3439535683198,-61.07309375249446,755.7711347236809,-264.79086011330145,93.30350998654362,0.5818463357603355,4.7124396226578275E-9
728.9203724880139,-170.54355922395732,132.9964725686576,728.9203724880139,-631.2557275886318,-61.28244528070613,755.8520394771099,-264.7147280960027,93.28518635277243,0.5808626196251435,4.387160553459743E-9
728.9203724880139,-170.54355922395732,132.9964725686576,728.9203724880139,-631.0009498857198,-61.885520917043976,755.9109985933376,-264.5450788480048,93.21167617589782,0.5789754036769739,2.5131043477788792E-8
728.9203724880139,-170.54355922395732,132.9964725686576,728.9203724880139,-629.8607599897041,-64.55784674812841,755.3821746808024,-264.26165657492584,92.6879126040651,0.5786944524629924,1.6045175613844465E-7
728.9203724880139,-170.54355922395732,132.9964725686576,728.9203724880139,-623.7768505375415,-78.14230559645304,754.3844808378819,-265.1391914241514,88.9290869963865,0.613814666871463,4.174790530286113E-6
728.9203724880139,-170.54355922395732,132.9964725686576,728.9203724880139,-621.6343964518176,-82.68165930629198,754.7887255042249,-264.7075300619133,87.97425610098236,0.6136796616636516,4.725264301737961E-7
728.9203724880139,-170.54355922395732,132.9964725686576,728.9203724880139,-618.8971843455859,-88.315585033937,754.7345912825525,-264.2440785204167,86.74491227781456,0.6155301653223314,6.781531296465977E-7
728.9203724880139,-170.54355922395732,132.9964725686576,728.9203724880139,-612.2280342792154,-101.342650275056,754.4808117372173,-263.95543878690285,83.43607559698532,0.6346890891626161,2.3920058584467476E-6
728.9203724880139,-170.54355922395732,132.9964725686576,728.9203724880139,-609.8050429216744,-105.8535827792117,755.0041383676964,-263.87304205274154,82.24822131842174,0.6416713252397647,3.0032729980000794E-7
728.9203724880139,-170.54355922395732,132.9964725686576,728.9203724880139,-606.1246304522634,-112.50124715110127,754.4127261746611,-263.67353252499004,80.50751564843824,0.6526294694944246,7.767558791474856E-7
728.9203724880139,-170.54355922395732,132.9964725686576,728.9203724880139,-597.5029027048619,-127.2067538032592,756.5508914249828,-262.13767204011697,77.17597341496244,0.6559950259279901,6.8569115630346335E-6
728.9203724880139,-170.54355922395732,132.9964725686576,728.9203724880139,-595.122040331572,-131.07380856943436,757.2402995651804,-261.3219844810785,76.53604099806819,0.6496347761170481,7.828590939040021E-7
728.9203724880139,-170.54355922395732,132.9964725686576,728.9203724880139,-596.8679522105684,-128.24577505717647,757.0017100670997,-261.8451401472545,77.04886411702671,0.6526346651676245,3.755382995577105E-7
728.9203724880139,-170.54355922395732,132.9964725686576,728.9203724880139,-597.2410741531141,-127.63589447980021,756.7239922713976,-262.0500726565268,77.10310932692005,0.6552284351502105,3.032559394231379E-8
728.9203724880139,-170.54355922395732,132.9964725686576,728.9203724880139,-588.3542608299184,-141.65643133649783,757.9534530670461,-260.1425178241707,74.09751648199688,0.6538071534621686,7.81979515137656E-6
728.9203724880139,-170.54355922395732,132.9964725686576,728.9203724880139,-583.2945360058609,-149.20315741973283,759.1758277482822,-259.46695289899674,72.19916328532238,0.6601245087989448,1.955616385346406E-6
728.9203724880139,-170.54355922395732,132.9964725686576,728.9203724880139,-582.4007067212116,-150.50606720025687,760.307565888384,-259.56494825372596,71.71845411721321,0.6642745528091217,9.110126966386322E-8
728.9203724880139,-170.54355922395732,132.9964725686576,728.9203724880139,-581.7883674812607,-151.3935899887633,760.985538989006,-259.4426512371386,71.51966403200527,0.6636023654642018,3.341943530789489E-8
728.9203724880139,-170.54355922395732,132.9964725686576,728.9203724880139,-581.9099518295848,-151.2176914602184,761.5107376593406,-259.50418401981415,71.53333395956776,0.6635948123029218,2.482237877459911E-9
728.9203724880139,-170.54355922395732,132.9964725686576,728.9203724880139,-585.1289801347566,-146.50116385822773,759.9206328476093,-260.98710829395844,72.02289047889275,0.6807332154130872,1.6642296321407288E-6
728.9203724880139,-170.54355922395732,132.9964725686576,728.9203724880139,-588.2335833996241,-141.8399218628858,758.2411046745672,-261.9307613454017,72.86449029828074,0.6879578160681621,1.150117549511899E-6
728.9203724880139,-170.54355922395732,132.9964725686576,728.9203724880139,-593.6181270751102,-133.47662182843206,757.3230916882292,-262.12734869912697,75.31251415439016,0.6704540554779537,1.5888867409022107E-6
728.9203724880139,-170.54355922395732,132.9964725686576,728.9203724880139,-594.6780388765271,-131.78635008010073,756.9195705940713,-262.01761478470814,75.89015418976652,0.6645839046060107,1.169350568610478E-7
728.9203724880139,-170.54355922395732,132.9964725686576,728.9203724880139,-594.2679117864641,-132.44217014465286,756.5156427098765,-261.9659043315801,75.72569487490813,0.6657207407033027,1.2605819670399533E-8
728.9203724880139,-170.54355922395732,132.9964725686576,728.9203724880139,-594.2813125352005,-132.4207770944718,756.5358308638268,-262.0508723138801,75.67890014420931,0.6672298861247623,6.893772148260434E-9
728.9203724880139,-170.54355922395732,132.9964725686576,728.9203724880139,-594.2185245736174,-132.520991519798,756.4921415894358,-262.043967163891,75.65308845055259,0.6674028651626658,2.80988989267898E-10
728.9203724880139,-170.54355922395732,132.9964725686576,728.9203724880139,-594.1973910027012,-132.55471048121663,756.478369989133,-262.04230092630985,75.64398975357435,0.6674723405380417,2.864387745126958E-11
728.9203724880139,-170.54355922395732,132.9964725686576,728.9203724880139,-594.189497319164,-132.5673034540376,756.4729999482852,-262.0421695252537,75.64028366786692,0.667507716992822,3.1776922882669783E-12
728.9203724880139,-170.54355922395732,132.9964725686576,728.9203724880139,-594.1860437855474,-132.57281269317915,756.470947408395,-262.04229508058353,75.63854750372437,0.667526284881855,7.771996414061249E-13
728.9203724880139,-170.54355922395732,132.9964725686576,728.9203724880139,-594.1825897373271,-132.5783225940087,756.4684043055327,-262.04231376691166,75.6368780904588,0.6675434041111014,5.984576810765216E-13
728.9203724880139,-170.54355922395732,132.9964725686576,728.9203724880139,-594.1809701732775,-132.58090606920157,756.4682186867966,-262.04223499595975,75.63615019790547,0.6675486752978632,1.51008371977419E-13
728.9203724880139,-170.54355922395732,132.9964725686576,728.9203724880139,-594.1790066744567,-132.58403813085735,756.4671978537093,-262.042173930417,75.63524614560401,0.6675565948655657,2.078854939189302E-13
728.9203724880139,-170.54355922395732,132.9964725686576,728.9203724880139,-594.1790187414804,-132.58401888238458,756.4673838258419,-262.04231664613746,75.63516246723736,0.6675590062081357,2.009077428419712E-14
728.9203724880139,-170.54355922395732,132.9964725686576,728.9203724880139,-594.1784013695776,-132.5850036684013,756.467140930606,-262.0423568589898,75.63484096453465,0.6675625197501803,3.0827759742615833E-14
728.9203724880139,-170.54355922395732,132.9964725686576,728.9203724880139,-594.1780179029269,-132.58561534349158,756.4668754308236,-262.0424906571839,75.63457304909605,0.6675668632420537,4.802490801070069E-14
728.9203724880139,-170.54355922395732,132.9964725686576,728.9203724880139,-594.1771207959338,-132.5870463285859,756.466656529463,-262.04234465817314,75.63423403337535,0.6675679993685099,6.779665707451439E-14
728.9203724880139,-170.54355922395732,132.9964725686576,728.9203724880139,-594.1766293466331,-132.58783024014187,756.4669608131511,-262.0422567590882,75.634053280324,0.6675680018093002,2.1353781219313927E-14
728.9203724880139,-170.54355922395732,132.9964725686576,728.9203724880139,-594.176566764623,-132.5879300645736,756.4667065856069,-262.0424653638318,75.63389246701155,0.6675724355849763,5.04950195266606E-14
728.9203724880139,-170.54355922395732,132.9964725686576,728.9203724880139,-594.1758361311258,-132.58909549265118,756.4664134518539,-262.0423933597647,75.63358695871398,0.6675743651832148,3.662859504060898E-14
728.9203724880139,-170.54355922395732,132.9964725686576,728.9203724880139,-594.1751756864746,-132.59014895689037,756.4661677082105,-262.04233951989283,75.6333037489479,0.6675762982060865,2.8238391941332257E-14
728.9203724880139,-170.54355922395732,132.9964725686576,728.9203724880139,-594.1751147917105,-132.59024608881916,756.4660603862665,-262.04243763326724,75.63321301401962,0.6675784969263842,1.2670496300561041E-14
728.9203724880139,-170.54355922395732,132.9964725686576,728.9203724880139,-594.1748814247916,-132.59061832691455,756.4660086274469,-262.0424596920747,75.6330871862371,0.6675799086911085,5.374072404084854E-15
728.9203724880139,-170.54355922395732,132.9964725686576,728.9203724880139,-594.1748159743869,-132.59072272518867,756.466051857045,-262.0425343422156,75.63300897457282,0.6675815198274924,8.067989397783392E-15
728.9203724880139,-170.54355922395732,132.9964725686576,728.9203724880139,-594.1750041365227,-132.5904225924028,756.466185577302,-262.0426714237864,75.63301333781214,0.6675831733293994,1.0310099741557126E-14
728.9203724880139,-170.54355922395732,132.9964725686576,728.9203724880139,-594.174656092445,-132.5909777485626,756.4661101344287,-262.04257574026667,75.63290628956588,0.6675828739716508,1.3977400820640735E-14
728.9203724880139,-170.54355922395732,132.9964725686576,728.9203724880139,-594.175367771464,-132.58984256593013,756.4662416891068,-262.042894199624,75.63304819131301,0.6675858063574623,8.754509439658567E-14
728.9203724880139,-170.54355922395732,132.9964725686576,728.9203724880139,-594.1742313462777,-132.59165524806363,756.4660598146888,-262.0425584748113,75.63271326767588,0.667584321732906,1.5705404530678954E-13
728.9203724880139,-170.54355922395732,132.9964725686576,728.9203724880139,-594.173903556769,-132.5921780933452,756.4660167218863,-262.042615706638,75.63252007287002,0.6675867623115842,1.6776392252751635E-14
728.9203724880139,-170.54355922395732,132.9964725686576,728.9203724880139,-594.1737778021021,-132.5923786797209,756.465897619038,-262.0425641400762,75.63249204903124,0.6675864387426494,2.52083798750368E-15
728.9203724880139,-170.54355922395732,132.9964725686576,728.9203724880139,-594.1736862396549,-132.59252472728443,756.4658378177476,-262.04268847269316,75.63237015739762,0.6675891983978193,2.1254713546752083E-14
728.9203724880139,-170.54355922395732,132.9964725686576,728.9203724880139,-594.1735603605559,-132.59272551177153,756.4658401723743,-262.04265938770254,75.63232797934629,0.6675891603344781,1.6261602139368734E-15
728.9203724880139,-170.54355922395732,132.9964725686576,728.9203724880139,-594.1736727361047,-132.5925462662431,756.465919209315,-262.0426547875491,75.63238479514209,0.6675885328358812,8.531485251303691E-16
728.9203724880139,-170.54355922395732,132.9964725686576,728.9203724880139,-594.1733887719735,-132.592999205204,756.4659328678077,-262.042651381472,75.63225064918154,0.6675896001824544,4.038566875097096E-15
728.9203724880139,-170.54355922395732,132.9964725686576,728.9203724880139,-594.1740737550734,-132.591906616317,756.4660304863104,-262.0428677223555,75.63244375800261,0.6675907696984087,6.004135395684674E-14
728.9203724880139,-170.54355922395732,132.9964725686576,728.9203724880139,-594.173167271618,-132.59335251013826,756.4658396736069,-262.0426397777886,75.6321516205602,0.6675903810880697,8.913080067356862E-14
728.9203724880139,-170.54355922395732,132.9964725686576,728.9203724880139,-594.173824842325,-132.59230364771653,756.4659441730033,-262.0429176245858,75.63229301285043,0.6675928030296394,7.083805063867299E-14
728.9203724880139,-170.54355922395732,132.9964725686576,728.9203724880139,-594.173708807598,-132.5924887300798,756.4659684683555,-262.0428801946705,75.63226079091794,0.6675925448682001,1.7516710691668902E-15
728.9203724880139,-170.54355922395732,132.9964725686576,728.9203724880139,-594.1737284452097,-132.59245740692145,756.4661472687967,-262.04289012915814,75.63226398722924,0.6675924523236366,7.516704822730373E-17
728.9203724880139,-170.54355922395732,132.9964725686576,728.9203724880139,-594.1736257408932,-132.592621226356,756.46611901908,-262.0429069271172,75.63220416551869,0.6675932122374487,1.5551686117795616E-15
728.9203724880139,-170.54355922395732,132.9964725686576,728.9203724880139,-594.1737904651933,-132.59235848132627,756.4661586143626,-262.0429463972871,75.63225847573977,0.6675932409092787,2.8506351463697672E-15
728.9203724880139,-170.54355922395732,132.9964725686576,728.9203724880139,-594.1739856106586,-132.59204721226516,756.4662621913079,-262.04294865485986,75.63235071583102,0.667592380165427,1.9040925270686557E-15
728.9203724880139,-170.54355922395732,132.9964725686576,728.9203724880139,-594.1732645693036,-132.59319731519744,756.466216785565,-262.0427890802834,75.63210471263568,0.6675923589636348,5.19343732233794E-14
728.9203724880139,-170.54355922395732,132.9964725686576,728.9203724880139,-594.1735234975598,-132.59278431035537,756.4662981582559,-262.0428413132437,75.63219623205327,0.6675921994182581,6.3363488486812525E-15
728.9203724880139,-170.54355922395732,132.9964725686576,728.9203724880139,-594.1735331909591,-132.59276884883164,756.4662777205691,-262.04286610877836,75.63218533892868,0.6675926464142479,5.274683043940361E-16
728.9203724880139,-170.54355922395732,132.9964725686576,728.9203724880139,-594.1732048280176,-132.59329260571482,756.4663522633471,-262.04276495969197,75.63209116342375,0.6675919985997026,1.3533726068770868E-14
728.9203724880139,-170.54355922395732,132.9964725686576,728.9203724880139,-594.1733770903107,-132.59301783809806,756.4663678708628,-262.04282837280056,75.63213408033522,0.6675924709843128,4.302303725370505E-15
728.9203724880139,-170.54355922395732,132.9964725686576,728.9203724880139,-594.1732911573584,-132.59315490582534,756.4663352668736,-262.0428879349947,75.63205549712379,0.6675939672340118,6.246384768249081E-15
728.9203724880139,-170.54355922395732,132.9964725686576,728.9203724880139,-594.1735321542924,-132.59277050237418,756.4662824766473,-262.0429891897657,75.63210767739855,0.6675949454694124,9.465539917070855E-15
728.9203724880139,-170.54355922395732,132.9964725686576,728.9203724880139,-594.1734536962675,-132.59289564735232,756.4663744459989,-262.04289493426626,75.63212911561558,0.667593398366651,6.1169953927259844E-15
728.9203724880139,-170.54355922395732,132.9964725686576,728.9203724880139,-594.1732633612065,-132.59319924217678,756.4660739343215,-262.0429905367885,75.63197783204774,0.6675962876439685,1.9128976055908154E-14
728.9203724880139,-170.54355922395732,132.9964725686576,728.9203724880139,-594.1734159734932,-132.5929558172775,756.4661560241536,-262.04306176168825,75.63200642112372,0.66759691136488,4.191479055484424E-15
728.9203724880139,-170.54355922395732,132.9964725686576,728.9203724880139,-594.1730852751742,-132.5934832986931,756.4661650335734,-262.04296736195073,75.6319068931283,0.6675964720251846,1.296637779293163E-14
728.9203724880139,-170.54355922395732,132.9964725686576,728.9203724880139,-594.1734382511123,-132.59292028323696,756.4662138025599,-262.04308174599083,75.6320045838406,0.6675971306283301,1.6268113943231706E-14
728.9203724880139,-170.54355922395732,132.9964725686576,728.9203724880139,-594.1730233650434,-132.5935820484839,756.4662001346222,-262.0429027333076,75.63191769910398,0.6675954750714648,2.8751063227569636E-14
728.9203724880139,-170.54355922395732,132.9964725686576,728.9203724880139,-594.1725015919264,-132.59441430097107,756.4661231253417,-262.04278518116723,75.63174098534788,0.6675954700251867,2.7498404074748654E-14
728.9203724880139,-170.54355922395732,132.9964725686576,728.9203724880139,-594.1726305400846,-132.59420862297523,756.4662265946923,-262.0427727145588,75.63181068658164,0.6675946014291683,1.6636905194984252E-15
728.9203724880139,-170.54355922395732,132.9964725686576,728.9203724880139,-594.1731710932168,-132.59334641448905,756.4661675661051,-262.04305504427845,75.63189310798441,0.6675977614380062,5.883556715215877E-14
728.9203724880139,-170.54355922395732,132.9964725686576,728.9203724880139,-594.1727501750973,-132.59401779965842,756.4661617169737,-262.042911532884,75.63178107147988,0.6675967849866884,2.4096696374267526E-14
728.9203724880139,-170.54355922395732,132.9964725686576,728.9203724880139,-594.1724694871581,-132.59446550945708,756.46608134506,-262.04293990614076,75.63162857382932,0.6675985376498248,8.106705797731179E-15
728.9203724880139,-170.54355922395732,132.9964725686576,728.9203724880139,-594.1729380476447,-132.59371813396743,756.4661158623021,-262.04307195810907,75.6317706593154,0.6675990757396865,2.5789224033844983E-14
728.9203724880139,-170.54355922395732,132.9964725686576,728.9203724880139,-594.1730071508783,-132.59360791088906,756.4661557602014,-262.0430990833601,75.63178681788696,0.6675992593398101,7.32022032865012E-16
728.9203724880139,-170.54355922395732,132.9964725686576,728.9203724880139,-594.1726536587369,-132.59417174768245,756.4663741038394,-262.04287380390355,75.63175840469037,0.6675962331740716,3.1166104499173796E-14
728.9203724880139,-170.54355922395732,132.9964725686576,728.9203724880139,-594.1731470245855,-132.59338480520708,756.4662895912973,-262.043125680051,75.63183727250058,0.6675990428849558,4.7884997114018336E-14
728.9203724880139,-170.54355922395732,132.9964725686576,728.9203724880139,-594.1729678811307,-132.59367054808828,756.4663630502984,-262.04306525062646,75.63178918238034,0.6675985549366764,4.327071502937332E-15
728.9203724880139,-170.54355922395732,132.9964725686576,728.9203724880139,-594.1725707644287,-132.59430396780877,756.4662514849846,-262.0429187213277,75.63169046101325,0.6675975436348565,2.290997317351065E-14
728.9203724880139,-170.54355922395732,132.9964725686576,728.9203724880139,-594.1726055091144,-132.59424854849325,756.4662915306518,-262.04296884934905,75.63167570852119,0.6675982956414007,1.859405243355008E-15
728.9203724880139,-170.54355922395732,132.9964725686576,728.9203724880139,-594.1727524649708,-132.5940141472037,756.4663672933216,-262.04297292458443,75.63174368147764,0.6675976943201984,1.1497163973654966E-15
728.9203724880139,-170.54355922395732,132.9964725686576,728.9203724880139,-594.1729052490857,-132.59377044927035,756.4663247321085,-262.0430584815709,75.631763367405,0.6675987238816607,5.054684940940841E-15
728.9203724880139,-170.54355922395732,132.9964725686576,728.9203724880139,-594.1728991672113,-132.59378015015542,756.4664840517735,-262.04304043317035,75.631771763821,0.6675982338717121,2.866244720078184E-16
728.9203724880139,-170.54355922395732,132.9964725686576,728.9203724880139,-594.1734053245839,-132.5929728028772,756.4665273207804,-262.04324235795406,75.63188808785364,0.6675999162687497,3.9841884768785707E-14
728.9203724880139,-170.54355922395732,132.9964725686576,728.9203724880139,-594.1729153947942,-132.5937542663714,756.4664629034718,-262.0431025803377,75.63174058931239,0.6675993533265322,2.8447992895288746E-14
728.9203724880139,-170.54355922395732,132.9964725686576,728.9203724880139,-594.1725248882152,-132.59437714238018,756.4663187294,-262.0430937309374,75.63155872295732,0.667600924637041,7.962010656728805E-15
728.9203724880139,-170.54355922395732,132.9964725686576,728.9203724880139,-594.1724656259408,-132.59447166826394,756.4664812179484,-262.0430252836574,75.63157319394364,0.6675997038892483,3.1692911110814262E-15
728.9203724880139,-170.54355922395732,132.9964725686576,728.9203724880139,-594.1729670724147,-132.59367183803042,756.4665018246121,-262.04315866420296,75.63173022956542,0.6676001495397846,2.8345708073446607E-14
728.9203724880139,-170.54355922395732,132.9964725686576,728.9203724880139,-594.1734073728586,-132.5929695357656,756.466565880247,-262.0432799983722,75.63186547268714,0.6676005685346941,2.240749717543939E-14
728.9203724880139,-170.54355922395732,132.9964725686576,728.9203724880139,-594.1723073805329,-132.5947240762852,756.4665832844103,-262.04299793770866,75.6315143922501,0.6675997180312013,1.32995314964197E-13
728.9203724880139,-170.54355922395732,132.9964725686576,728.9203724880139,-594.1729253161794,-132.5937384412779,756.4665663310868,-262.0431226595294,75.63173276239905,0.6675995734477805,3.609967974370726E-14
728.9203724880139,-170.54355922395732,132.9964725686576,728.9203724880139,-594.1731473187415,-132.59338433601332,756.4665543700556,-262.0432455835213,75.63176224152718,0.667600987891426,1.054562726053637E-14
728.9203724880139,-170.54355922395732,132.9964725686576,728.9203724880139,-594.1727844184528,-132.5939631799051,756.4665517319751,-262.04315856798667,75.6316426293576,0.6676008294944074,1.3841934922198291E-14
728.9203724880139,-170.54355922395732,132.9964725686576,728.9203724880139,-594.1730716024384,-132.5935051074031,756.4663519349664,-262.0433434142293,75.63166456928664,0.6676033470570727,2.0801891081502172E-14
728.9203724880139,-170.54355922395732,132.9964725686576,728.9203724880139,-594.172703937847,-132.59409155021004,756.4665224758736,-262.04316094166893,75.63160251640608,0.6676012312663746,2.584637217813752E-14
728.9203724880139,-170.54355922395732,132.9964725686576,728.9203724880139,-594.1725450470592,-132.59434498814377,756.4664295271092,-262.04315082633457,75.6315326022112,0.6676017870093114,1.5348995651379925E-15
728.9203724880139,-170.54355922395732,132.9964725686576,728.9203724880139,-594.1731310083685,-132.59341035190178,756.4665401283008,-262.0432945929071,75.63172368783881,0.6676019854799646,3.663673008080342E-14
728.9203724880139,-170.54355922395732,132.9964725686576,728.9203724880139,-594.1728200363032,-132.5939063677516,756.4664795568556,-262.04322405057883,75.63161866962159,0.6676019897921753,9.809702399531924E-15
728.9203724880139,-170.54355922395732,132.9964725686576,728.9203724880139,-594.1725119303389,-132.59439781075568,756.4664681629506,-262.04315041206684,75.63151696834029,0.6676018699552863,9.956510208702107E-15
728.9203724880139,-170.54355922395732,132.9964725686576,728.9203724880139,-594.1723921741134,-132.59458882703169,756.4665400795832,-262.0430894668778,75.63149770330531,0.6676011343660597,2.8122890581293808E-15
728.9203724880139,-170.54355922395732,132.9964725686576,728.9203724880139,-594.1727194089854,-132.59406687303235,756.4666436585192,-262.04313164218394,75.63162831047038,0.6676004864236679,8.116893447877601E-15
728.9203724880139,-170.54355922395732,132.9964725686576,728.9203724880139,-594.1730939692792,-132.59346943115176,756.4664592955726,-262.043318203735,75.6316911092033,0.6676026661750682,2.6921335160653366E-14
728.9203724880139,-170.54355922395732,132.9964725686576,728.9203724880139,-594.172473266416,-132.59445948137895,756.4663435692636,-262.0431664201593,75.6314883763466,0.667602463816686,4.10194179895066E-14
728.9203724880139,-170.54355922395732,132.9964725686576,728.9203724880139,-594.1723576117378,-132.59464395545584,756.4662184908534,-262.0431423505705,75.63144796085675,0.6676026200025309,1.2874432595815196E-15
728.9203724880139,-170.54355922395732,132.9964725686576,728.9203724880139,-594.1724894010241,-132.59443374598615,756.4663679626682,-262.04316364449704,75.63149785995415,0.6676023196753165,1.457947181382027E-15
728.9203724880139,-170.54355922395732,132.9964725686576,728.9203724880139,-594.1727819837449,-132.59396706337853,756.4662796951702,-262.0433703482698,75.63150868717818,0.6676050998407445,2.403814025147146E-14
728.9203724880139,-170.54355922395732,132.9964725686576,728.9203724880139,-594.1724467367757,-132.5945017972871,756.4663125895462,-262.04319383466316,75.63145845674825,0.6676031177072613,2.2818454199342527E-14
728.9203724880139,-170.54355922395732,132.9964725686576,728.9203724880139,-594.1724089269825,-132.59456210550408,756.4663881435454,-262.04321067443703,75.6314297532449,0.6676035009717937,6.399921341586848E-16
728.9203724880139,-170.54355922395732,132.9964725686576,728.9203724880139,-594.1726319462127,-132.59420638013782,756.4664497140457,-262.0432757931151,75.63149596055362,0.6676037492109027,5.996125772724648E-15
728.9203724880139,-170.54355922395732,132.9964725686576,728.9203724880139,-594.172341175861,-132.59467017135623,756.4664672414776,-262.0431321581894,75.63144646288893,0.6676022190966941,1.6090147399587356E-14
728.9203724880139,-170.54355922395732,132.9964725686576,728.9203724880139,-594.1728011562714,-132.5939364822962,756.4665924449305,-262.0432896963559,75.63156845257404,0.6676031672120658,2.888276693363631E-14
728.9203724880139,-170.54355922395732,132.9964725686576,728.9203724880139,-594.1729535099471,-132.59369347083535,756.466693144503,-262.04333519032525,75.6316130493054,0.6676032904009569,2.845527713704037E-15
728.9203724880139,-170.54355922395732,132.9964725686576,728.9203724880139,-594.1723552483115,-132.5946477252185,756.4664787798989,-262.0431440155281,75.63144578275251,0.6676023710498773,4.6221338540081896E-14
728.9203724880139,-170.54355922395732,132.9964725686576,728.9203724880139,-594.1729774198246,-132.59365533339943,756.4666717715824,-262.0434189371995,75.631572020074,0.6676047827666776,6.611571763873551E-14
728.9203724880139,-170.54355922395732,132.9964725686576,728.9203724880139,-594.1727527655356,-132.59401366778874,756.4666345322332,-262.04337035840086,75.63149465819467,0.6676048231613634,4.970487291126243E-15
728.9203724880139,-170.54355922395732,132.9964725686576,728.9203724880139,-594.172581897114,-132.5942862106833,756.4665615519315,-262.04330812795297,75.63145166856515,0.6676044310868541,4.194658860617079E-15
728.9203724880139,-170.54355922395732,132.9964725686576,728.9203724880139,-594.1724620204157,-132.5944774192303,756.46664280637,-262.0432369237823,75.63143877737673,0.667603493868318,3.3153764793821836E-15
728.9203724880139,-170.54355922395732,132.9964725686576,728.9203724880139,-594.1727614851583,-132.59399975958402,756.466782117629,-262.04328475893936,75.63155250878745,0.6676030240323145,7.485813182945799E-15
728.9203724880139,-170.54355922395732,132.9964725686576,728.9203724880139,-594.1728583998872,-132.5938451760044,756.4665417295319,-262.0434296936172,75.63150815541908,0.6676056089065568,1.5737369727432172E-14
728.9203724880139,-170.54355922395732,132.9964725686576,728.9203724880139,-594.1724598585222,-132.5944808675429,756.4666391909113,-262.0432413315211,75.63143497642704,0.6676035889913766,2.893770757225551E-14
728.9203724880139,-170.54355922395732,132.9964725686576,728.9203724880139,-594.172750366919,-132.59401749369383,756.4666309570608,-262.04337464832855,75.63149081750046,0.6676049169935051,1.4943079777905967E-14
728.9203724880139,-170.54355922395732,132.9964725686576,728.9203724880139,-594.1725888632328,-132.5942750994151,756.4668013814088,-262.0432633177138,75.6314831052085,0.6676032986866772,7.116953063965405E-15
728.9203724880139,-170.54355922395732,132.9964725686576,728.9203724880139,-594.1722907390666,-132.5947506200981,756.4668035454229,-262.04324801356603,75.63134962218459,0.6676042136528756,5.168015461651978E-15
728.9203724880139,-170.54355922395732,132.9964725686576,728.9203724880139,-594.1727773091067,-132.59397451964603,756.4668289465349,-262.04337101564863,75.63150602528205,0.667604520056783,2.5772069912738715E-14
728.9203724880139,-170.54355922395732,132.9964725686576,728.9203724880139,-594.1731145206845,-132.59343665060678,756.4668679113853,-262.04340619663594,75.63164580620804,0.6676037730183201,7.955044031273511E-15
728.9203724880139,-170.54355922395732,132.9964725686576,728.9203724880139,-594.1726906072927,-132.59411281305503,756.4668809130962,-262.04328994103696,75.63151524368968,0.6676032970513068,2.069921534991705E-14
728.9203724880139,-170.54355922395732,132.9964725686576,728.9203724880139,-594.1727927763853,-132.59394984860964,756.4668789790011,-262.043354315808,75.63152391827015,0.6676040898594464,2.5704767134013194E-15
728.9203724880139,-170.54355922395732,132.9964725686576,728.9203724880139,-594.1727304102211,-132.59404932555296,756.4669025173512,-262.04334526538753,75.63149966109776,0.6676041462732801,3.1035348705091984E-16
728.9203724880139,-170.54355922395732,132.9964725686576,728.9203724880139,-594.172865052656,-132.59383456451857,756.4669062043815,-262.0433756544903,75.63154522757986,0.6676041666086879,1.8331706237837276E-15
728.9203724880139,-170.54355922395732,132.9964725686576,728.9203724880139,-594.1731521440188,-132.59337663944572,756.4670013449321,-262.0434617706961,75.63162902117159,0.6676045112756811,1.0138571461130808E-14
728.9203724880139,-170.54355922395732,132.9964725686576,728.9203724880139,-594.1728564014174,-132.59384836365948,756.4669010332719,-262.0434308291559,75.63150648438202,0.6676052384122201,6.124804963187644E-15
728.9203724880139,-170.54355922395732,132.9964725686576,728.9203724880139,-594.1725116389534,-132.594398275528,756.4669078930499,-262.043309172459,75.6314172949059,0.6676043488464876,1.663004737594632E-14
728.9203724880139,-170.54355922395732,132.9964725686576,728.9203724880139,-594.1731386903535,-132.59339809873867,756.466923927329,-262.04356480327914,75.63155796923738,0.6676065772414731,6.234684160795658E-14
728.9203724880139,-170.54355922395732,132.9964725686576,728.9203724880139,-594.1726521660163,-132.5941741286392,756.4668676161546,-262.0433534350975,75.63145698760994,0.6676046536204451,3.97910432472095E-14
728.9203724880139,-170.54355922395732,132.9964725686576,728.9203724880139,-594.1726884496076,-132.59411625466154,756.4669554696359,-262.04335967749245,75.63147048749482,0.6676045260699317,1.1405870078930852E-16
728.9203724880139,-170.54355922395732,132.9964725686576,728.9203724880139,-594.1729578381191,-132.59368656718746,756.4668969301168,-262.043535213568,75.63148972397002,0.667606784310281,1.8560379055809744E-14
728.9203724880139,-170.54355922395732,132.9964725686576,728.9203724880139,-594.1734036670148,-132.59297544679137,756.4669519256657,-262.0436464331057,75.63163396246335,0.6676070020377812,2.144509014549826E-14
728.9203724880139,-170.54355922395732,132.9964725686576,728.9203724880139,-594.1731057564955,-132.59345062993836,756.4670553866586,-262.0434713133879,75.63160077578891,0.6676048167272681,2.0245201584723697E-14
728.9203724880139,-170.54355922395732,132.9964725686576,728.9203724880139,-594.1730203034607,-132.59358693186206,756.4669446168061,-262.04353169351987,75.63152190974597,0.6676064133228214,6.361158565350468E-15
728.9203724880139,-170.54355922395732,132.9964725686576,728.9203724880139,-594.1731689922518,-132.59334976563767,756.4669598212703,-262.0435739184047,75.63156679737438,0.6676065853364844,2.611398993875813E-15
728.9203724880139,-170.54355922395732,132.9964725686576,728.9203724880139,-594.1729483587254,-132.59370168728745,756.466911234267,-262.04348903379287,75.6315141264802,0.6676059436287316,7.331811010785157E-15
728.9203724880139,-170.54355922395732,132.9964725686576,728.9203724880139,-594.1726389338036,-132.5941952346159,756.4668830064202,-262.0433686201745,75.63144111694933,0.6676049736941309,1.456561260258431E-14
728.9203724880139,-170.54355922395732,132.9964725686576,728.9203724880139,-594.1726148630245,-132.5942336285888,756.4669268594071,-262.0433739275013,75.63142623733049,0.6676051212485825,1.129747481701341E-16
728.9203724880139,-170.54355922395732,132.9964725686576,728.9203724880139,-594.1728018510598,-132.59393537407564,756.4668633638997,-262.0434971204021,75.63143874344831,0.6676067394023386,9.055304542919733E-15
728.9203724880139,-170.54355922395732,132.9964725686576,728.9203724880139,-594.1336258349744,-132.65641273183022,756.4669023270192,-262.0248269476044,75.62434645586558,0.667415916004553,2.8183477648907836E-10
728.9203724880139,-170.54355922395732,132.9964725686576,728.9203724880139,-592.2527956924587,-135.63211838389444,756.6073547243362,-261.2233609092313,75.23348032651006,0.6598709657625068,5.78698594345724E-7
728.9203724880139,-170.54355922395732,132.9964725686576,728.9203724880139,-587.8134465248049,-142.4773758306741,753.7870465325717,-261.1455691051119,73.18270432354791,0.6795480455263521,1.0348769873303252E-6
728.9203724880139,-170.54355922395732,132.9964725686576,728.9203724880139,-586.9378868538633,-143.79905470307855,762.4166217250637,-259.2788850964842,74.0102191959991,0.6379322181666186,2.780260957424041E-6
728.9203724880139,-170.54355922395732,132.9964725686576,728.9203724880139,-583.8544264501406,-148.38250147300786,776.4083104719898,-252.179828177688,77.41910593188942,0.5076422958817166,4.3596907326334515E-5
728.9203724880139,-170.54355922395732,132.9964725686576,728.9203724880139,-578.5340713722966,-156.0428707687777,772.9981638075454,-252.59417599942262,74.86802181539764,0.5366298041849338,2.3916292306222017E-6
728.9203724880139,-170.54355922395732,132.9964725686576,728.9203724880139,-579.624027503641,-154.4981716807175,766.778278399205,-255.20448598461144,73.49824444930388,0.5863874986007673,6.182766339445521E-6
728.9203724880139,-170.54355922395732,132.9964725686576,728.9203724880139,-581.3854287148024,-151.9753826614115,761.9054046053159,-258.0854282243902,72.27488922497909,0.6384035084729057,6.873835102228286E-6
728.9203724880139,-170.54355922395732,132.9964725686576,728.9203724880139,-586.0138474644276,-145.18411552005247,753.2704280804584,-263.91358480033887,70.48001986467418,0.7430853867508509,2.497232258069377E-5
728.9203724880139,-170.54355922395732,132.9964725686576,728.9203724880139,-594.9680732677801,-131.32119970972943,743.6347632773379,-273.7053094771625,68.75071674439326,0.9222681286564868,6.336088598875712E-5
728.9203724880139,-170.54355922395732,132.9964725686576,728.9203724880139,-597.33668266618,-127.47930323867476,740.6401316328153,-277.61102420908827,67.65221214384832,1.0,1.1326926577617267E-5
728.9203724880139,-170.54355922395732,132.9964725686576,728.9203724880139,-594.651438831596,-131.8289538063652,745.2206880942452,-274.35275890621574,68.17495688982271,0.9382014412229064,6.772539809518172E-6
728.9203724880139,-170.54355922395732,132.9964725686576,728.9203724880139,-589.4540470762544,-139.97605932301556,750.4550496542136,-269.1640776703864,68.7328807096657,0.8418425370200143,1.5964853350375475E-5
728.9203724880139,-170.54355922395732,132.9964725686576,728.9203724880139,-582.8895627955721,-149.79456925996496,757.640758030478,-262.7493915324097,69.76078420177885,0.7284947094976748,2.5399679632542202E-5
728.9203724880139,-170.54355922395732,132.9964725686576,728.9203724880139,-577.5779652519304,-157.38774241117758,764.8827092372994,-256.4471672859446,71.71159978740852,0.6190651188736689,2.9011673661600008E-5
728.9203724880139,-170.54355922395732,132.9964725686576,728.9203724880139,-589.2109798869805,-140.34871373498177,759.1410674988539,-261.8802101161838,73.36337808294866,0.6817630439288404,2.2028778992294617E-5
728.9203724880139,-170.54355922395732,132.9964725686576,728.9203724880139,-590.9488321139078,-137.66827675479274,757.986006582817,-262.29795128662573,73.92328503166706,0.6839105919804658,3.140416898306651E-7
728.9203724880139,-170.54355922395732,132.9964725686576,728.9203724880139,-591.8638691809956,-136.24170529195933,757.5968917714298,-262.35341881285234,74.326812642048,0.681619243642733,5.117449114072741E-8
728.9203724880139,-170.54355922395732,132.9964725686576,728.9203724880139,-591.4639600700397,-136.86648552595275,757.2786027268988,-262.2968524707417,74.17106263193716,0.6825763260115748,1.2724874100950992E-8
728.9203724880139,-170.54355922395732,132.9964725686576,728.9203724880139,-591.3796208870708,-136.99798886320232,757.211070779629,-262.28953960958796,74.1352940259645,0.6828666378445032,4.764516428391847E-10
728.9203724880139,-170.54355922395732,132.9964725686576,728.9203724880139,-591.3092903929042,-137.1075804810171,757.158542727233,-262.28182089851737,74.1065144221349,0.6830733307125385,3.5689655651614145E-10
728.9203724880139,-170.54355922395732,132.9964725686576,728.9203724880139,-591.3029764893018,-137.1174159719499,757.1528787527947,-262.2813895711337,74.10376318521557,0.683097991005283,2.512411069754454E-12
728.9203724880139,-170.54355922395732,132.9964725686576,728.9203724880139,-591.2993905283225,-137.1230017818094,757.1488158306313,-262.28119702190963,74.10216699642885,0.6831139823860368,7.708937713831159E-13
728.9203724880139,-170.54355922395732,132.9964725686576,728.9203724880139,-591.2975557778476,-137.12585968828265,757.1481320568598,-262.28102337313413,74.10139854851289,0.6831191064945058,2.314516369693592E-13
728.9203724880139,-170.54355922395732,132.9964725686576,728.9203724880139,-591.2938971315531,-137.1315584659686,757.1449082373691,-262.280895859621,74.09972576867091,0.6831356698172623,7.509787480270535E-13
728.9203724880139,-170.54355922395732,132.9964725686576,728.9203724880139,-591.2948198389819,-137.13012125517835,757.1448336320626,-262.28117780301517,74.09998727697158,0.6831373011412778,1.0527450289393718E-13
728.9203724880139,-170.54355922395732,132.9964725686576,728.9203724880139,-591.2937779363356,-137.13174412387136,757.1444445714834,-262.2809902944861,74.09960797552054,0.6831385116945633,9.665452277741623E-14
728.9203724880139,-170.54355922395732,132.9964725686576,728.9203724880139,-591.2937214470196,-137.1318321112977,757.1445022234427,-262.2809946541593,74.09957808496716,0.6831387636591488,2.8853096273796093E-16
728.9203724880139,-170.54355922395732,132.9964725686576,728.9203724880139,-591.2939324327585,-137.13150348094464,757.1445219724087,-262.2810098850344,74.09966949267013,0.6831381521965377,2.842445140331541E-15
728.9203724880139,-170.54355922395732,132.9964725686576,728.9203724880139,-591.2935690500035,-137.13206948379198,757.1445364517324,-262.2809552743006,74.09953027978463,0.6831386062253841,1.0786134495614638E-14
728.9203724880139,-170.54355922395732,132.9964725686576,728.9203724880139,-591.2938331988859,-137.1316580472089,757.1443728102038,-262.28110980503396,74.09955775114909,0.6831406503514142,1.5421229819182846E-14
728.9203724880139,-170.54355922395732,132.9964725686576,728.9203724880139,-591.2940161682893,-137.13137305473575,757.1442778200652,-262.28113884809085,74.09962685507026,0.68314055318987,2.8035701971652566E-15
728.9203724880139,-170.54355922395732,132.9964725686576,728.9203724880139,-591.2935188136449,-137.13214773151762,757.1440641039179,-262.28110433663795,74.09941048651339,0.6831422154266488,1.564701514725243E-14
728.9203724880139,-170.54355922395732,132.9964725686576,728.9203724880139,-591.2938890320274,-137.13157108175702,757.1440228864145,-262.28116437725606,74.09954949187983,0.6831418678033206,1.1594257184664435E-14
728.9203724880139,-170.54355922395732,132.9964725686576,728.9203724880139,-591.293825761622,-137.13166963145486,757.144025423097,-262.2811761518106,74.09951158867386,0.6831423538961774,6.783378740949922E-16
728.9203724880139,-170.54355922395732,132.9964725686576,728.9203724880139,-591.2920630147496,-137.13441525761377,757.1431981440538,-262.2809321830447,74.09882283011001,0.6831459997026995,2.449475256272071E-13
728.9203724880139,-170.54355922395732,132.9964725686576,728.9203724880139,-591.2927027840384,-137.133418767822,757.143390557074,-262.2809909684719,74.09909191339594,0.6831442325876015,2.7891685867170248E-14
728.9203724880139,-170.54355922395732,132.9964725686576,728.9203724880139,-591.2927695000272,-137.1333148522477,757.1435062313832,-262.28110433284036,74.0990511272282,0.6831459881875643,1.0131469538638466E-14
728.9203724880139,-170.54355922395732,132.9964725686576,728.9203724880139,-591.2925009619299,-137.13373312181338,757.1435872732629,-262.28099743915834,74.09899096780813,0.6831449694228762,1.1016466691691081E-14
728.9203724880139,-170.54355922395732,132.9964725686576,728.9203724880139,-591.2926945832097,-137.1334315412752,757.1434593776751,-262.2809791415401,74.09909557352663,0.6831439606309381,3.799313562714474E-15
728.9203724880139,-170.54355922395732,132.9964725686576,728.9203724880139,-591.2923101362362,-137.13403034753853,757.1430821029692,-262.2810675158624,74.09885445941788,0.6831476923654435,3.076453044120743E-14
728.9203724880139,-170.54355922395732,132.9964725686576,728.9203724880139,-591.2923406890012,-137.13398275928338,757.143170454347,-262.28108449370916,74.09885821196482,0.6831477870315881,1.9554020066516124E-16
728.9203724880139,-170.54355922395732,132.9964725686576,728.9203724880139,-591.2928920104544,-137.1331240321546,757.1433857273415,-262.2811073130617,74.09910796836212,0.6831456743048875,1.745469932714124E-14
728.9203724880139,-170.54355922395732,132.9964725686576,728.9203724880139,-591.2929765477845,-137.13299235818064,757.1434896128337,-262.28115432157904,74.09911833103322,0.6831461001661884,1.4980967903639313E-15
728.9203724880139,-170.54355922395732,132.9964725686576,728.9203724880139,-591.2929642446428,-137.1330115213601,757.1433244240491,-262.2812943581219,74.09902252434858,0.6831490217198071,2.113311018584395E-14
728.9203724880139,-170.54355922395732,132.9964725686576,728.9203724880139,-591.2931571289655,-137.13271108755893,757.1432506959388,-262.28125789450826,74.09913843984242,0.6831476056224871,6.396584174159351E-15
728.9203724880139,-170.54355922395732,132.9964725686576,728.9203724880139,-591.2931177153275,-137.1327724777037,757.1435359077194,-262.28119701069517,74.09915862607787,0.6831462741682415,2.836875905959599E-15
728.9203724880139,-170.54355922395732,132.9964725686576,728.9203724880139,-591.2929081216754,-137.13309893758506,757.1434625884455,-262.2811123889524,74.09911243628241,0.6831456149053218,6.794030231194126E-15
728.9203724880139,-170.54355922395732,132.9964725686576,728.9203724880139,-591.2931742006919,-137.1326844968648,757.1434547016668,-262.2812537030251,74.09914931826015,0.6831472172566133,1.416266908693831E-14
728.9203724880139,-170.54355922395732,132.9964725686576,728.9203724880139,-591.2930446053692,-137.13288635272474,757.1433794635993,-262.2812301875444,74.09910226321247,0.6831473953369327,1.5016832005003916E-15
728.9203724880139,-170.54355922395732,132.9964725686576,728.9203724880139,-591.2933225893381,-137.13245336852512,757.1435852490869,-262.28127029389094,74.09920983214397,0.6831467641087615,6.200131756086044E-15
728.9203724880139,-170.54355922395732,132.9964725686576,728.9203724880139,-591.2933406876589,-137.13242517878334,757.1435609425431,-262.28125006859307,74.09923149689999,0.6831463300480336,6.061781779939766E-16
728.9203724880139,-170.54355922395732,132.9964725686576,728.9203724880139,-591.293286459213,-137.13250964439177,757.143568952812,-262.28125160281775,74.0992045045491,0.6831465762234756,1.8512825516480104E-16
728.9203724880139,-170.54355922395732,132.9964725686576,728.9203724880139,-591.2933980971695,-137.13233575834394,757.1435630214942,-262.28128911569456,74.09923396092807,0.683146835041642,1.6563349749120765E-15
728.9203724880139,-170.54355922395732,132.9964725686576,728.9203724880139,-591.2934274908366,-137.13228997506664,757.1435243013234,-262.28131522871604,74.09923129279073,0.6831472568875863,4.028249048070034E-16
728.9203724880139,-170.54355922395732,132.9964725686576,728.9203724880139,-591.2933385895798,-137.13242844672803,757.1435336013319,-262.2813156656178,74.0991883762191,0.6831476251669909,4.075898945777786E-16
728.9203724880139,-170.54355922395732,132.9964725686576,728.9203724880139,-591.2930842958147,-137.13282453146533,757.14355882392,-262.28118052030044,74.09915318562031,0.6831460715130819,1.2944597000942697E-14
728.9203724880139,-170.54355922395732,132.9964725686576,728.9203724880139,-591.2933454565078,-137.13241775087673,757.143627465105,-262.2812793679067,74.09921497330271,0.6831467932534775,9.981982475785123E-15
728.9203724880139,-170.54355922395732,132.9964725686576,728.9203724880139,-591.2931355676184,-137.13274467122145,757.1435625235348,-262.2811941553854,74.09916902099167,0.6831461141901227,6.84624837685665E-15
728.9203724880139,-170.54355922395732,132.9964725686576,728.9203724880139,-591.2932789795175,-137.13252129467722,757.1435368253067,-262.2812854923611,74.09917915966665,0.6831472929094327,4.98083368022196E-15
728.9203724880139,-170.54355922395732,132.9964725686576,728.9203724880139,-591.2934919046029,-137.13218964479998,757.1435984217193,-262.2812623538891,74.09929613147713,0.6831458908834754,5.020641680228415E-15
728.9203724880139,-170.54355922395732,132.9964725686576,728.9203724880139,-591.2933906442025,-137.1323473670079,757.1433776615239,-262.2813412517999,74.09919691426731,0.6831480786215666,1.0578780656354343E-14
728.9203724880139,-170.54355922395732,132.9964725686576,728.9203724880139,-591.2932678026721,-137.1325387035985,757.1435512155039,-262.2812392170527,74.09920350897053,0.6831464377406536,5.87522317819016E-15
728.9203724880139,-170.54355922395732,132.9964725686576,728.9203724880139,-591.2934963684767,-137.13218269191074,757.1436744782045,-262.2812815094697,74.09928597409098,0.683146150275535,4.71868231739547E-15
728.9203724880139,-170.54355922395732,132.9964725686576,728.9203724880139,-591.2935415373707,-137.13211233723925,757.1435829544744,-262.2813624468932,74.09925567340383,0.6831476162515748,5.243291846481411E-15
728.9203724880139,-170.54355922395732,132.9964725686576,728.9203724880139,-591.2933832407557,-137.1323588985392,757.1434757723413,-262.2813108192731,74.09921290187461,0.6831474134604064,3.2541093198229844E-15
728.9203724880139,-170.54355922395732,132.9964725686576,728.9203724880139,-591.2935386385495,-137.1321168524183,757.1433631941115,-262.2814705536122,74.09918487682134,0.6831499512999142,1.6433160482905373E-14
728.9203724880139,-170.54355922395732,132.9964725686576,728.9203724880139,-591.2935056747546,-137.13216819653658,757.1436328083682,-262.281300756456,74.09927808038574,0.6831465279953007,2.743420408004348E-14
728.9203724880139,-170.54355922395732,132.9964725686576,728.9203724880139,-591.2934786703385,-137.13221025836796,757.1435995328675,-262.2813233759614,74.09925060725163,0.683147111884691,8.431660002825486E-16
728.9203724880139,-170.54355922395732,132.9964725686576,728.9203724880139,-591.293093904657,-137.1328095648694,757.1433880696635,-262.2812546844581,74.09911017909457,0.6831476482823506,1.3127529173142557E-14
728.9203724880139,-170.54355922395732,132.9964725686576,728.9203724880139,-591.2936014930377,-137.13201895078035,757.1435652547729,-262.28136546277847,74.09928249125966,0.6831474444749486,2.5503044350724788E-14
728.9203724880139,-170.54355922395732,132.9964725686576,728.9203724880139,-591.2932862347511,-137.13250999401097,757.1434925664349,-262.2812997746044,74.09917346973594,0.6831475872350625,9.577641015597335E-15
728.9203724880139,-170.54355922395732,132.9964725686576,728.9203724880139,-591.2932891480589,-137.13250545627685,757.1436735474751,-262.2812205758089,74.09922571399318,0.6831458500737615,6.6126316862444565E-15
728.9203724880139,-170.54355922395732,132.9964725686576,728.9203724880139,-591.2933938520334,-137.13234237052396,757.1435331993898,-262.2813496623328,74.099193052998,0.6831480454033233,1.1714344457692831E-14
728.9203724880139,-170.54355922395732,132.9964725686576,728.9203724880139,-591.2934523796073,-137.13225120856154,757.1436629589597,-262.2812723361937,74.09927076691707,0.6831461716489758,8.420231909677469E-15
728.9203724880139,-170.54355922395732,132.9964725686576,728.9203724880139,-591.2933973581896,-137.13233690937162,757.143548399668,-262.28133493402277,74.09920419034742,0.6831477314297268,5.773119400559873E-15
728.9203724880139,-170.54355922395732,132.9964725686576,728.9203724880139,-591.2938498150108,-137.13163216601075,757.1436878416936,-262.2814455626723,74.09935015852179,0.6831477985121233,2.172364056775222E-14
728.9203724880139,-170.54355922395732,132.9964725686576,728.9203724880139,-591.2939556454766,-137.13146732489432,757.1436871564787,-262.28142672208025,74.09941300969442,0.68314699764046,1.8228087605560112E-15
728.9203724880139,-170.54355922395732,132.9964725686576,728.9203724880139,-591.2938253270277,-137.13167030837693,757.1437129129923,-262.28135746437886,74.09939497478956,0.683146186540663,3.3996101072552993E-15
728.9203724880139,-170.54355922395732,132.9964725686576,728.9203724880139,-591.2942425798431,-137.13102039634063,757.143924344024,-262.28146911943037,74.09952340089487,0.683146336421561,1.960177488729923E-14
728.9203724880139,-170.54355922395732,132.9964725686576,728.9203724880139,-591.2939832988911,-137.13142425202116,757.1437541294515,-262.28153000163513,74.09935996501679,0.6831487798323673,1.4303395793848548E-14
728.9203724880139,-170.54355922395732,132.9964725686576,728.9203724880139,-591.2938606461361,-137.13161529549953,757.1436689232546,-262.28143999389636,74.09935892825985,0.6831476688163581,4.2773486862039195E-15
728.9203724880139,-170.54355922395732,132.9964725686576,728.9203724880139,-591.2936051945687,-137.13201318530426,757.1436611997289,-262.2814470544336,74.09923188328338,0.6831488780901745,4.0863191370845096E-15
728.9203724880139,-170.54355922395732,132.9964725686576,728.9203724880139,-591.293860126315,-137.1316161051702,757.1438215729492,-262.2814166632437,74.0993736575926,0.6831470474165833,7.66905067562044E-15
728.9203724880139,-170.54355922395732,132.9964725686576,728.9203724880139,-591.2936886511449,-137.13188319394087,757.1437385037846,-262.2813795005684,74.09931527888386,0.6831471482239762,2.8986124079222523E-15
728.9203724880139,-170.54355922395732,132.9964725686576,728.9203724880139,-591.2941282579689,-137.1311984640516,757.1437500365982,-262.28151335847895,74.09944017115501,0.6831478617764589,2.3834604134055575E-14
728.9203724880139,-170.54355922395732,132.9964725686576,728.9203724880139,-591.2938930273137,-137.13156485871528,757.143953700639,-262.2813883421638,74.09940761913685,0.6831462150442307,1.1076851376235798E-14
728.9203724880139,-170.54355922395732,132.9964725686576,728.9203724880139,-591.2939639443251,-137.13145439863447,757.1439749338057,-262.281435914964,74.09941108777272,0.6831468045178059,1.2902363423726783E-15
728.9203724880139,-170.54355922395732,132.9964725686576,728.9203724880139,-591.2940574743026,-137.13130871658214,757.1439665144693,-262.2814006574819,74.09947857962004,0.6831457499394186,3.213146426908358E-15
728.9203724880139,-170.54355922395732,132.9964725686576,728.9203724880139,-591.2941432387274,-137.13117513003672,757.1438987107587,-262.2814913388071,74.09946149271585,0.6831472054298415,5.37578976176254E-15
728.9203724880139,-170.54355922395732,132.9964725686576,728.9203724880139,-591.2942325184559,-137.13103606796014,757.1438422369981,-262.28152046043164,74.09948561394788,0.68314745571316,1.035230763539517E-15
728.9203724880139,-170.54355922395732,132.9964725686576,728.9203724880139,-591.2939392006599,-137.13149293928532,757.1437387633304,-262.2814739339668,74.09937481219637,0.6831479092318682,7.202678755070376E-15
728.9203724880139,-170.54355922395732,132.9964725686576,728.9203724880139,-591.2942031251254,-137.1310818510137,757.143880957178,-262.28149434739544,74.09948828210304,0.6831470338657061,4.525130837106362E-15
728.9203724880139,-170.54355922395732,132.9964725686576,728.9203724880139,-591.2942844495816,-137.1309551800093,757.1438928292326,-262.281526144688,74.09950687026057,0.6831472890939313,9.949417122077537E-16
728.9203724880139,-170.54355922395732,132.9964725686576,728.9203724880139,-591.2940601585844,-137.13130453554967,757.1437897836582,-262.2815260992905,74.09939933155783,0.6831483432601535,2.48316313557557E-15
728.9203724880139,-170.54355922395732,132.9964725686576,728.9203724880139,-591.2939700676695,-137.13144486093242,757.1437502498748,-262.2814609805508,74.09939793199416,0.6831475194220789,2.267413966301549E-15
728.9203724880139,-170.54355922395732,132.9964725686576,728.9203724880139,-591.2938264606747,-137.1316685426137,757.1436691697942,-262.28146799020413,74.09932455919554,0.6831483465427944,1.5235909226386563E-15
728.9203724880139,-170.54355922395732,132.9964725686576,728.9203724880139,-591.2939209795868,-137.13152132036336,757.1437883978688,-262.28140903951595,74.09940773675174,0.6831466863841602,6.567141940561851E-15
728.9203724880139,-170.54355922395732,132.9964725686576,728.9203724880139,-591.2941790637127,-137.1311193290633,757.1439245409593,-262.2814998861348,74.09947318653442,0.6831471895020745,9.184286966227893E-15
728.9203724880139,-170.54355922395732,132.9964725686576,728.9203724880139,-591.2938784693164,-137.13158753419154,757.1437996608619,-262.28137502053266,74.0994091899594,0.6831461999268293,1.4327894732658113E-14
728.9203724880139,-170.54355922395732,132.9964725686576,728.9203724880139,-591.294095717121,-137.13124914963439,757.1438162272394,-262.2815200554235,74.09942026534219,0.6831480486606398,1.2042976683906448E-14
728.9203724880139,-170.54355922395732,132.9964725686576,728.9203724880139,-591.2940140719995,-137.13137631991148,757.1438932380769,-262.28139387075674,74.09946212149117,0.6831458862610735,1.2187698415586518E-14
728.9203724880139,-170.54355922395732,132.9964725686576,728.9203724880139,-591.2944210820173,-137.13074236108574,757.1439709917005,-262.2815344325457,74.09956707699482,0.6831467870272401,2.2496327767986255E-14
728.9203724880139,-170.54355922395732,132.9964725686576,728.9203724880139,-591.2941357254982,-137.1311868326355,757.1437992193266,-262.2814851677691,74.0994618513347,0.683147234322673,7.0999991497619174E-15
728.9203724880139,-170.54355922395732,132.9964725686576,728.9203724880139,-591.2944419651238,-137.13070983350113,757.1439155587638,-262.2816049975068,74.09953178877649,0.6831481139633461,1.4117710783253457E-14
728.9203724880139,-170.54355922395732,132.9964725686576,728.9203724880139,-591.294481473405,-137.13064829527812,757.1439588750846,-262.281579817105,74.0995669027165,0.6831474172868717,1.1849219230941414E-15
728.9203724880139,-170.54355922395732,132.9964725686576,728.9203724880139,-591.2943213865914,-137.1308976468807,757.1439419863922,-262.2814952549169,74.09954441653286,0.6831464871577271,5.0988768739327725E-15
728.9203724880139,-170.54355922395732,132.9964725686576,728.9203724880139,-591.2942341478564,-137.13103353000585,757.1438167361838,-262.2815346001369,74.09947731751484,0.6831477489799511,3.534434585687765E-15
728.9203724880139,-170.54355922395732,132.9964725686576,728.9203724880139,-591.2943386563815,-137.1308707474303,757.1438600876841,-262.28159519386884,74.09948853688368,0.683148421714126,2.3912972278671257E-15
728.9203724880139,-170.54355922395732,132.9964725686576,728.9203724880139,-591.2940689728787,-137.13129080642173,757.1438656356071,-262.2815198393839,74.09940757775811,0.683148098652556,8.435033750308941E-15
728.9203724880139,-170.54355922395732,132.9964725686576,728.9203724880139,-591.2944785992682,-137.13065277204308,757.143858579868,-262.2815628515479,74.0995764163971,0.6831472213134957,1.1926629228614631E-14
728.9203724880139,-170.54355922395732,132.9964725686576,728.9203724880139,-591.2946566629828,-137.1303754192011,757.1440565949212,-262.28161680322455,74.09962717657314,0.6831472805910623,3.896306144297541E-15
728.9203724880139,-170.54355922395732,132.9964725686576,728.9203724880139,-591.2943550214059,-137.13084525724045,757.1439993268497,-262.2815104048515,74.0995508210211,0.6831465700353212,1.2566897892678447E-14
728.9203724880139,-170.54355922395732,132.9964725686576,728.9203724880139,-591.2941681497791,-137.13113632860077,757.1441062355746,-262.2813844474285,74.09954206553448,0.6831448160535766,9.007126858009908E-15
728.9203724880139,-170.54355922395732,132.9964725686576,728.9203724880139,-591.2941284967861,-137.13119809206987,757.143920308534,-262.2814082410326,74.09950777254045,0.6831456524933147,1.0917899853719658E-15
728.9203724880139,-170.54355922395732,132.9964725686576,728.9203724880139,-591.2944838616576,-137.13064457532775,757.1440936353041,-262.28151354817146,74.09961059354751,0.6831459833108042,1.5269681998089737E-14
728.9203724880139,-170.54355922395732,132.9964725686576,728.9203724880139,-591.294543025647,-137.13055242127237,757.144046692488,-262.28153510705545,74.09962512699101,0.6831462034625121,4.964083641561737E-16
728.9203724880139,-170.54355922395732,132.9964725686576,728.9203724880139,-591.2942679180437,-137.1309809295458,757.1440201974685,-262.2815201576925,74.09950278561931,0.68314709554899,4.547626335875244E-15
728.9203724880139,-170.54355922395732,132.9964725686576,728.9203724880139,-591.2945099916393,-137.13060387517388,757.1440666180185,-262.28155469715955,74.09959670710697,0.683146692745783,4.679323124758351E-15
728.9203724880139,-170.54355922395732,132.9964725686576,728.9203724880139,-591.294649808336,-137.13038609603714,757.1440144022306,-262.2816754165073,74.0995862587678,0.683148479227236,8.447768314200672E-15
728.9203724880139,-170.54355922395732,132.9964725686576,728.9203724880139,-591.2943711102475,-137.13082019722995,757.1439331190579,-262.28152854163216,74.09954689303771,0.6831469267456494,1.5417762199283204E-14
728.9203724880139,-170.54355922395732,132.9964725686576,728.9203724880139,-591.2947555003655,-137.1302214694762,757.1440906016422,-262.28159383843837,74.09968932175721,0.6831463896992295,1.2780952357609396E-14
728.9203724880139,-170.54355922395732,132.9964725686576,728.9203724880139,-591.2946435253882,-137.13039588239118,757.1441436287278,-262.2815268596215,74.09967862068925,0.6831455140097595,2.837307758768816E-15
728.9203724880139,-170.54355922395732,132.9964725686576,728.9203724880139,-591.2946415750731,-137.13039892021268,757.1440158589877,-262.2816235289501,74.09961562255262,0.6831475194717429,9.781058328335895E-15
728.9203724880139,-170.54355922395732,132.9964725686576,728.9203724880139,-588.3738967097878,-141.62655828723584,756.7186264538092,-262.4418025817308,72.59546321854046,0.6991211128576442,6.775107299897185E-7
