717.7216156631918,-189.1458171818324,132.96552412536192,717.7216156631918,-309.44092927147415,166.93736551408466,707.9434475356662,-326.5562231423026,171.77079588877757,1.0,1.0
717.7216156631918,-189.1458171818324,132.96552412536192,717.7216156631918,-309.4396681289856,166.94183093325518,707.941839707354,-326.5559688565239,171.7762316973515,1.0,3.4862419281212616E-11
717.7216156631918,-189.1458171818324,132.96552412536192,717.7216156631918,-309.4436365798782,166.9277774086051,707.935188351878,-326.54962722987483,171.75710839750423,1.0,1.5006277102178448E-9
717.7216156631918,-189.1458171818324,132.96552412536192,717.7216156631918,-309.44416092819023,166.9259200577289,707.9328780669485,-326.54814602820846,171.75439971861792,1.0,5.491510721233763E-11
717.7216156631918,-189.1458171818324,132.96552412536192,717.7216156631918,-309.44437125722766,166.92517499767226,707.9321085304108,-326.54805581452433,171.75345544260506,1.0,1.38583473362691E-12
717.7216156631918,-189.1458171818324,132.96552412536192,717.7216156631918,-309.44443459622164,166.92495062503076,707.9314517275955,-326.54796876787475,171.75315417442047,1.0,3.2243487210543276E-13
717.7216156631918,-189.1458171818324,132.96552412536192,717.7216156631918,-309.4445228020228,166.92463816131374,707.9311789040969,-326.5475922769916,171.75266256665526,1.0,2.8906438216907154E-12
717.7216156631918,-189.1458171818324,132.96552412536192,717.7216156631918,-309.4445622964847,166.92449825356428,707.9308201093897,-326.5477865942118,171.75254488764853,1.0,5.636776242225529E-13
717.7216156631918,-189.1458171818324,132.96552412536192,717.7216156631918,-309.4446095443749,166.9243308787491,707.9306346539199,-326.54775269412863,171.75232891340642,1.0,9.79841052396696E-14
717.7216156631918,-189.1458171818324,132.96552412536192,717.7216156631918,-309.4446234757468,166.92428152694035,707.9305378643506,-326.5476061629365,171.75222668957701,1.0,3.3490976352890817E-13
717.7216156631918,-189.1458171818324,132.96552412536192,717.7216156631918,-309.44466336570565,166.9241402165516,707.9303880416064,-326.54743952005475,171.75200538685738,1.0,5.71519570189516E-13
717.7216156631918,-189.1458171818324,132.96552412536192,717.7216156631918,-309.4446564963226,166.9241645514224,707.9303775246639,-326.54742791023483,171.752032118921,1.0,3.995161443004155E-15
717.7216156631918,-189.1458171818324,132.96552412536192,717.7216156631918,-309.444669598685,166.92411813613202,707.9302045765116,-326.5474822778983,171.75199022757263,1.0,4.7703683077508216E-14
717.7216156631918,-189.1458171818324,132.96552412536192,717.7216156631918,-309.44472275259284,166.92392983701552,707.9300508855105,-326.5475176247393,171.75176799826897,1.0,1.0473113904357496E-13
717.7216156631918,-189.1458171818324,132.96552412536192,717.7216156631918,-309.44471553628506,166.92395540104178,707.930060441572,-326.5474005203494,171.7517664666903,1.0,1.5041032136623313E-13
717.7216156631918,-189.1458171818324,132.96552412536192,717.7216156631918,-309.4447146826577,166.92395842504558,707.9300462926292,-326.5473198655628,171.75174742829168,1.0,8.057868524407448E-14
717.7216156631918,-189.1458171818324,132.96552412536192,717.7216156631918,-309.444742528181,166.92385978118648,707.929994034492,-326.5473336020277,171.7516296602432,1.0,2.403045822373457E-14
717.7216156631918,-189.1458171818324,132.96552412536192,717.7216156631918,-309.44474110923034,166.92386480788227,707.9298822587377,-326.5474016400363,171.7516550650346,1.0,6.158478444604496E-14
717.7216156631918,-189.1458171818324,132.96552412536192,717.7216156631918,-309.44476417895555,166.92378308225418,707.9298666996833,-326.54731107870236,171.75152871877987,1.0,1.734733020640511E-13
717.7216156631918,-189.1458171818324,132.96552412536192,717.7216156631918,-309.44477684026293,166.92373822886427,707.9298781663989,-326.5474305958788,171.75150714407593,1.0,1.7177536474859422E-13
717.7216156631918,-189.1458171818324,132.96552412536192,717.7216156631918,-309.4447642152094,166.9237829538231,707.9299446842724,-326.5472929009031,171.75152342913108,1.0,2.2044059118143522E-13
717.7216156631918,-189.1458171818324,132.96552412536192,717.7216156631918,-309.44476841214055,166.92376808596666,707.9298128881692,-326.5473457604676,171.7515200157215,1.0,3.1540371741544624E-14
717.7216156631918,-189.1458171818324,132.96552412536192,717.7216156631918,-309.44480641889845,166.92363344464331,707.9296984959757,-326.547472741044,171.75138982316213,1.0,2.918738482287335E-13
717.7216156631918,-189.1458171818324,132.96552412536192,717.7216156631918,-309.4447774295004,166.92373614145595,707.929811539373,-326.5473837483258,171.7514913457136,1.0,1.5070210477750735E-13
717.7216156631918,-189.1458171818324,132.96552412536192,717.7216156631918,-309.4448138558002,166.9236070988851,707.9296293189436,-326.5474749643012,171.7513579617167,1.0,1.808082245967778E-13
717.7216156631918,-189.1458171818324,132.96552412536192,717.7216156631918,-309.44478851405233,166.9236968737554,707.9296916050771,-326.54731903615993,171.75142465457355,1.0,3.3249646015802947E-13
717.7216156631918,-189.1458171818324,132.96552412536192,717.7216156631918,-309.44480758519785,166.92362931294554,707.9296471448911,-326.54748772624384,171.75138895807547,1.0,3.4793961721266773E-13
717.7216156631918,-189.1458171818324,132.96552412536192,717.7216156631918,-309.44483460057785,166.92353360890468,707.9296215974393,-326.5472832058159,171.7512132058785,1.0,7.031531726082632E-13
717.7216156631918,-189.1458171818324,132.96552412536192,717.7216156631918,-309.44483607209867,166.92352839592178,707.9295981566048,-326.54736743526195,171.75123055363798,1.0,8.648555351802937E-14
717.7216156631918,-189.1458171818324,132.96552412536192,717.7216156631918,-309.44482758220767,166.92355847204348,707.9296755056656,-326.5472388445373,171.7512313442008,1.0,1.8065771165140862E-13
717.7216156631918,-189.1458171818324,132.96552412536192,717.7216156631918,-309.44485685096845,166.92345478498285,707.9296090902989,-326.54723894409307,171.75110350794824,1.0,1.4255688703702844E-14
717.7216156631918,-189.1458171818324,132.96552412536192,717.7216156631918,-309.4448370358929,166.9235249816014,707.9296403564528,-326.5471786511067,171.75117305319563,1.0,6.954848749129917E-14
717.7216156631918,-189.1458171818324,132.96552412536192,717.7216156631918,-309.44484641558745,166.9234917532421,707.9296345957497,-326.5472986714199,171.7511659561023,1.0,1.6211367172509603E-13
717.7216156631918,-189.1458171818324,132.96552412536192,717.7216156631918,-309.44485465985053,166.92346254721542,707.9296831348181,-326.5472106526967,171.75110509406298,1.0,1.2049055913936356E-13
717.7216156631918,-189.1458171818324,132.96552412536192,717.7216156631918,-309.4448529269191,166.9234686862795,707.9295927753988,-326.54732369344043,171.75114457368133,1.0,1.6790736369436753E-13
717.7216156631918,-189.1458171818324,132.96552412536192,717.7216156631918,-309.44483079165275,166.9235471023294,707.9296522396097,-326.5472332966961,171.75121575729665,1.0,1.3291704500118937E-13
717.7216156631918,-189.1458171818324,132.96552412536192,717.7216156631918,-309.44485111286303,166.92347511273366,707.9296130679837,-326.54726314776144,171.75113540782695,1.0,3.004551536625501E-14
717.7216156631918,-189.1458171818324,132.96552412536192,717.7216156631918,-309.4463527994465,166.91815480569593,707.9235903714914,-326.54202458624377,171.74309616966727,1.0,6.136836982087515E-10
717.7216156631918,-189.1458171818324,132.96552412536192,717.7216156631918,-309.44599137308285,166.91943538098607,707.9249499364635,-326.54305018505954,171.74496469993085,1.0,2.6258547259158377E-11
717.7216156631918,-189.1458171818324,132.96552412536192,717.7216156631918,-309.4732076283568,166.8228587565709,708.1383805839232,-326.10422528197967,171.50244108497262,1.0,2.819945003330896E-6
717.7216156631918,-189.1458171818324,132.96552412536192,717.7216156631918,-309.747369566558,165.83291773048808,709.0144006002607,-326.1687157055075,170.30820711443494,1.0,1.6011859547594219E-6
717.7216156631918,-189.1458171818324,132.96552412536192,717.7216156631918,-309.7934854420049,165.66323265949868,712.945557977527,-325.49873500221173,169.9196404291716,1.0,5.592495195213828E-6
717.7216156631918,-189.1458171818324,132.96552412536192,717.7216156631918,-309.8997795748771,165.26847393461543,716.3097174104901,-325.87190896630847,169.54118585109023,1.0,2.0142560862514837E-6
717.7216156631918,-189.1458171818324,132.96552412536192,717.7216156631918,-309.87012043766464,165.37914168640958,717.9505004044604,-325.84246378892595,169.66760237724827,1.0,2.9875645709946844E-8
717.7216156631918,-189.1458171818324,132.96552412536192,717.7216156631918,-309.92051004330756,165.19088004607048,718.0117808044371,-325.8575520494487,169.44323489627274,1.0,6.138978826490047E-8
717.7216156631918,-189.1458171818324,132.96552412536192,717.7216156631918,-309.9326855814829,165.14521371686533,717.4885578689025,-326.0445360633503,169.43768651726708,1.0,3.862526604108998E-7
717.7216156631918,-189.1458171818324,132.96552412536192,717.7216156631918,-309.9748802747847,164.98641593179582,717.0300007734105,-326.03296899780446,169.24196760500848,1.0,4.2837217811786214E-8
717.7216156631918,-189.1458171818324,132.96552412536192,717.7216156631918,-309.9942705604226,164.91315809100504,716.4074551102702,-326.1608338499419,169.18696906678926,1.0,2.1828492334102027E-7
717.7216156631918,-189.1458171818324,132.96552412536192,717.7216156631918,-309.9924726806006,164.91995816450643,716.0984384754979,-326.1355284863529,169.18852653990842,1.0,7.047564159039969E-9
717.7216156631918,-189.1458171818324,132.96552412536192,717.7216156631918,-310.0025648345227,164.88176680544478,715.9351516975128,-326.1906722854136,169.15677482914774,1.0,4.4237551375626734E-8
717.7216156631918,-189.1458171818324,132.96552412536192,717.7216156631918,-310.0474236944699,164.71141429501006,716.0191886169089,-325.668267197,168.8130767666063,1.0,4.164353600752311E-6
717.7216156631918,-189.1458171818324,132.96552412536192,717.7216156631918,-310.2215157476791,164.0408393577489,716.269938510262,-323.5379791581492,167.4586457645057,1.0,7.022916992914887E-5
717.7216156631918,-189.1458171818324,132.96552412536192,717.7216156631918,-310.5659453809544,162.66657575840628,716.8866532657678,-319.43635231102996,164.83640063129909,1.0,2.675486158864789E-4
717.7216156631918,-189.1458171818324,132.96552412536192,717.7216156631918,-311.01593324591545,160.762552932897,717.6813119528398,-313.1439517784812,161.24792698818712,1.0,6.291812529165114E-4
717.7216156631918,-189.1458171818324,132.96552412536192,717.7216156631918,-311.5536249243912,158.28999062834583,718.5343066171163,-305.132120176919,156.9614709458585,1.0,0.0010233967417383263
717.7216156631918,-189.1458171818324,132.96552412536192,717.7216156631918,-312.0350297966656,155.8399951117328,719.4107401013043,-296.2579085444087,152.90325807310973,1.0,0.0012255212665551133
717.7216156631918,-189.1458171818324,132.96552412536192,717.7216156631918,-312.4915448370622,153.23450212628458,720.2207778819272,-286.38612938104546,148.94468924308566,1.0,0.0014990538881930128
717.7216156631918,-189.1458171818324,132.96552412536192,717.7216156631918,-312.87664348037885,150.73298380531978,721.0452319269152,-276.64863396763735,145.53072566514015,1.0,0.0014203198237851386
717.7216156631918,-189.1458171818324,132.96552412536192,717.7216156631918,-313.2008100189244,148.30693058595253,721.9606603949584,-266.5997978189462,142.54396165350786,1.0,0.001488263366443827
717.7216156631918,-189.1458171818324,132.96552412536192,717.7216156631918,-313.4780283294149,145.8690612820087,722.8318198719204,-256.1399213089252,139.9183556072543,1.0,0.0015969593610248643
717.7216156631918,-189.1458171818324,132.96552412536192,717.7216156631918,-313.72825837429855,143.17411592470975,723.7068999335435,-245.5502764498063,137.58744431586553,1.0,0.0016201544217098638
717.7216156631918,-189.1458171818324,132.96552412536192,717.7216156631918,-313.96116241277736,139.75740125028304,724.4283990159824,-234.7988334094966,135.44975133337553,1.0,0.0016556972795182753
717.7216156631918,-189.1458171818324,132.96552412536192,717.7216156631918,-314.1276946858599,135.09397322465128,725.0922113777785,-223.63899098068157,133.5529450072528,1.0,0.001770654828104821
717.7216156631918,-189.1458171818324,132.96552412536192,717.7216156631918,-314.0664351939499,128.51140294710265,725.7220970818955,-212.8284300294731,132.12110605315098,0.47651327882098093,0.0016588047103605285
717.7216156631918,-189.1458171818324,132.96552412536192,717.7216156631918,-314.13457913261294,131.28940181147505,725.1696004693376,-209.20575823374904,132.69651662190643,0.318731503642763,1.640817936550447E-4
717.7216156631918,-189.1458171818324,132.96552412536192,717.7216156631918,-314.08628031953737,129.10797685594497,725.3708158742318,-208.41952496069518,132.37044678254827,0.2893940407127392,7.532403958684712E-6
717.7216156631918,-189.1458171818324,132.96552412536192,717.7216156631918,-314.08279326371843,128.99664424380404,725.2111626950436,-208.20289599698953,132.36013684064673,0.28211898214722675,5.541554782046215E-7
717.7216156631918,-189.1458171818324,132.96552412536192,717.7216156631918,-313.99606445255364,126.84868209374403,731.9680786421006,-209.5492064123135,131.96589207367808,0.3060508935498998,1.665429440373396E-5
717.7216156631918,-189.1458171818324,132.96552412536192,717.7216156631918,-311.4247941543685,107.02613726772825,737.5033588565697,-208.4807620377568,128.86394733018247,0.25212705501722554,2.8303508200684453E-5
717.7216156631918,-189.1458171818324,132.96552412536192,717.7216156631918,-309.50404397956186,99.21797247925997,741.9783821161612,-209.78505071514977,127.17843654411877,0.2761620997914759,3.179149622187122E-5
717.7216156631918,-189.1458171818324,132.96552412536192,717.7216156631918,-309.4639974640197,99.07547405778209,746.1386619721856,-210.97020306652098,126.8182442330664,0.28207602658099656,1.6354977590498915E-5
717.7216156631918,-189.1458171818324,132.96552412536192,717.7216156631918,-309.89867232196355,100.65843549907885,747.9306165384421,-211.4572639717919,126.99615894565395,0.2789701706671712,3.0052902913877648E-6
717.7216156631918,-189.1458171818324,132.96552412536192,717.7216156631918,-309.9638974615192,100.9032179461246,758.8356310993576,-211.62151606343627,127.00099681731228,0.17405118734588834,1.1634088906703434E-6
717.7216156631918,-189.1458171818324,132.96552412536192,717.7216156631918,-305.97999833632366,88.52709352796668,766.5566865890135,-212.6372349781182,124.030452821235,0.13934284315044332,3.658625829563023E-5
717.7216156631918,-189.1458171818324,132.96552412536192,717.7216156631918,-305.4504941282037,87.15916953999658,772.4420813017317,-214.6166772947413,122.93387896233784,0.12303307962049165,5.3742675531426006E-5
717.7216156631918,-189.1458171818324,132.96552412536192,717.7216156631918,-306.1142953961656,88.88179578685744,776.881668469945,-215.8725838026731,122.8925921947542,0.09893258493585069,1.4731852865891542E-5
717.7216156631918,-189.1458171818324,132.96552412536192,717.7216156631918,-306.8612659004529,90.91706240589087,780.0411262027889,-216.93912865596155,123.03763440231666,0.08339678269824898,1.2253812976397146E-5
717.7216156631918,-189.1458171818324,132.96552412536192,717.7216156631918,-307.2643468280489,92.0630430977289,782.4186285154587,-217.66910401835727,123.08838459296965,0.07127781544548131,5.552411867421906E-6
717.7216156631918,-189.1458171818324,132.96552412536192,717.7216156631918,-307.32795586032313,92.24719781670834,783.5341766031538,-218.27930616628146,122.9279082534276,0.06952530953956887,4.6259202964842E-6
717.7216156631918,-189.1458171818324,132.96552412536192,717.7216156631918,-308.4033488627499,95.51367320481398,787.600705190688,-219.66973503537037,123.37973776160914,0.04996020505704971,2.3395514466594592E-5
717.7216156631918,-189.1458171818324,132.96552412536192,717.7216156631918,-308.09518126561784,94.54614380679017,813.4849788196035,-220.45087199032457,122.85432415514583,0.03154800111370257,3.565627986539357E-5
717.7216156631918,-189.1458171818324,132.96552412536192,717.7216156631918,-303.8522084372747,83.29215293763814,828.3953071060633,-222.22708491948066,118.6397479091678,0.1288407918117906,6.766230082804164E-5
717.7216156631918,-189.1458171818324,132.96552412536192,717.7216156631918,-308.1996903079586,94.87122936002658,854.9061090821511,-227.78499020216316,120.60194444605236,1.0,1.0930269960846055E-4
717.7216156631918,-189.1458171818324,132.96552412536192,717.7216156631918,-310.43145723354996,102.71997044808221,874.7264978091484,-226.9363896403875,123.5415165734129,1.0,6.456891646289414E-8
717.7216156631918,-189.1458171818324,132.96552412536192,717.7216156631918,-311.06488267773955,105.38398195301934,884.7680995677783,-227.44008252919753,124.30227781239961,1.0,7.538871878176505E-7
717.7216156631918,-189.1458171818324,132.96552412536192,717.7216156631918,-311.33086197609737,106.58722189372733,892.2603701539553,-229.0089382360994,124.35954900920723,1.0,2.0862931950085213E-5
717.7216156631918,-189.1458171818324,132.96552412536192,717.7216156631918,-311.46365082952747,107.2099893467013,897.1347129662903,-230.13479956159966,124.33478623750287,1.0,1.220658589971159E-5
717.7216156631918,-189.1458171818324,132.96552412536192,717.7216156631918,-309.51519700507504,99.25777426026501,894.8522114942324,-230.31590518276872,121.43642070805228,1.0,9.761634426223196E-6
717.7216156631918,-189.1458171818324,132.96552412536192,717.7216156631918,-304.0438538223371,83.73706511883569,887.2331756562695,-230.50357272688112,115.2456515062886,1.0,6.143939734872954E-5
717.7216156631918,-189.1458171818324,132.96552412536192,717.7216156631918,-289.56538073612205,58.52822664912364,871.1107040797157,-229.55045870190625,103.01506214566504,1.0,5.671718867436579E-4
717.7216156631918,-189.1458171818324,132.96552412536192,717.7216156631918,-273.77874139754164,40.97493689656977,849.2992789311528,-229.4605190593412,89.14601612616468,1.0,8.226949245386951E-4
717.7216156631918,-189.1458171818324,132.96552412536192,717.7216156631918,-270.58088454933943,38.13235586209238,838.321844619233,-231.55146606302839,83.58308771728241,1.0,3.2714724975626934E-4
717.7216156631918,-189.1458171818324,132.96552412536192,717.7216156631918,-277.4720712163903,44.51512645399613,834.9002976824505,-234.8362187096187,87.21090417605564,1.0,2.978895253415778E-4
717.7216156631918,-189.1458171818324,132.96552412536192,717.7216156631918,-291.30203933706906,60.930072610361776,828.0423136056992,-236.97299458462942,99.24019397696344,0.007842085720984942,8.957914104077211E-4
717.7216156631918,-189.1458171818324,132.96552412536192,717.7216156631918,-296.56726722502873,69.04657489575496,818.5761827134215,-236.06270087751787,105.0485866259148,0.0023835574103870188,1.3498709976063577E-4
717.7216156631918,-189.1458171818324,132.96552412536192,717.7216156631918,-297.7497553970379,71.07703889468416,812.8645257657349,-234.4495729451664,107.14895738265815,0.016723649435606155,6.477428769402659E-5
717.7216156631918,-189.1458171818324,132.96552412536192,717.7216156631918,-298.69019690418054,72.75731146922998,805.8520107013094,-231.92472028290732,109.45321521792351,0.047965576535117356,1.2020396800100326E-4
717.7216156631918,-189.1458171818324,132.96552412536192,717.7216156631918,-290.743862959328,60.14494259655298,798.8140899332062,-229.3278931402084,104.16494911497276,0.14686697366022775,3.1260834966350987E-4
717.7216156631918,-189.1458171818324,132.96552412536192,717.7216156631918,-264.3523429103653,33.120752164865564,790.3644262545259,-227.12747626335093,82.54077636658107,0.8648758527401966,0.00497818928663628
717.7216156631918,-189.1458171818324,132.96552412536192,717.7216156631918,-244.40270377549473,20.84203647012022,782.0877677246856,-219.59210967273125,71.18599381351996,1.0,0.0025585968425579585
717.7216156631918,-189.1458171818324,132.96552412536192,717.7216156631918,-238.944233505368,18.313364391374265,782.9044971625714,-213.7408191647725,76.3398258765389,1.0,6.481075812896351E-4
717.7216156631918,-189.1458171818324,132.96552412536192,717.7216156631918,-239.90105899624132,18.73371844777982,784.0470302650791,-212.6929791654484,79.96932637682997,0.9553488476294933,1.743225244857449E-4
717.7216156631918,-189.1458171818324,132.96552412536192,717.7216156631918,-243.9713569500076,20.630488677251435,788.1801776427674,-214.67019297214918,80.66723994393539,0.7434046713611132,2.413091152501536E-5
717.7216156631918,-189.1458171818324,132.96552412536192,717.7216156631918,-249.23550686913498,23.356084781463807,796.2670646141518,-221.16168795566898,74.5654614209534,0.6911184433745594,8.954506399318055E-4
717.7216156631918,-189.1458171818324,132.96552412536192,717.7216156631918,-259.0735258385643,29.355121356049125,803.6298065868085,-231.63458052982307,70.01082464756738,0.625334377599188,0.0011693471226925686
717.7216156631918,-189.1458171818324,132.96552412536192,717.7216156631918,-260.935223046714,30.636245785449304,798.2411669841354,-233.51740318524088,69.71785798542919,1.0,1.714740693641621E-5
717.7216156631918,-189.1458171818324,132.96552412536192,717.7216156631918,-258.5405815484062,28.997419985160803,791.1579284824016,-229.27264084833408,72.8470148998465,1.0,2.849638785429849E-4
717.7216156631918,-189.1458171818324,132.96552412536192,717.7216156631918,-254.3737935423036,26.333863255253505,786.5109296049897,-224.98799024481912,74.37240724282972,1.0,1.4486429947754603E-4
717.7216156631918,-189.1458171818324,132.96552412536192,717.7216156631918,-251.5378438352014,24.650081966428303,783.5281725570396,-221.84604137424293,76.1964234552533,1.0,1.1869422591326479E-4
717.7216156631918,-189.1458171818324,132.96552412536192,717.7216156631918,-248.41708122035215,22.91136809626832,781.868513656755,-218.671720512062,78.14218899464424,1.0,1.2617833055785904E-4
717.7216156631918,-189.1458171818324,132.96552412536192,717.7216156631918,-243.5315403376371,20.416898559253084,780.2202956251384,-213.68964858267788,82.17325126401212,1.0,4.2773148308556416E-4
717.7216156631918,-189.1458171818324,132.96552412536192,717.7216156631918,-239.7737818485819,18.677251788685282,779.578301946534,-209.66091674134543,86.65445274603928,0.7697290550653789,4.2122919019298594E-4
717.7216156631918,-189.1458171818324,132.96552412536192,717.7216156631918,-244.15119461477067,20.71843751078646,785.073080689859,-210.47216011866902,89.44578161070052,0.46002095079687855,9.218167702527173E-5
717.7216156631918,-189.1458171818324,132.96552412536192,717.7216156631918,-250.81203136429747,24.23522462976436,790.5712797531223,-213.70184104558925,89.66817136057134,0.3376430468628728,3.2245992891755576E-5
717.7216156631918,-189.1458171818324,132.96552412536192,717.7216156631918,-256.7425403646556,27.81951604638266,797.9096830022461,-218.2890749672025,87.63348620600075,0.2489475341062606,1.943552609378556E-4
717.7216156631918,-189.1458171818324,132.96552412536192,717.7216156631918,-260.5895591676075,30.39461338030712,805.2643757326293,-224.75157756767155,81.84676733805821,0.23278228044356045,9.036811562284479E-4
717.7216156631918,-189.1458171818324,132.96552412536192,717.7216156631918,-261.63395057089554,31.13001696911806,807.5129955254521,-231.4334775401595,73.5573818860286,0.37538038194482637,0.001578280719629518
717.7216156631918,-189.1458171818324,132.96552412536192,717.7216156631918,-261.27282622624915,30.87392522365687,802.8893069059535,-233.43006408254223,70.28374053071403,0.6904665521160712,1.744644381594757E-4
717.7216156631918,-189.1458171818324,132.96552412536192,717.7216156631918,-259.151792704614,29.407987503908345,795.5717619432677,-228.73996433342907,74.3952047629474,0.9040017415464165,4.3447045414674013E-4
717.7216156631918,-189.1458171818324,132.96552412536192,717.7216156631918,-255.58445290472278,27.083950264368184,789.8935658566738,-221.59979287774857,81.24444365251097,0.7906302387878391,0.0012234406418152738
717.7216156631918,-189.1458171818324,132.96552412536192,717.7216156631918,-251.02935041814513,24.35876414150927,787.7697006112782,-215.33066777973937,87.01062085181749,0.5332073976275212,8.738418965878145E-4
717.7216156631918,-189.1458171818324,132.96552412536192,717.7216156631918,-257.98308421266177,28.627464589417457,794.4382846859444,-216.9232952840412,90.8626300245742,0.25537986054560824,1.9110175310413976E-4
717.7216156631918,-189.1458171818324,132.96552412536192,717.7216156631918,-274.88500624486613,42.00514011774378,803.6441435948709,-225.5569047161589,94.33713796436797,0.12027241111576478,8.638352430815713E-4
717.7216156631918,-189.1458171818324,132.96552412536192,717.7216156631918,-287.26819173625074,55.52522704559577,805.4300153926486,-228.26635915502104,102.09074754068973,0.06076248946642846,6.144678820542411E-4
717.7216156631918,-189.1458171818324,132.96552412536192,717.7216156631918,-293.0078324556451,63.412078608534344,803.0748038539008,-228.54949238023372,106.57800055527196,0.06312858747162088,8.66492225343562E-5
717.7216156631918,-189.1458171818324,132.96552412536192,717.7216156631918,-294.9719943938637,66.43868580662219,800.6747165794269,-227.99966625207762,108.54034121454,0.0737212917573194,2.633196665449232E-5
717.7216156631918,-189.1458171818324,132.96552412536192,717.7216156631918,-296.7326295001079,69.32530244761983,796.3981273689424,-226.2573336369845,111.0131576307013,0.09143202532185074,8.80018766851919E-5
717.7216156631918,-189.1458171818324,132.96552412536192,717.7216156631918,-297.00517900763276,69.78832834610085,793.7517807166532,-224.59636426643104,112.2008346655559,0.09713259384008724,4.8802579733529484E-5
717.7216156631918,-189.1458171818324,132.96552412536192,717.7216156631918,-297.07477222673197,69.90729180858942,793.1778185888206,-223.89293460905455,112.66428242286946,0.09277471997716413,8.403425492304646E-6
717.7216156631918,-189.1458171818324,132.96552412536192,717.7216156631918,-294.83625199327616,66.22324375251318,792.80132964447,-223.57296204912464,111.22518253940123,0.10386533650509824,1.2777337286440718E-5
717.7216156631918,-189.1458171818324,132.96552412536192,717.7216156631918,-292.2303267830527,62.26486019442052,792.7123516063235,-223.59252635041503,109.3401975086264,0.12061803051922178,1.3760261600900463E-5
717.7216156631918,-189.1458171818324,132.96552412536192,717.7216156631918,-291.0268755145207,60.54142625033582,793.0912266868804,-223.70703876641045,108.39701908933952,0.12513217000273644,4.822544788152347E-6
717.7216156631918,-189.1458171818324,132.96552412536192,717.7216156631918,-289.8961097632109,58.976480715093274,792.9706171175998,-223.64024243554707,107.63349319902116,0.13316646074093652,3.014866050126172E-6
717.7216156631918,-189.1458171818324,132.96552412536192,717.7216156631918,-287.7933685049723,56.195343599662536,793.0288521856723,-223.18594244973204,106.47458211126371,0.13781224462207609,1.365672629399078E-5
717.7216156631918,-189.1458171818324,132.96552412536192,717.7216156631918,-286.6332980671287,54.72748305428841,792.961354305258,-223.14819223845632,105.67710522238227,0.1467014285031712,3.2940584303545245E-6
717.7216156631918,-189.1458171818324,132.96552412536192,717.7216156631918,-285.9377794598245,53.86864657399616,792.9526120193119,-223.097152524663,105.22102395080739,0.15112464152159957,1.2690361684209592E-6
717.7216156631918,-189.1458171818324,132.96552412536192,717.7216156631918,-285.5493946326596,53.39574182905069,792.9199311124735,-223.08297186842705,104.9544058497361,0.1544382334204387,3.840729270844874E-7
717.7216156631918,-189.1458171818324,132.96552412536192,717.7216156631918,-285.33651812475046,53.13852961780135,792.8851204500293,-223.0819085517904,104.80255044035562,0.15671743350822478,1.1246587156841728E-7
717.7216156631918,-189.1458171818324,132.96552412536192,717.7216156631918,-285.2134271570276,52.99043854457763,792.8754411484333,-223.06978477930144,104.72424475401232,0.15760586112274505,4.152445236355118E-8
717.7216156631918,-189.1458171818324,132.96552412536192,717.7216156631918,-285.1519509146072,52.91664976922522,792.8732455567925,-223.065203649567,104.68390710753167,0.15804183081872233,1.012895455615153E-8
717.7216156631918,-189.1458171818324,132.96552412536192,717.7216156631918,-285.1035535061812,52.85864027942294,792.8688155924955,-223.06452094248584,104.64970753319807,0.15849936965633396,5.920559840866801E-9
717.7216156631918,-189.1458171818324,132.96552412536192,717.7216156631918,-285.040073946074,52.78266112064186,792.8712187921466,-223.05001570483563,104.61621732445113,0.15864495636429948,1.2506567505622175E-8
717.7216156631918,-189.1458171818324,132.96552412536192,717.7216156631918,-284.9218480726281,52.64148098256844,792.8975676903673,-222.98704193064822,104.58405987541582,0.15771001985550398,5.588396430620098E-8
717.7216156631918,-189.1458171818324,132.96552412536192,717.7216156631918,-282.6889511669809,50.05182149282632,793.2293191838979,-221.69830119644587,104.11202238180749,0.14081997403042157,1.9538302093618338E-5
717.7216156631918,-189.1458171818324,132.96552412536192,717.7216156631918,-279.5180582448668,46.606633180394354,794.2555326999253,-222.83534438902808,100.77211858566264,0.17863897831803302,1.1991111570595824E-4
717.7216156631918,-189.1458171818324,132.96552412536192,717.7216156631918,-279.7542385755952,46.85446808416411,791.964479555473,-227.0806318198264,96.91361085993981,0.3717396525768645,4.2134056558594513E-4
717.7216156631918,-189.1458171818324,132.96552412536192,717.7216156631918,-283.6778595400765,51.181094265032456,787.6161597979749,-233.76799944147425,94.36062737089912,0.8118425072734181,5.748588066692491E-4
717.7216156631918,-189.1458171818324,132.96552412536192,717.7216156631918,-286.90051061124063,55.06160950919896,783.4732243185886,-238.94662799645218,93.27762805191699,1.0,2.7174749834428335E-4
717.7216156631918,-189.1458171818324,132.96552412536192,717.7216156631918,-286.36672239794024,54.39647430954339,783.7380640209992,-238.24658796541203,93.28474870864648,1.0,3.560004029571064E-6
717.7216156631918,-189.1458171818324,132.96552412536192,717.7216156631918,-286.2831978955959,54.29323378073444,783.0801741104785,-239.09517141812526,92.51116896229865,1.0,1.56848295591274E-5
717.7216156631918,-189.1458171818324,132.96552412536192,717.7216156631918,-285.9308373912472,53.860152227726815,782.9592693566544,-239.4829841347694,91.82341036158257,1.0,6.428003728004335E-6
717.7216156631918,-189.1458171818324,132.96552412536192,717.7216156631918,-286.2637712963152,54.26925363801794,782.3577814752798,-239.83439512199314,91.89173837102587,1.0,1.1684210461022784E-6
717.7216156631918,-189.1458171818324,132.96552412536192,717.7216156631918,-286.5939139176953,54.67843424102722,780.5645504883324,-239.71755457169235,92.33759722620167,1.0,1.5078264457790652E-6
717.7216156631918,-189.1458171818324,132.96552412536192,717.7216156631918,-287.3996941803538,55.69214154921592,777.5734512566617,-239.2071921609887,93.59392985116892,1.0,1.5555704087971123E-5
717.7216156631918,-189.1458171818324,132.96552412536192,717.7216156631918,-288.400306499766,56.98166827271248,773.1953666175762,-238.27312592358777,95.3563200327902,1.0,3.627847909652643E-5
717.7216156631918,-189.1458171818324,132.96552412536192,717.7216156631918,-289.58598751880174,58.55603425558404,768.0644122640751,-236.69128347110333,97.7422277058497,1.0,8.157010073339737E-5
717.7216156631918,-189.1458171818324,132.96552412536192,717.7216156631918,-290.37854468580906,59.637938033185065,762.6622756581736,-234.43983839197384,100.15695201989274,1.0,1.2024004609392603E-4
717.7216156631918,-189.1458171818324,132.96552412536192,717.7216156631918,-291.01519354514403,60.52499569444855,757.8136764266735,-231.70418072343813,102.70176425788554,1.0,1.621042286798689E-4
717.7216156631918,-189.1458171818324,132.96552412536192,717.7216156631918,-291.6907048299954,61.48443559681738,753.9723052097006,-228.03587019410676,105.85638796063989,1.0,2.8670797258126854E-4
717.7216156631918,-189.1458171818324,132.96552412536192,717.7216156631918,-292.2652980252633,62.31587677605597,749.7159616763176,-224.48896159597936,108.75108211448418,1.0,2.545388312503605E-4
717.7216156631918,-189.1458171818324,132.96552412536192,717.7216156631918,-292.84652235461454,63.17180129395172,745.4081288483707,-220.77915051572333,111.67533043515868,1.0,2.720928488352642E-4
717.7216156631918,-189.1458171818324,132.96552412536192,717.7216156631918,-293.18815718608016,63.68210990203927,740.9836598759107,-216.6734173837434,114.63446652626183,0.9113670845409202,3.156695198899914E-4
717.7216156631918,-189.1458171818324,132.96552412536192,717.7216156631918,-294.1047914321465,65.07875277540083,739.0566468579236,-214.09269819772496,116.83004624443632,0.7060831844940042,1.3871535009559412E-4
717.7216156631918,-189.1458171818324,132.96552412536192,717.7216156631918,-293.54586063304316,64.22229953278622,739.19963506524,-213.73443194395327,116.77491144805279,0.6868009473591717,1.2820089111882806E-6
717.7216156631918,-189.1458171818324,132.96552412536192,717.7216156631918,-293.33818026394,63.90792877650648,739.2048705339744,-213.573166912132,116.77533529366545,0.6782440908832279,2.1350209627188625E-7
717.7216156631918,-189.1458171818324,132.96552412536192,717.7216156631918,-292.85806388462083,63.1889529581001,738.9420836901802,-213.47907707574277,116.59434815822067,0.6833280519207341,3.7679965309609176E-7
717.7216156631918,-189.1458171818324,132.96552412536192,717.7216156631918,-291.78733405289245,61.62325744979364,738.3657235396827,-213.35060145075812,116.14168688309314,0.7008724852738368,1.5507426934400088E-6
717.7216156631918,-189.1458171818324,132.96552412536192,717.7216156631918,-291.0987247228413,60.64260490928987,733.028362748025,-215.71859605160756,114.11543945492451,1.0,1.1005051957482315E-4
717.7216156631918,-189.1458171818324,132.96552412536192,717.7216156631918,-291.83992344992146,61.698978412815805,732.7648273762626,-215.88443706575674,114.40974575115331,1.0,1.0893264535462486E-6
717.7216156631918,-189.1458171818324,132.96552412536192,717.7216156631918,-292.406841845132,62.522917803013016,734.4891730238216,-215.66048282652486,114.87774938297542,0.9453171303375488,2.2558361338878203E-6
717.7216156631918,-189.1458171818324,132.96552412536192,717.7216156631918,-292.5722631653741,62.766020770897015,735.6834049799905,-215.16903284544802,115.30256763585197,0.8774097018944272,4.85618274373071E-6
717.7216156631918,-189.1458171818324,132.96552412536192,717.7216156631918,-290.19077180725793,59.37940352680272,731.3493459896038,-215.86079339317777,113.51030769656418,1.0,2.8345203011483564E-5
717.7216156631918,-189.1458171818324,132.96552412536192,717.7216156631918,-291.9798487340945,61.90103260738675,732.9615030324446,-215.99483683079464,114.41123912545953,1.0,4.420608695124811E-6
717.7216156631918,-189.1458171818324,132.96552412536192,717.7216156631918,-294.0022498191773,64.92047629254786,736.5498345852403,-215.40840147134563,115.92280429172169,0.8538078164022065,1.9016626192077197E-5
717.7216156631918,-189.1458171818324,132.96552412536192,717.7216156631918,-289.119886683407,57.93096257340552,731.3201866204543,-217.1884259531616,111.91841796653347,1.0,1.704963630608365E-4
717.7216156631918,-189.1458171818324,132.96552412536192,717.7216156631918,-290.37833647355825,59.63765058568839,737.9367661928403,-215.5841627861416,113.81488284294721,0.9341893133831393,6.070317604215933E-5
717.7216156631918,-189.1458171818324,132.96552412536192,717.7216156631918,-288.0424617654356,56.5164973813642,730.7196727850901,-217.3480631665191,111.16464031780774,1.0,9.635192248714986E-5
717.7216156631918,-189.1458171818324,132.96552412536192,717.7216156631918,-291.4144756854655,61.0897876917971,741.5489894247969,-215.38803407457772,114.52215454944832,0.8263799117558811,1.1424530989236902E-4
717.7216156631918,-189.1458171818324,132.96552412536192,717.7216156631918,-286.96420323630565,55.141598821519565,731.1346016984683,-217.47882105761963,110.42389707342073,1.0,1.732510940032311E-4
717.7216156631918,-189.1458171818324,132.96552412536192,717.7216156631918,-287.8815850750617,56.30883401592433,732.7149356758192,-216.14036000255174,112.00744228928875,1.0,4.9426616776367776E-5
717.7216156631918,-189.1458171818324,132.96552412536192,717.7216156631918,-289.43201288148975,58.34864297846579,737.7048119451981,-215.89065993716926,113.0663072965176,0.994271350885193,6.3417503330758045E-6
717.7216156631918,-189.1458171818324,132.96552412536192,717.7216156631918,-289.2264179201003,58.073112254282464,739.3633121798849,-215.81328492056554,113.00969889334712,0.9611634404882765,8.475766441171009E-8
717.7216156631918,-189.1458171818324,132.96552412536192,717.7216156631918,-289.60501384952903,58.58172343676411,740.6593503653315,-216.13410061130895,112.98237512422031,0.9577981749498881,8.431355483234735E-7
717.7216156631918,-189.1458171818324,132.96552412536192,717.7216156631918,-289.9121332917422,58.998304780318705,741.2764618336017,-216.0594127039944,113.20967812241616,0.929936318638495,4.397173847968111E-7
717.7216156631918,-189.1458171818324,132.96552412536192,717.7216156631918,-287.9544780656298,56.40281430948143,746.3311008537846,-216.26784079155271,111.94979934297106,0.8900979828084712,8.216115223859216E-6
717.7216156631918,-189.1458171818324,132.96552412536192,717.7216156631918,-287.3864296403708,55.6752785327177,747.3524778711064,-216.74627915041293,111.25101695123021,0.9262029753601632,7.690272679188744E-6
717.7216156631918,-189.1458171818324,132.96552412536192,717.7216156631918,-287.2506036868242,55.50294693605083,747.3738818623331,-217.02490122325548,110.95247281092742,0.9569173215835555,1.9278635615001027E-6
717.7216156631918,-189.1458171818324,132.96552412536192,717.7216156631918,-287.1792105491087,55.4126145416663,747.3140105946736,-217.08598140426457,110.86243297173891,0.9666404359219082,1.2673649212008528E-7
717.7216156631918,-189.1458171818324,132.96552412536192,717.7216156631918,-285.6699452232577,53.54202189936754,750.3934929521845,-216.705300304817,110.28859646406025,0.8897675063197302,4.567927752548251E-6
717.7216156631918,-189.1458171818324,132.96552412536192,717.7216156631918,-284.99298066487506,52.72637375439341,752.6193557266761,-217.60963110042994,109.13683517777835,0.9331110900832511,2.3986745505389562E-5
717.7216156631918,-189.1458171818324,132.96552412536192,717.7216156631918,-284.94744353377814,52.67201013872554,753.6630025843192,-217.87631997065532,108.88583868199893,0.9289176949109738,1.542961775899399E-6
717.7216156631918,-189.1458171818324,132.96552412536192,717.7216156631918,-286.0015253796034,53.94671756952839,755.0236864632989,-218.39781876111283,109.10055739109058,0.9063904442862536,3.358907947036718E-6
717.7216156631918,-189.1458171818324,132.96552412536192,717.7216156631918,-283.06971203305716,50.483392872731926,759.251459070735,-218.1994262906372,107.45121167408482,0.8359125886681814,1.6122459540403603E-5
717.7216156631918,-189.1458171818324,132.96552412536192,717.7216156631918,-283.1983894735682,50.63015113593653,761.2857430611389,-218.57975553125175,107.19850645113999,0.7994972677419536,2.250198468925706E-6
717.7216156631918,-189.1458171818324,132.96552412536192,717.7216156631918,-283.25205772069455,50.69149729038915,762.3323967057792,-218.69808373368673,107.12893818377958,0.7738886954441965,2.0056012250724323E-7
717.7216156631918,-189.1458171818324,132.96552412536192,717.7216156631918,-283.3853542695416,50.84421355682386,763.1259324731171,-218.77213032204793,107.14884741435432,0.7507630799070854,5.1851642875020575E-8
717.7216156631918,-189.1458171818324,132.96552412536192,717.7216156631918,-283.0380365851593,50.44733742983695,763.1104952012039,-218.72006899946604,106.97387488779486,0.755917655039239,2.815615159809418E-7
717.7216156631918,-189.1458171818324,132.96552412536192,717.7216156631918,-281.3189724803814,48.5314703182068,768.4649595632739,-217.8341978913821,106.68589560852843,0.5661259846165765,6.368538609531142E-6
717.7216156631918,-189.1458171818324,132.96552412536192,717.7216156631918,-280.612920349306,47.76711429189885,772.2133680462705,-218.62523094443662,105.50648050835875,0.5227054246006194,2.1096935272294327E-5
717.7216156631918,-189.1458171818324,132.96552412536192,717.7216156631918,-280.7346938109454,47.89803516620006,773.9799883883588,-219.0768960887585,105.16562289105198,0.49654712128691325,3.592061596199939E-6
717.7216156631918,-189.1458171818324,132.96552412536192,717.7216156631918,-280.9210431896766,48.09911209322097,774.5202655539756,-219.41087875591472,104.9788081296459,0.4968983920717164,1.6262392357256276E-6
717.7216156631918,-189.1458171818324,132.96552412536192,717.7216156631918,-281.766862539533,49.0230321630264,775.6310596418501,-219.8023015311834,105.18153959840575,0.4714238130012773,2.099301806859384E-6
717.7216156631918,-189.1458171818324,132.96552412536192,717.7216156631918,-278.60178316739666,45.657848921004486,784.9658135860376,-218.86911062254822,103.95603748984118,0.2486517517504406,1.6432401458495975E-5
717.7216156631918,-189.1458171818324,132.96552412536192,717.7216156631918,-278.1325587389227,45.17964925330966,788.5576510107045,-219.37849353482966,103.14083454878303,0.2005958761191472,9.295139334416063E-6
717.7216156631918,-189.1458171818324,132.96552412536192,717.7216156631918,-278.63179637822157,45.68861121442421,790.4019173650051,-220.08047770039315,102.79452196107212,0.18258526839524505,6.345455417306834E-6
717.7216156631918,-189.1458171818324,132.96552412536192,717.7216156631918,-278.72518834250536,45.78446963266617,791.5435060075213,-220.28739948135112,102.65769824686294,0.16744635142893874,6.711214998203283E-7
717.7216156631918,-189.1458171818324,132.96552412536192,717.7216156631918,-279.32190182948557,46.40182643620767,793.2376030666911,-220.52937119572871,102.83917197018587,0.14075616127494767,9.844416958957384E-7
717.7216156631918,-189.1458171818324,132.96552412536192,717.7216156631918,-279.43844874927055,46.52340080214138,793.8472291866093,-220.59146216511124,102.86087134876632,0.13196088841734152,4.008295629277188E-8
717.7216156631918,-189.1458171818324,132.96552412536192,717.7216156631918,-281.2875496683192,48.497180147344295,797.6245182707892,-221.44625624633204,103.3550042890729,0.08535485271324848,9.797409081030141E-6
717.7216156631918,-189.1458171818324,132.96552412536192,717.7216156631918,-277.05459121995204,44.10019091203954,820.528834873802,-218.34051772817355,103.45314813671749,0.0283772303742972,1.6107623277244587E-7
717.7216156631918,-189.1458171818324,132.96552412536192,717.7216156631918,-276.04824329859883,43.11582554478821,834.8506556733867,-218.29506937053517,102.82768287010185,0.15095393527636206,1.3546081496220461E-6
717.7216156631918,-189.1458171818324,132.96552412536192,717.7216156631918,-281.6400305791295,48.88329955907636,854.5570025941936,-219.17963063737366,105.6631691477202,1.0,1.139840287325822E-5
717.7216156631918,-189.1458171818324,132.96552412536192,717.7216156631918,-287.7490487187161,56.138427795462135,870.4614338129189,-218.4510261001321,110.13225513973163,1.0,6.159523453328383E-5
717.7216156631918,-189.1458171818324,132.96552412536192,717.7216156631918,-288.5850609030631,57.22361493269847,872.1651939308485,-217.97135804480232,111.00938873284855,1.0,9.675487750568046E-6
717.7216156631918,-189.1458171818324,132.96552412536192,717.7216156631918,-288.69473312426277,57.36781692013683,864.9708452669771,-219.39009173621778,109.99794290409477,1.0,2.8270143545629697E-5
717.7216156631918,-189.1458171818324,132.96552412536192,717.7216156631918,-288.89881491706035,57.637312658238926,850.6252513415228,-222.71087310329912,107.61896123740627,1.0,1.296962343048051E-4
717.7216156631918,-189.1458171818324,132.96552412536192,717.7216156631918,-287.4931658569211,55.8111398780586,834.8346259199328,-226.36072786943862,103.77009021075207,1.0,2.229284884797604E-4
717.7216156631918,-189.1458171818324,132.96552412536192,717.7216156631918,-282.56779341952733,49.91533233844572,807.4576209374019,-230.79235911923521,95.94261544311573,0.09479135270636206,3.605935870073349E-4
717.7216156631918,-189.1458171818324,132.96552412536192,717.7216156631918,-279.0892904367244,46.16015782323447,770.7053402823493,-239.32563820180275,84.53646544014148,1.0,8.840459554058817E-4
717.7216156631918,-189.1458171818324,132.96552412536192,717.7216156631918,-276.0322699123231,43.10037886919376,777.9830087179224,-237.8535000489075,82.58801579827801,1.0,5.937993106083178E-5
717.7216156631918,-189.1458171818324,132.96552412536192,717.7216156631918,-276.5622740555485,43.61585670770596,806.8313715719765,-227.7314712500456,93.52655025951333,0.09764619472378301,0.0017721648160305998
717.7216156631918,-189.1458171818324,132.96552412536192,717.7216156631918,-276.5091132041467,43.56387700341293,810.985394332815,-222.72282069997118,98.60510554437849,0.010268025272181031,6.580930208172195E-4
717.7216156631918,-189.1458171818324,132.96552412536192,717.7216156631918,-275.1316533461902,42.2382626263162,805.8794439132121,-221.63282558125326,98.68711924084084,0.036044945718454825,5.862449570949733E-6
717.7216156631918,-189.1458171818324,132.96552412536192,717.7216156631918,-275.2840585600399,42.38294648335804,800.8202816023203,-223.17183321809725,97.18392247969842,0.11394634423397706,5.084402493139539E-5
717.7216156631918,-189.1458171818324,132.96552412536192,717.7216156631918,-274.6397188703054,41.774555416384445,798.7849820007262,-222.84554979923016,97.02013852567336,0.14473422308965478,1.2555874765260741E-6
717.7216156631918,-189.1458171818324,132.96552412536192,717.7216156631918,-268.6674147251644,36.52219608160179,796.5856532622803,-223.61858580151502,91.15715211984417,0.28951354798344014,3.128361313593679E-4
717.7216156631918,-189.1458171818324,132.96552412536192,717.7216156631918,-254.93655274900445,26.68015771243354,791.8583980927177,-221.77715480976772,80.249383373477,0.7300507831359709,0.0014102728606899455
717.7216156631918,-189.1458171818324,132.96552412536192,717.7216156631918,-241.25907304215386,19.346826000288004,790.1582463055418,-216.64433238789059,73.0125343052857,1.0,0.001026247244447179
717.7216156631918,-189.1458171818324,132.96552412536192,717.7216156631918,-232.305550066047,15.652961041252112,792.5819995389694,-213.33163291134545,67.22600620200424,1.0,5.606373486553305E-4
717.7216156631918,-189.1458171818324,132.96552412536192,717.7216156631918,-228.94015382685558,14.469065228977314,794.8070548183919,-212.10137396039042,64.61026507132729,1.0,1.0003027870493783E-4
717.7216156631918,-189.1458171818324,132.96552412536192,717.7216156631918,-227.15512553146573,13.884490880002105,797.5076977754954,-211.55377480574614,62.76264849740727,0.9086311846107075,4.3616081269167276E-5
717.7216156631918,-189.1458171818324,132.96552412536192,717.7216156631918,-228.24374864234943,14.237466129331722,801.4134413794102,-212.7537188074722,61.275789945842405,0.7330493302809301,3.59156026565417E-5
717.7216156631918,-189.1458171818324,132.96552412536192,717.7216156631918,-236.430200663468,17.253869229402426,804.4622629116066,-218.12895951204115,62.039626055524536,0.6016185385198332,8.36995496610433E-5
717.7216156631918,-189.1458171818324,132.96552412536192,717.7216156631918,-249.0268479352705,23.24195256525546,806.9833190930497,-222.98607480708478,70.95800884985658,0.345898560848415,0.0014276645358133454
717.7216156631918,-189.1458171818324,132.96552412536192,717.7216156631918,-258.3889015704161,28.89633913597386,800.3432458996231,-227.459888834587,75.38122894649803,0.5784901753902852,4.6181999483286916E-4
717.7216156631918,-189.1458171818324,132.96552412536192,717.7216156631918,-268.2721373437437,36.197629358374726,791.8578033598419,-233.9593692886789,78.1605858249749,1.0,4.5364385858696703E-4
717.7216156631918,-189.1458171818324,132.96552412536192,717.7216156631918,-273.52520735705536,40.742324692369536,786.0005989126023,-238.78582554115607,78.71103874367472,1.0,1.5071788835084696E-4
717.7216156631918,-189.1458171818324,132.96552412536192,717.7216156631918,-272.90267968975957,40.17658091105335,787.1801244319869,-237.45543273866667,79.44634921376687,1.0,2.462003383342157E-5
717.7216156631918,-189.1458171818324,132.96552412536192,717.7216156631918,-268.07104596139766,36.03354662519284,792.4007779259014,-232.48464073081513,79.7389711702001,1.0,1.2663381331683022E-4
717.7216156631918,-189.1458171818324,132.96552412536192,717.7216156631918,-269.56124942299044,37.26621243782827,794.833569542988,-231.61073521408142,82.4296591390663,0.7438098445940836,8.244682591525438E-5
717.7216156631918,-189.1458171818324,132.96552412536192,717.7216156631918,-269.9075554786005,37.558283167013585,796.3353275505838,-228.5328651694166,86.43594641641045,0.4877574102474178,3.237852268300693E-4
717.7216156631918,-189.1458171818324,132.96552412536192,717.7216156631918,-266.2886279552956,34.60909705539537,797.5842683367774,-224.86668763326142,87.42171836815339,0.35361328779051243,1.1186668777226269E-4
717.7216156631918,-189.1458171818324,132.96552412536192,717.7216156631918,-257.75560436256626,28.477739657442413,799.26454267647,-220.538110290141,85.15731350354292,0.2873077085532932,2.2572506522919208E-4
717.7216156631918,-189.1458171818324,132.96552412536192,717.7216156631918,-247.05552380518753,22.18887550844022,804.9563257845484,-214.5979900806485,84.27754799577517,0.12364892343808431,1.3516382583843555E-4
717.7216156631918,-189.1458171818324,132.96552412536192,717.7216156631918,-238.77377823713718,18.239478776046624,810.0256016089261,-210.35395615086375,83.93820441693734,0.04427038108647949,4.075223261357955E-5
717.7216156631918,-189.1458171818324,132.96552412536192,717.7216156631918,-231.44896485822136,15.341361230701438,816.0947916566632,-206.45260295857372,84.84389958434423,0.002343283543119091,4.741884102953672E-5
717.7216156631918,-189.1458171818324,132.96552412536192,717.7216156631918,-225.39745758128305,13.337690539908593,821.9988138133721,-203.46485503072222,85.71371819282936,0.00789026129790047,2.8208369337153395E-5
717.7216156631918,-189.1458171818324,132.96552412536192,717.7216156631918,-220.40975731334714,11.938394739207084,825.2708509628029,-201.11131887137194,86.64537653493113,0.027861393132402084,2.4612376246773003E-5
717.7216156631918,-189.1458171818324,132.96552412536192,717.7216156631918,-212.41212279802568,10.149893919048637,831.3807072551525,-197.74075754948623,87.59549266216314,0.08342106035572427,2.2555166115295662E-5
717.7216156631918,-189.1458171818324,132.96552412536192,717.7216156631918,-213.7670189923573,10.41432494148853,833.2434157318585,-198.39861507190238,86.91003560938861,0.09606811334702743,7.365611960148256E-6
717.7216156631918,-189.1458171818324,132.96552412536192,717.7216156631918,-225.1532634242775,13.26396266897396,829.3553114740911,-203.2793224434166,85.98072444608258,0.04949381626425428,5.65351323004332E-5
717.7216156631918,-189.1458171818324,132.96552412536192,717.7216156631918,-245.28985600373346,21.283623600859443,821.9750038648114,-212.5036178518176,86.50211277065819,0.00285831880741069,2.1309635237664655E-4
717.7216156631918,-189.1458171818324,132.96552412536192,717.7216156631918,-260.56270008535665,30.37591043886681,814.0613532130155,-218.40049690302345,90.94147926228055,0.008116560399149523,5.938128769732068E-4
717.7216156631918,-189.1458171818324,132.96552412536192,717.7216156631918,-268.1228737748468,36.07576960041851,806.973664665325,-220.92932432454418,93.97323525255132,0.049322890848061414,1.7476316411281322E-4
717.7216156631918,-189.1458171818324,132.96552412536192,717.7216156631918,-268.79145345446994,36.62460539024333,800.7137251493464,-221.81795291109245,93.44466999569514,0.1429918490581017,7.91510635994016E-6
717.7216156631918,-189.1458171818324,132.96552412536192,717.7216156631918,-264.63323370758627,33.33294940068997,788.8763695232759,-228.74798456561933,80.69633698503921,1.0,0.002779989145103396
717.7216156631918,-189.1458171818324,132.96552412536192,717.7216156631918,-261.99923756074116,31.391023688027758,781.8332501705659,-229.2740239371791,77.01753248102713,1.0,1.1723932219348074E-4
717.7216156631918,-189.1458171818324,132.96552412536192,717.7216156631918,-260.7910584382598,30.535258064454354,785.8967318753868,-224.2303430787444,82.80563549606512,1.0,7.612800658117739E-4
717.7216156631918,-189.1458171818324,132.96552412536192,717.7216156631918,-249.63617832014788,23.576693757009537,789.606490598044,-216.76766349695723,83.01506252839829,0.6269611402128769,1.5853222182111063E-4
717.7216156631918,-189.1458171818324,132.96552412536192,717.7216156631918,-237.64701682375045,17.75860752182284,793.0698674216566,-213.60135762318467,74.87526184479105,0.7120091298876297,0.0010224713158696267
717.7216156631918,-189.1458171818324,132.96552412536192,717.7216156631918,-248.09349178691355,22.73770704340447,794.5618803564105,-228.2363335174286,59.86913290812544,1.0,0.006633676581996682
717.7216156631918,-189.1458171818324,132.96552412536192,717.7216156631918,-255.21706693246958,26.854309089490584,792.676671579614,-229.6937884594959,67.84499869635727,1.0,7.458092706331782E-4
717.7216156631918,-189.1458171818324,132.96552412536192,717.7216156631918,-255.39082908588185,26.96270153165763,795.054683250755,-223.75543503889537,77.58449125526468,0.703227614517801,0.0018430727078044174
717.7216156631918,-189.1458171818324,132.96552412536192,717.7216156631918,-251.01437053134433,24.350230052940447,795.5968791071667,-218.77626512903507,80.94685481687091,0.48125364618121935,3.6796981095173935E-4
717.7216156631918,-189.1458171818324,132.96552412536192,717.7216156631918,-241.97773410805678,19.67921182815398,799.3110439084546,-215.2937153918979,76.89716365535355,0.4032207752488403,3.290456203359491E-4
717.7216156631918,-189.1458171818324,132.96552412536192,717.7216156631918,-238.76604279193933,18.23613290235363,804.7617156820581,-216.02369118347343,70.81985502246096,0.35850000974572865,4.23988592114991E-4
717.7216156631918,-189.1458171818324,132.96552412536192,717.7216156631918,-246.00410799980912,21.645558417235748,810.6765982546082,-221.15294377168286,70.30039326864448,0.22845207924528652,8.132271332037028E-5
717.7216156631918,-189.1458171818324,132.96552412536192,717.7216156631918,-264.55714173310315,33.275343418218526,813.1158978201646,-235.03922597643648,72.29662269411409,0.24780488342684764,0.0012485614949012552
717.7216156631918,-189.1458171818324,132.96552412536192,717.7216156631918,-272.51664203934575,39.8295720843921,799.8171012615302,-239.19633174582103,77.05265134253477,0.813839274754007,4.000420540148635E-4
717.7216156631918,-189.1458171818324,132.96552412536192,717.7216156631918,-265.2063027274577,33.769745290959236,792.3114204869373,-226.52706904030387,84.21402897901893,0.6830383055575163,0.002472443573192314
717.7216156631918,-189.1458171818324,132.96552412536192,717.7216156631918,-254.1213413836386,26.179845054147037,789.7305634545002,-219.29557415748724,83.41513862207879,0.6604179228722183,2.3045124412242654E-4
717.7216156631918,-189.1458171818324,132.96552412536192,717.7216156631918,-246.73241713547628,22.020567026001245,794.4546470330437,-216.25776758309794,80.73229319021851,0.49211327988441034,1.6898452957454752E-4
717.7216156631918,-189.1458171818324,132.96552412536192,717.7216156631918,-252.93895819833295,25.469314149154528,800.4557928190121,-221.51664305114826,78.41826341200147,0.40471251490801036,2.5355459246039803E-4
717.7216156631918,-189.1458171818324,132.96552412536192,717.7216156631918,-262.08731625665973,31.454255230145364,804.7146344590251,-225.66145786570328,82.14741554030334,0.2523197529244541,3.694183081706802E-4
717.7216156631918,-189.1458171818324,132.96552412536192,717.7216156631918,-270.79503595010516,38.31667270850248,804.8395174354032,-226.3865907728723,89.79552814204575,0.15481241882003155,4.971141980466485E-4
717.7216156631918,-189.1458171818324,132.96552412536192,717.7216156631918,-274.3510653810588,41.50479113404906,802.6172227732136,-225.8894844799769,93.52425947439247,0.14939928153660423,1.1315278838973288E-4
717.7216156631918,-189.1458171818324,132.96552412536192,717.7216156631918,-275.21039735597213,42.31295637657131,801.179088420781,-225.11646900771933,95.07732499609722,0.14973943793474223,3.2829510608017775E-5
717.7216156631918,-189.1458171818324,132.96552412536192,717.7216156631918,-275.57849428522826,42.66385011684697,801.4449808504537,-225.18665704876983,95.31138356502743,0.14320112565462656,5.569335929483693E-7
717.7216156631918,-189.1458171818324,132.96552412536192,717.7216156631918,-275.1515751292911,42.2571474455693,801.4986717303616,-225.36515778477838,94.76578414385051,0.15018792487379098,3.186474994686082E-6
717.7216156631918,-189.1458171818324,132.96552412536192,717.7216156631918,-274.13465665029975,41.30366092259318,801.3980741603358,-225.19491043695567,94.08598329152176,0.15799289438901462,4.471813882563977E-6
717.7216156631918,-189.1458171818324,132.96552412536192,717.7216156631918,-272.13558764501494,39.48986954905914,801.0983905456948,-224.86795765209385,92.72983670644442,0.17670131564828384,1.8112807846742682E-5
717.7216156631918,-189.1458171818324,132.96552412536192,717.7216156631918,-271.1813812343988,38.65133521098237,801.2382913895914,-224.99003416864164,91.75634501597321,0.18789150628317916,7.878587761808065E-6
717.7216156631918,-189.1458171818324,132.96552412536192,717.7216156631918,-270.83343357204234,38.349810163642516,801.5287655804515,-225.12096244013907,91.29685751582687,0.18941280207485253,2.2178460461979763E-6
717.7216156631918,-189.1458171818324,132.96552412536192,717.7216156631918,-269.97171558838363,37.612631422655454,801.4109975516425,-225.03440689773262,90.62660910064113,0.20001253311305117,3.808932654755281E-6
717.7216156631918,-189.1458171818324,132.96552412536192,717.7216156631918,-267.8415781564165,35.847157146550344,801.4768676318256,-224.67668451921406,89.11691308947965,0.21579292714511958,2.343965922932011E-5
717.7216156631918,-189.1458171818324,132.96552412536192,717.7216156631918,-267.27923879230696,35.394173681495346,801.5670708639614,-224.79254918012546,88.45064549475848,0.22494418042575054,4.159498169408947E-6
717.7216156631918,-189.1458171818324,132.96552412536192,717.7216156631918,-266.3828634758283,34.68308072991546,801.5134542961986,-224.6414822951139,87.79807062123948,0.2343513415861433,4.360507349395227E-6
717.7216156631918,-189.1458171818324,132.96552412536192,717.7216156631918,-265.00773352381196,33.61780322084144,801.482472001553,-224.42246169340942,86.7677162874287,0.248726854777332,1.0795067535118588E-5
717.7216156631918,-189.1458171818324,132.96552412536192,717.7216156631918,-264.34836038507694,33.11775251395268,801.48989846403,-224.48136547921533,86.04987997452963,0.2610361695443557,4.391460963406873E-6
717.7216156631918,-189.1458171818324,132.96552412536192,717.7216156631918,-264.05032235816066,32.89397420087333,801.5370901913211,-224.44609278385397,85.80476545083181,0.2634390804593952,5.57019248529331E-7
717.7216156631918,-189.1458171818324,132.96552412536192,717.7216156631918,-263.65905906472767,32.60229986417582,801.4288919352604,-224.42151991229784,85.45204632402442,0.27200396110017255,1.0464676816021066E-6
717.7216156631918,-189.1458171818324,132.96552412536192,717.7216156631918,-262.49109326014405,31.745612660293716,801.2401761111595,-224.26852755681733,84.4945410620033,0.2920888266809698,8.901923336409757E-6
717.7216156631918,-189.1458171818324,132.96552412536192,717.7216156631918,-261.21514100665064,30.833195436383704,801.3936605855375,-223.86329485136852,83.76599438901829,0.29563688849277847,8.182392726703006E-6
717.7216156631918,-189.1458171818324,132.96552412536192,717.7216156631918,-260.5670052843282,30.378907600456927,801.3007440962718,-223.75483379968858,83.25447884024425,0.3063794532893875,2.7472257703644603E-6
717.7216156631918,-189.1458171818324,132.96552412536192,717.7216156631918,-258.8270486184503,29.189197415092906,801.265511564116,-223.35439748888223,82.01865173163856,0.3258198587843793,1.8700972332785892E-5
717.7216156631918,-189.1458171818324,132.96552412536192,717.7216156631918,-258.69105856425176,29.098015244764312,801.256448340236,-223.39962642346075,81.80662719904348,0.33085519031857635,4.779559327552931E-7
717.7216156631918,-189.1458171818324,132.96552412536192,717.7216156631918,-258.252994900548,28.80604069848495,801.1532900375203,-223.36441410949288,81.39068780250076,0.3419342714525701,1.5826742601465061E-6
717.7216156631918,-189.1458171818324,132.96552412536192,717.7216156631918,-256.88012739137514,27.90809592327126,801.1284717503385,-223.1443018703904,80.23311490618826,0.3635920241184656,1.4249215215990268E-5
717.7216156631918,-189.1458171818324,132.96552412536192,717.7216156631918,-256.6678899755956,27.77156191443582,801.2269426862418,-223.18516739602399,79.93495246247761,0.3671075085162686,8.792281933806346E-7
717.7216156631918,-189.1458171818324,132.96552412536192,717.7216156631918,-256.23158925813357,27.492782694570565,801.0883935638716,-223.16312451628633,79.48326477865777,0.38118415957902896,1.8240318275024146E-6
717.7216156631918,-189.1458171818324,132.96552412536192,717.7216156631918,-254.81535655289628,26.605232668482742,801.1437304282377,-222.78661880227332,78.47990568702471,0.396046603246856,1.3214841119853317E-5
717.7216156631918,-189.1458171818324,132.96552412536192,717.7216156631918,-254.52248309274043,26.424961172214765,801.1430933206652,-222.71712475411883,78.25631009632593,0.4000967995488334,6.074462753303559E-7
717.7216156631918,-189.1458171818324,132.96552412536192,717.7216156631918,-254.09193223805397,26.161956117996056,801.0433605371597,-222.65393164862778,77.86159405725931,0.41175851545013886,1.618477209234935E-6
717.7216156631918,-189.1458171818324,132.96552412536192,717.7216156631918,-252.7069501929405,25.331968157233547,801.0703757724713,-222.27166781599695,76.87066034121409,0.42835053294725184,1.311760309672214E-5
717.7216156631918,-189.1458171818324,132.96552412536192,717.7216156631918,-252.54518799289195,25.23660609142931,801.0376789231393,-222.2592181702418,76.69886382149002,0.43345942351752415,2.807322903454902E-7
717.7216156631918,-189.1458171818324,132.96552412536192,717.7216156631918,-252.24333955602037,25.05953416076892,800.9124501727562,-222.25399320640526,76.34570173888088,0.4466369688906409,1.115696303571381E-6
717.7216156631918,-189.1458171818324,132.96552412536192,717.7216156631918,-251.10877934853352,24.404060799152262,800.9564775988697,-221.96417118556363,75.4665213337025,0.4622139275332861,9.81399604293175E-6
717.7216156631918,-189.1458171818324,132.96552412536192,717.7216156631918,-251.00034757278175,24.342243609097252,800.9364570506141,-221.99574517856286,75.27747894621587,0.46813349609018784,3.8145505642670776E-7
717.7216156631918,-189.1458171818324,132.96552412536192,717.7216156631918,-250.65234912409497,24.144815947021925,800.8041337174981,-221.96836499686538,74.89408383017164,0.4827635828519288,1.4238371671785978E-6
717.7216156631918,-189.1458171818324,132.96552412536192,717.7216156631918,-249.5617937519651,23.535593233136765,800.8304893604883,-221.64392468239436,74.10252364424949,0.4972502868274995,8.604292795546014E-6
717.7216156631918,-189.1458171818324,132.96552412536192,717.7216156631918,-249.351462800863,23.419733537153093,800.8287160336347,-221.58422816107316,73.94296337363522,0.5006005717056505,3.3498708817962544E-7
717.7216156631918,-189.1458171818324,132.96552412536192,717.7216156631918,-249.06109819231176,23.26065139203574,800.7375811597448,-221.5451582187214,73.64233436223833,0.5118043617214137,9.423131195791752E-7
717.7216156631918,-189.1458171818324,132.96552412536192,717.7216156631918,-247.94345397853579,22.657600986890344,800.7488276710332,-221.21521933437748,72.80138589696944,0.5289276004530252,9.601059202595356E-6
717.7216156631918,-189.1458171818324,132.96552412536192,717.7216156631918,-247.80375432326753,22.583250139402367,800.7362299931503,-221.18173036857553,72.68046946612509,0.5322635564188445,1.7671102401476567E-7
717.7216156631918,-189.1458171818324,132.96552412536192,717.7216156631918,-247.53014021953857,22.438283938027226,800.6187629817662,-221.1617112959396,72.35630174426382,0.5460897499767765,1.033837294487891E-6
717.7216156631918,-189.1458171818324,132.96552412536192,717.7216156631918,-246.68770037791117,21.997367980236987,800.5804116054021,-220.93695698885307,71.65706548288617,0.5639734899985039,6.236166687727984E-6
717.7216156631918,-189.1458171818324,132.96552412536192,717.7216156631918,-246.43415923458224,21.86626280987373,800.6279562549443,-220.83288962628856,71.51479583254584,0.564228109912199,3.574293566147993E-7
717.7216156631918,-189.1458171818324,132.96552412536192,717.7216156631918,-246.17539235211854,21.733210673304825,800.549397145422,-220.7920347885687,71.24172579977744,0.5750276407660366,8.076920025818751E-7
717.7216156631918,-189.1458171818324,132.96552412536192,717.7216156631918,-245.23549179868016,21.25631053321392,800.5300331202569,-220.5212169049004,70.47770879846672,0.5938997484588415,7.70240178168747E-6
717.7216156631918,-189.1458171818324,132.96552412536192,717.7216156631918,-245.1346127973519,21.205715761515947,800.539059875347,-220.48521031841062,70.40864050823407,0.5949362526104416,7.138682752984276E-8
717.7216156631918,-189.1458171818324,132.96552412536192,717.7216156631918,-244.9270642517506,21.101980129452613,800.4461773213161,-220.46644443955188,70.1552330461432,0.6066056098623909,6.520623069566658E-7
717.7216156631918,-189.1458171818324,132.96552412536192,717.7216156631918,-244.2382700583409,20.761149718435675,800.3491899255469,-220.31166546159247,69.49141240029189,0.6288843298328274,5.237537594662228E-6
717.7216156631918,-189.1458171818324,132.96552412536192,717.7216156631918,-243.90485821411443,20.598058081026593,800.423029742675,-220.16666010580738,69.30967025692988,0.6284504927061938,6.0721531667689E-7
717.7216156631918,-189.1458171818324,132.96552412536192,717.7216156631918,-243.62500092132655,20.4621084479771,800.3106289207833,-220.1345725995503,68.97152508244051,0.6439633587813608,1.1964352011481003E-6
717.7216156631918,-189.1458171818324,132.96552412536192,717.7216156631918,-242.84999408829384,20.090099949859948,800.3368321603411,-219.87891929115418,68.37069860814344,0.6572345398968569,5.055597362220126E-6
717.7216156631918,-189.1458171818324,132.96552412536192,717.7216156631918,-242.75332080355992,20.044155220063615,800.3268686443041,-219.8536895141196,68.28101644152397,0.6601571731952782,9.928429159162683E-8
717.7216156631918,-189.1458171818324,132.96552412536192,717.7216156631918,-242.53341110822464,19.940018973866827,800.228745216268,-219.83006664999954,68.00468694817604,0.6736312741558728,7.971710297455535E-7
717.7216156631918,-189.1458171818324,132.96552412536192,717.7216156631918,-241.8764020073537,19.632010000199003,800.1952300853405,-219.6419290592012,67.42042278327457,0.691093792295169,4.403567477017214E-6
717.7216156631918,-189.1458171818324,132.96552412536192,717.7216156631918,-241.69836695291173,19.549345770780477,800.2174617964864,-219.5724686575395,67.30030815518327,0.6926667989158859,2.2495699540841028E-7
717.7216156631918,-189.1458171818324,132.96552412536192,717.7216156631918,-241.50942331113635,19.46198782302848,800.1468996533712,-219.5418407371774,67.07899685790642,0.7031889688606134,5.389231447500744E-7
717.7216156631918,-189.1458171818324,132.96552412536192,717.7216156631918,-240.74460531067703,19.112263023035098,800.1498113030474,-219.29455613705318,66.44201896854608,0.719967772970895,5.53176104866471E-6
717.7216156631918,-189.1458171818324,132.96552412536192,717.7216156631918,-240.70812158079727,19.095735484702317,800.1318882823472,-219.2926756040102,66.38943842229176,0.7226715479891804,2.786855786031398E-8
717.7216156631918,-189.1458171818324,132.96552412536192,717.7216156631918,-240.51744632908657,19.009586505784654,800.0312789041482,-219.27624650834767,66.12821758518226,0.7367690314375522,7.073227062068448E-7
717.7216156631918,-189.1458171818324,132.96552412536192,717.7216156631918,-240.18437324936258,18.860021214496243,799.8562275895636,-219.264248602798,65.63057131775199,0.7634604106465106,2.493783846025632E-6
717.7216156631918,-189.1458171818324,132.96552412536192,717.7216156631918,-240.15711101198164,18.84783092323758,799.8444444333707,-219.2614237601627,65.59370714018743,0.7653639470942862,1.4249113142857202E-8
717.7216156631918,-189.1458171818324,132.96552412536192,717.7216156631918,-239.98160345884486,18.769539810685117,799.7408873519666,-219.25219052708405,65.3354707694092,0.7802182116393283,6.773829656959859E-7
717.7216156631918,-189.1458171818324,132.96552412536192,717.7216156631918,-239.69523141686167,18.64248742454899,799.5832375550285,-219.24364213373252,64.89599654206711,0.8049196426715218,1.9423936071465363E-6
717.7216156631918,-189.1458171818324,132.96552412536192,717.7216156631918,-239.65924235381829,18.62658116455708,799.5642110610906,-219.2415646590321,64.84272424706893,0.807928742154552,2.890191665537869E-8
717.7216156631918,-189.1458171818324,132.96552412536192,717.7216156631918,-239.4763794203602,18.545969394740467,799.4525566600769,-219.23294386224634,64.56661330887385,0.8245044439746261,7.742642224533089E-7
717.7216156631918,-189.1458171818324,132.96552412536192,717.7216156631918,-239.22041380693486,18.433717308070882,799.306734089277,-219.22750423678883,64.16197496627922,0.8481902574225374,1.6430371361115426E-6
717.7216156631918,-189.1458171818324,132.96552412536192,717.7216156631918,-239.19829633427116,18.424049843359228,799.2953132697806,-219.22592447532372,64.12937665973848,0.8500794780590177,1.0942224035789225E-8
717.7216156631918,-189.1458171818324,132.96552412536192,717.7216156631918,-239.09939235649276,18.380881492635794,799.2323668153452,-219.2198231001462,63.981087903617436,0.8594428719532761,2.2547979369148058E-7
717.7216156631918,-189.1458171818324,132.96552412536192,717.7216156631918,-238.83966483844827,18.268002333995156,799.0768714615986,-219.21489604379738,63.563596308299424,0.8849450963792334,1.7517139311827524E-6
717.7216156631918,-189.1458171818324,132.96552412536192,717.7216156631918,-238.79440529301013,18.248403787695565,799.0519964912334,-219.21351556263284,63.49164974845132,0.889255227123967,5.215038789934154E-8
717.7216156631918,-189.1458171818324,132.96552412536192,717.7216156631918,-238.69828678809372,18.20685231394478,798.9884813240196,-219.20781262990886,63.34488368030517,0.8989067836281535,2.2103453018350424E-7
717.7216156631918,-189.1458171818324,132.96552412536192,717.7216156631918,-238.4367163082331,18.0942602544051,798.8304669991373,-219.2035121499984,62.91678346054428,0.9258032893769986,1.8447788996259803E-6
717.7216156631918,-189.1458171818324,132.96552412536192,717.7216156631918,-238.40048218495596,18.078719071735023,798.8112626640386,-219.20256795517165,62.85797052768564,0.929362255648679,3.484762083468743E-8
717.7216156631918,-189.1458171818324,132.96552412536192,717.7216156631918,-238.2969573338217,18.03439073775671,798.7422263223995,-219.19703068287885,62.696146514425976,0.9402862601794751,2.6843969061466277E-7
717.7216156631918,-189.1458171818324,132.96552412536192,717.7216156631918,-238.03419463199793,17.922373306679347,798.5842272523868,-219.19061655224215,62.2647038985003,0.9681296650422861,1.8870120315776928E-6
717.7216156631918,-189.1458171818324,132.96552412536192,717.7216156631918,-238.01316640295897,17.913439484967583,798.5716989151626,-219.18992298320399,62.230420652428364,0.9703614639975354,1.191179343753575E-8
717.7216156631918,-189.1458171818324,132.96552412536192,717.7216156631918,-237.9166041799421,17.87247335519156,798.5065700093784,-219.18408428779807,62.07891322837472,0.9809265673453481,2.3672967968873464E-7
717.7216156631918,-189.1458171818324,132.96552412536192,717.7216156631918,-237.66918066284612,17.767940832614727,798.3533302899342,-219.17958118058868,61.66343825089032,1.0,1.7481480504830752E-6
717.7216156631918,-189.1458171818324,132.96552412536192,717.7216156631918,-237.65101322004853,17.76029005462094,798.3421654794992,-219.17895756839775,61.63347620646164,1.0,9.125042110785094E-9
717.7216156631918,-189.1458171818324,132.96552412536192,717.7216156631918,-237.52388262779627,17.706846431636677,798.255378874711,-219.17319814392803,61.42656959311486,1.0,4.390329538572077E-7
717.7216156631918,-189.1458171818324,132.96552412536192,717.7216156631918,-237.32780334330613,17.624741183960168,798.1327632093587,-219.169403571481,61.09335286854787,1.0,1.12655080983262E-6
717.7216156631918,-189.1458171818324,132.96552412536192,717.7216156631918,-237.32296253835483,17.62271912523846,798.1303518321579,-219.16898461332784,61.08587411890497,1.0,5.863788254788577E-10
717.7216156631918,-189.1458171818324,132.96552412536192,717.7216156631918,-237.29906132334798,17.61273881591397,798.1151154710867,-219.1684834897111,61.04517394392707,1.0,1.6762072201003517E-8
717.7216156631918,-189.1458171818324,132.96552412536192,717.7216156631918,-237.29487194083765,17.61099007570131,798.1127098739977,-219.16836349091457,61.03811334227055,1.0,5.062185350903983E-10
717.7216156631918,-189.1458171818324,132.96552412536192,717.7216156631918,-237.29113876569318,17.609431916989024,798.1107986651243,-219.16809513186854,61.03220745870752,1.0,3.625844566291851E-10
717.7216156631918,-189.1458171818324,132.96552412536192,717.7216156631918,-237.28920351387717,17.608624234269655,798.1098011480108,-219.16809398617957,61.0288149804021,1.0,1.152574119266176E-10
717.7216156631918,-189.1458171818324,132.96552412536192,717.7216156631918,-237.2875751547386,17.607944663593898,798.1091844248788,-219.16783325587235,61.026582742859034,1.0,5.486972210300696E-11
717.7216156631918,-189.1458171818324,132.96552412536192,717.7216156631918,-237.28691584672063,17.607669519195213,798.1090698624445,-219.167892181246,61.02528472896162,1.0,1.751332729826528E-11
717.7216156631918,-189.1458171818324,132.96552412536192,717.7216156631918,-237.28585621225832,17.607227318634287,798.1086200980707,-219.16789031047304,61.023429925186804,1.0,3.447275260488433E-11
717.7216156631918,-189.1458171818324,132.96552412536192,717.7216156631918,-237.28554028955313,17.607095481799078,798.1089118009251,-219.1676826307951,61.023373245284176,1.0,2.0571830490550396E-13
717.7216156631918,-189.1458171818324,132.96552412536192,717.7216156631918,-237.28522923792036,17.60696567869023,798.1090078747163,-219.16761511206732,61.02298923993243,1.0,1.7009228845979134E-12
717.7216156631918,-189.1458171818324,132.96552412536192,717.7216156631918,-237.28500663378173,17.606872785684203,798.1091469984019,-219.16761111698256,61.022608206232405,1.0,1.46631620080324E-12
717.7216156631918,-189.1458171818324,132.96552412536192,717.7216156631918,-237.28449927490337,17.6066610660276,798.109048778087,-219.167535305243,61.02189959678432,1.0,5.486105195204687E-12
717.7216156631918,-189.1458171818324,132.96552412536192,717.7216156631918,-237.28391515130355,17.606417315879412,798.1091209087837,-219.16743235503657,61.02112130422802,1.0,6.752563319881168E-12
717.7216156631918,-189.1458171818324,132.96552412536192,717.7216156631918,-237.28357216832646,17.606274193419893,798.1090101839814,-219.16748775216362,61.02038668243475,1.0,5.748494757858798E-12
717.7216156631918,-189.1458171818324,132.96552412536192,717.7216156631918,-237.28353592295508,17.606259068754667,798.1091416989478,-219.16748977836522,61.02031822287421,1.0,4.808844742020395E-14
717.7216156631918,-189.1458171818324,132.96552412536192,717.7216156631918,-237.28312730352926,17.606088558748738,798.1092543250099,-219.16740449899137,61.01980553481991,1.0,3.0096119508634102E-12
717.7216156631918,-189.1458171818324,132.96552412536192,717.7216156631918,-237.28289888048386,17.60599324239864,798.1094463569245,-219.16728494134315,61.019691205204026,1.0,2.6999611647096796E-13
717.7216156631918,-189.1458171818324,132.96552412536192,717.7216156631918,-237.28318720261925,17.606113553524068,798.1097321546988,-219.16749233009054,61.01970016392147,1.0,9.13059782053787E-14
717.7216156631918,-189.1458171818324,132.96552412536192,717.7216156631918,-237.28294015911314,17.60601046710245,798.1096626571228,-219.16745029890168,61.01936736716985,1.0,1.2288067622949944E-12
717.7216156631918,-189.1458171818324,132.96552412536192,717.7216156631918,-237.28241205998327,17.60579010375116,798.1096000127029,-219.16742351938086,61.01850479905153,1.0,7.643406915685061E-12
717.7216156631918,-189.1458171818324,132.96552412536192,717.7216156631918,-237.2823029850209,17.60574458968739,798.109791282497,-219.16735931626658,61.018467248187704,1.0,4.1446697105178784E-14
717.7216156631918,-189.1458171818324,132.96552412536192,717.7216156631918,-237.28234027111287,17.60576014816246,798.1099376132553,-219.1674265298459,61.01837160296128,1.0,1.531778377713554E-13
717.7216156631918,-189.1458171818324,132.96552412536192,717.7216156631918,-237.28197126559166,17.605606172788,798.1099288274833,-219.1673140593797,61.01799357314877,1.0,1.808071733965518E-12
717.7216156631918,-189.1458171818324,132.96552412536192,717.7216156631918,-237.28170844472385,17.605496506055715,798.1099333604947,-219.16728962372986,61.0175909053238,1.0,1.7066073543367882E-12
717.7216156631918,-189.1458171818324,132.96552412536192,717.7216156631918,-237.2815117193851,17.605414419331325,798.1100182241934,-219.16725195717913,61.01733593593855,1.0,7.335873695317104E-13
717.7216156631918,-189.1458171818324,132.96552412536192,717.7216156631918,-237.2813434601578,17.60534421084965,798.1100586402281,-219.16721868985573,61.01712037827684,1.0,5.270522401788568E-13
717.7216156631918,-189.1458171818324,132.96552412536192,717.7216156631918,-237.28118588867994,17.60527846224001,798.1101276712359,-219.16718677197537,61.016920341849215,1.0,4.557468554023094E-13
717.7216156631918,-189.1458171818324,132.96552412536192,717.7216156631918,-237.28102902199421,17.605213007964394,798.1101393610345,-219.16717288056424,61.016678339205754,1.0,6.147799521512507E-13
717.7216156631918,-189.1458171818324,132.96552412536192,717.7216156631918,-237.28079169294136,17.605113980395416,798.1101808312308,-219.16713771108434,61.016346120734,1.0,1.2047963034111355E-12
717.7216156631918,-189.1458171818324,132.96552412536192,717.7216156631918,-237.28076706074393,17.605103702434064,798.110318586607,-219.16714382787904,61.01628823222791,1.0,3.65745821788017E-14
717.7216156631918,-189.1458171818324,132.96552412536192,717.7216156631918,-237.2807650508447,17.60510286378944,798.1102652129697,-219.16729403321543,61.015924722146536,1.0,1.8185183051192328E-12
717.7216156631918,-189.1458171818324,132.96552412536192,717.7216156631918,-237.28061250225696,17.605039211935733,798.1104916280456,-219.16716351840756,61.01596979388887,1.0,9.918014802908555E-14
717.7216156631918,-189.1458171818324,132.96552412536192,717.7216156631918,-237.28058010899983,17.6050256956768,798.1105675436032,-219.1671493023892,61.0159470143077,1.0,8.25325773725411E-15
717.7216156631918,-189.1458171818324,132.96552412536192,717.7216156631918,-237.2804273222133,17.604961944720927,798.1105131605957,-219.16710562769737,61.01578354572922,1.0,3.305170088950508E-13
717.7216156631918,-189.1458171818324,132.96552412536192,717.7216156631918,-237.2804891682787,17.604987750233974,798.1106908109326,-219.16722308891008,61.01561057549702,1.0,4.933498732662988E-13
717.7216156631918,-189.1458171818324,132.96552412536192,717.7216156631918,-237.28050736021223,17.60499534089689,798.110685441456,-219.16726396804492,61.01554453065111,1.0,6.914212376951854E-14
717.7216156631918,-189.1458171818324,132.96552412536192,717.7216156631918,-237.28032056223336,17.604917398792708,798.1107561949907,-219.1672132913542,61.01533815162955,1.0,5.182952407087839E-13
717.7216156631918,-189.1458171818324,132.96552412536192,717.7216156631918,-237.2802431365046,17.60488509274309,798.1108018804778,-219.16714972543238,61.015354612552244,1.0,1.8498369136547582E-14
717.7216156631918,-189.1458171818324,132.96552412536192,717.7216156631918,-237.27992089416762,17.604750637099627,798.1108611478736,-219.1669470395716,61.0152748368759,1.0,2.704217275853439E-13
717.7216156631918,-189.1458171818324,132.96552412536192,717.7216156631918,-237.28011963715397,17.604833562503273,798.1109206532886,-219.167068342824,61.015332913852575,1.0,1.1827911470805645E-13
717.7216156631918,-189.1458171818324,132.96552412536192,717.7216156631918,-237.28010643173877,17.60482805253845,798.1109855032364,-219.1671026487289,61.015227519105196,1.0,1.434747940360191E-13
717.7216156631918,-189.1458171818324,132.96552412536192,717.7216156631918,-237.28008859563752,17.604820610420845,798.1110107210528,-219.1671516808469,61.015078703840516,1.0,2.8688203878089367E-13
717.7216156631918,-189.1458171818324,132.96552412536192,717.7216156631918,-237.2798584213871,17.604724570448766,798.1111558678223,-219.16704052305752,61.01494114762582,1.0,3.387347141255759E-13
717.7216156631918,-189.1458171818324,132.96552412536192,717.7216156631918,-237.2797592249617,17.60468318100736,798.1111717501949,-219.16694730819944,61.01499045881903,1.0,7.789470805889682E-14
717.7216156631918,-189.1458171818324,132.96552412536192,717.7216156631918,-237.2797751398566,17.604689821447693,798.1111039448504,-219.1670071362276,61.014875002439084,1.0,1.974142147201059E-13
717.7216156631918,-189.1458171818324,132.96552412536192,717.7216156631918,-237.27982276006276,17.60470969084571,798.1113060404546,-219.167030782115,61.014901906472346,1.0,1.3536659035086216E-14
717.7216156631918,-189.1458171818324,132.96552412536192,717.7216156631918,-237.27968424587954,17.60465189625367,798.1113206904481,-219.1669806805009,61.014778885407964,1.0,2.0739651113284923E-13
717.7216156631918,-189.1458171818324,132.96552412536192,717.7216156631918,-237.27975391373224,17.60468096491398,798.1113157589297,-219.1670560054786,61.01472062663663,1.0,8.053620381076285E-14
717.7216156631918,-189.1458171818324,132.96552412536192,717.7216156631918,-237.2797169896619,17.60466555847266,798.1114286322387,-219.16706971551022,61.0146229649466,1.0,1.0700760431683665E-13
717.7216156631918,-189.1458171818324,132.96552412536192,717.7216156631918,-237.27955975348675,17.6045999523747,798.1114331404683,-219.16699048662664,61.014536893424264,1.0,1.4208955675624973E-13
717.7216156631918,-189.1458171818324,132.96552412536192,717.7216156631918,-237.27968778043703,17.604653371033862,798.111577070961,-219.16698813435735,61.01476722429075,1.0,5.357005137082296E-13
717.7216156631918,-189.1458171818324,132.96552412536192,717.7216156631918,-237.27952179086276,17.604584112675624,798.11155174097,-219.16699652196547,61.01445580228412,1.0,9.929581743336353E-13
717.7216156631918,-189.1458171818324,132.96552412536192,717.7216156631918,-237.27934813708546,17.604511656765354,798.1115983167247,-219.16687916621527,61.01443229458613,1.0,5.2587561013016537E-14
717.7216156631918,-189.1458171818324,132.96552412536192,717.7216156631918,-237.27943709745492,17.60454877486312,798.1115931584224,-219.16696167072107,61.01439068791208,1.0,5.787720936096568E-14
717.7216156631918,-189.1458171818324,132.96552412536192,717.7216156631918,-237.27940293836852,17.60453452221148,798.1118322306734,-219.1669967217588,61.014246730461394,1.0,2.517869169960469E-13
717.7216156631918,-189.1458171818324,132.96552412536192,717.7216156631918,-237.2792344015939,17.60446420153683,798.1118206508182,-219.16686965745188,61.01425547131811,1.0,3.8185792472003664E-14
717.7216156631918,-189.1458171818324,132.96552412536192,717.7216156631918,-237.27956741270947,17.604603148145657,798.1119234057888,-219.16701659674374,61.01448775830153,1.0,8.630336061968248E-13
717.7216156631918,-189.1458171818324,132.96552412536192,717.7216156631918,-237.27920878935714,17.604453515053066,798.1118730057885,-219.1669180499672,61.0140945380339,1.0,1.888788827716821E-12
717.7216156631918,-189.1458171818324,132.96552412536192,717.7216156631918,-237.22459542725696,17.58168174512531,798.0903665529951,-219.13112402481872,61.00404663454361,1.0,6.240844806031555E-9
717.7216156631918,-189.1458171818324,132.96552412536192,717.7216156631918,-234.33477633557538,16.419576230974172,798.1934917373151,-217.9017081615463,58.8017762865087,1.0,7.632585399646384E-5
