717.7216156631918,-189.1458171818324,132.96552412536192,717.7216156631918,-309.376186146921,167.16579281609984,707.6183795980825,-326.007430574901,171.8966526894769,1.0,1.0
717.7216156631918,-189.1458171818324,132.96552412536192,717.7216156631918,-309.37688179589446,167.16334718135823,707.6142220093647,-326.02119269969546,171.8975579363265,1.0,2.1379551614897315E-9
717.7216156631918,-189.1458171818324,132.96552412536192,717.7216156631918,-309.4047020792362,167.06538634257612,707.6025483125081,-326.0058247231519,171.772697534523,1.0,2.8007370642600883E-8
717.7216156631918,-189.1458171818324,132.96552412536192,717.7216156631918,-309.4910274454172,166.7594639165962,707.632220365123,-325.86556383462465,171.35757044392918,1.0,7.184918823304576E-7
717.7216156631918,-189.1458171818324,132.96552412536192,717.7216156631918,-309.63459521384596,166.24396111317978,707.5987680322031,-325.1902643749004,170.54036418435996,1.0,8.95999511140229E-6
717.7216156631918,-189.1458171818324,132.96552412536192,717.7216156631918,-309.92139228203735,165.18757339623772,707.4782804468349,-323.2379869000468,168.7403444556657,1.0,6.707953137750424E-5
717.7216156631918,-189.1458171818324,132.96552412536192,717.7216156631918,-310.3539361608491,163.52026015054332,707.4253715369566,-319.74739084061673,165.88820819331832,1.0,2.0770595388524928E-4
717.7216156631918,-189.1458171818324,132.96552412536192,717.7216156631918,-310.9147679622427,161.20242597096126,707.2997007723404,-314.6747908402129,162.0743345836413,1.0,4.3097978734503347E-4
717.7216156631918,-189.1458171818324,132.96552412536192,717.7216156631918,-311.51590963138585,158.4716111221503,707.4727136346402,-308.45870804192236,157.83438638735882,1.0,6.298843990742875E-4
717.7216156631918,-189.1458171818324,132.96552412536192,717.7216156631918,-312.0691296751231,155.65603416098702,707.716614122327,-301.79331436742035,153.7592134063691,1.0,6.98532865916605E-4
717.7216156631918,-189.1458171818324,132.96552412536192,717.7216156631918,-312.532514475157,152.98358924278753,708.2331444071937,-294.72653985315003,150.0947757217059,1.0,7.557754291259422E-4
717.7216156631918,-189.1458171818324,132.96552412536192,717.7216156631918,-312.9348773316276,150.32261452756887,708.8129031581273,-287.3207970673541,146.73113474592748,1.0,8.084370223407597E-4
717.7216156631918,-189.1458171818324,132.96552412536192,717.7216156631918,-313.2631426135983,147.79419661028527,709.4664418573582,-279.54636780239343,143.76595148669747,1.0,8.706954136980967E-4
717.7216156631918,-189.1458171818324,132.96552412536192,717.7216156631918,-313.5342230994106,145.31560401513585,710.2239533188804,-271.48207568610366,141.14039671780125,1.0,9.213593354001579E-4
717.7216156631918,-189.1458171818324,132.96552412536192,717.7216156631918,-313.7674159878398,142.68442895227187,711.1645188207625,-262.7317809409691,138.7042964186365,1.0,0.0010783677125278152
717.7216156631918,-189.1458171818324,132.96552412536192,717.7216156631918,-313.928866342933,140.3269534742273,712.135336119214,-253.96892872567432,136.78968741526148,1.0,0.0010658081288109035
717.7216156631918,-189.1458171818324,132.96552412536192,717.7216156631918,-314.05043406974096,137.84780638725408,713.0325111823986,-244.98783793084098,135.14828177006746,1.0,0.001112994804120358
717.7216156631918,-189.1458171818324,132.96552412536192,717.7216156631918,-314.1259975302221,135.19139925303375,713.9899717926567,-235.8824452094518,133.7978952868368,1.0,0.0011371256499246479
717.7216156631918,-189.1458171818324,132.96552412536192,717.7216156631918,-314.1433286120978,132.1767679902522,715.0608583416957,-226.57124678744032,132.72936312605268,1.0,0.0011890279795248992
717.7216156631918,-189.1458171818324,132.96552412536192,717.7216156631918,-314.03701073788363,127.75114284423655,716.018998340399,-216.93761767041582,131.80517774616425,0.7362812705878126,0.0012879766174292591
717.7216156631918,-189.1458171818324,132.96552412536192,717.7216156631918,-314.1445531651643,133.52766518352445,715.8939046408167,-213.20566748153797,133.07372545716188,0.51047144538364,1.7386792160719363E-4
717.7216156631918,-189.1458171818324,132.96552412536192,717.7216156631918,-314.1443697767492,132.3639851193004,716.1466089714187,-212.30449795546934,132.85407603636352,0.46480813469246085,9.69859439463727E-6
717.7216156631918,-189.1458171818324,132.96552412536192,717.7216156631918,-314.1457342527036,133.10951119186547,716.15147816156,-212.02068159444488,132.99187361983056,0.45095574076627765,9.517639087938996E-7
717.7216156631918,-189.1458171818324,132.96552412536192,717.7216156631918,-314.1451442544507,133.3756843289313,716.116985589971,-212.03795244744808,133.040640072628,0.4517692975868015,3.566731797964455E-9
717.7216156631918,-189.1458171818324,132.96552412536192,717.7216156631918,-314.1456317133027,132.75019391841022,715.9427026384769,-211.99044868790753,132.9261709531322,0.4493339895644014,2.657278579297552E-8
717.7216156631918,-189.1458171818324,132.96552412536192,717.7216156631918,-314.12358421370345,130.60803653740496,715.671832814787,-211.74084101712376,132.53930841110846,0.4373728540492263,7.734277893562609E-7
717.7216156631918,-189.1458171818324,132.96552412536192,717.7216156631918,-314.00117458780113,126.95389148290916,715.9360078968184,-211.75561582475862,131.8768899939554,0.4393565509537546,2.3387061022599933E-8
717.7216156631918,-189.1458171818324,132.96552412536192,717.7216156631918,-313.86991198294555,124.66491113336335,715.9513267233699,-211.6529667402772,131.467632813057,0.4356311110408437,1.958770402536376E-7
717.7216156631918,-189.1458171818324,132.96552412536192,717.7216156631918,-313.65164054304114,121.86147310118669,715.9589279040899,-211.51925695378523,130.97014904886186,0.43118808313758916,3.6697036392421846E-7
717.7216156631918,-189.1458171818324,132.96552412536192,717.7216156631918,-313.4952681127287,120.22919603659867,715.9822771721114,-211.09921469413135,130.71697641335746,0.41302563099083334,2.3283632252788084E-6
717.7216156631918,-189.1458171818324,132.96552412536192,717.7216156631918,-313.36734050682264,119.03666405646521,716.013814763266,-210.873239442164,130.52924564300727,0.4038129519683774,7.105691799092193E-7
717.7216156631918,-189.1458171818324,132.96552412536192,717.7216156631918,-313.27548189333316,118.24049989412872,715.8011294332472,-210.81459141161525,130.39504086226557,0.4017286738362166,6.410621222350856E-8
717.7216156631918,-189.1458171818324,132.96552412536192,717.7216156631918,-313.0304998382031,116.30462969768163,715.4900144576836,-210.59068234817468,130.08146592792266,0.3933523125238265,8.165358304634384E-7
717.7216156631918,-189.1458171818324,132.96552412536192,717.7216156631918,-312.66021507290924,113.75111511533116,715.6150940127404,-210.01775540857872,129.71859935571308,0.37124170354944674,4.586619890060745E-6
717.7216156631918,-189.1458171818324,132.96552412536192,717.7216156631918,-312.3357857103587,111.77043851712031,715.739046874005,-209.84059558458267,129.40494524764014,0.3661148844418102,6.101057919420574E-7
717.7216156631918,-189.1458171818324,132.96552412536192,717.7216156631918,-312.0226650910098,110.02472536191695,715.6909773674191,-209.7674628533692,129.11551469257228,0.3652009447908272,1.8317341096334066E-7
717.7216156631918,-189.1458171818324,132.96552412536192,717.7216156631918,-311.3689520436978,106.7642778851874,715.7306726360997,-209.55246210359843,128.59090610287964,0.3607433418931894,1.2046344434440744E-6
717.7216156631918,-189.1458171818324,132.96552412536192,717.7216156631918,-310.8477025258013,104.44095394939892,715.6647592346135,-209.26777111248424,128.2493269575847,0.35232688881163154,1.488388848629577E-6
717.7216156631918,-189.1458171818324,132.96552412536192,717.7216156631918,-310.0289975934651,101.14954239339805,715.6944582316701,-208.25219390233153,127.93680027285049,0.316433033004926,1.3477526440937584E-5
717.7216156631918,-189.1458171818324,132.96552412536192,717.7216156631918,-309.6385614702268,99.7014508051627,715.8721026562349,-207.70339556333016,127.84238869033521,0.2976968585109588,3.63995514129133E-6
717.7216156631918,-189.1458171818324,132.96552412536192,717.7216156631918,-309.5278309674549,99.30292237032528,715.8471825257546,-207.7105004435481,127.77425410340979,0.2985992469647278,7.451604634939974E-9
717.7216156631918,-189.1458171818324,132.96552412536192,717.7216156631918,-309.3300473440384,98.60346917636494,715.8079894050227,-207.70262803805406,127.65991827791396,0.2994368245866247,1.784207132024982E-8
717.7216156631918,-189.1458171818324,132.96552412536192,717.7216156631918,-308.3077879566906,95.2107268003619,715.6182023149961,-207.71010393577762,127.08369052257072,0.3057138620879006,3.8122767328611233E-7
717.7216156631918,-189.1458171818324,132.96552412536192,717.7216156631918,-307.0581090947695,91.47225460079568,715.712836105876,-207.23031602058938,126.6015991065241,0.2946673210983564,4.4495133434119775E-6
717.7216156631918,-189.1458171818324,132.96552412536192,717.7216156631918,-306.37227513127567,89.5724652722756,715.6629135194196,-207.00698818931454,126.35395487495455,0.29007916157056335,1.0299425328991407E-6
717.7216156631918,-189.1458171818324,132.96552412536192,717.7216156631918,-305.537353954685,87.38032732142446,715.5440401398814,-206.990306126606,125.97666081994228,0.2942821199415902,2.743771976814877E-7
717.7216156631918,-189.1458171818324,132.96552412536192,717.7216156631918,-304.0073200534349,83.65188343562127,715.5678351678052,-206.75445169401655,125.40558581999696,0.29424929673273625,2.3051766876898344E-6
717.7216156631918,-189.1458171818324,132.96552412536192,717.7216156631918,-302.8174847381621,80.96790884385824,715.5721564417966,-206.4374676390761,125.05568513569077,0.2889127463639409,2.226192372570631E-6
717.7216156631918,-189.1458171818324,132.96552412536192,717.7216156631918,-301.58938148117346,78.36291569261442,715.5994060561479,-205.8086212685165,124.8740644441774,0.2716548475771915,4.94067378884647E-6
717.7216156631918,-189.1458171818324,132.96552412536192,717.7216156631918,-300.7072391646169,76.58246704986203,715.6823580896298,-205.20613436536303,124.84865214295411,0.25388549627005835,3.573020321205728E-6
717.7216156631918,-189.1458171818324,132.96552412536192,717.7216156631918,-300.5503114801295,76.27303211680143,715.6829237843825,-205.22655660117653,124.78221700866828,0.2554810821135597,2.7469619676722125E-8
717.7216156631918,-189.1458171818324,132.96552412536192,717.7216156631918,-299.981720516218,75.16930857407579,715.6125940948139,-205.21854924500025,124.58427708469543,0.2582117703046877,1.1419255706457545E-7
717.7216156631918,-189.1458171818324,132.96552412536192,717.7216156631918,-298.08101035471543,71.66198680175671,715.4083307107496,-205.20634596823353,123.92742360690556,0.26827432393630457,1.2972618457521894E-6
717.7216156631918,-189.1458171818324,132.96552412536192,717.7216156631918,-292.09644876452376,62.0700556049765,715.3286801187484,-203.65312623363172,122.97527485359097,0.24129870331753464,4.00609599850652E-5
717.7216156631918,-189.1458171818324,132.96552412536192,717.7216156631918,-283.44575088823,50.91357409997241,718.8392674245994,-203.59593206025605,120.3922374085642,0.29452434842746267,3.3837396302957656E-5
717.7216156631918,-189.1458171818324,132.96552412536192,717.7216156631918,-285.1664774401421,52.93407528455772,720.3049171601381,-203.7837453982582,120.76508101200744,0.2900297172242965,1.6564123341359422E-6
717.7216156631918,-189.1458171818324,132.96552412536192,717.7216156631918,-284.5707580437544,52.22470011731325,719.0865673746104,-203.68954991926083,120.65980033065762,0.2906872627564288,2.114230705226651E-7
717.7216156631918,-189.1458171818324,132.96552412536192,717.7216156631918,-288.5335364795841,57.1560177769407,729.3334717599655,-204.18324821083633,121.49549310833055,0.2640261426537652,2.6896194688256724E-6
717.7216156631918,-189.1458171818324,132.96552412536192,717.7216156631918,-272.3668463925999,39.69569890251405,735.6211463591638,-202.30692524042323,118.21523492556244,0.2632772514384299,1.5524400321826164E-4
717.7216156631918,-189.1458171818324,132.96552412536192,717.7216156631918,-269.8973268350404,37.54962561401399,738.6733330570557,-202.74375645400335,116.89821344437343,0.28767694608748534,1.870363707344191E-5
717.7216156631918,-189.1458171818324,132.96552412536192,717.7216156631918,-271.36420194425557,38.810666539265284,741.5780520154988,-203.89990896609268,116.06943190981494,0.3147555713983342,2.1899751064807286E-5
717.7216156631918,-189.1458171818324,132.96552412536192,717.7216156631918,-273.71454959455593,40.91592066013692,743.5097034916263,-204.820411128451,115.90437024376985,0.3247395686104446,6.303450659643375E-6
717.7216156631918,-189.1458171818324,132.96552412536192,717.7216156631918,-275.45573581912527,42.54651094326685,746.1133472971106,-205.35166754188307,115.98813588925083,0.31029921248930503,1.8908241293350436E-6
717.7216156631918,-189.1458171818324,132.96552412536192,717.7216156631918,-267.9869080075755,35.96509939739009,756.4192656683679,-204.13168852995068,114.52798260403662,0.21152228735541612,2.6077698989527596E-5
717.7216156631918,-189.1458171818324,132.96552412536192,717.7216156631918,-266.979008364299,35.1545106843715,761.2556183025644,-205.24989005597837,112.7279408473604,0.2147625526398713,4.9027221088805246E-5
717.7216156631918,-189.1458171818324,132.96552412536192,717.7216156631918,-268.92758952042954,36.737312032897805,764.4281609884455,-206.14252407714721,112.4650680931945,0.19685086844224667,6.346920851422032E-6
717.7216156631918,-189.1458171818324,132.96552412536192,717.7216156631918,-272.03074932620115,39.396896779315085,768.4235245208203,-207.0926669992163,112.7053627286761,0.1603382192955552,6.592426675101256E-6
717.7216156631918,-189.1458171818324,132.96552412536192,717.7216156631918,-273.4764051266335,40.69769692170351,771.6675529139945,-207.55612050220256,112.82243338060476,0.12945717190134357,1.5032256965019518E-6
717.7216156631918,-189.1458171818324,132.96552412536192,717.7216156631918,-274.52145115362555,41.6638202863075,773.8770882437798,-207.9741596465336,112.83027396651224,0.11195658590064636,8.690942333922039E-7
717.7216156631918,-189.1458171818324,132.96552412536192,717.7216156631918,-274.9481496221231,42.06470043379221,775.2518190936894,-208.24590167724804,112.73048664056998,0.10286226959445426,7.462579672067495E-7
717.7216156631918,-189.1458171818324,132.96552412536192,717.7216156631918,-277.1425573341025,44.187296374556595,777.3130825020252,-208.69405657134195,113.24367936558906,0.08312816751636144,5.22049340011203E-6
717.7216156631918,-189.1458171818324,132.96552412536192,717.7216156631918,-273.3316038423587,40.56556024902504,798.7953177044161,-207.02029218761552,113.34700049615572,0.003578458619294294,4.9433386516971076E-6
717.7216156631918,-189.1458171818324,132.96552412536192,717.7216156631918,-265.60047796367394,34.07323501881156,808.2323901823883,-207.7761833960343,108.86758761011231,0.018176235203500004,1.63350166670639E-4
717.7216156631918,-189.1458171818324,132.96552412536192,717.7216156631918,-267.708903842218,35.7398000890106,818.6469635225083,-209.67356512348232,107.56141589460674,0.06689207705502301,3.771334508383493E-5
717.7216156631918,-189.1458171818324,132.96552412536192,717.7216156631918,-271.62199293342314,39.036399603770064,828.6508683720544,-211.318910931783,107.71339204129316,0.15283401191476564,7.4505171966278515E-6
717.7216156631918,-189.1458171818324,132.96552412536192,717.7216156631918,-274.75727270587635,41.884907729475316,838.0307102090634,-212.2305189310714,108.40609044016563,0.2672772473173855,7.136029853995032E-6
717.7216156631918,-189.1458171818324,132.96552412536192,717.7216156631918,-276.3952645598055,43.45276563676266,845.3009099514198,-212.5929929215123,108.91011240299983,1.0,1.908293153153779E-6
717.7216156631918,-189.1458171818324,132.96552412536192,717.7216156631918,-276.71403987209777,43.76459153568497,848.8926246411032,-212.99865154442003,108.66795356057258,1.0,1.9421372765063547E-6
717.7216156631918,-189.1458171818324,132.96552412536192,717.7216156631918,-277.1261122807746,44.170999100994294,849.8945387327561,-213.63578894819668,108.24890538239256,1.0,6.549076553589872E-6
717.7216156631918,-189.1458171818324,132.96552412536192,717.7216156631918,-276.7361084301445,43.786261518879996,850.0395570215849,-213.72326214045003,107.94222089250329,1.0,9.251864407801635E-7
717.7216156631918,-189.1458171818324,132.96552412536192,717.7216156631918,-276.5383125751877,43.592419955693714,849.5433969088373,-213.50984618806888,108.04932402641441,1.0,5.960491684564757E-7
717.7216156631918,-189.1458171818324,132.96552412536192,717.7216156631918,-276.79422245835156,43.843377312782025,853.3466669084829,-213.63547160829302,108.06409471202977,1.0,1.9486121091639332E-8
717.7216156631918,-189.1458171818324,132.96552412536192,717.7216156631918,-274.9583763455882,42.07435464357502,854.7670182504631,-213.1179767547382,107.57462983414848,1.0,5.876095780679337E-6
717.7216156631918,-189.1458171818324,132.96552412536192,717.7216156631918,-275.7931507639409,42.869799570248816,854.9718161330236,-213.69389206654805,107.44048484558064,1.0,2.9069436528546766E-6
717.7216156631918,-189.1458171818324,132.96552412536192,717.7216156631918,-279.38928479902603,46.47207609359178,853.252737973491,-215.49194995541745,107.71419097007399,1.0,2.6049085698609976E-5
717.7216156631918,-189.1458171818324,132.96552412536192,717.7216156631918,-284.3878485761427,52.009020644262804,849.0042182832511,-218.0433917282261,108.4023500717245,1.0,6.516535850939167E-5
717.7216156631918,-189.1458171818324,132.96552412536192,717.7216156631918,-289.48198237329007,58.4158497151238,842.2492905262026,-220.7213772878269,109.50491328049776,1.0,8.408644557414237E-5
717.7216156631918,-189.1458171818324,132.96552412536192,717.7216156631918,-293.71402265300645,64.47836909218562,833.9717815751319,-223.18705015359305,110.67015059807949,0.15103702971878513,7.1629825633817E-5
717.7216156631918,-189.1458171818324,132.96552412536192,717.7216156631918,-293.88276162248,64.7366997969544,829.4557718460368,-222.3879512853225,111.31058908633506,0.1106514029611563,1.0474191880939728E-5
717.7216156631918,-189.1458171818324,132.96552412536192,717.7216156631918,-293.1769476215595,63.66527954114366,828.2941806314159,-222.40579881117117,110.80941708281475,0.09711468300332429,9.702040964089408E-7
717.7216156631918,-189.1458171818324,132.96552412536192,717.7216156631918,-293.23511927051914,63.752684343352385,827.9782893683879,-222.4866436146441,110.79597132993786,0.09358528146589358,6.507912901943975E-8
717.7216156631918,-189.1458171818324,132.96552412536192,717.7216156631918,-295.42533380137104,67.16533911713262,839.4193397810998,-224.54204081654333,111.05087737273965,1.0,2.183761150227972E-5
717.7216156631918,-189.1458171818324,132.96552412536192,717.7216156631918,-283.9646164485242,51.513726688946804,852.6034495411703,-218.73536057236734,107.54734214962264,1.0,4.5879317510350904E-4
717.7216156631918,-189.1458171818324,132.96552412536192,717.7216156631918,-280.16126281736075,47.2847873418457,858.5629423254601,-218.55336897357347,105.2816438023915,1.0,2.8285451990805502E-5
717.7216156631918,-189.1458171818324,132.96552412536192,717.7216156631918,-279.99853189371026,47.11225261237804,867.4392494471402,-218.88818730738276,104.85981714757472,1.0,5.551942579782991E-7
717.7216156631918,-189.1458171818324,132.96552412536192,717.7216156631918,-282.6143408607564,49.967722460001966,880.726293441866,-218.98495873714268,106.46908387795185,1.0,2.1380752776541317E-6
717.7216156631918,-189.1458171818324,132.96552412536192,717.7216156631918,-287.8272847743648,56.23894493806867,898.4511105023606,-218.1715726093553,110.397488032946,1.0,3.679623458014623E-5
717.7216156631918,-189.1458171818324,132.96552412536192,717.7216156631918,-296.27239435129803,68.55359616202178,918.5613670338266,-217.27228777318834,116.0539392930799,1.0,4.621196660984103E-5
717.7216156631918,-189.1458171818324,132.96552412536192,717.7216156631918,-300.04330099302734,75.28755533011262,926.4404668229432,-215.00763461185483,119.51474916227221,1.0,1.3790391530742999E-4
717.7216156631918,-189.1458171818324,132.96552412536192,717.7216156631918,-296.08184767095395,68.2377450561735,917.0209820451234,-214.27729442925724,117.75358199965217,1.0,1.647707213919685E-5
717.7216156631918,-189.1458171818324,132.96552412536192,717.7216156631918,-285.9720301363629,53.910578139143496,896.7649547100955,-216.53559963308462,110.60280119954803,1.0,2.5451075171765503E-4
717.7216156631918,-189.1458171818324,132.96552412536192,717.7216156631918,-278.88327572611547,45.94720114673241,876.2274377041501,-222.36760726080738,100.75038781643815,1.0,0.001151292796741918
717.7216156631918,-189.1458171818324,132.96552412536192,717.7216156631918,-270.28467528673866,37.87879684215018,842.7218868638039,-230.7552585642498,84.20336875929488,1.0,0.002399728255773569
717.7216156631918,-189.1458171818324,132.96552412536192,717.7216156631918,-265.31213168155784,33.850981622614555,815.372870455355,-236.42370940678256,71.44322664847633,0.20663668113238948,0.001455436896095059
717.7216156631918,-189.1458171818324,132.96552412536192,717.7216156631918,-265.15913497297385,33.73359620706066,791.2639663165587,-244.34415467824226,60.906605940736284,1.0,0.0015806381735117795
717.7216156631918,-189.1458171818324,132.96552412536192,717.7216156631918,-272.75872528760294,40.04684140710566,784.8360769045139,-248.5655325998705,66.9326374668399,1.0,6.709504981042255E-4
717.7216156631918,-189.1458171818324,132.96552412536192,717.7216156631918,-282.86394375554715,50.249668622845476,795.0875947338363,-250.90851787267604,78.4536083139563,1.0,0.001030537124592269
717.7216156631918,-189.1458171818324,132.96552412536192,717.7216156631918,-293.47393047499537,64.11318373893097,817.9731792398785,-245.2545285670129,95.93604115100018,0.05805024834851864,0.0018587586762645204
717.7216156631918,-189.1458171818324,132.96552412536192,717.7216156631918,-312.2364909332856,111.20119469821653,866.1214680987367,-231.77003185732045,125.42890561887873,1.0,3.2360154192472923E-4
717.7216156631918,-189.1458171818324,132.96552412536192,717.7216156631918,-306.5067544317235,175.99354299478154,908.5608640776394,-213.03367981956336,141.72352681698874,1.0,0.0030910493065738004
717.7216156631918,-189.1458171818324,132.96552412536192,717.7216156631918,-247.10354845942118,22.213994180377355,895.3834691682865,-199.14614389463185,113.85588234025451,1.0,0.018652574765316142
717.7216156631918,-189.1458171818324,132.96552412536192,717.7216156631918,-223.64582332514414,12.820821470140999,839.4931613890377,-204.01161268115712,81.19606725684665,1.0,0.004575216806529292
717.7216156631918,-189.1458171818324,132.96552412536192,717.7216156631918,-247.1601003743392,22.243606937934118,797.4092378034767,-225.04799630221208,64.44518939633926,1.0,0.0037332004187163774
717.7216156631918,-189.1458171818324,132.96552412536192,717.7216156631918,-265.44906515188615,33.95636116949963,782.1285220974835,-238.77902027567814,68.56273625100297,1.0,0.0014850816426635633
717.7216156631918,-189.1458171818324,132.96552412536192,717.7216156631918,-289.2690732829397,58.13014754641979,802.2649147998281,-250.64951738270764,86.99565913332682,0.7276924864121287,0.005434089980561499
717.7216156631918,-189.1458171818324,132.96552412536192,717.7216156631918,-294.0428344300408,64.9830574708703,823.5063025013901,-233.46478900722468,104.24294360477478,0.005165347861861144,0.007898079071973376
717.7216156631918,-189.1458171818324,132.96552412536192,717.7216156631918,-289.7858434282598,58.82656596490213,825.8768777095967,-228.75244950893799,103.7883213115835,0.025836016771390344,2.023874963244546E-4
717.7216156631918,-189.1458171818324,132.96552412536192,717.7216156631918,-288.2688142607488,56.81021275384215,827.3949748884704,-226.3847085227424,104.35521724632991,0.04582333484055046,5.947410970167042E-5
717.7216156631918,-189.1458171818324,132.96552412536192,717.7216156631918,-287.4518102677655,55.75845370180241,828.45882728748,-225.78810893249863,104.18758383029441,0.05581570981767121,3.8266588007712216E-6
717.7216156631918,-189.1458171818324,132.96552412536192,717.7216156631918,-286.55139935188777,54.625543514484846,828.5055305242224,-225.5514484638971,103.68571915705425,0.055477318679388175,2.946975822538359E-6
717.7216156631918,-189.1458171818324,132.96552412536192,717.7216156631918,-284.23865227934056,51.83382432116626,828.389872667819,-225.21807320247245,102.18924698812313,0.050797970151048415,1.7884712177645873E-5
717.7216156631918,-189.1458171818324,132.96552412536192,717.7216156631918,-281.88281361180316,49.151148907577294,828.4232282016274,-224.98365159550482,100.57580032393815,0.04643185544284129,1.8782201094036023E-5
717.7216156631918,-189.1458171818324,132.96552412536192,717.7216156631918,-280.3541794560744,47.490178842346964,828.4685061551921,-225.01257942151557,99.35321259845594,0.04254335721361961,8.692434597482819E-6
717.7216156631918,-189.1458171818324,132.96552412536192,717.7216156631918,-279.16855362178467,46.2423615685058,828.5231460413279,-225.0113536843202,98.41455538904924,0.03984579354431917,5.022693940455292E-6
717.7216156631918,-189.1458171818324,132.96552412536192,717.7216156631918,-278.272231064899,45.3214578781578,828.5448738565966,-224.99789380620442,97.709738080959,0.037765475132749304,2.9958708037729947E-6
717.7216156631918,-189.1458171818324,132.96552412536192,717.7216156631918,-277.5988913990107,44.64195047975841,828.584479177911,-224.92122992355306,97.24248871975286,0.03678917175397777,1.7448735212384823E-6
717.7216156631918,-189.1458171818324,132.96552412536192,717.7216156631918,-277.24717588594274,44.291116348993455,828.5415004404052,-224.92768768216106,96.95091297272688,0.03556214549037173,5.2624160108647E-7
717.7216156631918,-189.1458171818324,132.96552412536192,717.7216156631918,-276.9514108847751,43.99823960754745,828.5490276606805,-224.86741266158512,96.7713226576378,0.03523574257049733,3.4118307372350745E-7
717.7216156631918,-189.1458171818324,132.96552412536192,717.7216156631918,-276.81686179232514,43.86564793630656,828.5560288281874,-224.84335417488822,96.68620134021026,0.0350894065358295,7.076622501711432E-8
717.7216156631918,-189.1458171818324,132.96552412536192,717.7216156631918,-276.71904434983855,43.76950468850144,828.5529964253315,-224.82710863750077,96.62303374178478,0.034921801478965356,3.749465197306433E-8
717.7216156631918,-189.1458171818324,132.96552412536192,717.7216156631918,-276.65174333427996,43.70347794557509,828.5472197231004,-224.82036665510304,96.57503696020086,0.03475464777196809,1.788203332663001E-8
717.7216156631918,-189.1458171818324,132.96552412536192,717.7216156631918,-276.5857321474447,43.63881327800961,828.5462948018934,-224.80871492292425,96.53308528149944,0.034653286444843945,1.709941904654558E-8
717.7216156631918,-189.1458171818324,132.96552412536192,717.7216156631918,-276.55087575545053,43.604706449255204,828.5512281999814,-224.80354638812483,96.50992429684982,0.034629051704561015,4.784239654369177E-9
717.7216156631918,-189.1458171818324,132.96552412536192,717.7216156631918,-276.5044072174107,43.55927855495581,828.5437855724591,-224.802845617232,96.47270711322906,0.03446658634951771,8.640960638258506E-9
717.7216156631918,-189.1458171818324,132.96552412536192,717.7216156631918,-276.4768537443952,43.5323644310499,828.5375667527742,-224.80720152400204,96.44574368615099,0.03432891033146762,5.865366435934929E-9
717.7216156631918,-189.1458171818324,132.96552412536192,717.7216156631918,-276.4466519365202,43.502882474588546,828.5401224568229,-224.80361499736782,96.42474193248972,0.034291141221316025,3.6155198650097922E-9
717.7216156631918,-189.1458171818324,132.96552412536192,717.7216156631918,-276.41877055405166,43.47568330702968,828.5530534873816,-224.79632768228075,96.4094275742286,0.03434982716158186,3.029272931670236E-9
717.7216156631918,-189.1458171818324,132.96552412536192,717.7216156631918,-276.40912764940924,43.466280294817224,828.545648153795,-224.80759710167834,96.38998832027224,0.03420704449706901,5.580909569399049E-9
717.7216156631918,-189.1458171818324,132.96552412536192,717.7216156631918,-276.4002377386854,43.45761333928763,828.5394860001039,-224.81629264619576,96.37379942895254,0.0340904565301892,3.6679188892042904E-9
717.7216156631918,-189.1458171818324,132.96552412536192,717.7216156631918,-276.39406283467247,43.45159431272505,828.5360509755536,-224.82223371058126,96.36265353209092,0.034015667637310794,1.7294848736851755E-9
717.7216156631918,-189.1458171818324,132.96552412536192,717.7216156631918,-276.3786919583298,43.43661506115005,828.5336697679237,-224.82265555844103,96.34964476907885,0.03395866550853549,1.0860790708255497E-9
717.7216156631918,-189.1458171818324,132.96552412536192,717.7216156631918,-276.3681300391346,43.42632522441747,828.5342152024109,-224.82224329666045,96.34142520704253,0.03393800100788116,4.483218585173259E-10
717.7216156631918,-189.1458171818324,132.96552412536192,717.7216156631918,-276.3157183972445,43.37529964693296,828.5684418932161,-224.790549705636,96.33109476665905,0.03422392012034263,1.023486028150236E-8
717.7216156631918,-189.1458171818324,132.96552412536192,717.7216156631918,-276.31857097353236,43.378075247901066,828.567095227493,-224.80029814813398,96.32341002565713,0.03416182219291277,1.7805216464486368E-9
717.7216156631918,-189.1458171818324,132.96552412536192,717.7216156631918,-276.3095163511281,43.36926556997068,828.5640672235869,-224.80313815397759,96.31308073826114,0.03410150601928144,1.0352909441806174E-9
717.7216156631918,-189.1458171818324,132.96552412536192,717.7216156631918,-276.3102575794886,43.369986679775764,828.562858809375,-224.80647898598698,96.31025340450009,0.03407480349108038,2.230797786598166E-10
717.7216156631918,-189.1458171818324,132.96552412536192,717.7216156631918,-276.29998696065184,43.35999589096828,828.5612046688716,-224.8059663866881,96.30237290118566,0.03404117186515241,4.2412467322494963E-10
717.7216156631918,-189.1458171818324,132.96552412536192,717.7216156631918,-276.29857220539964,43.35861986122569,828.5600190268012,-224.80796846997575,96.29915625821099,0.03401746817223097,1.6108964982116322E-10
717.7216156631918,-189.1458171818324,132.96552412536192,717.7216156631918,-276.2893033664204,43.349605809492886,828.557455497881,-224.80901502883646,96.29049119897635,0.033970832671897856,5.665060691172263E-10
717.7216156631918,-189.1458171818324,132.96552412536192,717.7216156631918,-276.2908045393115,43.35106559067677,828.5547330284669,-224.81419566851747,96.28639292321404,0.03392488734015792,5.043483625430176E-10
717.7216156631918,-189.1458171818324,132.96552412536192,717.7216156631918,-276.28465265002285,43.34508363744851,828.5526908732147,-224.8156894582349,96.2798185110637,0.03388680857647296,3.893494893537842E-10
717.7216156631918,-189.1458171818324,132.96552412536192,717.7216156631918,-276.2839108540453,43.344362387898116,828.5518117736615,-224.81741563404145,96.27743560296238,0.03386854776394319,9.967076146873321E-11
717.7216156631918,-189.1458171818324,132.96552412536192,717.7216156631918,-276.281923237136,43.34242988331469,828.5511789608213,-224.81845987997923,96.2747335549208,0.033852950022509785,8.350677389213919E-11
717.7216156631918,-189.1458171818324,132.96552412536192,717.7216156631918,-276.28082056499204,43.34135782286987,828.5503279452188,-224.82000860944999,96.2722373740394,0.03383506256318065,9.678476941805246E-11
717.7216156631918,-189.1458171818324,132.96552412536192,717.7216156631918,-276.27843303958764,43.33903666889141,828.5493295594295,-224.82139378144814,96.26885678522694,0.03381398283437301,1.3505511878225748E-10
717.7216156631918,-189.1458171818324,132.96552412536192,717.7216156631918,-276.2763316692187,43.33699381741046,828.5480415700702,-224.82322970119017,96.26524675280638,0.033788971508329976,1.7590212762411493E-10
717.7216156631918,-189.1458171818324,132.96552412536192,717.7216156631918,-276.2795671466983,43.34013923324429,828.5462953361762,-224.82770491377798,96.26329424380108,0.03375819834547575,2.401220096143454E-10
717.7216156631918,-189.1458171818324,132.96552412536192,717.7216156631918,-276.27780705350267,43.33842810522333,828.5448854373773,-224.8300014608643,96.2594898033226,0.03373043435368876,2.20273830018478E-10
717.7216156631918,-189.1458171818324,132.96552412536192,717.7216156631918,-276.277669295699,43.338294182630406,828.5440556576248,-224.83207103479586,96.25724807845319,0.03371193602008699,1.093543351015305E-10
717.7216156631918,-189.1458171818324,132.96552412536192,717.7216156631918,-276.27411924335524,43.33484310666147,828.543447195419,-224.83253311631367,96.25386354152707,0.033696168718321734,8.883282326760174E-11
717.7216156631918,-189.1458171818324,132.96552412536192,717.7216156631918,-276.2732549761459,43.3340029768394,828.5431209271368,-224.83367572624965,96.25197981775935,0.03368481834062983,5.419576798428893E-11
717.7216156631918,-189.1458171818324,132.96552412536192,717.7216156631918,-276.26975219178587,43.330598184736544,828.5429386030212,-224.8335136471759,96.24927583725227,0.033675782052857144,4.949520558708293E-11
717.7216156631918,-189.1458171818324,132.96552412536192,717.7216156631918,-276.2534582823109,43.31476360482738,828.5453409911996,-224.82511269796007,96.24456672774306,0.033701973233966856,1.0019559454909722E-9
717.7216156631918,-189.1458171818324,132.96552412536192,717.7216156631918,-275.94988368243304,43.020796436857,828.7740674393359,-224.58005725922766,96.24923647784289,0.035960648453821985,3.536323324066294E-7
717.7216156631918,-189.1458171818324,132.96552412536192,717.7216156631918,-275.31941158627245,42.41657809384229,828.7282731132038,-224.23515970050713,96.09456610203875,0.036219401417094996,1.4457732554603853E-6
717.7216156631918,-189.1458171818324,132.96552412536192,717.7216156631918,-270.64146386972857,38.18441012620282,810.8915079266595,-223.09008897855713,93.48763756897927,0.028664113183954405,2.4470904799926078E-5
717.7216156631918,-189.1458171818324,132.96552412536192,717.7216156631918,-278.7028031540729,45.76147454297204,765.3141004752092,-239.32248580063552,84.10715031330065,1.0,0.0010447239243564842
717.7216156631918,-189.1458171818324,132.96552412536192,717.7216156631918,-279.7888156909686,46.890865710281716,762.9047494520304,-244.49203312055374,80.40871654123794,1.0,5.118298258939834E-4
717.7216156631918,-189.1458171818324,132.96552412536192,717.7216156631918,-278.6242173686975,45.68084104752046,777.0487665451295,-240.4884595139264,82.8816351088299,1.0,1.766979173418738E-4
717.7216156631918,-189.1458171818324,132.96552412536192,717.7216156631918,-276.89422535000006,43.94183703056312,802.8482837436198,-230.9523345076111,90.551417765726,0.24245014574579699,0.0011692240937781074
717.7216156631918,-189.1458171818324,132.96552412536192,717.7216156631918,-276.7664373380384,43.816060170485144,814.231720579763,-227.54333530614886,93.89802891843573,0.020141440401056854,2.2627713799735976E-4
717.7216156631918,-189.1458171818324,132.96552412536192,717.7216156631918,-276.52666169918194,43.58102876159772,820.5292803715329,-226.13089555237775,95.13237448712422,1.8253259327910426E-4,3.529061499012845E-5
717.7216156631918,-189.1458171818324,132.96552412536192,717.7216156631918,-276.6550326896427,43.706702705809164,823.9493612195964,-226.16438299903135,95.2068316686753,0.006301351097534158,1.0444290344814769E-8
717.7216156631918,-189.1458171818324,132.96552412536192,717.7216156631918,-276.08202109974775,43.14850765107326,824.6401598731892,-226.09314156236533,94.79387304084344,0.00796279253907999,1.3998477874882134E-6
717.7216156631918,-189.1458171818324,132.96552412536192,717.7216156631918,-273.32275967665385,40.55750308701522,823.7415604436624,-225.52971814959744,93.02389419156864,0.003685727202742916,3.417778327423983E-5
717.7216156631918,-189.1458171818324,132.96552412536192,717.7216156631918,-269.25480023634174,37.00954028916577,823.1758296424517,-224.48288825085172,90.63814346182141,0.0012581583504245974,7.6426714632285E-5
717.7216156631918,-189.1458171818324,132.96552412536192,717.7216156631918,-265.05740079505114,33.65574880926677,822.9501333970696,-223.25050626950016,88.34876276548178,3.171862880434164E-4,8.070255972572763E-5
717.7216156631918,-189.1458171818324,132.96552412536192,717.7216156631918,-257.0112135841513,27.99272778670985,797.2073474954848,-222.8785118606977,80.78848728192182,0.4904240677654803,1.7343190133615893E-4
717.7216156631918,-189.1458171818324,132.96552412536192,717.7216156631918,-264.479910070398,33.21696800219303,731.8477579035357,-242.40402543426043,62.447261129285295,1.0,5.745414027748248E-4
717.7216156631918,-189.1458171818324,132.96552412536192,717.7216156631918,-267.2189741749029,35.34594536610187,729.3316807841297,-253.5855541060395,52.392633055298404,1.0,0.0033027573632474294
717.7216156631918,-189.1458171818324,132.96552412536192,717.7216156631918,-267.12148565714625,35.26805677933528,777.8242287638212,-249.30153399691608,57.59507467446599,1.0,8.924766380217747E-5
717.7216156631918,-189.1458171818324,132.96552412536192,717.7216156631918,-279.9474899897765,47.05827055921033,844.9367025097705,-241.62882985573347,83.31146668053134,1.0,6.876474888447541E-5
717.7216156631918,-189.1458171818324,132.96552412536192,717.7216156631918,-304.69443944998477,85.28412427246504,889.7974540810285,-234.85558945173906,114.10328339930356,1.0,4.8862801993625E-4
717.7216156631918,-189.1458171818324,132.96552412536192,717.7216156631918,-314.0258834539644,127.49112480964534,902.260921617418,-227.64886738727014,131.2776560933389,1.0,4.8201614362081613E-4
717.7216156631918,-189.1458171818324,132.96552412536192,717.7216156631918,-298.2432231600959,71.95113230823446,858.9041534179322,-224.3421841556665,113.28141792847597,1.0,9.956981861168352E-5
717.7216156631918,-189.1458171818324,132.96552412536192,717.7216156631918,-276.0725718974019,43.139362487344556,807.8137702200039,-234.84395251950178,85.7431458733615,0.22759874186675474,0.0029011673316160637
717.7216156631918,-189.1458171818324,132.96552412536192,717.7216156631918,-264.4567446048936,33.19947674110189,771.5561051942559,-244.76456436816144,59.28614243253534,1.0,0.006894480995896102
717.7216156631918,-189.1458171818324,132.96552412536192,717.7216156631918,-264.5363467980812,33.25961635565393,797.0658787947513,-248.63105227333332,54.29477603694042,1.0,1.6177376662730752E-4
717.7216156631918,-189.1458171818324,132.96552412536192,717.7216156631918,-277.5890613253599,44.632107088725206,843.0394204735627,-250.10647741987637,72.0805636540207,1.0,1.952220496667059E-4
717.7216156631918,-189.1458171818324,132.96552412536192,717.7216156631918,-306.81462066925775,90.7867061495381,891.0185887162392,-246.99572483757717,112.22901068583647,1.0,7.312653399369826E-6
717.7216156631918,-189.1458171818324,132.96552412536192,717.7216156631918,-313.3001035372013,147.48148704860824,907.8308324298677,-245.46422400068187,139.55020137878137,1.0,3.846227023604476E-6
717.7216156631918,-189.1458171818324,132.96552412536192,717.7216156631918,-303.05100961748786,184.4495715206114,909.4150537088137,-242.30456295087305,156.99276404413322,1.0,0.0011403143679562316
717.7216156631918,-189.1458171818324,132.96552412536192,717.7216156631918,-313.898035594509,140.83216261431215,874.7113453552475,-226.026344761513,135.29114030632135,1.0,0.001472577837675142
717.7216156631918,-189.1458171818324,132.96552412536192,717.7216156631918,-250.14225684442766,23.858080069113512,840.7710874283953,-216.063004767422,84.81737720249765,1.0,0.04122003421440715
717.7216156631918,-189.1458171818324,132.96552412536192,717.7216156631918,-213.97783550526304,10.45686783534785,817.2102235014194,-210.5135334271254,27.547987334679533,1.0,0.09956631354490243
717.7216156631918,-189.1458171818324,132.96552412536192,717.7216156631918,-205.86837110035924,9.089149499519877,797.2985683172592,-210.12763899535585,-22.46241062479035,1.0,0.06566114702897687
717.7216156631918,-189.1458171818324,132.96552412536192,717.7216156631918,-204.57122994117984,8.920948906597275,778.5442173467158,-212.99781469878837,-58.842043443092365,1.0,0.026642227468449606
717.7216156631918,-189.1458171818324,132.96552412536192,717.7216156631918,-204.830071746893,8.953411173689432,760.378076923736,-217.3578128564279,-90.10081158585751,1.0,0.018010616396890236
717.7216156631918,-189.1458171818324,132.96552412536192,717.7216156631918,-207.42224495021924,9.30885350858145,756.4572196773028,-226.24320037831325,-118.03204240164527,1.0,0.01636579962030211
717.7216156631918,-189.1458171818324,132.96552412536192,717.7216156631918,-211.79234116589373,10.034100349993025,776.2056792584074,-236.20737643971134,-122.49727841032458,1.0,2.2546711941865986E-4
717.7216156631918,-189.1458171818324,132.96552412536192,717.7216156631918,-219.4183128761016,11.686605906075144,807.0162946521195,-243.83124607287624,-86.11749186525722,1.0,0.021539529499735793
717.7216156631918,-189.1458171818324,132.96552412536192,717.7216156631918,-226.01770170799605,13.52740570628579,821.1157986692373,-247.22254442744503,-55.160879374079286,1.0,0.017295499709804218
717.7216156631918,-189.1458171818324,132.96552412536192,717.7216156631918,-232.90930035544807,15.876850290047429,831.0321931169633,-249.4231378332164,-28.30572362741293,1.0,0.011665047433165253
717.7216156631918,-189.1458171818324,132.96552412536192,717.7216156631918,-239.524799590153,18.567280557105505,837.8170230243571,-250.50377203795452,-6.363258016165446,1.0,0.00666603630793303
717.7216156631918,-189.1458171818324,132.96552412536192,717.7216156631918,-245.2689851109646,21.27313395665604,842.1284323645943,-250.60824810620375,10.647307445390453,1.0,0.003365492981756347
717.7216156631918,-189.1458171818324,132.96552412536192,717.7216156631918,-250.2181885982055,23.900564355596387,844.8711780233041,-250.30509771427157,23.74535932544049,1.0,0.0018416750118410254
717.7216156631918,-189.1458171818324,132.96552412536192,717.7216156631918,-254.5148316992681,26.42026641287957,846.7274270984129,-249.49573736702104,34.60091137227215,1.0,0.001257770399599759
717.7216156631918,-189.1458171818324,132.96552412536192,717.7216156631918,-257.39441129993185,28.241460983680298,847.6708990322093,-248.23644973782922,42.2938961623324,1.0,6.635006450796916E-4
717.7216156631918,-189.1458171818324,132.96552412536192,717.7216156631918,-259.5347800862331,29.667925405726137,847.7497392618775,-246.8030809016899,48.35201875101728,1.0,4.3370314315004614E-4
717.7216156631918,-189.1458171818324,132.96552412536192,717.7216156631918,-261.07731812586894,30.736080363116628,847.2217849427542,-245.38819655383628,53.03354601276271,1.0,2.719889727578139E-4
717.7216156631918,-189.1458171818324,132.96552412536192,717.7216156631918,-262.11762663743116,31.47604178962537,846.431129675348,-244.04504271248072,56.61146327219694,1.0,1.6922198283892613E-4
717.7216156631918,-189.1458171818324,132.96552412536192,717.7216156631918,-262.84622151389885,32.00389576443503,845.5642969519396,-242.82790177725414,59.42684107902369,1.0,1.1005144790964697E-4
717.7216156631918,-189.1458171818324,132.96552412536192,717.7216156631918,-263.39696083912963,32.40823863304459,844.6133582576705,-241.85784498909743,61.57836201566164,1.0,6.467131349455786E-5
717.7216156631918,-189.1458171818324,132.96552412536192,717.7216156631918,-263.7728214967832,32.68686125545567,843.7961000796428,-241.04152862015317,63.2316174854202,1.0,3.9672439771574424E-5
717.7216156631918,-189.1458171818324,132.96552412536192,717.7216156631918,-264.0928381766456,32.92581179069445,843.0691823865515,-240.41558500727746,64.53034475942462,1.0,2.3983683967684617E-5
717.7216156631918,-189.1458171818324,132.96552412536192,717.7216156631918,-264.3862391966412,33.14629303719198,842.4270758716964,-239.9692353758866,65.53960612074869,1.0,1.3761603037198564E-5
717.7216156631918,-189.1458171818324,132.96552412536192,717.7216156631918,-264.7079420514318,33.3895968879464,841.9089406209689,-239.76267681564522,66.26251993402752,1.0,5.814418928096017E-6
717.7216156631918,-189.1458171818324,132.96552412536192,717.7216156631918,-265.0558199841988,33.654540470255995,841.536439495812,-239.71128615264246,66.81210195322711,1.0,2.5822909219934356E-6
717.7216156631918,-189.1458171818324,132.96552412536192,717.7216156631918,-265.38800021889074,33.909330347568826,841.2868023178418,-239.78184245264782,67.17763962938503,1.0,1.3053066595060803E-6
717.7216156631918,-189.1458171818324,132.96552412536192,717.7216156631918,-265.7433157708249,34.183829414705684,841.2741996507649,-239.73897979137473,67.71955088335068,1.0,2.442284408205945E-6
717.7216156631918,-189.1458171818324,132.96552412536192,717.7216156631918,-277.1712954696834,44.21579076128319,838.4088362730744,-236.486589779362,85.23524163213847,1.0,0.003033389416073492
717.7216156631918,-189.1458171818324,132.96552412536192,717.7216156631918,-277.56825276572476,44.61127756407653,832.5082296391524,-232.65103853993347,89.49385283295535,1.0,4.005757469066241E-4
717.7216156631918,-189.1458171818324,132.96552412536192,717.7216156631918,-277.4037732131431,44.44697693227238,828.858793941054,-230.28791039245655,91.70195443431751,1.0,1.2495379940972732E-4
717.7216156631918,-189.1458171818324,132.96552412536192,717.7216156631918,-277.0454039715444,44.091103496038585,827.2857417882875,-228.84237955079084,92.82871449555932,0.009690329381646242,3.953292770962469E-5
717.7216156631918,-189.1458171818324,132.96552412536192,717.7216156631918,-276.8430813206624,43.89145459576045,825.9655025312946,-228.05539507302265,93.4450843433329,0.007270264392869082,1.1569385803988002E-5
717.7216156631918,-189.1458171818324,132.96552412536192,717.7216156631918,-276.53078515008906,43.5850599668739,826.1812856569736,-227.38087759900097,93.85733965528482,0.009747374108199402,6.982383034520883E-6
717.7216156631918,-189.1458171818324,132.96552412536192,717.7216156631918,-274.2358403623401,41.39758238186384,825.5176438637699,-226.9587948890569,92.27383771580296,0.005717994286733086,2.505670276943349E-5
717.7216156631918,-189.1458171818324,132.96552412536192,717.7216156631918,-270.5021221969099,38.06477789914055,825.0616053736193,-226.23921089319106,89.69671118432956,0.0023896884829268487,7.151797014848653E-5
717.7216156631918,-189.1458171818324,132.96552412536192,717.7216156631918,-268.3049034315221,36.22443118076991,824.9192687552714,-226.08227699561576,87.8251155989382,8.693334022783378E-4,2.869854681113343E-5
717.7216156631918,-189.1458171818324,132.96552412536192,717.7216156631918,-266.6266638306202,34.87516576845191,825.0142628190948,-226.0786190649979,86.20878451117053,2.49949880160869E-4,1.9245563236414644E-5
717.7216156631918,-189.1458171818324,132.96552412536192,717.7216156631918,-265.30115481032914,33.84254721945142,825.1007839603751,-226.16577522259328,84.78074075754441,9.153601686400743E-6,1.6763973211114712E-5
717.7216156631918,-189.1458171818324,132.96552412536192,717.7216156631918,-264.1879397282927,32.997129901377164,825.1825087263812,-226.1892536714469,83.61760142884967,4.6544093687370165E-5,1.0599685924288478E-5
717.7216156631918,-189.1458171818324,132.96552412536192,717.7216156631918,-263.3883308640531,32.401866862187234,825.3140755330058,-226.22173707248885,82.7451057198119,1.6528784663485146E-4,6.167762171319286E-6
717.7216156631918,-189.1458171818324,132.96552412536192,717.7216156631918,-262.76772053639195,31.946638037403602,825.462180576643,-226.20465270890114,82.11595199963,2.49210230236618E-4,3.179423623207896E-6
717.7216156631918,-189.1458171818324,132.96552412536192,717.7216156631918,-262.3691839224458,31.657387417742882,825.5236230265773,-226.23856804963984,81.64587517929365,1.0,1.8984826250776732E-6
717.7216156631918,-189.1458171818324,132.96552412536192,717.7216156631918,-261.8616733612588,31.29249790850845,825.6903963636332,-226.17683601358047,81.18787965636415,1.0,1.9709778306069754E-6
717.7216156631918,-189.1458171818324,132.96552412536192,717.7216156631918,-261.3851554133487,30.953377731549637,825.6707219477921,-226.07808531946668,80.81194636365163,1.0,1.5648117206207055E-6
717.7216156631918,-189.1458171818324,132.96552412536192,717.7216156631918,-261.13018843195175,30.77330183949033,825.6932145235968,-226.06570222219193,80.55240953825646,1.0,5.669709506761509E-7
717.7216156631918,-189.1458171818324,132.96552412536192,717.7216156631918,-261.1653315467553,30.798065751177717,825.7326549187835,-226.10779789898854,80.5309630255345,1.0,2.0527746643843103E-8
717.7216156631918,-189.1458171818324,132.96552412536192,717.7216156631918,-261.11347780504576,30.76153289007806,825.7215538111125,-226.1052268534041,80.47807143586641,1.0,2.3528131335489398E-8
717.7216156631918,-189.1458171818324,132.96552412536192,717.7216156631918,-261.120236793338,30.766292613638143,825.7245134235808,-226.11081449978252,80.47751047942032,1.0,1.588443675389854E-10
717.7216156631918,-189.1458171818324,132.96552412536192,717.7216156631918,-261.1074382744675,30.75728037897906,825.7247362924955,-226.10966847540317,80.4651737239312,1.0,1.3579119417142967E-9
717.7216156631918,-189.1458171818324,132.96552412536192,717.7216156631918,-261.10910014878885,30.758450472812044,825.7245982009812,-226.1140890617333,80.46070873816697,1.0,4.5129592364656726E-10
717.7216156631918,-189.1458171818324,132.96552412536192,717.7216156631918,-261.1095364658838,30.758757682008266,825.7247407665543,-226.11658610852572,80.457638450265,1.0,1.8323555745590343E-10
717.7216156631918,-189.1458171818324,132.96552412536192,717.7216156631918,-261.11026946603664,30.759273790881437,825.7259279454634,-226.11781155946804,80.45669799267071,1.0,2.5556918065162993E-11
717.7216156631918,-189.1458171818324,132.96552412536192,717.7216156631918,-261.11004323496803,30.759114499677537,825.7268599469138,-226.11808676789008,80.45606022431588,1.0,5.434177063671075E-12
717.7216156631918,-189.1458171818324,132.96552412536192,717.7216156631918,-261.1052383600702,30.755731523610777,825.7268864709633,-226.11720363961157,80.45207029019394,1.0,1.6716111674906368E-10
717.7216156631918,-189.1458171818324,132.96552412536192,717.7216156631918,-261.1086267673859,30.75811716992952,825.7266235978475,-226.1201089967531,80.45164213297295,1.0,4.809489100159716E-11
717.7216156631918,-189.1458171818324,132.96552412536192,717.7216156631918,-261.1073218406663,30.75719840168803,825.7270898707308,-226.12026226521994,80.45000010385235,1.0,2.4067623820722534E-11
717.7216156631918,-189.1458171818324,132.96552412536192,717.7216156631918,-261.10962690321355,30.758821358934497,825.7278610904807,-226.1216259605331,80.45057929372263,1.0,1.86232658442031E-11
717.7216156631918,-189.1458171818324,132.96552412536192,717.7216156631918,-260.51729161526816,30.34431463532799,825.9083689982142,-225.7441118747662,80.3428020017725,1.0,1.089171449965566E-6
717.7216156631918,-189.1458171818324,132.96552412536192,717.7216156631918,-260.36504468177554,30.23859662185218,826.3022627392746,-226.05414891153004,79.72878383812468,1.0,5.504842021151953E-6
717.7216156631918,-189.1458171818324,132.96552412536192,717.7216156631918,-264.0706584569389,32.909199188354066,822.8064117510602,-229.9501659000011,78.47447543301664,1.0,1.3221175508325883E-4
717.7216156631918,-189.1458171818324,132.96552412536192,717.7216156631918,-264.068100808125,32.90728400381386,820.4633276006018,-230.15047479474433,78.20406092705139,0.03883797725824414,1.1685794575197655E-6
717.7216156631918,-189.1458171818324,132.96552412536192,717.7216156631918,-263.28057965702027,32.32240715878801,823.8342281259263,-228.68061174759308,79.294279747085,1.0,3.501010381089295E-5
717.7216156631918,-189.1458171818324,132.96552412536192,717.7216156631918,-263.01517434633195,32.12744564256059,825.211167473514,-228.17946882613916,79.68120463123546,1.0,4.280520915978579E-6
717.7216156631918,-189.1458171818324,132.96552412536192,717.7216156631918,-262.8012732337191,31.971099557524568,827.2294940940756,-227.84328420022675,79.90457489978866,1.0,1.550652456917437E-6
717.7216156631918,-189.1458171818324,132.96552412536192,717.7216156631918,-262.5387633809672,31.780172180473684,828.3258656253496,-227.56524068316477,79.99745171750084,1.0,6.433151352638224E-7
717.7216156631918,-189.1458171818324,132.96552412536192,717.7216156631918,-262.1213873962282,31.47874591320371,829.4337665329226,-227.2646851250445,79.95379588143285,1.0,4.995162990664948E-7
717.7216156631918,-189.1458171818324,132.96552412536192,717.7216156631918,-261.8545753733184,31.287421850329252,830.3768034177128,-227.11890091746668,79.86282800171509,1.0,2.8390431186676714E-7
717.7216156631918,-189.1458171818324,132.96552412536192,717.7216156631918,-261.68655514074067,31.16748221699808,830.8801986719122,-227.033657422872,79.79666953141577,1.0,1.232923638518993E-7
717.7216156631918,-189.1458171818324,132.96552412536192,717.7216156631918,-261.6506732574421,31.141922512302102,830.9670522339391,-227.07058452317017,79.7051411655591,1.0,1.0837682081895988E-7
717.7216156631918,-189.1458171818324,132.96552412536192,717.7216156631918,-261.78508727628935,31.237767637053736,831.0899097826093,-227.1423624881707,79.75321481534436,1.0,7.678791859174835E-8
717.7216156631918,-189.1458171818324,132.96552412536192,717.7216156631918,-261.9261157317618,31.33861753570359,830.9415466808142,-227.245137352699,79.76546683955814,1.0,5.715383991055506E-8
717.7216156631918,-189.1458171818324,132.96552412536192,717.7216156631918,-262.54478223764295,31.784538121390312,829.7191643992685,-227.77251037421462,79.71835776128066,1.0,1.3757478487376214E-6
717.7216156631918,-189.1458171818324,132.96552412536192,717.7216156631918,-264.2368029316975,33.03382815699784,826.8803399245396,-229.0820688032325,79.8180349122108,1.0,8.20663110486189E-6
717.7216156631918,-189.1458171818324,132.96552412536192,717.7216156631918,-266.8679135088005,35.066209814476736,821.8725030150431,-231.14960973320942,80.05724342308702,0.023340220614554263,2.2311881684929225E-5
717.7216156631918,-189.1458171818324,132.96552412536192,717.7216156631918,-267.3667000198269,35.46427547671772,820.0544555318364,-231.31126144155726,80.40688101131306,0.03730920065806382,1.5372514715117374E-6
717.7216156631918,-189.1458171818324,132.96552412536192,717.7216156631918,-267.23867633740167,35.36170581425063,819.5445792491578,-231.35918594097745,80.20543800199835,0.04318045679146814,4.085980924752355E-7
717.7216156631918,-189.1458171818324,132.96552412536192,717.7216156631918,-269.94903228551607,37.593408552161875,824.8022621966783,-234.0881477838532,79.9200463828619,1.0,4.16725365715131E-5
717.7216156631918,-189.1458171818324,132.96552412536192,717.7216156631918,-265.2067650046629,33.77009975360647,841.0317395151307,-232.72382987220428,76.1329499091139,1.0,9.275343658645805E-5
717.7216156631918,-189.1458171818324,132.96552412536192,717.7216156631918,-262.131796862911,31.486231804252512,850.5973097399259,-231.5024077094956,74.07316081580163,1.0,4.9188082902244555E-5
717.7216156631918,-189.1458171818324,132.96552412536192,717.7216156631918,-265.85663514507127,34.27180392285443,872.4981841670577,-232.37796421448752,77.34440657921314,1.0,1.614503611716705E-5
717.7216156631918,-189.1458171818324,132.96552412536192,717.7216156631918,-271.1532993274462,38.62691658774327,906.0358653564755,-227.79999826395488,88.49907395049289,1.0,5.54584145072976E-4
717.7216156631918,-189.1458171818324,132.96552412536192,717.7216156631918,-275.66534877305565,42.747063413402756,910.9071864733362,-225.93720710733066,94.60120909168404,1.0,3.979268749262414E-4
717.7216156631918,-189.1458171818324,132.96552412536192,717.7216156631918,-289.5964296069332,58.570131368671795,888.6601076754971,-234.6821371750473,99.24056885825973,1.0,7.807892438260889E-4
717.7216156631918,-189.1458171818324,132.96552412536192,717.7216156631918,-298.77199160297494,72.90637093631636,848.5605659721293,-248.18499797246287,100.62066467930995,1.0,3.8251644488182805E-4
717.7216156631918,-189.1458171818324,132.96552412536192,717.7216156631918,-300.74946910645775,76.66610248457533,812.7096038447903,-263.8889303122236,95.2607181597391,1.0,0.0015918452093559364
717.7216156631918,-189.1458171818324,132.96552412536192,717.7216156631918,-297.4271463950106,70.51431321774766,779.2765780496173,-274.3230409999264,83.83959624987128,1.0,0.0012976649475900871
717.7216156631918,-189.1458171818324,132.96552412536192,717.7216156631918,-292.1149386222684,62.0969130920932,752.7076853869022,-280.2534362815998,70.26060511832179,1.0,0.0011653469718345218
717.7216156631918,-189.1458171818324,132.96552412536192,717.7216156631918,-286.5444345808812,54.616884515259486,747.0119880692556,-279.6539293389664,60.159691244419236,1.0,5.390984486867288E-4
717.7216156631918,-189.1458171818324,132.96552412536192,717.7216156631918,-279.50630627698246,46.59433673925919,761.7618794431684,-270.84577596697216,54.87251555125357,1.0,0.0011205871311964568
717.7216156631918,-189.1458171818324,132.96552412536192,717.7216156631918,-268.0454315442551,36.012696144632145,816.7647145074083,-249.96013874401143,58.23612899677357,1.0,4.446862437932215E-5
717.7216156631918,-189.1458171818324,132.96552412536192,717.7216156631918,-260.79011379604145,30.534597337329615,852.8652075466807,-235.89289856113575,66.13051985276851,1.0,9.955818569519074E-4
717.7216156631918,-189.1458171818324,132.96552412536192,717.7216156631918,-250.8864892296007,24.277486995740702,883.5566245901439,-222.16194040892248,74.84407017672734,1.0,0.001366898498620069
717.7216156631918,-189.1458171818324,132.96552412536192,717.7216156631918,-241.3920567106584,19.407915595169015,910.7004943646082,-211.93918957925393,83.42395169580527,1.0,0.0010306850132783003
717.7216156631918,-189.1458171818324,132.96552412536192,717.7216156631918,-234.39449659899137,16.44274948021726,939.5943552684143,-203.7714855180106,95.30202813999946,1.0,0.0014752968324077023
717.7216156631918,-189.1458171818324,132.96552412536192,717.7216156631918,-237.34613475949968,17.632400585712574,959.4591853443371,-200.1558697723616,106.6208065090222,1.0,0.0014200415745045424
717.7216156631918,-189.1458171818324,132.96552412536192,717.7216156631918,-269.45729183126736,37.1789538786245,960.0167293142099,-203.95334194133017,115.30475999735677,1.0,0.0011221876188670474
717.7216156631918,-189.1458171818324,132.96552412536192,717.7216156631918,-303.8902903233443,83.38018472471998,945.9888364839696,-213.49891383734254,122.44164850800775,1.0,0.0016082151653494508
717.7216156631918,-189.1458171818324,132.96552412536192,717.7216156631918,-312.9052739960912,115.39859926528422,923.3964257100763,-227.72329142913637,127.48967921751733,1.0,0.002251801070732797
717.7216156631918,-189.1458171818324,132.96552412536192,717.7216156631918,-313.77841995533026,123.3887644487545,896.4347705481775,-242.30067390109366,128.88110899547817,1.0,0.0018479294088572815
717.7216156631918,-189.1458171818324,132.96552412536192,717.7216156631918,-313.53409937551663,120.6141981680251,864.5862212176919,-256.9009253384474,126.23767636222709,1.0,0.0014730923910341192
717.7216156631918,-189.1458171818324,132.96552412536192,717.7216156631918,-312.49509929195233,112.71818842611395,829.3058239631989,-273.393892599439,119.13650918652351,1.0,0.0019604337809351947
717.7216156631918,-189.1458171818324,132.96552412536192,717.7216156631918,-310.4469427070473,102.78213554296356,794.5235890742682,-285.6776372647124,108.94548784365347,1.0,0.0010624725641234934
717.7216156631918,-189.1458171818324,132.96552412536192,717.7216156631918,-307.205022788681,91.89212675577672,761.9584720226559,-294.55543848459524,96.29298139486335,1.0,7.64180229399483E-4
717.7216156631918,-189.1458171818324,132.96552412536192,717.7216156631918,-302.32933463130547,79.91374396894471,731.1346485470503,-299.5363572600141,81.2228782388683,1.0,5.095446414230148E-4
717.7216156631918,-189.1458171818324,132.96552412536192,717.7216156631918,-295.4103226340826,67.14109947167665,708.43421318455,-298.74203965255066,65.07730258186666,1.0,5.046901536971867E-4
717.7216156631918,-189.1458171818324,132.96552412536192,717.7216156631918,-285.8480751132445,53.75900096617602,695.1773090399331,-291.95782335817836,48.7546512621351,1.0,0.0031512558035932422
717.7216156631918,-189.1458171818324,132.96552412536192,717.7216156631918,-275.5636472538794,42.649641548492866,703.8627507186005,-280.5613884187936,37.42646707369224,1.0,0.0037992777406728145
717.7216156631918,-189.1458171818324,132.96552412536192,717.7216156631918,-264.52963306939864,33.25454026586172,742.4973177310798,-263.0805530215971,35.17125402671681,1.0,3.5130534118525865E-4
717.7216156631918,-189.1458171818324,132.96552412536192,717.7216156631918,-243.18268186340936,20.248989156507704,814.1524190943708,-231.96360477436582,43.65107775800615,1.0,1.4006419540320186E-4
717.7216156631918,-189.1458171818324,132.96552412536192,717.7216156631918,-216.402988888323,10.973530164434763,861.7562357021118,-207.01838967696546,52.97517225135144,1.0,8.725412232782044E-5
717.7216156631918,-189.1458171818324,132.96552412536192,717.7216156631918,-203.6422447214938,8.808955275432183,878.3421181400965,-197.96584988073766,57.425188822458665,1.0,2.03566863628016E-4
717.7216156631918,-189.1458171818324,132.96552412536192,717.7216156631918,-200.18471513498574,8.453907269825649,878.5254663987548,-195.78792527201807,58.04684826225085,1.0,7.4950512034626525E-6
717.7216156631918,-189.1458171818324,132.96552412536192,717.7216156631918,-202.37764200463357,8.667821765830354,875.7817634903496,-197.15613554330272,57.71784054181012,1.0,2.2369659921569385E-6
717.7216156631918,-189.1458171818324,132.96552412536192,717.7216156631918,-207.79006424665505,9.363776357032009,871.2103289944336,-200.67303617880086,56.546003938792865,1.0,2.9121723934291455E-5
717.7216156631918,-189.1458171818324,132.96552412536192,717.7216156631918,-213.78510057344266,10.417959017164364,866.9681652369384,-204.7376702920226,55.416855042351955,1.0,3.8226735000783004E-5
717.7216156631918,-189.1458171818324,132.96552412536192,717.7216156631918,-220.39070463947093,11.933474618797334,862.8900963647661,-209.42380657138838,54.41550153309544,1.0,4.8488584302366176E-5
717.7216156631918,-189.1458171818324,132.96552412536192,717.7216156631918,-216.0769460149608,10.901138247361303,859.739246464693,-206.1999067027021,55.6684684775245,1.0,4.118474315061742E-5
717.7216156631918,-189.1458171818324,132.96552412536192,717.7216156631918,-195.249955247888,8.114655091660225,861.8595592882599,-192.63306944136062,61.639077962066466,1.0,4.454444670917033E-4
717.7216156631918,-189.1458171818324,132.96552412536192,717.7216156631918,-179.5698769586225,8.332858387837419,861.0088276232821,-184.13665987445034,67.77039824054773,1.0,5.509629075295544E-4
717.7216156631918,-189.1458171818324,132.96552412536192,717.7216156631918,-168.42765117093128,9.694450482172059,854.7980484282732,-178.5618433495158,69.99190874673192,1.0,9.990924368914786E-5
717.7216156631918,-189.1458171818324,132.96552412536192,717.7216156631918,-152.12338394315663,13.573985743918001,848.6504866801147,-170.15540152952659,71.7244132395627,1.0,1.7618639025035777E-4
717.7216156631918,-189.1458171818324,132.96552412536192,717.7216156631918,-134.72016484230025,20.436201869265574,842.5214647681967,-159.82895906185507,72.3506112468084,1.0,2.638772125615106E-4
717.7216156631918,-189.1458171818324,132.96552412536192,717.7216156631918,-122.26842278205372,27.360533152887285,836.6397916566051,-150.45302411115318,71.8663724672879,1.0,3.236671664186511E-4
717.7216156631918,-189.1458171818324,132.96552412536192,717.7216156631918,-112.44948514336731,34.26054627801365,833.86494424257,-140.5285255815561,70.39709923645532,1.0,6.488890358721698E-4
717.7216156631918,-189.1458171818324,132.96552412536192,717.7216156631918,-105.66916869885924,39.92440870830484,832.9402029358805,-131.1913741495665,68.3708605746786,1.0,7.711362386619583E-4
717.7216156631918,-189.1458171818324,132.96552412536192,717.7216156631918,-113.59858057281345,33.378300844757774,828.1518775677742,-135.48272237478153,62.22622452482551,1.0,7.254169418191536E-4
717.7216156631918,-189.1458171818324,132.96552412536192,717.7216156631918,-132.687942563255,21.441946378084666,824.9573205900323,-149.74070790039616,55.12697993152551,1.0,0.0021979968048251837
717.7216156631918,-189.1458171818324,132.96552412536192,717.7216156631918,-154.69938801058328,12.805449569167862,823.9026342482018,-165.54957410681922,50.65434135968414,1.0,8.171410897940101E-4
717.7216156631918,-189.1458171818324,132.96552412536192,717.7216156631918,-180.41077258683995,8.271101652167502,824.206445170333,-183.18279422548335,47.842237615456185,1.0,9.593386227354487E-5
717.7216156631918,-189.1458171818324,132.96552412536192,717.7216156631918,-202.55875469911246,8.687235164025068,822.3274814208793,-198.34460439605508,47.7336698779082,1.0,7.6925529410241E-6
717.7216156631918,-189.1458171818324,132.96552412536192,717.7216156631918,-231.73011797887074,15.442856841014759,818.1348094808652,-219.75432347376852,48.49323659943326,1.0,5.102347630500143E-4
717.7216156631918,-189.1458171818324,132.96552412536192,717.7216156631918,-253.1150040072479,25.573982852805983,814.5240143114745,-238.72285678248346,49.735535459488716,1.0,0.0012853116121590903
717.7216156631918,-189.1458171818324,132.96552412536192,717.7216156631918,-251.03199248403908,24.36026961866439,821.3059608485705,-235.22912871360904,52.09302307032303,1.0,1.591275395843227E-4
717.7216156631918,-189.1458171818324,132.96552412536192,717.7216156631918,-237.2522230294592,17.593197649627655,836.2156988650469,-221.45809747253494,55.47183310462074,1.0,6.301021033838317E-4
717.7216156631918,-189.1458171818324,132.96552412536192,717.7216156631918,-183.09030896432495,8.112287001818757,874.0056399052804,-185.8754000603083,65.53564876229666,1.0,4.204823008515254E-6
717.7216156631918,-189.1458171818324,132.96552412536192,717.7216156631918,-104.91973184630773,40.602292539124534,920.3379656903423,-141.9747748967417,81.23725151972062,1.0,0.013636654955142111
717.7216156631918,-189.1458171818324,132.96552412536192,717.7216156631918,-110.8348369817651,35.53662502399331,912.1069408145181,-144.70587732962173,77.67654159864082,1.0,2.2263488660590933E-4
717.7216156631918,-189.1458171818324,132.96552412536192,717.7216156631918,-166.31642117956574,10.06792985203333,880.2552377565898,-177.46243280674707,70.07030637514112,1.0,3.160187623012632E-4
717.7216156631918,-189.1458171818324,132.96552412536192,717.7216156631918,-226.11295561103634,13.556853266181534,856.8003119779137,-209.34015173624863,67.73519387822876,1.0,3.878377117932461E-4
717.7216156631918,-189.1458171818324,132.96552412536192,717.7216156631918,-244.21685388719445,20.750636894671075,845.3093417908144,-221.4433136032922,67.15488870627468,1.0,2.9686389908591246E-4
717.7216156631918,-189.1458171818324,132.96552412536192,717.7216156631918,-251.3529028858194,24.5437620652625,839.15427339376,-226.96102688181003,67.05676755937219,1.0,8.186339309493979E-5
717.7216156631918,-189.1458171818324,132.96552412536192,717.7216156631918,-255.28901738359045,26.899143650349245,835.3192497093862,-230.27620448493445,67.00936694717478,1.0,3.505039527176122E-5
717.7216156631918,-189.1458171818324,132.96552412536192,717.7216156631918,-257.7025289476935,28.442908047057415,832.6445954084927,-232.42576089354313,66.9802569801189,1.0,1.615942575536896E-5
717.7216156631918,-189.1458171818324,132.96552412536192,717.7216156631918,-259.4042368541641,29.579091431576998,830.9048539263995,-233.94509750626048,67.0426382763444,1.0,9.38884979757733E-6
717.7216156631918,-189.1458171818324,132.96552412536192,717.7216156631918,-260.59008780994924,30.394981597712217,829.7537777477743,-235.00788835928742,67.12263034596972,1.0,5.2542590120361884E-6
717.7216156631918,-189.1458171818324,132.96552412536192,717.7216156631918,-261.30727400951395,30.898271059029966,828.9259912270192,-235.68563793673502,67.138254673255,1.0,1.8936523071204473E-6
717.7216156631918,-189.1458171818324,132.96552412536192,717.7216156631918,-261.626004281129,31.12436114078598,828.389320987097,-236.00642315991584,67.12217021083671,1.0,4.6091164227960355E-7
717.7216156631918,-189.1458171818324,132.96552412536192,717.7216156631918,-261.6581108360653,31.14721894892375,828.0012017880479,-236.0568926303165,67.09522882144489,1.0,3.014178255015757E-8
717.7216156631918,-189.1458171818324,132.96552412536192,717.7216156631918,-261.6501083433929,31.14152026006667,827.7077253182332,-236.0157748283137,67.14201668733926,1.0,4.467542082021213E-8
717.7216156631918,-189.1458171818324,132.96552412536192,717.7216156631918,-261.8209731719825,31.263401719743698,827.5596259615647,-236.0312726340686,67.35368931770415,1.0,3.866291109562032E-7
717.7216156631918,-189.1458171818324,132.96552412536192,717.7216156631918,-267.63394190287914,35.67927495430274,826.2618215602063,-235.9942233303707,74.89679423746946,1.0,4.339062928520416E-4
717.7216156631918,-189.1458171818324,132.96552412536192,717.7216156631918,-267.98718313269575,35.965323017312414,823.2771270465331,-234.36991419020205,77.32536046462869,1.0,1.0159586835952462E-4
717.7216156631918,-189.1458171818324,132.96552412536192,717.7216156631918,-267.56496838539806,35.62366917841575,821.7232371693325,-233.14492339323328,78.34934237777475,1.0,2.9172788718383222E-5
717.7216156631918,-189.1458171818324,132.96552412536192,717.7216156631918,-267.18748055515914,35.320766058559656,821.0635756066724,-232.47320458324944,78.75483617218896,0.038240916252415276,6.409635878822941E-6
717.7216156631918,-189.1458171818324,132.96552412536192,717.7216156631918,-267.2570738052587,35.376428480872846,820.4269679235213,-232.20422376466522,79.17006441883942,0.04179123004958034,2.851891551719724E-6
717.7216156631918,-189.1458171818324,132.96552412536192,717.7216156631918,-266.864943723085,35.063852180165995,820.1658951916339,-231.97831685613335,79.01003699723114,0.044312987758895174,8.321303571614963E-7
717.7216156631918,-189.1458171818324,132.96552412536192,717.7216156631918,-265.3806684843173,33.903687644868484,819.0872566648715,-231.39484020187305,78.06588520214086,0.05850929325102771,1.4459784249360446E-5
717.7216156631918,-189.1458171818324,132.96552412536192,717.7216156631918,-263.56471227138445,32.5323221767521,817.8493685817411,-230.63830479365112,76.968678396151,0.07748133326884403,2.1106848614595703E-5
717.7216156631918,-189.1458171818324,132.96552412536192,717.7216156631918,-263.3219099786426,32.35286459685628,817.6814134404536,-230.79968404886526,76.46610271988854,0.08382182391951486,2.9631481759285755E-6
717.7216156631918,-189.1458171818324,132.96552412536192,717.7216156631918,-262.6701576469526,31.87560692701274,817.1555937052061,-230.5593705430682,76.02529652600236,0.09355582250494326,2.9234433170896963E-6
717.7216156631918,-189.1458171818324,132.96552412536192,717.7216156631918,-261.54982536924786,31.070187635428894,816.3225787105862,-230.11296971403476,75.31178510171603,0.11010494457917601,8.354563880124315E-6
717.7216156631918,-189.1458171818324,132.96552412536192,717.7216156631918,-261.14067257721183,30.780687693538994,815.9255541639061,-230.12099459660257,74.80801024608638,0.12119379838637988,2.042882068579536E-6
717.7216156631918,-189.1458171818324,132.96552412536192,717.7216156631918,-260.7127732163384,30.48054569459346,815.7111862940865,-229.96000260446593,74.5189847658952,0.12662043733225292,1.2787265302760102E-6
717.7216156631918,-189.1458171818324,132.96552412536192,717.7216156631918,-260.3746305375923,30.245243031848943,815.3637525277289,-229.85689956984362,74.25538100349121,0.13490871368995555,8.92056750304731E-7
717.7216156631918,-189.1458171818324,132.96552412536192,717.7216156631918,-259.4917186719615,29.63859567231512,814.5990575186953,-229.52604121531746,73.65340456696268,0.15385524484791266,5.5184512052318114E-6
717.7216156631918,-189.1458171818324,132.96552412536192,717.7216156631918,-258.9796503301777,29.29182568738267,814.2305428001727,-229.31332074250037,73.33377453617558,0.16349518776022273,1.7385385153080767E-6
717.7216156631918,-189.1458171818324,132.96552412536192,717.7216156631918,-258.6900943653548,29.09736966490466,813.793085302873,-229.25659602807033,73.0578977690495,0.17572515278090267,7.978693746920456E-7
717.7216156631918,-189.1458171818324,132.96552412536192,717.7216156631918,-258.2226039412004,28.78588345118409,812.9823666252212,-229.19347862441808,72.56678274407022,0.19997192123475385,2.3061609171743686E-6
717.7216156631918,-189.1458171818324,132.96552412536192,717.7216156631918,-258.0914129038495,28.699015453899364,812.7677860103994,-229.1715592900618,72.43454541809248,0.20671083754563685,1.7587214889600943E-7
717.7216156631918,-189.1458171818324,132.96552412536192,717.7216156631918,-257.8915676796041,28.567143924814204,812.4607299292347,-229.1312531314765,72.24301088593049,0.21656045394566428,3.8937823473383357E-7
717.7216156631918,-189.1458171818324,132.96552412536192,717.7216156631918,-257.50564179415744,28.314034030991294,811.8367180932195,-229.06273463032556,71.8570453565965,0.23756582623289452,1.5233184344279774E-6
717.7216156631918,-189.1458171818324,132.96552412536192,717.7216156631918,-257.2416792361114,28.142084136566453,811.6864540061257,-228.93798537593446,71.71140634367202,0.24258204808566627,4.256401080383111E-7
717.7216156631918,-189.1458171818324,132.96552412536192,717.7216156631918,-256.8102205343574,27.86305736579058,811.4238945728656,-228.73811340971776,71.46719129374407,0.2515447743743148,1.1593010848493032E-6
717.7216156631918,-189.1458171818324,132.96552412536192,717.7216156631918,-256.29335904980036,27.532096688474113,810.888531913455,-228.5603833977761,71.07773655368462,0.271061418399523,2.1156376972495494E-6
717.7216156631918,-189.1458171818324,132.96552412536192,717.7216156631918,-256.1268833960513,27.426257646925478,810.7537799489943,-228.49294961872718,70.96789210590879,0.27609072187159295,1.9542760590288896E-7
717.7216156631918,-189.1458171818324,132.96552412536192,717.7216156631918,-255.86270074863734,27.25905579379105,810.3146015807831,-228.44437926321888,70.70074216844156,0.293174770279251,7.437156323656961E-7
717.7216156631918,-189.1458171818324,132.96552412536192,717.7216156631918,-255.65715214440905,27.12960242816156,809.9537734101059,-228.41224090647069,70.48296909939208,0.30777039249695615,4.7613131089789516E-7
717.7216156631918,-189.1458171818324,132.96552412536192,717.7216156631918,-255.6011134014093,27.09440623021409,809.8636428189504,-228.40104827442764,70.42731520257755,0.3114784443767068,3.311484936342404E-8
717.7216156631918,-189.1458171818324,132.96552412536192,717.7216156631918,-255.51587863218234,27.04095217401168,809.7461197004058,-228.3778683326163,70.35237997407907,0.3163107136245828,6.753437917492988E-8
717.7216156631918,-189.1458171818324,132.96552412536192,717.7216156631918,-255.2332427225655,26.864382824252175,809.2290312828783,-228.33720252421716,70.04507170986176,0.33842825337554,9.337689797585346E-7
717.7216156631918,-189.1458171818324,132.96552412536192,717.7216156631918,-255.16306368939888,26.820702473247408,809.1155558662996,-228.3231299139977,69.97488012314378,0.343408721286806,5.279688333712169E-8
717.7216156631918,-189.1458171818324,132.96552412536192,717.7216156631918,-255.0128570434487,26.727428039879257,808.9016398844045,-228.28385232677672,69.83910540271611,0.35285576926641066,2.1758615776246932E-7
717.7216156631918,-189.1458171818324,132.96552412536192,717.7216156631918,-254.78583563630764,26.587011364108534,808.5194328548906,-228.2411490795882,69.60626004966292,0.37029587799344527,5.707850503115427E-7
717.7216156631918,-189.1458171818324,132.96552412536192,717.7216156631918,-254.71665125430607,26.544352739964552,808.4190345847625,-228.22374616277227,69.5422195983756,0.37495519915067016,4.76112954310507E-8
717.7216156631918,-189.1458171818324,132.96552412536192,717.7216156631918,-254.54603667342911,26.43941798019685,808.1728277536599,-228.17942104634253,69.38626000632627,0.3865119784350171,2.862380183883699E-7
717.7216156631918,-189.1458171818324,132.96552412536192,717.7216156631918,-254.36194663103595,26.326617249565757,807.8494248738454,-228.14731055257093,69.1917820357053,0.40216219489625193,3.9147291350420544E-7
717.7216156631918,-189.1458171818324,132.96552412536192,717.7216156631918,-254.30150847076447,26.289679190056248,807.7470385509608,-228.13553634183802,69.12979231277652,0.4071948889100613,4.0952287288235926E-8
717.7216156631918,-189.1458171818324,132.96552412536192,717.7216156631918,-254.19718830087638,26.22603229814544,807.5878811192338,-228.10963901093308,69.0317673091761,0.41504700129754524,1.1095311049661006E-7
717.7216156631918,-189.1458171818324,132.96552412536192,717.7216156631918,-253.98512505112154,26.097080911139244,807.1928627298602,-228.0776354708482,68.79792350208686,0.4351827482233381,5.496538699189038E-7
717.7216156631918,-189.1458171818324,132.96552412536192,717.7216156631918,-253.947667169773,26.07436341438246,807.1273962178537,-228.07070043681802,68.75862335880856,0.43857452796071794,1.6262815610892945E-8
717.7216156631918,-189.1458171818324,132.96552412536192,717.7216156631918,-253.82393697464676,25.99945090554911,806.9253763341258,-228.04308197137823,68.63638643773155,0.4490995861229037,1.6600351181977348E-7
717.7216156631918,-189.1458171818324,132.96552412536192,717.7216156631918,-253.6405815118945,25.888797550397243,806.580968026872,-228.0151202931386,68.43318906465714,0.4675743886675044,4.166686660431268E-7
717.7216156631918,-189.1458171818324,132.96552412536192,717.7216156631918,-253.60155993804779,25.86530365059079,806.5101967583533,-228.00832317414606,68.39124754428022,0.47142544601747927,1.8277683972039888E-8
717.7216156631918,-189.1458171818324,132.96552412536192,717.7216156631918,-253.5285300898381,25.821386261429723,806.3975414753784,-227.9896422628299,68.32257943324177,0.4775417058790198,5.5103288268070264E-8
717.7216156631918,-189.1458171818324,132.96552412536192,717.7216156631918,-253.3366618361179,25.70632655904882,806.0353148534286,-227.95988924837397,68.10944929786928,0.4978095996627023,4.604714849779154E-7
717.7216156631918,-189.1458171818324,132.96552412536192,717.7216156631918,-253.29502941384123,25.68142199455839,805.9595213213105,-227.9525291294086,68.06459856314538,0.5021157725139922,2.0995030519609536E-8
717.7216156631918,-189.1458171818324,132.96552412536192,717.7216156631918,-253.2037497030653,25.62689509971632,805.7931396444017,-227.93520764063788,67.96810961766525,0.5116009951448501,9.881321431201787E-8
717.7216156631918,-189.1458171818324,132.96552412536192,717.7216156631918,-253.03823873326587,25.52829376133066,805.4766517521731,-227.91023900553745,67.78186045643591,0.5301576637088343,3.5043032507928213E-7
717.7216156631918,-189.1458171818324,132.96552412536192,717.7216156631918,-253.0112892141654,25.512271582280235,805.4269840259909,-227.90553908975318,67.75253729324555,0.5331036201683155,8.957161333149725E-9
717.7216156631918,-189.1458171818324,132.96552412536192,717.7216156631918,-252.93452882450202,25.46668568062178,805.3065378406031,-227.88611478170685,67.6790982712252,0.5402394765086872,6.273250253288004E-8
717.7216156631918,-189.1458171818324,132.96552412536192,717.7216156631918,-252.76297997458326,25.365075249901224,804.9768127642577,-227.85926017283685,67.48659264712091,0.5602853023477299,3.773835691775194E-7
717.7216156631918,-189.1458171818324,132.96552412536192,717.7216156631918,-252.73431876914276,25.348134889789847,804.9248155676053,-227.8538877216808,67.45585822884487,0.5634866732643583,1.0015309074149004E-8
717.7216156631918,-189.1458171818324,132.96552412536192,717.7216156631918,-252.60898440947443,25.27417625824519,804.712472669534,-227.82576813155708,67.32908908473115,0.5766372424787323,1.7907914483752972E-7
717.7216156631918,-189.1458171818324,132.96552412536192,717.7216156631918,-252.49173596894246,25.20516697572708,804.49431461287,-227.80537473524208,67.20015503815875,0.590464145153143,1.73259489118814E-7
717.7216156631918,-189.1458171818324,132.96552412536192,717.7216156631918,-252.45797087166994,25.185325595416757,804.4346590759419,-227.79837667722578,67.16487933111114,0.5942656173099545,1.355303139480025E-8
717.7216156631918,-189.1458171818324,132.96552412536192,717.7216156631918,-252.41036644756252,25.15737598152259,804.37665639413,-227.78181962230326,67.12650490951941,0.5979375858857432,2.022239036249836E-8
717.7216156631918,-189.1458171818324,132.96552412536192,717.7216156631918,-252.22741933782467,25.050226463570198,804.0357095300099,-227.74839400504672,66.92711631688752,0.620138331986358,4.190308583006997E-7
717.7216156631918,-189.1458171818324,132.96552412536192,717.7216156631918,-252.18981603439352,25.028254340184034,803.9912117991472,-227.734930174872,66.89732452334349,0.6230390078252479,1.2428674194020292E-8
717.7216156631918,-189.1458171818324,132.96552412536192,717.7216156631918,-252.06637117073703,24.95624727504071,803.7894732373154,-227.70357289838557,66.77737020906568,0.6363702020316201,1.675290710174398E-7
717.7216156631918,-189.1458171818324,132.96552412536192,717.7216156631918,-251.91173046927724,24.8663098396283,803.6004701591503,-227.64972007301674,66.6517969529447,0.6490178308823938,2.1626909603873973E-7
717.7216156631918,-189.1458171818324,132.96552412536192,717.7216156631918,-251.8680210493642,24.84094254466966,803.5486242766611,-227.63392936378244,66.6172332666234,0.6525064887802788,1.6815297405959913E-8
717.7216156631918,-189.1458171818324,132.96552412536192,717.7216156631918,-251.81031421767238,24.807487848600672,803.4490295439965,-227.62022168544252,66.55924569232431,0.6592792011994256,3.823466430160295E-8
717.7216156631918,-189.1458171818324,132.96552412536192,717.7216156631918,-251.671563679802,24.727217482696616,803.17760449188,-227.59780491259235,66.40129623314235,0.6782275719094117,2.5695467556248806E-7
