717.7216156631918,-189.1458171818324,132.96552412536192,717.7216156631918,-309.33652449463654,167.3049166017563,707.7672587765442,-326.27886005756574,172.14546978069762,1.0,1.0
717.7216156631918,-189.1458171818324,132.96552412536192,717.7216156631918,-309.3364415594157,167.30520688054594,707.7702631791758,-326.28590047929487,172.1478395334239,1.0,6.473607086654985E-10
717.7216156631918,-189.1458171818324,132.96552412536192,717.7216156631918,-309.3514074302186,167.25278229858247,707.756670382313,-326.2792049525828,172.0812412974858,1.0,7.168849312367846E-9
717.7216156631918,-189.1458171818324,132.96552412536192,717.7216156631918,-309.4313691276722,166.97120002049257,707.7644347626173,-326.1502219215132,171.69775179872897,1.0,6.133007181660885E-7
717.7216156631918,-189.1458171818324,132.96552412536192,717.7216156631918,-309.59975167273717,166.36986015619507,707.8497236013292,-325.49116491053275,170.7768735928565,1.0,9.213922200952882E-6
717.7216156631918,-189.1458171818324,132.96552412536192,717.7216156631918,-309.84200013512236,165.48369474589276,707.8518932831355,-323.20854163891227,169.0849310616664,1.0,8.548617322077591E-5
717.7216156631918,-189.1458171818324,132.96552412536192,717.7216156631918,-310.26491180395453,163.8712666001419,707.9417911274273,-319.24553513849173,166.16283617392494,1.0,2.618752437458588E-4
717.7216156631918,-189.1458171818324,132.96552412536192,717.7216156631918,-310.79114705841454,161.73032412844762,708.1392715288519,-313.4847757384808,162.36727164088637,1.0,5.447297987842721E-4
717.7216156631918,-189.1458171818324,132.96552412536192,717.7216156631918,-311.3777098979273,159.1258835082349,708.4824803741818,-306.41083804819885,158.06286182289318,1.0,8.104000140608993E-4
717.7216156631918,-189.1458171818324,132.96552412536192,717.7216156631918,-311.8990610130298,156.55876741488441,708.9717439953926,-298.7897141799776,154.03914349664197,1.0,9.08967251092979E-4
717.7216156631918,-189.1458171818324,132.96552412536192,717.7216156631918,-312.34839967005564,154.0871639346322,709.6218566656529,-290.6188404631632,150.36188550691688,1.0,0.0010155110432746015
717.7216156631918,-189.1458171818324,132.96552412536192,717.7216156631918,-312.73690963355165,151.68027409939546,710.3264834268083,-282.24991279532856,147.06378829958442,1.0,0.00104030286634648
717.7216156631918,-189.1458171818324,132.96552412536192,717.7216156631918,-313.0854693159,149.21245087740664,711.0524256382532,-273.5176264375516,144.02560523186978,1.0,0.0011151009761981739
717.7216156631918,-189.1458171818324,132.96552412536192,717.7216156631918,-313.36679599059914,146.89923948745843,711.9180430234611,-264.4683780284518,141.41436371144093,1.0,0.0011784075057437757
717.7216156631918,-189.1458171818324,132.96552412536192,717.7216156631918,-313.619421736529,144.42509519765852,712.875604979684,-255.15547871194192,139.04265518032494,1.0,0.0012361780575482755
717.7216156631918,-189.1458171818324,132.96552412536192,717.7216156631918,-313.83259448980095,141.80902821328166,713.8091861475862,-245.44470689192315,136.958565505097,1.0,0.0013356032598043064
717.7216156631918,-189.1458171818324,132.96552412536192,717.7216156631918,-313.99504944259564,139.10304837362239,714.7214964141891,-235.61467430373534,135.24990931708618,1.0,0.0013564342159083469
717.7216156631918,-189.1458171818324,132.96552412536192,717.7216156631918,-314.1136121504691,135.80281520608918,715.7639695306057,-225.45527251389328,133.78990046796744,1.0,0.0014433714214846626
717.7216156631918,-189.1458171818324,132.96552412536192,717.7216156631918,-314.1311984365311,131.05385662874963,716.6425327792098,-215.26606944155745,132.56601150439008,0.6278609142692687,0.001449487921422538
717.7216156631918,-189.1458171818324,132.96552412536192,717.7216156631918,-314.0869790700003,136.80037301868518,716.3952640609848,-211.50725158787185,133.65186896711933,0.4272808233538196,1.7920740288721217E-4
717.7216156631918,-189.1458171818324,132.96552412536192,717.7216156631918,-314.123599229786,135.32221552947306,716.6838695559238,-210.62122152211415,133.37048331074044,0.38723138987321365,9.457212918058347E-6
717.7216156631918,-189.1458171818324,132.96552412536192,717.7216156631918,-314.10435057686976,136.18498553394082,716.7481032808753,-210.35227432933502,133.51189233683277,0.3758027769363082,8.761347101999603E-7
717.7216156631918,-189.1458171818324,132.96552412536192,717.7216156631918,-314.1028393229934,136.24311739076148,716.7526485639711,-210.36937390165014,133.52221302031748,0.376546057047773,3.5451813879471414E-9
717.7216156631918,-189.1458171818324,132.96552412536192,717.7216156631918,-314.1271923704029,135.12326738483,716.5010010705319,-210.25421768286364,133.32995049553534,0.3713581954653575,1.6415288068497925E-7
717.7216156631918,-189.1458171818324,132.96552412536192,717.7216156631918,-314.1450757778165,132.5350006599147,716.4083171799354,-210.1890652653282,132.8930467987687,0.3684317791237144,5.104087477150062E-8
717.7216156631918,-189.1458171818324,132.96552412536192,717.7216156631918,-314.05650650497114,128.24115191116127,716.5385553715637,-209.37913049407032,132.20025972940405,0.3359919330348776,8.28070986004217E-6
717.7216156631918,-189.1458171818324,132.96552412536192,717.7216156631918,-313.941138419595,125.81515370393355,716.5593605643189,-209.17572799648724,131.81787467494632,0.32872500426685136,5.940226228554465E-7
717.7216156631918,-189.1458171818324,132.96552412536192,717.7216156631918,-313.8170573595764,123.90561946012016,716.2941988427108,-209.02394156715454,131.52097354899743,0.32346330316514066,3.4993765238483044E-7
717.7216156631918,-189.1458171818324,132.96552412536192,717.7216156631918,-313.46927105625895,119.9778832028027,716.2166519361022,-208.7815690931314,130.91424508572075,0.31621613299722856,1.082578359836146E-6
717.7216156631918,-189.1458171818324,132.96552412536192,717.7216156631918,-313.1597252328217,117.29546956512611,716.3495785116737,-208.33819294369633,130.54042858522863,0.3013878030191295,2.801348593344444E-6
717.7216156631918,-189.1458171818324,132.96552412536192,717.7216156631918,-312.9572474722886,115.76872996390563,716.4389037526917,-208.0414648788742,130.3410122912678,0.2916534108360662,1.2191055451530224E-6
717.7216156631918,-189.1458171818324,132.96552412536192,717.7216156631918,-312.7480007444475,114.32416638099158,716.3581554610796,-208.04506306891693,130.1151893373726,0.29291574539492465,1.611139769809264E-8
717.7216156631918,-189.1458171818324,132.96552412536192,717.7216156631918,-312.0426828069385,110.13220593626362,716.2781807941939,-207.87059631617274,129.4866002502876,0.29043175316470965,9.58843005840407E-7
717.7216156631918,-189.1458171818324,132.96552412536192,717.7216156631918,-311.3683458510343,106.76145028738556,716.3357258047444,-207.3191800641754,129.06921999846773,0.27424607148128494,4.6575604439292196E-6
717.7216156631918,-189.1458171818324,132.96552412536192,717.7216156631918,-310.98523534574923,105.03424808078748,716.3220221961377,-206.96544059847437,128.88043550493717,0.2638133339901833,1.7708983347251887E-6
717.7216156631918,-189.1458171818324,132.96552412536192,717.7216156631918,-310.8466369623554,104.43640803760589,716.3015396738297,-206.96739551685562,128.78778828016522,0.26457684910432555,6.228617955066545E-9
717.7216156631918,-189.1458171818324,132.96552412536192,717.7216156631918,-310.6451144930551,103.59001131487437,716.2619144830884,-206.9572197051494,128.65916931858297,0.26523316751161946,1.8867645650359037E-8
717.7216156631918,-189.1458171818324,132.96552412536192,717.7216156631918,-309.53712499770563,99.33617678730533,716.221134338201,-206.7236993863241,128.0554295608409,0.2627169860329168,1.7646349101375328E-6
717.7216156631918,-189.1458171818324,132.96552412536192,717.7216156631918,-308.28012867859775,95.12353918546111,716.1537245171896,-206.2386496691185,127.53613353722989,0.25215513314419163,4.548931194890154E-6
717.7216156631918,-189.1458171818324,132.96552412536192,717.7216156631918,-307.62923895358097,93.13238760238714,716.1431837362601,-205.88746389528603,127.33712236936688,0.24331867336842822,1.8576751462782659E-6
717.7216156631918,-189.1458171818324,132.96552412536192,717.7216156631918,-307.0715045856147,91.51034048874757,716.038069623875,-205.88948755213158,127.07951281406022,0.24602730856765834,8.922916115907043E-8
717.7216156631918,-189.1458171818324,132.96552412536192,717.7216156631918,-305.4517333155497,87.16231602487272,715.9884688058671,-205.6947135601265,126.44829293157665,0.24722696744468248,2.0031404247858103E-6
717.7216156631918,-189.1458171818324,132.96552412536192,717.7216156631918,-303.95612050092086,83.532799622469,716.0184509952477,-205.2363733843072,126.03757420396312,0.23867022478751068,4.036339953608402E-6
717.7216156631918,-189.1458171818324,132.96552412536192,717.7216156631918,-302.4253260273027,80.11902115942276,716.0482284208445,-204.48027104114993,125.81178317418119,0.22021394299814986,7.253275894551857E-6
717.7216156631918,-189.1458171818324,132.96552412536192,717.7216156631918,-301.4657572527102,78.10906541287837,716.1604076493401,-203.96914143274356,125.72589174807669,0.20771755077252155,2.924910891255684E-6
717.7216156631918,-189.1458171818324,132.96552412536192,717.7216156631918,-301.32314082967036,77.81801231196985,716.1578823245418,-203.9923965443482,125.6667948977585,0.20908020614727527,2.5914235719829346E-8
717.7216156631918,-189.1458171818324,132.96552412536192,717.7216156631918,-300.80594382425465,76.77819354098355,716.0959628549613,-203.98551837163745,125.49819248606403,0.2110685596407378,7.881369564261392E-8
717.7216156631918,-189.1458171818324,132.96552412536192,717.7216156631918,-298.65611164977605,72.69533741962601,715.9202918870667,-203.92675825375895,124.83067175901871,0.21866752128223757,1.6361378076890045E-6
717.7216156631918,-189.1458171818324,132.96552412536192,717.7216156631918,-295.9497611180707,68.02002728635954,716.0071220884422,-203.40881108462776,124.29246214572458,0.2133933286263547,6.1992905461698524E-6
717.7216156631918,-189.1458171818324,132.96552412536192,717.7216156631918,-294.0220759872918,64.95103788183948,715.998196270969,-202.84372663066927,124.08213827250546,0.2027361231568683,4.109536314672697E-6
717.7216156631918,-189.1458171818324,132.96552412536192,717.7216156631918,-292.2464294124571,62.28834423205856,716.1205338840406,-202.23056116810176,123.99571507605464,0.18984454720020974,3.6432197230310643E-6
717.7216156631918,-189.1458171818324,132.96552412536192,717.7216156631918,-292.06050037329345,62.01788157396206,716.105307923713,-202.26802201805154,123.91929797632616,0.19187921012985582,6.480885444902701E-8
717.7216156631918,-189.1458171818324,132.96552412536192,717.7216156631918,-291.3919034894735,61.05768147401828,716.0461856231029,-202.2608176318253,123.74197902171025,0.19450020548536553,1.3685146389103572E-7
717.7216156631918,-189.1458171818324,132.96552412536192,717.7216156631918,-288.4419588684149,57.03610791426398,715.8740260043713,-202.17585998178055,123.00175789838704,0.204878128373059,3.1540187842166212E-6
717.7216156631918,-189.1458171818324,132.96552412536192,717.7216156631918,-285.0319221628914,52.77291304702551,715.9888620307627,-201.6936151448417,122.47140005873189,0.2036309287399156,5.994993306811355E-6
717.7216156631918,-189.1458171818324,132.96552412536192,717.7216156631918,-283.36933064713924,50.8258290306445,715.9645450978667,-201.3430459943605,122.33254495896253,0.19860208883681166,1.493536286563216E-6
717.7216156631918,-189.1458171818324,132.96552412536192,717.7216156631918,-280.32457347439197,47.45859808459008,716.2041045074149,-200.36218221888763,122.4468799294217,0.17680662718161974,7.469066056643067E-6
717.7216156631918,-189.1458171818324,132.96552412536192,717.7216156631918,-278.53150665897596,45.585901119218946,716.3582883997209,-199.727985253295,122.62084969167097,0.16208357745099342,3.9172199782661045E-6
717.7216156631918,-189.1458171818324,132.96552412536192,717.7216156631918,-278.1776764438344,45.225407665722614,716.3616451553889,-199.7773665258021,122.48822548958671,0.16528931624688212,1.9374417499651636E-7
717.7216156631918,-189.1458171818324,132.96552412536192,717.7216156631918,-276.9334103131291,43.98047767252295,716.2783867611026,-199.7701827980471,122.19623846472376,0.17037601031990549,5.337159524000716E-7
717.7216156631918,-189.1458171818324,132.96552412536192,717.7216156631918,-273.1032557652107,40.35802709343548,716.0316008492879,-199.7136747573637,121.3088698065439,0.18626100714503718,5.723249249688128E-6
717.7216156631918,-189.1458171818324,132.96552412536192,717.7216156631918,-268.705708248307,36.55378348403396,716.1247402978228,-199.46316731558795,120.46282116954342,0.19948539637859242,7.842223078282043E-6
717.7216156631918,-189.1458171818324,132.96552412536192,717.7216156631918,-266.56945226211093,34.83000185663465,716.1136648841236,-199.36903790011792,120.00745126534744,0.20794642839388092,2.0442659860913577E-6
717.7216156631918,-189.1458171818324,132.96552412536192,717.7216156631918,-264.5432831286779,33.264861495696934,716.0232367279797,-199.28563122561437,119.557299241261,0.21689202029847016,1.9808072106862155E-6
717.7216156631918,-189.1458171818324,132.96552412536192,717.7216156631918,-260.42133081179315,30.277641895834606,716.0483579886012,-198.98954782081404,118.78348879408608,0.23068374886410628,7.704234698259963E-6
717.7216156631918,-189.1458171818324,132.96552412536192,717.7216156631918,-258.0103624236817,28.64546656866152,715.967360300655,-198.92914895806808,118.14515857428034,0.24631964051296767,3.794879178510172E-6
717.7216156631918,-189.1458171818324,132.96552412536192,717.7216156631918,-256.781867446541,27.84480920870145,715.9513948939375,-198.8711302953803,117.85033240018862,0.2533407171617643,9.209887761062946E-7
717.7216156631918,-189.1458171818324,132.96552412536192,717.7216156631918,-255.03057891431712,26.738417549621488,715.9011138813761,-198.7612934548205,117.46233042824343,0.2622863717148731,1.7766805262192277E-6
717.7216156631918,-189.1458171818324,132.96552412536192,717.7216156631918,-251.77965614956057,24.78973100987467,715.9068426644523,-198.50458910081394,116.8018561847075,0.2771948907367357,5.827700910888921E-6
717.7216156631918,-189.1458171818324,132.96552412536192,717.7216156631918,-250.2192552787446,23.901161664369994,715.8551815082033,-198.4495267661447,116.3510484063907,0.29008027407458287,2.0886977551126956E-6
717.7216156631918,-189.1458171818324,132.96552412536192,717.7216156631918,-249.54659329993098,23.527202481015905,715.8253622168303,-198.43269844189206,116.13890758612973,0.29648068162333957,4.430027895576967E-7
717.7216156631918,-189.1458171818324,132.96552412536192,717.7216156631918,-248.81050435399052,23.12416076597664,715.7483836000008,-198.41034023843287,115.9097430320133,0.30342243714349626,5.30067491500278E-7
717.7216156631918,-189.1458171818324,132.96552412536192,717.7216156631918,-246.02126752226997,21.654324560482465,715.7313947715209,-198.17115791293367,115.30198920392715,0.31946505931705554,5.018741688597196E-6
717.7216156631918,-189.1458171818324,132.96552412536192,717.7216156631918,-244.46562870171445,20.873069190140157,715.724979233367,-198.05812655015794,114.90684661380277,0.331183752922978,1.9343564883158478E-6
717.7216156631918,-189.1458171818324,132.96552412536192,717.7216156631918,-243.71547723433366,20.505966053340103,715.7099288764364,-198.02186086809166,114.67338249530016,0.338831457687356,6.018012238301624E-7
717.7216156631918,-189.1458171818324,132.96552412536192,717.7216156631918,-242.95842036877474,20.14175119498752,715.62629012132,-197.99869401252997,114.40453829352322,0.3480976263905993,7.528889411233791E-7
717.7216156631918,-189.1458171818324,132.96552412536192,717.7216156631918,-240.46798246438,18.98730098290868,715.6384844309224,-197.75524150469337,113.84538604863107,0.3647854275767769,4.414236953765021E-6
717.7216156631918,-189.1458171818324,132.96552412536192,717.7216156631918,-236.90526415007622,17.449139030919554,715.7629381980825,-197.32728961796684,113.176892125488,0.38378824907572706,7.263305651426582E-6
717.7216156631918,-189.1458171818324,132.96552412536192,717.7216156631918,-238.4743647592196,18.110422393199187,717.4036070697161,-198.22392235621456,111.8283379614436,0.45779249908358505,3.0166965636566587E-5
717.7216156631918,-189.1458171818324,132.96552412536192,717.7216156631918,-243.66545405420976,20.48170664344981,725.347310948862,-199.97329345929018,110.62649299362016,0.5367600007510234,3.026059445011343E-5
717.7216156631918,-189.1458171818324,132.96552412536192,717.7216156631918,-251.8523860581994,24.831874322197308,730.9134869497288,-202.30886153409133,110.26665774125118,0.5831344160251365,2.1693940545544385E-5
717.7216156631918,-189.1458171818324,132.96552412536192,717.7216156631918,-248.3064030937726,22.851832540001183,732.4336943364026,-201.95376618815268,109.12650148920616,0.6185240506031692,1.619672224072803E-5
717.7216156631918,-189.1458171818324,132.96552412536192,717.7216156631918,-246.88953598244115,22.10226177449917,732.940751200113,-201.82739318779232,108.61792551250085,0.637318306125124,3.062535313477447E-6
717.7216156631918,-189.1458171818324,132.96552412536192,717.7216156631918,-243.0669625832033,20.19358577807529,732.4476191509895,-201.0201189880912,108.13133298856815,0.646499042873658,7.338726559920989E-6
717.7216156631918,-189.1458171818324,132.96552412536192,717.7216156631918,-242.0439190130458,19.71010119712163,735.4095690848371,-201.06350506207497,107.44962214630078,0.6551569083839431,4.279962724784167E-6
717.7216156631918,-189.1458171818324,132.96552412536192,717.7216156631918,-240.5765150100117,19.036233243225226,736.9167040902695,-201.18207476777576,106.30280420228266,0.7059096759954331,1.4064379386962817E-5
717.7216156631918,-189.1458171818324,132.96552412536192,717.7216156631918,-240.43904970958553,18.974277545399275,738.5032175913828,-201.6028368736005,105.28173167637803,0.7570279239459472,1.4309016506839396E-5
717.7216156631918,-189.1458171818324,132.96552412536192,717.7216156631918,-241.11589828882813,19.281265453669462,739.2290482009415,-201.96516220339734,104.9232793493174,0.7785097707494302,2.665716546362507E-6
717.7216156631918,-189.1458171818324,132.96552412536192,717.7216156631918,-241.87950202638996,19.633452394916276,739.7705845972072,-202.22513715150987,104.85623433538586,0.7815828256348835,3.371073761662949E-7
717.7216156631918,-189.1458171818324,132.96552412536192,717.7216156631918,-243.59704981485214,20.44857755843465,741.20405073975,-202.76018424791062,104.8330661874395,0.7748777143825021,7.07212440822014E-7
717.7216156631918,-189.1458171818324,132.96552412536192,717.7216156631918,-241.42300232134187,19.42215833990774,743.7515760287193,-202.64641145878417,103.64292555357264,0.799144162711477,1.4525762686395058E-5
717.7216156631918,-189.1458171818324,132.96552412536192,717.7216156631918,-242.45513563244242,19.903078696601412,745.7162162122796,-203.41248545212633,102.7076921057166,0.8412235638525767,1.6022844663226763E-5
717.7216156631918,-189.1458171818324,132.96552412536192,717.7216156631918,-243.43796041519036,20.371726857801292,746.8135474508134,-203.88507940628395,102.39849538162173,0.8512584978588841,2.713315554167598E-6
717.7216156631918,-189.1458171818324,132.96552412536192,717.7216156631918,-244.72942295816767,21.003643251106567,747.9958943737099,-204.28350577837693,102.47372598297741,0.8314137728176122,6.713828881050416E-7
717.7216156631918,-189.1458171818324,132.96552412536192,717.7216156631918,-244.30390694791876,20.793401325816234,752.0340971477926,-204.89950570640656,100.92807157364516,0.8463376312303289,3.059367558749386E-5
717.7216156631918,-189.1458171818324,132.96552412536192,717.7216156631918,-245.27392792833305,21.275617759439328,753.4639591969558,-205.5546562306607,100.31340609462296,0.8660405177157021,8.302061159568725E-6
717.7216156631918,-189.1458171818324,132.96552412536192,717.7216156631918,-245.80844849474846,21.54583909306369,754.1095777480435,-205.81201837497971,100.19360999785647,0.86316622830738,5.795696038284784E-7
717.7216156631918,-189.1458171818324,132.96552412536192,717.7216156631918,-247.8714798239183,22.619266611806367,755.5927053910353,-206.52003258704673,100.31915521362464,0.8346578237509694,2.2228067004456387E-6
717.7216156631918,-189.1458171818324,132.96552412536192,717.7216156631918,-246.68794631731424,21.99749551101044,759.4068845372569,-206.76064338494643,98.9959340613286,0.8043039509368075,1.8021445981749068E-5
717.7216156631918,-189.1458171818324,132.96552412536192,717.7216156631918,-248.29586103666543,22.846169278126595,761.3329942581594,-207.65407194126962,98.5087944150767,0.7975616648463143,8.321201139358699E-6
717.7216156631918,-189.1458171818324,132.96552412536192,717.7216156631918,-250.107867831649,23.838862027737065,763.6232673853881,-208.38998039649468,98.51702257246492,0.7445382869231696,1.3939082606472145E-6
717.7216156631918,-189.1458171818324,132.96552412536192,717.7216156631918,-249.2885832091274,23.385198817458004,767.700597133343,-208.7173692993036,97.30608925933387,0.6817642962054725,1.588034880007665E-5
717.7216156631918,-189.1458171818324,132.96552412536192,717.7216156631918,-251.14022711547852,24.422016088358447,769.953179858988,-209.73031526819165,96.92495795389826,0.6522627747025056,7.832488435737513E-6
717.7216156631918,-189.1458171818324,132.96552412536192,717.7216156631918,-251.5813076949856,24.67512970193232,770.7125623536359,-210.05233371994345,96.70449849195154,0.6455281873426174,1.443162144555858E-6
717.7216156631918,-189.1458171818324,132.96552412536192,717.7216156631918,-253.15243235478584,25.596286379620963,772.0797612966169,-210.5974982346803,96.98095226844717,0.6025508232148581,3.066575402068395E-6
717.7216156631918,-189.1458171818324,132.96552412536192,717.7216156631918,-253.40204153763705,25.74548107586257,778.2290460501121,-211.4252541154275,95.7893250709138,0.47573211544119387,2.0118059709176432E-5
717.7216156631918,-189.1458171818324,132.96552412536192,717.7216156631918,-254.89970167476378,26.657355699364473,781.2995100118367,-212.51100987379348,95.18964427951178,0.4269744692329437,1.2969302743525782E-5
717.7216156631918,-189.1458171818324,132.96552412536192,717.7216156631918,-255.59700838784636,27.091829624311416,782.7987134741619,-213.08078455746772,94.83101701074327,0.4057230150026101,4.2338439676820165E-6
717.7216156631918,-189.1458171818324,132.96552412536192,717.7216156631918,-255.94006333022406,27.30792297207023,783.470149821994,-213.39425089712023,94.60845767400855,0.3989843224023834,1.4792051049364898E-6
717.7216156631918,-189.1458171818324,132.96552412536192,717.7216156631918,-258.31537010182865,28.84745197240744,785.9999837335499,-214.54050805797928,94.73994443999334,0.34640134505468556,6.077638381756336E-6
717.7216156631918,-189.1458171818324,132.96552412536192,717.7216156631918,-258.2977351585432,28.835738568383775,794.4479005077736,-215.1830410151392,93.75836091733089,0.18393695590831552,9.345380624671588E-6
717.7216156631918,-189.1458171818324,132.96552412536192,717.7216156631918,-259.9775727905092,29.971046616163946,799.9066504015314,-216.54620953154912,93.12337889890085,0.11353087301738016,1.647944324116835E-5
717.7216156631918,-189.1458171818324,132.96552412536192,717.7216156631918,-261.35339253582396,30.93089244818266,802.5032124796692,-217.86100712654542,92.3888420364643,0.09440914985078434,2.1247379074631434E-5
717.7216156631918,-189.1458171818324,132.96552412536192,717.7216156631918,-262.05812958716507,31.43328934395285,803.9774902816563,-218.67257048689183,91.84877511545426,0.08553448098729594,9.721366500818879E-6
717.7216156631918,-189.1458171818324,132.96552412536192,717.7216156631918,-263.55523764851125,32.525302372256476,806.9195383586298,-219.52479758653377,91.95900224487187,0.0557951773351373,3.7137276909756866E-6
717.7216156631918,-189.1458171818324,132.96552412536192,717.7216156631918,-266.0143579811309,34.39459821215674,828.2975291495159,-221.3976109915119,91.6080436122038,0.02707423940755165,1.996436609822355E-6
717.7216156631918,-189.1458171818324,132.96552412536192,717.7216156631918,-267.3101437370684,35.41892985284811,840.7778331846903,-223.72868067203896,89.80721006662034,1.0,6.032554981699878E-5
717.7216156631918,-189.1458171818324,132.96552412536192,717.7216156631918,-270.1266390162947,37.74416887867855,851.1148730206382,-226.39777957559357,89.16277843350628,1.0,3.811513502179031E-5
717.7216156631918,-189.1458171818324,132.96552412536192,717.7216156631918,-272.44023681588703,39.76123421429605,857.8342589526198,-228.40863971958817,89.0314465411349,1.0,1.8657134944415957E-5
717.7216156631918,-189.1458171818324,132.96552412536192,717.7216156631918,-274.48284381685454,41.62773410888779,863.7598953757191,-229.9119668775887,89.33276390961021,1.0,1.4516852618028485E-5
717.7216156631918,-189.1458171818324,132.96552412536192,717.7216156631918,-275.8152485987166,42.891056833714856,867.4603684401076,-231.21556670351302,89.24295417989688,1.0,9.883935251077192E-6
717.7216156631918,-189.1458171818324,132.96552412536192,717.7216156631918,-277.85442490321816,44.89860118528583,873.1728760181172,-232.70689717767596,89.71954863638356,1.0,1.904881318560861E-5
717.7216156631918,-189.1458171818324,132.96552412536192,717.7216156631918,-278.0709969854888,45.11728910104645,875.1629182665406,-232.74779094493766,89.89160010156354,1.0,2.1188518057093193E-7
717.7216156631918,-189.1458171818324,132.96552412536192,717.7216156631918,-272.365444947589,39.69444846667278,866.598296174248,-230.6474225384403,86.4512644837676,1.0,1.6716619133472327E-4
717.7216156631918,-189.1458171818324,132.96552412536192,717.7216156631918,-261.64810780488074,31.14009579623071,850.5509550324782,-228.68040370347057,77.44139969030348,1.0,7.11637000373142E-4
717.7216156631918,-189.1458171818324,132.96552412536192,717.7216156631918,-254.57650433906372,26.458129179599922,836.5155727394362,-229.61407706733573,67.09170977834742,1.0,9.453414960413604E-4
717.7216156631918,-189.1458171818324,132.96552412536192,717.7216156631918,-247.93066297376564,22.650783926154503,826.5005273677314,-228.39039617173177,59.319748974037026,1.0,6.425507711538909E-4
717.7216156631918,-189.1458171818324,132.96552412536192,717.7216156631918,-246.16045335709146,21.725552614205725,821.8372347628709,-228.85770365577628,55.4845575462445,1.0,1.5505218850257166E-4
717.7216156631918,-189.1458171818324,132.96552412536192,717.7216156631918,-250.68668338592823,24.164229156737704,826.4881134710008,-231.47382170554903,58.131645603976324,1.0,1.523338452400932E-4
717.7216156631918,-189.1458171818324,132.96552412536192,717.7216156631918,-262.6987661429369,31.89642054209493,846.6072857029836,-236.7035198015959,67.61648727300042,1.0,0.0011004880413131304
717.7216156631918,-189.1458171818324,132.96552412536192,717.7216156631918,-275.7858726155647,42.86280055698249,873.2072367541595,-236.9107898918091,83.29157007728313,1.0,8.309098318241399E-4
717.7216156631918,-189.1458171818324,132.96552412536192,717.7216156631918,-277.89227348257305,44.93674193419032,876.4757366457532,-231.4030206169365,91.05004589385803,1.0,0.0011912527928404936
717.7216156631918,-189.1458171818324,132.96552412536192,717.7216156631918,-268.08833765227087,36.04762865824807,858.8075296369092,-227.0951244801493,86.3750811566079,1.0,3.2374169815907304E-4
717.7216156631918,-189.1458171818324,132.96552412536192,717.7216156631918,-254.58784749302598,26.465098451335535,837.3522149443571,-224.45183991441132,75.50846736846975,1.0,0.0010016771904585255
717.7216156631918,-189.1458171818324,132.96552412536192,717.7216156631918,-247.517722705201,22.43172546825012,822.8364218766403,-224.52374488610332,65.97342060041831,1.0,7.44635125485681E-4
717.7216156631918,-189.1458171818324,132.96552412536192,717.7216156631918,-244.16095219853295,20.72321962703917,815.5703611289688,-224.90290073854214,60.013645350078576,1.0,3.5667700738071655E-4
717.7216156631918,-189.1458171818324,132.96552412536192,717.7216156631918,-243.6552179555144,20.47674589706878,812.515226601466,-225.4609726198106,58.023451594616915,1.0,4.835817554817922E-5
717.7216156631918,-189.1458171818324,132.96552412536192,717.7216156631918,-245.31461947415116,21.29607598019372,812.0295451584999,-226.09233417484023,59.51198772942067,1.0,3.136897978853277E-5
717.7216156631918,-189.1458171818324,132.96552412536192,717.7216156631918,-247.04172992277174,22.18166569872318,811.0045439441628,-225.41415449643165,63.56604225850168,0.3537842091642807,1.9009693460158574E-4
717.7216156631918,-189.1458171818324,132.96552412536192,717.7216156631918,-248.42026889936088,22.913084926649077,811.021496000106,-223.82495404779587,68.57819550707504,0.263119679342303,3.4085029519230654E-4
717.7216156631918,-189.1458171818324,132.96552412536192,717.7216156631918,-253.49502643920266,25.801261108481285,811.6495477787106,-223.77135179113097,75.30172466622594,0.1609570465598283,4.256684519521154E-4
717.7216156631918,-189.1458171818324,132.96552412536192,717.7216156631918,-257.3621883261754,28.220468357095484,811.1738574470603,-223.51637679962678,80.19012544086374,0.11796421764546461,2.2307750168778975E-4
717.7216156631918,-189.1458171818324,132.96552412536192,717.7216156631918,-256.101022783908,27.40984951341231,810.5430873106573,-221.5313391809764,81.90936513757131,0.10049830038316086,7.719477489545479E-5
717.7216156631918,-189.1458171818324,132.96552412536192,717.7216156631918,-254.10822884245192,26.171867613206643,811.5866314818003,-221.14471898010683,80.36156993006722,0.09622456143385194,2.775632503515534E-5
717.7216156631918,-189.1458171818324,132.96552412536192,717.7216156631918,-253.4800107318671,25.792246018052566,814.3448358579841,-221.38188356376156,79.26398973449031,0.06801666958720358,1.2726219930489566E-5
717.7216156631918,-189.1458171818324,132.96552412536192,717.7216156631918,-254.67931182581356,26.521355286729474,814.476475785198,-221.7728875110132,79.97031302458743,0.06326465001521808,7.74346611427518E-6
717.7216156631918,-189.1458171818324,132.96552412536192,717.7216156631918,-254.00872973633386,26.111405931690527,813.4760574435304,-221.64384089123396,79.42880291218327,0.07924864911557146,3.276470314858562E-6
717.7216156631918,-189.1458171818324,132.96552412536192,717.7216156631918,-253.9780359266395,26.092780113497582,813.4628488346202,-221.64353612338135,79.39462273325333,0.0796847208981393,1.0151307128076273E-8
717.7216156631918,-189.1458171818324,132.96552412536192,717.7216156631918,-256.6962370111475,27.7897627500181,819.1511762161447,-224.4208463288395,78.04243027267441,0.034548074302706774,7.624502458621482E-5
717.7216156631918,-189.1458171818324,132.96552412536192,717.7216156631918,-249.88911656225727,23.716947107718,825.7256854686215,-223.2541959314251,71.62062055937812,1.0,4.6354337033428013E-4
717.7216156631918,-189.1458171818324,132.96552412536192,717.7216156631918,-248.16893241181378,22.778084421245282,830.1126275064199,-224.6594611526279,66.6667954246144,1.0,3.116301400952396E-4
717.7216156631918,-189.1458171818324,132.96552412536192,717.7216156631918,-248.6138425499828,23.017563895019222,833.7536981400926,-226.08619344337563,64.66799793453433,1.0,6.933902635769604E-5
717.7216156631918,-189.1458171818324,132.96552412536192,717.7216156631918,-250.97480952251647,24.32770517571791,839.7416152422918,-228.25144250849755,64.2542337853541,1.0,1.9481809723079116E-5
717.7216156631918,-189.1458171818324,132.96552412536192,717.7216156631918,-252.597842612557,25.267611105941356,844.5629465150354,-229.18518649791787,65.00620391951384,1.0,1.2613630414678518E-5
717.7216156631918,-189.1458171818324,132.96552412536192,717.7216156631918,-251.70374615587707,24.74581463361369,844.0294791021868,-228.49695959856345,64.89151223993125,1.0,2.306778763575933E-6
717.7216156631918,-189.1458171818324,132.96552412536192,717.7216156631918,-247.8731019822544,22.620129930723593,838.1795723347607,-226.77901802438552,62.254773647286356,1.0,1.106153918278328E-4
717.7216156631918,-189.1458171818324,132.96552412536192,717.7216156631918,-240.87795064938098,19.172789880614374,825.0484553066003,-224.53490920988796,55.121807379413696,1.0,5.868703621591421E-4
717.7216156631918,-189.1458171818324,132.96552412536192,717.7216156631918,-241.8097774049433,19.601035445623296,824.2499480444704,-226.7626509256642,51.99149359188061,1.0,1.7790353312989573E-4
717.7216156631918,-189.1458171818324,132.96552412536192,717.7216156631918,-244.74473296553904,21.011245226892427,828.6744741067181,-228.4127322958286,53.89745050938072,1.0,6.798726945459839E-5
717.7216156631918,-189.1458171818324,132.96552412536192,717.7216156631918,-246.88829349057406,22.10161462486485,830.4752765801277,-228.88306356171017,56.67114314137933,1.0,8.689579526946145E-5
717.7216156631918,-189.1458171818324,132.96552412536192,717.7216156631918,-247.49729756476393,22.42094154837467,830.8967571121113,-228.97935729518156,57.50245042960185,1.0,7.223952434978659E-6
717.7216156631918,-189.1458171818324,132.96552412536192,717.7216156631918,-247.81546306781468,22.589473047179936,831.624314440592,-228.93230341494677,58.11463367986741,1.0,3.7233693210592946E-6
717.7216156631918,-189.1458171818324,132.96552412536192,717.7216156631918,-249.17114285437594,23.320823943797834,835.575678719522,-229.43291657838307,59.37547051003949,1.0,1.9757079011781734E-5
717.7216156631918,-189.1458171818324,132.96552412536192,717.7216156631918,-251.72818155350242,24.759943540756552,845.3733838724755,-229.5844613147677,63.04667381680264,1.0,9.986613372152927E-5
717.7216156631918,-189.1458171818324,132.96552412536192,717.7216156631918,-252.6971118988516,25.326158929395774,851.624792612088,-229.03036007768844,65.41148140195679,1.0,5.6617663367575515E-5
717.7216156631918,-189.1458171818324,132.96552412536192,717.7216156631918,-252.96685053360085,25.485871623539722,857.0609766256964,-228.27360328390336,67.07124707352094,1.0,3.464356539588323E-5
717.7216156631918,-189.1458171818324,132.96552412536192,717.7216156631918,-253.5027861391152,25.805920978320827,863.1443115529661,-227.8480525585292,68.52314514037582,1.0,2.0713669073076165E-5
717.7216156631918,-189.1458171818324,132.96552412536192,717.7216156631918,-252.81640520335998,25.396680025441853,868.9223752199681,-226.58618524374322,69.71155961456446,1.0,2.8175108095110378E-5
717.7216156631918,-189.1458171818324,132.96552412536192,717.7216156631918,-250.59800081428244,24.11411565122394,873.6772130029998,-224.37974182721942,70.55501082837313,1.0,3.5680555333534065E-5
717.7216156631918,-189.1458171818324,132.96552412536192,717.7216156631918,-246.38442816388502,21.840633066494078,875.9155282348989,-221.1954217608221,70.74338497462773,1.0,2.9900141550108676E-5
717.7216156631918,-189.1458171818324,132.96552412536192,717.7216156631918,-242.2309699947038,19.797655227719005,875.7677309239352,-218.74246360869168,69.87086911981794,1.0,3.999244579062511E-5
717.7216156631918,-189.1458171818324,132.96552412536192,717.7216156631918,-239.38437445162407,18.50554263204758,875.8561177077858,-217.25284800021828,68.9284497717376,1.0,2.5570619072143376E-5
717.7216156631918,-189.1458171818324,132.96552412536192,717.7216156631918,-237.21489898798703,17.57764185727791,875.6914718400448,-216.03824786779725,68.41133441963271,1.0,1.0564945619311085E-5
717.7216156631918,-189.1458171818324,132.96552412536192,717.7216156631918,-235.69224557734086,16.95505044465584,872.8649150656647,-215.26316572783352,67.8716795373191,1.0,6.8045521057821395E-6
717.7216156631918,-189.1458171818324,132.96552412536192,717.7216156631918,-235.48659341802193,16.8727489073174,866.8762343781071,-215.5875597581119,66.72374902785816,1.0,1.2968282596259976E-5
717.7216156631918,-189.1458171818324,132.96552412536192,717.7216156631918,-237.25894757037173,17.596001788587827,859.2371140336177,-217.2319020523317,65.61845754181982,1.0,2.397176133766413E-5
717.7216156631918,-189.1458171818324,132.96552412536192,717.7216156631918,-246.08840758347222,21.688655916595934,844.5675853448516,-223.6421895055056,65.55292048955403,1.0,4.703621610591197E-5
717.7216156631918,-189.1458171818324,132.96552412536192,717.7216156631918,-251.56097389528625,24.66340866848364,835.2010452375481,-226.96291343960687,67.34570130001075,1.0,9.89624368196056E-5
717.7216156631918,-189.1458171818324,132.96552412536192,717.7216156631918,-253.40355118746743,25.746385812926974,830.913207766847,-227.71518628956136,68.60946512361906,1.0,2.3439668061768486E-5
717.7216156631918,-189.1458171818324,132.96552412536192,717.7216156631918,-254.04694435383198,26.13461243869726,827.8183200784847,-227.82123754781134,69.30360332986163,1.0,4.409899649492576E-6
717.7216156631918,-189.1458171818324,132.96552412536192,717.7216156631918,-253.48582687981173,25.795737561872272,825.4843633113635,-228.22383218160755,67.874105169883,1.0,2.3912036458190055E-5
717.7216156631918,-189.1458171818324,132.96552412536192,717.7216156631918,-249.7845355321812,23.658864507445358,821.8536037579394,-228.49304398474573,62.038663465051286,1.0,3.391845432294069E-4
717.7216156631918,-189.1458171818324,132.96552412536192,717.7216156631918,-236.45286620068262,17.263133859956838,815.2811531915905,-223.31734052035395,49.389672084758075,1.0,0.0026805376773652353
717.7216156631918,-189.1458171818324,132.96552412536192,717.7216156631918,-223.1596407325191,12.682275884126142,815.5896186960179,-216.12795507907873,37.54845976806149,1.0,0.0025992491151572475
717.7216156631918,-189.1458171818324,132.96552412536192,717.7216156631918,-218.38352782940697,11.432992364978091,816.2808827372088,-213.92594392780336,29.96185269971008,1.0,8.333887521326523E-4
717.7216156631918,-189.1458171818324,132.96552412536192,717.7216156631918,-215.87459650075064,10.856669589253173,814.5853433692972,-213.4791284672664,21.800224255799094,1.0,8.699565180757235E-4
717.7216156631918,-189.1458171818324,132.96552412536192,717.7216156631918,-214.21708095228374,10.50560524186578,811.0062351034118,-213.991537249066,11.607267441809626,1.0,0.001395647853276966
717.7216156631918,-189.1458171818324,132.96552412536192,717.7216156631918,-217.21341786899234,11.157438221075012,806.0242712075875,-219.68303732350654,0.4397562211319155,1.0,0.0020749838276286976
717.7216156631918,-189.1458171818324,132.96552412536192,717.7216156631918,-223.60620921428352,12.809453196882501,801.1789574999257,-229.46140850175868,-7.606383634681464,1.0,0.001420141727856607
717.7216156631918,-189.1458171818324,132.96552412536192,717.7216156631918,-229.02669497839761,14.498163277846501,797.1242881273491,-236.74145359174716,-8.418761900211422,1.0,9.959866259105176E-5
717.7216156631918,-189.1458171818324,132.96552412536192,717.7216156631918,-231.87974119156536,15.497180565361163,796.4959678059147,-238.10273311650982,-1.6087737870637966,1.0,6.190549245811787E-4
717.7216156631918,-189.1458171818324,132.96552412536192,717.7216156631918,-235.26437913139858,16.78429395583744,799.0982252220623,-238.5335730314123,8.548586836832811,1.0,0.0012487932570762518
717.7216156631918,-189.1458171818324,132.96552412536192,717.7216156631918,-238.5129024381143,18.126981408645975,800.7373279596441,-238.56084020044392,18.015467780923103,1.0,0.0010119722659326083
717.7216156631918,-189.1458171818324,132.96552412536192,717.7216156631918,-239.31306760132134,18.474271248348273,803.4363972367719,-236.20829584199785,25.559953753364027,1.0,8.180091938348401E-4
717.7216156631918,-189.1458171818324,132.96552412536192,717.7216156631918,-238.56401945439853,18.148969203400682,806.5082787395277,-233.00475403235882,31.06517566787022,1.0,5.141204377466009E-4
717.7216156631918,-189.1458171818324,132.96552412536192,717.7216156631918,-236.0558206002575,17.1015884970425,810.7451204258756,-228.60142014576923,35.51335808705082,1.0,4.1558663973240736E-4
717.7216156631918,-189.1458171818324,132.96552412536192,717.7216156631918,-230.71284882894187,15.079214996404147,816.3840051632691,-222.25839668298764,39.05649024798561,1.0,3.490427744578967E-4
717.7216156631918,-189.1458171818324,132.96552412536192,717.7216156631918,-223.30145564740366,12.722468770762788,821.2016556428939,-215.24131465050962,41.09775389483761,1.0,1.640319399462725E-4
717.7216156631918,-189.1458171818324,132.96552412536192,717.7216156631918,-217.65160746122046,11.25923866504749,824.071834742918,-210.43203293835944,42.08341821486627,1.0,4.575094039461548E-5
717.7216156631918,-189.1458171818324,132.96552412536192,717.7216156631918,-213.2608631972174,10.313722036375623,826.0332342971608,-207.0269755308735,42.01996700101654,1.0,5.161159526482935E-6
717.7216156631918,-189.1458171818324,132.96552412536192,717.7216156631918,-211.8117104422548,10.037670151141981,827.5042582505763,-206.01332716325146,41.485043736567434,1.0,5.7898943637584556E-6
717.7216156631918,-189.1458171818324,132.96552412536192,717.7216156631918,-214.05826363100385,10.473197786455444,828.0773311881592,-207.8341382122492,41.076679605228634,1.0,6.693513535935784E-6
717.7216156631918,-189.1458171818324,132.96552412536192,717.7216156631918,-221.3681100337586,12.190014011081274,827.8252762351678,-213.10779412403735,43.151307556709696,1.0,1.3322500204592186E-4
717.7216156631918,-189.1458171818324,132.96552412536192,717.7216156631918,-231.06506076921391,15.203998077752587,823.6748316214138,-220.4192082010075,45.110831723177085,1.0,2.0762753462152353E-4
717.7216156631918,-189.1458171818324,132.96552412536192,717.7216156631918,-241.83391098639188,19.612249928089895,819.2590478631028,-229.0680902037297,47.07666321466655,1.0,3.3794729148480315E-4
717.7216156631918,-189.1458171818324,132.96552412536192,717.7216156631918,-247.8726849821541,22.619907998741198,812.6819302246124,-233.6877555036622,49.272866714994734,1.0,1.8969268668189837E-4
717.7216156631918,-189.1458171818324,132.96552412536192,717.7216156631918,-252.73608460116944,25.34917829659294,805.5307381678665,-237.27131971146133,51.520816726050924,1.0,1.553093526010386E-4
717.7216156631918,-189.1458171818324,132.96552412536192,717.7216156631918,-255.87752443770464,27.268413253226115,798.7983961151722,-239.39328322124337,53.37799059130654,1.0,7.746391470932476E-5
717.7216156631918,-189.1458171818324,132.96552412536192,717.7216156631918,-256.3483033614194,27.567109283000974,795.2042680325115,-239.58458202224455,53.85883978961405,1.0,2.466392118189907E-6
717.7216156631918,-189.1458171818324,132.96552412536192,717.7216156631918,-255.217435780931,26.854538757704333,794.8583995111134,-238.6852433780437,53.4052312237431,1.0,8.791074444224496E-6
717.7216156631918,-189.1458171818324,132.96552412536192,717.7216156631918,-252.77571793011947,25.37260739399369,796.8178177982772,-236.89503903103656,52.22552626284201,1.0,4.410835656859883E-5
717.7216156631918,-189.1458171818324,132.96552412536192,717.7216156631918,-250.60092833556408,24.115768438532356,799.6856583533647,-234.808864442724,52.086790933738854,1.0,1.4501896668517575E-5
717.7216156631918,-189.1458171818324,132.96552412536192,717.7216156631918,-247.96154132629272,22.667244023799356,803.2573947680704,-231.82006817815807,52.93766494341486,1.0,5.284193525684948E-5
717.7216156631918,-189.1458171818324,132.96552412536192,717.7216156631918,-247.23481244427595,22.28278550095034,805.7937660460856,-230.4720256259464,54.22258999657822,1.0,3.6459369759004175E-5
717.7216156631918,-189.1458171818324,132.96552412536192,717.7216156631918,-246.1568379429898,21.723699653759155,807.6643009077436,-228.9797533785834,55.24020577022989,1.0,2.9679441432048753E-5
717.7216156631918,-189.1458171818324,132.96552412536192,717.7216156631918,-243.42724936083778,20.366562671021484,809.1660983391151,-227.02817102377938,54.38407317943677,1.0,3.0946908842645474E-5
717.7216156631918,-189.1458171818324,132.96552412536192,717.7216156631918,-238.03404382096355,17.922309218610692,811.3505900832195,-223.6852704576967,51.68767833014434,1.0,1.759307690230528E-4
717.7216156631918,-189.1458171818324,132.96552412536192,717.7216156631918,-229.2432201276971,14.571274784454488,815.8678120068467,-218.2842539968053,46.92944447367563,1.0,4.833146829897163E-4
717.7216156631918,-189.1458171818324,132.96552412536192,717.7216156631918,-223.2875882780068,12.718530539591029,820.285114554385,-214.0670536883534,45.19316580488535,1.0,8.883110597540639E-5
717.7216156631918,-189.1458171818324,132.96552412536192,717.7216156631918,-219.82584888995046,11.789059189348592,823.3775147044952,-211.4803164637288,44.751284490791875,1.0,1.1980858154607736E-5
717.7216156631918,-189.1458171818324,132.96552412536192,717.7216156631918,-217.1625403709666,11.145725973569569,827.061874766249,-209.46789964312504,44.60287133594227,1.0,3.282531263920165E-6
717.7216156631918,-189.1458171818324,132.96552412536192,717.7216156631918,-214.74504736671426,10.614882876770878,830.5925981290826,-207.59715690371723,44.77797979047642,1.0,2.8621062035075504E-6
717.7216156631918,-189.1458171818324,132.96552412536192,717.7216156631918,-213.51697903909798,10.364355820459664,834.7464294728186,-206.80560560238104,44.126481282142635,1.0,6.20241686177861E-6
717.7216156631918,-189.1458171818324,132.96552412536192,717.7216156631918,-211.76858959248563,10.029727188685314,838.5332802440814,-205.60312724362822,43.53384479112967,1.0,6.480502895649151E-6
717.7216156631918,-189.1458171818324,132.96552412536192,717.7216156631918,-209.5465611892666,9.641521417279435,841.7975380974599,-203.9790545468966,43.297509845480874,1.0,2.3510642637519233E-6
717.7216156631918,-189.1458171818324,132.96552412536192,717.7216156631918,-207.58820389891676,9.333496025126038,844.3386301138572,-202.62675859337205,42.593483186368104,1.0,8.89141655721394E-6
717.7216156631918,-189.1458171818324,132.96552412536192,717.7216156631918,-206.19436630019285,9.133593780402634,845.828788788907,-201.84151025584117,40.75051101738279,1.0,4.4824368773775897E-5
717.7216156631918,-189.1458171818324,132.96552412536192,717.7216156631918,-206.2130902696965,9.136173043543394,844.7263818151876,-202.14936430240047,38.62000135718384,1.0,5.6131150245900724E-5
717.7216156631918,-189.1458171818324,132.96552412536192,717.7216156631918,-210.6698015486111,9.832595560421723,842.1475854903491,-205.9377260812947,36.903527250016765,1.0,6.271833494160209E-5
717.7216156631918,-189.1458171818324,132.96552412536192,717.7216156631918,-217.6688744920237,11.263284204810162,840.218820020552,-211.58299749888323,37.230516745534516,1.0,2.609624778855075E-5
717.7216156631918,-189.1458171818324,132.96552412536192,717.7216156631918,-224.82958653502106,13.167074199044293,837.740174475945,-216.8746609896253,39.87355075384016,1.0,1.9468270612425732E-4
717.7216156631918,-189.1458171818324,132.96552412536192,717.7216156631918,-231.50435209570367,15.361295800227495,831.8006939260349,-221.44502882082503,43.289999038444535,1.0,2.651454020309313E-4
717.7216156631918,-189.1458171818324,132.96552412536192,717.7216156631918,-239.69527770775778,18.642507892680626,823.2903104899372,-228.57992862210938,43.78105973338276,1.0,1.0165859747588746E-4
717.7216156631918,-189.1458171818324,132.96552412536192,717.7216156631918,-246.02062577252698,21.653996655059657,811.2565073793928,-235.18733792033493,42.85617470599843,1.0,1.196816045461963E-4
717.7216156631918,-189.1458171818324,132.96552412536192,717.7216156631918,-249.2917128631052,23.386916574903196,800.4583241122102,-238.9011468866197,42.31728145629222,1.0,3.6981187126766966E-5
717.7216156631918,-189.1458171818324,132.96552412536192,717.7216156631918,-250.68203261224272,24.16159868835331,794.3249170283522,-240.64289500896962,41.91208223041721,1.0,1.3213374275115629E-5
717.7216156631918,-189.1458171818324,132.96552412536192,717.7216156631918,-251.70063529032967,24.74401641357285,790.061179821067,-241.70529272527762,42.03622627356472,1.0,3.7613970650422703E-6
717.7216156631918,-189.1458171818324,132.96552412536192,717.7216156631918,-251.75691976619157,24.776569822388595,787.7641255307378,-241.4678298199567,42.55561916132268,1.0,3.551746058483573E-6
717.7216156631918,-189.1458171818324,132.96552412536192,717.7216156631918,-251.52356558543448,24.641858640404678,787.5546562776875,-240.80234521549033,43.2600665537457,1.0,1.0594073454068403E-5
717.7216156631918,-189.1458171818324,132.96552412536192,717.7216156631918,-249.56676110756712,23.53833584418922,790.5668482853754,-238.44377831135995,43.68295215777829,1.0,2.5635759208084124E-5
717.7216156631918,-189.1458171818324,132.96552412536192,717.7216156631918,-244.92569340613926,21.101296561761387,795.8675860599484,-234.24457518596796,42.521836012408215,1.0,9.328764186721184E-5
717.7216156631918,-189.1458171818324,132.96552412536192,717.7216156631918,-236.8723971490645,17.435555871962862,802.3800797052975,-227.4236775707025,40.3077221506467,1.0,2.3888369325693724E-4
717.7216156631918,-189.1458171818324,132.96552412536192,717.7216156631918,-228.29811066364192,14.25538169804338,808.041367402695,-220.90334175358595,36.676394427162336,1.0,3.530519030137387E-4
717.7216156631918,-189.1458171818324,132.96552412536192,717.7216156631918,-221.69924003726487,12.278844411337943,811.7913051837958,-215.90584265118332,33.75695127263862,1.0,2.0007469888565002E-4
717.7216156631918,-189.1458171818324,132.96552412536192,717.7216156631918,-217.64239460800673,11.257081217755669,813.884995231641,-212.74678842164093,32.16613977312255,1.0,6.0117218557274696E-5
717.7216156631918,-189.1458171818324,132.96552412536192,717.7216156631918,-217.77181645059156,11.287456397997857,815.6786014369704,-213.11058130086636,31.100566882508076,1.0,1.4678119209988722E-5
717.7216156631918,-189.1458171818324,132.96552412536192,717.7216156631918,-225.34687068264864,13.322372522643604,815.1806048530677,-220.4568022001895,29.48386917028523,1.0,1.5210504745969937E-4
717.7216156631918,-189.1458171818324,132.96552412536192,717.7216156631918,-232.32909995905095,15.661627819302339,813.1270081030364,-226.96921557766044,30.22132039595823,1.0,9.532065155872097E-5
717.7216156631918,-189.1458171818324,132.96552412536192,717.7216156631918,-236.5034841167846,17.283842850934818,812.248575234959,-229.45381031320895,34.50424602565337,1.0,3.0572020745179933E-4
717.7216156631918,-189.1458171818324,132.96552412536192,717.7216156631918,-238.70715552790614,18.210682217292543,813.9136525961407,-228.94645572737673,40.81070876824245,1.0,4.6069479880740335E-4
717.7216156631918,-189.1458171818324,132.96552412536192,717.7216156631918,-236.54086817137664,17.299154156824827,816.9476044250918,-224.37944335308816,46.978790173822176,1.0,7.241101096478151E-4
717.7216156631918,-189.1458171818324,132.96552412536192,717.7216156631918,-233.8059615110186,16.21591381125313,818.9507427813718,-221.34300666116334,48.79630834284973,1.0,9.269699405419567E-5
717.7216156631918,-189.1458171818324,132.96552412536192,717.7216156631918,-231.28186088478395,15.281396813889032,820.3091379186566,-218.992552662153,49.60489722692671,1.0,2.8235626390436675E-5
717.7216156631918,-189.1458171818324,132.96552412536192,717.7216156631918,-230.22492842764225,14.908306560088192,822.2945310764225,-217.92205306457242,50.265528013230835,1.0,1.0939756578537418E-5
717.7216156631918,-189.1458171818324,132.96552412536192,717.7216156631918,-230.60132663291282,15.039951257763008,823.6499943706353,-218.00132710274372,50.8822839754458,1.0,4.282618080605679E-6
717.7216156631918,-189.1458171818324,132.96552412536192,717.7216156631918,-233.6141151268977,16.14270752745199,824.1136093991495,-219.908974451596,52.147529154248645,1.0,4.1587599171201634E-5
717.7216156631918,-189.1458171818324,132.96552412536192,717.7216156631918,-238.57243015434815,18.152589618551517,824.715236272923,-222.0588721156235,56.51188521966387,1.0,3.0018390204719956E-4
717.7216156631918,-189.1458171818324,132.96552412536192,717.7216156631918,-242.7624329835435,20.04848152340699,824.5695109458766,-223.44197864094136,60.73752042434987,1.0,2.4552874694374656E-4
717.7216156631918,-189.1458171818324,132.96552412536192,717.7216156631918,-245.88782806253107,21.586243281864512,823.4919755799255,-224.10105947723204,64.35164019450261,1.0,1.5332580751894342E-4
717.7216156631918,-189.1458171818324,132.96552412536192,717.7216156631918,-248.14706895458215,22.766375810828222,822.2285451479169,-224.57155877512457,66.79935926113453,1.0,6.867651722267913E-5
717.7216156631918,-189.1458171818324,132.96552412536192,717.7216156631918,-249.33189471749048,23.40898132269882,820.8217895777343,-224.571738553774,68.4798219493153,1.0,2.573382461878481E-5
717.7216156631918,-189.1458171818324,132.96552412536192,717.7216156631918,-248.65536529485206,23.040032616866952,819.6038173578945,-223.42128030645787,69.65220298402002,0.0703643793155443,2.978828586103337E-5
717.7216156631918,-189.1458171818324,132.96552412536192,717.7216156631918,-255.5384936220642,27.05512560329666,808.8846431912882,-227.22986276881448,72.21339509979359,0.30375384098108726,1.7127228673697345E-4
717.7216156631918,-189.1458171818324,132.96552412536192,717.7216156631918,-264.760354856258,33.42939152878739,795.5465815126147,-235.71393375971107,71.66500746510872,1.0,2.747786171223005E-4
717.7216156631918,-189.1458171818324,132.96552412536192,717.7216156631918,-257.97229384330285,28.620346419978404,803.3459194061077,-230.73379596187877,69.91558685258931,0.6275569404997998,1.913870732551475E-4
717.7216156631918,-189.1458171818324,132.96552412536192,717.7216156631918,-238.7667579809032,18.23644222275489,827.7404142586653,-216.00009265066655,70.875480686348,1.0,1.5486414582308709E-4
717.7216156631918,-189.1458171818324,132.96552412536192,717.7216156631918,-208.37111781466953,9.452821071882298,856.5599836972565,-198.26419151846653,74.38464243826195,1.0,2.992373207789167E-5
717.7216156631918,-189.1458171818324,132.96552412536192,717.7216156631918,-189.00409451218027,7.9656044666481165,875.9395851414263,-189.08306182706377,77.61506873605859,1.0,2.245902400153998E-5
717.7216156631918,-189.1458171818324,132.96552412536192,717.7216156631918,-165.76309106386512,10.172005895399437,896.1231181678178,-179.36925003977478,81.62424468993115,1.0,1.7474599239245027E-4
717.7216156631918,-189.1458171818324,132.96552412536192,717.7216156631918,-149.4014432560169,14.452298107145054,909.4855227585418,-173.16537167532599,85.31364379333243,1.0,2.722109388288077E-4
717.7216156631918,-189.1458171818324,132.96552412536192,717.7216156631918,-145.52968950033508,15.82187979895673,910.9983348616549,-172.54586347973293,88.38157833096128,1.0,1.1728970875443198E-4
717.7216156631918,-189.1458171818324,132.96552412536192,717.7216156631918,-160.8480268776785,11.210708763085051,899.9039752948152,-178.71900751558417,88.10285915800924,1.0,1.263248223332909E-5
717.7216156631918,-189.1458171818324,132.96552412536192,717.7216156631918,-184.57569036206374,8.049096299189955,893.1880039711444,-187.4194595721778,85.77855661807988,1.0,5.650159528710611E-5
717.7216156631918,-189.1458171818324,132.96552412536192,717.7216156631918,-193.8888078226866,8.055540377941753,891.3341553297681,-190.97810783675794,84.71086514377058,1.0,1.5509085555179254E-5
717.7216156631918,-189.1458171818324,132.96552412536192,717.7216156631918,-190.8274775296094,7.976836563348073,891.8477625763817,-189.7908888185342,85.02085006474167,1.0,1.2042986248498882E-6
717.7216156631918,-189.1458171818324,132.96552412536192,717.7216156631918,-187.4318975076656,7.977274760269594,895.2671589099995,-188.49148742603015,85.24827580976037,1.0,4.3303465203607073E-7
717.7216156631918,-189.1458171818324,132.96552412536192,717.7216156631918,-185.77250552561392,8.011049341663124,896.1528761164324,-187.85418138052717,85.1206495296822,1.0,2.3101313212365094E-7
717.7216156631918,-189.1458171818324,132.96552412536192,717.7216156631918,-186.3681681765674,7.99638927197681,896.4983762387717,-188.091967727152,85.55181045330048,1.0,2.246647195196005E-6
717.7216156631918,-189.1458171818324,132.96552412536192,717.7216156631918,-192.06800295760146,7.999685472184822,895.1548861658907,-190.23522259458338,86.37763701475967,1.0,8.615359013993813E-6
717.7216156631918,-189.1458171818324,132.96552412536192,717.7216156631918,-203.30945756145184,8.770551235164746,891.9123313172604,-194.26923989529064,88.04039697241856,1.0,4.8910353239432616E-5
717.7216156631918,-189.1458171818324,132.96552412536192,717.7216156631918,-219.29759049396796,11.656536139584077,886.5694456317166,-199.71644932359925,90.43692475533538,1.0,1.4629446691148763E-4
717.7216156631918,-189.1458171818324,132.96552412536192,717.7216156631918,-237.32373818891014,17.623043107153464,879.3469337846872,-205.91362418461694,92.8218147143325,1.0,2.305751475696829E-4
717.7216156631918,-189.1458171818324,132.96552412536192,717.7216156631918,-253.44534513741485,25.77144450951154,870.9967183168818,-211.86175647343848,95.0956628309628,1.0,2.748349940000218E-4
717.7216156631918,-189.1458171818324,132.96552412536192,717.7216156631918,-265.2699031703959,33.81854468369768,862.6509491906922,-216.66423655771408,97.12446114645755,1.0,2.239704997198649E-4
717.7216156631918,-189.1458171818324,132.96552412536192,717.7216156631918,-275.02453497311444,42.136862181428526,853.2020318124127,-221.1275059026065,99.14045002172665,1.0,2.1627141141000367E-4
717.7216156631918,-189.1458171818324,132.96552412536192,717.7216156631918,-282.6346214575035,49.99056721000548,842.4806719390119,-225.35842577931376,100.82542284319572,1.0,1.803366690116776E-4
717.7216156631918,-189.1458171818324,132.96552412536192,717.7216156631918,-288.55484163243307,57.183957383971006,831.9784498724589,-228.71546666987254,102.80075739332867,0.06703977503327282,1.4463879260474477E-4
717.7216156631918,-189.1458171818324,132.96552412536192,717.7216156631918,-289.7313436550361,58.75264206228317,826.9841254907325,-227.36292488829307,104.76860746690892,0.0402726870221234,5.639735421120101E-5
717.7216156631918,-189.1458171818324,132.96552412536192,717.7216156631918,-289.5147357252266,58.45995258584891,825.9272806876806,-226.77377767632208,105.03364298930995,0.036237330298852684,4.659940353974984E-6
717.7216156631918,-189.1458171818324,132.96552412536192,717.7216156631918,-289.29884980261716,58.17000248896967,825.593606228965,-226.5735698841311,105.01401618005627,0.03478361360147241,3.4736695132626547E-7
717.7216156631918,-189.1458171818324,132.96552412536192,717.7216156631918,-288.9526548112318,57.70866289385228,825.1808823774996,-226.49384529060487,104.80417330600199,0.03192043947662096,4.223100835863081E-7
717.7216156631918,-189.1458171818324,132.96552412536192,717.7216156631918,-287.60014556226196,55.94770006392439,824.0308090942121,-226.20648025181143,103.97409556272257,0.024112234797632703,6.365182367120573E-6
717.7216156631918,-189.1458171818324,132.96552412536192,717.7216156631918,-286.17395367192785,54.15854011214509,823.2532130524285,-225.68889451436777,103.28496119470279,0.01998834289058884,8.278972585009429E-6
717.7216156631918,-189.1458171818324,132.96552412536192,717.7216156631918,-283.6350401987436,51.13162690874134,823.3295905568311,-224.1450770980652,102.65385738501655,0.023336609404528048,3.0062287447316493E-5
717.7216156631918,-189.1458171818324,132.96552412536192,717.7216156631918,-273.73081472992595,40.930866578386684,829.9255024880479,-217.83575651652302,101.74877389479744,0.0951992778079763,2.7876359897017474E-4
717.7216156631918,-189.1458171818324,132.96552412536192,717.7216156631918,-241.21055630562375,19.32458546340108,853.6273859242964,-203.80806588922678,100.96244999026032,1.0,1.5893896606176844E-4
717.7216156631918,-189.1458171818324,132.96552412536192,717.7216156631918,-179.9377047240107,8.305142828960825,878.0404866563284,-186.94116243336887,103.11867952726723,1.0,2.55517456870413E-7
717.7216156631918,-189.1458171818324,132.96552412536192,717.7216156631918,-139.6957122068733,18.162705701921084,892.6332321377839,-177.7681662941968,106.55129528601026,1.0,4.154080174425442E-4
717.7216156631918,-189.1458171818324,132.96552412536192,717.7216156631918,-113.89058916688484,33.15745503063265,903.2356504784036,-171.39816461615536,109.42750583389508,1.0,4.059236180452591E-4
717.7216156631918,-189.1458171818324,132.96552412536192,717.7216156631918,-111.84104929514807,34.73633873738336,911.0009131704243,-170.0489475872257,108.69962183989904,1.0,1.6149006069353347E-5
717.7216156631918,-189.1458171818324,132.96552412536192,717.7216156631918,-113.76328844709882,33.25356716153003,917.5848852303398,-169.3994179074546,106.84604859587921,1.0,3.4621776125534046E-5
717.7216156631918,-189.1458171818324,132.96552412536192,717.7216156631918,-118.0592351496485,30.14676195142019,923.6103391694592,-169.97510380458354,105.23723894001219,1.0,2.719953395666899E-5
717.7216156631918,-189.1458171818324,132.96552412536192,717.7216156631918,-120.84683687161338,28.274314902312483,929.4241140291456,-170.5150065458052,104.40752684001293,1.0,8.685445598492065E-6
717.7216156631918,-189.1458171818324,132.96552412536192,717.7216156631918,-122.36357716367931,27.300333934089423,934.5018264877172,-170.67397901250612,103.73873729081262,1.0,3.5410038996916036E-6
717.7216156631918,-189.1458171818324,132.96552412536192,717.7216156631918,-124.40036851710003,26.040190938120915,938.5119687819362,-170.81593710200576,102.69422976818447,1.0,9.69237165460184E-6
717.7216156631918,-189.1458171818324,132.96552412536192,717.7216156631918,-130.41453387191723,22.622258083566336,939.027503295334,-171.87844681738918,100.5239029894534,1.0,7.122350217602259E-5
717.7216156631918,-189.1458171818324,132.96552412536192,717.7216156631918,-142.04446774509663,17.179243067377726,936.4363781521969,-174.89465754640824,97.93279587697617,1.0,1.520064970479529E-4
717.7216156631918,-189.1458171818324,132.96552412536192,717.7216156631918,-151.33582325355263,13.821055688327675,936.9688325603562,-177.53304493638402,96.37208856732448,1.0,6.269346517344523E-5
717.7216156631918,-189.1458171818324,132.96552412536192,717.7216156631918,-158.41644787937784,11.801561404289771,938.6030976824104,-179.4511919452229,94.74022899476861,1.0,5.024591724130468E-5
717.7216156631918,-189.1458171818324,132.96552412536192,717.7216156631918,-165.50293037202027,10.221832216985575,938.3289945388201,-181.346672198204,92.47572029049553,1.0,8.115758553913859E-5
717.7216156631918,-189.1458171818324,132.96552412536192,717.7216156631918,-170.71011021579167,9.332499780479552,938.1736446185059,-182.79336667137449,90.36489752309546,1.0,6.430344183699228E-5
717.7216156631918,-189.1458171818324,132.96552412536192,717.7216156631918,-169.19552369877755,9.567850768284487,938.0772206864214,-182.19126419842323,89.94983324742469,1.0,3.0184078923346496E-6
717.7216156631918,-189.1458171818324,132.96552412536192,717.7216156631918,-169.89142175032336,9.457353316434947,937.9715268940532,-182.53199059612226,90.54084106770802,1.0,4.805938189309395E-6
717.7216156631918,-189.1458171818324,132.96552412536192,717.7216156631918,-166.40654861743232,10.051222007357424,941.3292731682706,-181.28375480611268,90.46811892593902,1.0,7.227817987886456E-7
717.7216156631918,-189.1458171818324,132.96552412536192,717.7216156631918,-164.70764639444388,10.377695167645115,942.0916731530731,-180.51735445230932,89.68304924386771,1.0,1.000872029850215E-5
717.7216156631918,-189.1458171818324,132.96552412536192,717.7216156631918,-165.60403756997997,10.202400131603255,942.2064765667567,-180.88441862884468,89.88487722253905,1.0,8.408260132537659E-7
717.7216156631918,-189.1458171818324,132.96552412536192,717.7216156631918,-172.00941261629058,9.145721030032803,941.0370817765981,-183.25579327542312,90.40691169712417,1.0,7.926666633108243E-6
717.7216156631918,-189.1458171818324,132.96552412536192,717.7216156631918,-184.55215502549126,8.049959570766092,938.3974935931276,-187.64649070899432,92.19430359759991,1.0,4.11486744959497E-5
717.7216156631918,-189.1458171818324,132.96552412536192,717.7216156631918,-204.25702943464776,8.882280839854744,933.7998629929189,-193.8084242998702,94.6792897920156,1.0,1.1001972103627004E-4
717.7216156631918,-189.1458171818324,132.96552412536192,717.7216156631918,-230.18142912348264,14.893179554017479,926.7398576932915,-201.40882181429316,97.68100806885121,1.0,3.1391342490036573E-4
717.7216156631918,-189.1458171818324,132.96552412536192,717.7216156631918,-255.43573727301208,26.990779519370946,917.5418226660238,-209.468862737828,100.47597579810241,1.0,4.945992021239648E-4
717.7216156631918,-189.1458171818324,132.96552412536192,717.7216156631918,-273.5422456493417,40.757916728094585,907.9976042608183,-216.5349892695845,103.04139021754025,1.0,5.050262652894144E-4
717.7216156631918,-189.1458171818324,132.96552412536192,717.7216156631918,-285.4383090180248,53.26134596651745,898.2111832753819,-222.69257806934948,105.19786586412002,1.0,4.1849589260567336E-4
717.7216156631918,-189.1458171818324,132.96552412536192,717.7216156631918,-287.0383863740592,55.23493235516442,893.5935182846739,-222.96275465181523,106.11353134298986,1.0,5.724699115609835E-6
717.7216156631918,-189.1458171818324,132.96552412536192,717.7216156631918,-287.38053211987415,55.66778301320734,892.0559164297478,-223.2699729069354,106.11432232187002,1.0,6.367443352136069E-7
717.7216156631918,-189.1458171818324,132.96552412536192,717.7216156631918,-287.42057838247365,55.71870340789205,891.1594864832584,-223.45538175821892,105.99720844240008,1.0,5.448448714053543E-7
717.7216156631918,-189.1458171818324,132.96552412536192,717.7216156631918,-287.579531711371,55.92135598839448,891.733835185488,-223.1098675385387,106.38182748441818,1.0,3.055788110999215E-6
717.7216156631918,-189.1458171818324,132.96552412536192,717.7216156631918,-287.0457341994033,55.244186978136185,892.2377931915669,-222.64404797306668,106.37176012151889,1.0,1.6166650714640743E-6
717.7216156631918,-189.1458171818324,132.96552412536192,717.7216156631918,-286.36115248148866,54.38958262559109,892.5412791960058,-222.07546856068257,106.34957559855036,1.0,2.454747778481872E-6
717.7216156631918,-189.1458171818324,132.96552412536192,717.7216156631918,-286.71174989015276,54.82533744299279,891.6645677018524,-222.16315662767238,106.52206177702251,1.0,3.534621839150287E-7
717.7216156631918,-189.1458171818324,132.96552412536192,717.7216156631918,-288.41554103260967,57.001572631311674,889.9920978464164,-222.92293057890325,107.1183382546617,1.0,1.0874457851658023E-5
717.7216156631918,-189.1458171818324,132.96552412536192,717.7216156631918,-291.4333822786603,61.116696531850025,887.470213386341,-224.17544518368743,108.36001415366948,1.0,3.5437420960431924E-5
717.7216156631918,-189.1458171818324,132.96552412536192,717.7216156631918,-294.4448034000418,65.60735089139311,884.4360487905152,-225.09408598145762,109.96995879058667,1.0,3.092092752333906E-5
717.7216156631918,-189.1458171818324,132.96552412536192,717.7216156631918,-294.7842991058692,66.14104405417132,883.8510676049112,-224.7102813722918,110.46826001050187,1.0,4.119372560147445E-6
717.7216156631918,-189.1458171818324,132.96552412536192,717.7216156631918,-294.285633240846,65.35917028878245,884.1768105056152,-224.2556931450569,110.38938897028544,1.0,2.132378485224411E-6
717.7216156631918,-189.1458171818324,132.96552412536192,717.7216156631918,-293.98163859932276,64.88872523087758,884.3902703665931,-223.98665689452795,110.34107375748005,1.0,7.478623855187343E-7
717.7216156631918,-189.1458171818324,132.96552412536192,717.7216156631918,-293.6509083695201,64.38210108558442,884.5416381938112,-223.75478824095586,110.25273878501548,1.0,6.923295746744605E-7
717.7216156631918,-189.1458171818324,132.96552412536192,717.7216156631918,-293.7118793021074,64.47509667262379,884.4997219028422,-223.85051489288432,110.23406104211048,1.0,9.598991101522257E-8
717.7216156631918,-189.1458171818324,132.96552412536192,717.7216156631918,-294.81499815085454,66.18959887279767,883.2680170983562,-224.7271031904564,110.48050746190805,1.0,8.945425422182879E-6
717.7216156631918,-189.1458171818324,132.96552412536192,717.7216156631918,-297.08310135269113,69.92154990244913,880.2038824762319,-226.60525173534268,111.08622963933314,1.0,4.321548892155274E-5
717.7216156631918,-189.1458171818324,132.96552412536192,717.7216156631918,-300.1820749235527,75.55516385202583,874.8512667541683,-229.520996268894,112.08987841618801,1.0,1.0602270426594429E-4
717.7216156631918,-189.1458171818324,132.96552412536192,717.7216156631918,-303.0836900131712,81.55384126368473,867.4120375462346,-232.738091425392,113.29557485444036,1.0,1.268357937751979E-4
717.7216156631918,-189.1458171818324,132.96552412536192,717.7216156631918,-303.7051114251927,82.95384446487458,863.9281299415018,-232.20124916281935,114.16936719982445,1.0,7.4555239264637605E-6
717.7216156631918,-189.1458171818324,132.96552412536192,717.7216156631918,-303.77850121869994,83.12229238319168,862.854917522934,-232.61970747831703,114.0627198598309,1.0,2.1039477488419646E-6
717.7216156631918,-189.1458171818324,132.96552412536192,717.7216156631918,-304.1674456376478,84.02653162068987,862.6074840806734,-232.6893011021877,114.43879778863499,1.0,5.232502953708791E-7
717.7216156631918,-189.1458171818324,132.96552412536192,717.7216156631918,-303.99723670482217,83.62840388558499,862.6434041329884,-232.59041772546797,114.30287729267408,1.0,2.459084820846993E-7
717.7216156631918,-189.1458171818324,132.96552412536192,717.7216156631918,-304.1343252007946,83.94876144591657,862.6565744581093,-232.63612134588635,114.42668094187798,1.0,9.653026320004964E-8
717.7216156631918,-189.1458171818324,132.96552412536192,717.7216156631918,-304.09402766311246,83.85433489977571,862.6500935174629,-232.57778715243253,114.40937882535752,1.0,4.298392833518261E-8
717.7216156631918,-189.1458171818324,132.96552412536192,717.7216156631918,-304.1264506708819,83.93029268452074,862.5601023646001,-232.61962839246647,114.42545933669558,1.0,2.3571026727226435E-8
717.7216156631918,-189.1458171818324,132.96552412536192,717.7216156631918,-304.1240368976962,83.92463311621985,862.4524128277999,-232.5697877560153,114.44418840303749,1.0,3.32307460282557E-8
717.7216156631918,-189.1458171818324,132.96552412536192,717.7216156631918,-304.1812439422438,84.0589745634675,862.2011517009894,-232.61373539865883,114.4854266763281,1.0,3.732608647071165E-8
717.7216156631918,-189.1458171818324,132.96552412536192,717.7216156631918,-304.21621742726614,84.14131919219705,862.0397418847374,-232.64604891801775,114.50843851170555,1.0,1.7553055661854954E-8
717.7216156631918,-189.1458171818324,132.96552412536192,717.7216156631918,-304.30594963204584,84.35334567130266,861.8293841255794,-232.74158680757088,114.56258130307336,1.0,1.3963772749910623E-7
717.7216156631918,-189.1458171818324,132.96552412536192,717.7216156631918,-304.35270657783855,84.46425985631004,861.3830173017247,-232.8911301141221,114.54906488247477,1.0,2.384600937807709E-7
717.7216156631918,-189.1458171818324,132.96552412536192,717.7216156631918,-304.4253076330328,84.6370741056106,860.0043455046067,-233.37374689222085,114.42391466716947,1.0,2.796142833172126E-6
717.7216156631918,-189.1458171818324,132.96552412536192,717.7216156631918,-304.5720759020014,84.98866722680503,858.0757748654147,-234.2485020410523,114.2186195542152,1.0,9.053618591166864E-6
717.7216156631918,-189.1458171818324,132.96552412536192,717.7216156631918,-304.606882016715,85.07249219800289,857.75052866862,-234.22647545923073,114.26615209658848,1.0,1.710043644284129E-8
717.7216156631918,-189.1458171818324,132.96552412536192,717.7216156631918,-304.6156596370383,85.09365886642368,858.206458433698,-233.98007701699595,114.37798992442293,1.0,8.581722602510807E-7
717.7216156631918,-189.1458171818324,132.96552412536192,717.7216156631918,-304.42941687273253,84.64687718333454,859.197505936667,-233.3036752269811,114.45770550831259,1.0,5.027081240094689E-6
717.7216156631918,-189.1458171818324,132.96552412536192,717.7216156631918,-304.4820263410513,84.77259044436562,861.108095545374,-232.41421438480597,114.88593739291349,1.0,1.1259061382612264E-5
717.7216156631918,-189.1458171818324,132.96552412536192,717.7216156631918,-304.33512681107845,84.42252311452955,861.4040498714827,-231.76242658290332,115.00606139489696,1.0,4.969775445523535E-6
717.7216156631918,-189.1458171818324,132.96552412536192,717.7216156631918,-302.4571983353189,80.18739512205877,851.497224922486,-235.32200383272271,111.4575986978171,1.0,2.337316278784972E-4
717.7216156631918,-189.1458171818324,132.96552412536192,717.7216156631918,-302.5548764812171,80.39761310705481,851.5954473569926,-235.36276741676713,111.54282171960483,1.0,6.232229178063428E-8
717.7216156631918,-189.1458171818324,132.96552412536192,717.7216156631918,-302.0852999139813,79.39619297222322,856.2272953859895,-233.20091866670143,112.06935687422316,1.0,5.314887631390266E-5
717.7216156631918,-189.1458171818324,132.96552412536192,717.7216156631918,-302.55414836486466,80.39604231053252,861.035571564623,-231.87793549798383,113.15740867831829,1.0,2.9466305673906304E-5
717.7216156631918,-189.1458171818324,132.96552412536192,717.7216156631918,-302.81846210450107,80.97004551149698,874.3063535337917,-226.91237673163567,115.69056460693997,1.0,2.972336898596127E-4
717.7216156631918,-189.1458171818324,132.96552412536192,717.7216156631918,-299.56373373456455,74.37470825671332,866.4835082627566,-229.48474888296954,111.56056564192062,1.0,1.9357902662263081E-4
717.7216156631918,-189.1458171818324,132.96552412536192,717.7216156631918,-299.44602221106555,74.15340997777216,857.8150326441961,-234.5314850216635,108.76586758842885,1.0,3.822162128113226E-4
717.7216156631918,-189.1458171818324,132.96552412536192,717.7216156631918,-299.98663820377107,75.17874021084941,859.0809633775838,-233.76707395162663,109.70226335936928,1.0,1.4565879815392668E-5
717.7216156631918,-189.1458171818324,132.96552412536192,717.7216156631918,-300.7667651130578,76.70040186534484,862.6630773629929,-231.94461044714745,111.39180180634102,1.0,6.647640554318124E-5
717.7216156631918,-189.1458171818324,132.96552412536192,717.7216156631918,-301.95613058658205,79.12471070726646,863.7263749406362,-231.94044024430613,112.5409969162445,1.0,2.8435778765765465E-6
717.7216156631918,-189.1458171818324,132.96552412536192,717.7216156631918,-302.5320605154006,80.34841832600358,863.7435240980969,-232.26962036329684,112.95383974673268,1.0,2.6404458689838136E-6
717.7216156631918,-189.1458171818324,132.96552412536192,717.7216156631918,-302.69019914282876,80.69054612349797,863.8031443767858,-232.3033832455346,113.09610586238699,1.0,9.555956076268739E-8
717.7216156631918,-189.1458171818324,132.96552412536192,717.7216156631918,-302.7530940623072,80.82737456284734,863.8424553577249,-232.3090395243225,113.15648896592845,1.0,1.0804350661957479E-8
717.7216156631918,-189.1458171818324,132.96552412536192,717.7216156631918,-302.75683499437343,80.83552669970993,863.8537259410621,-232.30561310912495,113.16181059562479,1.0,3.3435482165165966E-10
717.7216156631918,-189.1458171818324,132.96552412536192,717.7216156631918,-302.7564294149712,80.83464279757918,863.8511384495032,-232.3092184324845,113.15974978727704,1.0,2.0112629174207295E-10
717.7216156631918,-189.1458171818324,132.96552412536192,717.7216156631918,-302.77135361737083,80.86717991236294,863.8556467044508,-232.31818771098628,113.17059869858514,1.0,1.8887763151416807E-9
717.7216156631918,-189.1458171818324,132.96552412536192,717.7216156631918,-302.7672924711636,80.85832353776658,863.856045470634,-232.31289002923486,113.16895558133294,1.0,3.5567312530620374E-10
717.7216156631918,-189.1458171818324,132.96552412536192,717.7216156631918,-302.7660342138114,80.8555799533905,863.8568956260667,-232.31040825081112,113.16883221992947,1.0,6.258011104613306E-11
717.7216156631918,-189.1458171818324,132.96552412536192,717.7216156631918,-302.76793615264245,80.85972712941256,863.8573972853136,-232.31029511013423,113.17079098061183,1.0,9.935211277213404E-12
717.7216156631918,-189.1458171818324,132.96552412536192,717.7216156631918,-302.76821989767103,80.86034586945553,863.8582199223333,-232.30948367336643,113.1714475791672,1.0,1.2021836753216346E-11
717.7216156631918,-189.1458171818324,132.96552412536192,717.7216156631918,-302.767058975282,80.85781439528014,863.8584231207772,-232.30828766905012,113.1708321480487,1.0,2.1224055512843262E-11
717.7216156631918,-189.1458171818324,132.96552412536192,717.7216156631918,-302.7682358051849,80.86038055795926,863.8584586558943,-232.30866077251414,113.17184089524991,1.0,6.78319066437528E-12
717.7216156631918,-189.1458171818324,132.96552412536192,717.7216156631918,-302.76813686984445,80.86016481640796,863.8584776712077,-232.3086685537995,113.17173813585964,1.0,2.927915276827334E-14
717.7216156631918,-189.1458171818324,132.96552412536192,717.7216156631918,-302.76869665993826,80.8613855267455,863.8582429669771,-232.3090005815779,113.17214711759829,1.0,2.622024345622958E-12
717.7216156631918,-189.1458171818324,132.96552412536192,717.7216156631918,-302.77023352614253,80.86473708317928,863.8580628811468,-232.31007598322026,113.17319490599706,1.0,2.3512237789071985E-11
717.7216156631918,-189.1458171818324,132.96552412536192,717.7216156631918,-302.7696551478451,80.86347574074199,863.858477915966,-232.3093145471409,113.17296414468768,1.0,7.305331385518544E-12
717.7216156631918,-189.1458171818324,132.96552412536192,717.7216156631918,-302.7701130624261,80.86447436972558,863.8584178484949,-232.3094333709435,113.17336878329164,1.0,8.997907574912188E-13
717.7216156631918,-189.1458171818324,132.96552412536192,717.7216156631918,-302.76937905453775,80.86287364230593,863.858574007727,-232.3090698655313,113.17279952471878,1.0,3.788516020809049E-12
717.7216156631918,-189.1458171818324,132.96552412536192,717.7216156631918,-302.77046970434606,80.86525215737666,863.85826858064,-232.3097915077532,113.17356215518984,1.0,1.1148197749880075E-11
717.7216156631918,-189.1458171818324,132.96552412536192,717.7216156631918,-302.77063670059874,80.86561635838243,863.8585564744059,-232.30958827235807,113.17382278567368,1.0,1.0117247164963102E-12
717.7216156631918,-189.1458171818324,132.96552412536192,717.7216156631918,-302.7705213964475,80.86536489200427,863.8584416271885,-232.3094930108068,113.17375085448077,1.0,1.5974480821717015E-13
717.7216156631918,-189.1458171818324,132.96552412536192,717.7216156631918,-302.77052223956593,80.86536673075264,863.8586385559387,-232.3091644716438,113.17390234438818,1.0,1.5385927277701903E-12
717.7216156631918,-189.1458171818324,132.96552412536192,717.7216156631918,-302.77051487150027,80.86535066181595,863.8585945961529,-232.30914860923642,113.17390223014465,1.0,2.4601035147998672E-15
717.7216156631918,-189.1458171818324,132.96552412536192,717.7216156631918,-302.7699403135158,80.86409763283626,863.8587196835393,-232.30866553135735,113.17354766377434,1.0,4.049123808252123E-12
717.7216156631918,-189.1458171818324,132.96552412536192,717.7216156631918,-302.7704186843022,80.86514088872008,863.8586829669463,-232.30896346076673,113.17389068422875,1.0,2.0127348274061945E-12
717.7216156631918,-189.1458171818324,132.96552412536192,717.7216156631918,-302.7703741986797,80.86504387109537,863.8587293807517,-232.30903097603232,113.17381512303805,1.0,1.0137576293338496E-13
717.7216156631918,-189.1458171818324,132.96552412536192,717.7216156631918,-302.77004461382614,80.86432509422099,863.8588893190996,-232.3085264003858,113.17371603526882,1.0,2.938290236765772E-12
717.7216156631918,-189.1458171818324,132.96552412536192,717.7216156631918,-302.77082143450434,80.86601924690571,863.8588470257243,-232.3090257646411,113.17426593425841,1.0,5.48557263865418E-12
717.7216156631918,-189.1458171818324,132.96552412536192,717.7216156631918,-302.77079416931315,80.86595978366651,863.8588341298918,-232.30903049300736,113.17423642857625,1.0,3.2376549848167913E-15
717.7216156631918,-189.1458171818324,132.96552412536192,717.7216156631918,-302.7709807683375,80.86636674311677,863.8587506660615,-232.30931766244098,113.1742918513965,1.0,9.49040128175132E-13
717.7216156631918,-189.1458171818324,132.96552412536192,717.7216156631918,-302.77126085872646,80.86697760793038,863.8589063510162,-232.3094938293138,113.17449191538628,1.0,6.971066034267053E-13
717.7216156631918,-189.1458171818324,132.96552412536192,717.7216156631918,-302.7713996810875,80.86728037660417,863.858810763312,-232.30942792066557,113.17466132945088,1.0,2.0025585911873537E-13
717.7216156631918,-189.1458171818324,132.96552412536192,717.7216156631918,-302.77118946077405,80.86682189131464,863.8588451251821,-232.30932068841778,113.17449971360196,1.0,3.1939062665392024E-13
717.7216156631918,-189.1458171818324,132.96552412536192,717.7216156631918,-302.7711266404866,80.86668488277348,863.8590549051639,-232.30889252213188,113.17463304586818,1.0,2.3254743268957468E-12
717.7216156631918,-189.1458171818324,132.96552412536192,717.7216156631918,-302.77076261812687,80.86589097311122,863.8589794094718,-232.3088648382,113.1742807501061,1.0,3.4776437194865035E-13
717.7216156631918,-189.1458171818324,132.96552412536192,717.7216156631918,-302.7709209022038,80.86623617883774,863.8589335666092,-232.30906297654766,113.17434860397671,1.0,5.104785664358922E-13
717.7216156631918,-189.1458171818324,132.96552412536192,717.7216156631918,-302.77080516036654,80.86598375428018,863.859067446924,-232.30864022735713,113.17442639415682,1.0,2.041171354255444E-12
717.7216156631918,-189.1458171818324,132.96552412536192,717.7216156631918,-302.77079158128254,80.86595413937928,863.8590674342087,-232.30853857787713,113.17445938766474,1.0,1.324569653567381E-13
717.7216156631918,-189.1458171818324,132.96552412536192,717.7216156631918,-302.77066506749156,80.86567822385459,863.858972499196,-232.30849028018102,113.17435468517013,1.0,9.00872859524086E-14
717.7216156631918,-189.1458171818324,132.96552412536192,717.7216156631918,-302.77106469175357,80.86654977548476,863.8588698657696,-232.3088547402416,113.17458825591973,1.0,2.1598588797713533E-12
717.7216156631918,-189.1458171818324,132.96552412536192,717.7216156631918,-302.7710474397235,80.86651214968974,863.8587908595106,-232.30897585319775,113.17451542576785,1.0,2.3187382777354526E-13
717.7216156631918,-189.1458171818324,132.96552412536192,717.7216156631918,-302.7714440311429,80.86737710359874,863.8587546345057,-232.30930260187947,113.17476325794243,1.0,1.8837347150005512E-12
717.7216156631918,-189.1458171818324,132.96552412536192,717.7216156631918,-302.771267970298,80.86699311806785,863.8587479234698,-232.3091117170326,113.1746742487305,1.0,5.214326800324141E-13
717.7216156631918,-189.1458171818324,132.96552412536192,717.7216156631918,-302.77145305266345,80.86739677946474,863.8587349734993,-232.30927906962137,113.17478309332793,1.0,4.584735103005958E-13
717.7216156631918,-189.1458171818324,132.96552412536192,717.7216156631918,-302.77130362047217,80.86707087017892,863.8587279331418,-232.30901387651062,113.17475485498059,1.0,7.514300863713782E-13
717.7216156631918,-189.1458171818324,132.96552412536192,717.7216156631918,-302.7714557132038,80.86740258208431,863.8588670911276,-232.30891060859167,113.17495470286056,1.0,3.6896151010117894E-13
717.7216156631918,-189.1458171818324,132.96552412536192,717.7216156631918,-302.7713397310474,80.86714962655596,863.8588350664257,-232.30891953102739,113.17483432022019,1.0,3.9932959035687976E-14
717.7216156631918,-189.1458171818324,132.96552412536192,717.7216156631918,-302.7714619572192,80.86741620024029,863.8588887592734,-232.30892123738874,113.17495609017186,1.0,3.215721084182482E-14
717.7216156631918,-189.1458171818324,132.96552412536192,717.7216156631918,-302.7716492974281,80.86782478999336,863.8588412576228,-232.30918594409633,113.17502256238663,1.0,8.463481358871615E-13
717.7216156631918,-189.1458171818324,132.96552412536192,717.7216156631918,-302.771668194736,80.86786600531364,863.8588082642887,-232.30919876714646,113.17503563096543,1.0,3.4385061092019913E-15
717.7216156631918,-189.1458171818324,132.96552412536192,717.7216156631918,-302.77162251970816,80.86776638744041,863.8587587677703,-232.309205587718,113.17498670623522,1.0,8.311739062648128E-15
717.7216156631918,-189.1458171818324,132.96552412536192,717.7216156631918,-302.7713967296462,80.8672739395502,863.8588918910827,-232.30883717974314,113.17492922960534,1.0,1.5136670282203158E-12
717.7216156631918,-189.1458171818324,132.96552412536192,717.7216156631918,-302.77148965434344,80.86747660753602,863.8587940070876,-232.30899693524523,113.1749491533389,1.0,2.770584082580735E-13
717.7216156631918,-189.1458171818324,132.96552412536192,717.7216156631918,-302.7713084435039,80.86708138909759,863.8587032388572,-232.30897343384407,113.17477823425563,1.0,1.0079665953007655E-13
717.7216156631918,-189.1458171818324,132.96552412536192,717.7216156631918,-302.77147022431035,80.86743423071778,863.8588346647448,-232.30883702341785,113.17500299198224,1.0,5.569778436668652E-13
717.7216156631918,-189.1458171818324,132.96552412536192,717.7216156631918,-302.77139910660264,80.86727912366034,863.8587078163296,-232.3089353710948,113.17488659137385,1.0,2.2358103712897616E-13
717.7216156631918,-189.1458171818324,132.96552412536192,717.7216156631918,-302.7715971800642,80.86771112142267,863.8586676925836,-232.30897596215246,113.17506658279152,1.0,1.4723175772545201E-13
717.7216156631918,-189.1458171818324,132.96552412536192,717.7216156631918,-302.7716668929514,80.86786316610001,863.858752252038,-232.30890077474362,113.1751709557546,1.0,1.4705240250517827E-13
717.7216156631918,-189.1458171818324,132.96552412536192,717.7216156631918,-302.77165580442113,80.86783898184123,863.858605716128,-232.3091128714632,113.17506259077899,1.0,6.656446372418549E-13
717.7216156631918,-189.1458171818324,132.96552412536192,717.7216156631918,-302.77172371489917,80.86798709587487,863.8584956036218,-232.30920644415406,113.17508778012967,1.0,1.0733681841912811E-13
717.7216156631918,-189.1458171818324,132.96552412536192,717.7216156631918,-302.7717149823765,80.86796805004971,863.8587100057383,-232.30889933305042,113.1752198348411,1.0,1.312960281824834E-12
717.7216156631918,-189.1458171818324,132.96552412536192,717.7216156631918,-302.77173434059796,80.8680102707705,863.8586108887462,-232.30890463384515,113.17523681444712,1.0,1.6632930381105244E-15
717.7216156631918,-189.1458171818324,132.96552412536192,717.7216156631918,-302.77189774644216,80.86836666427962,863.8585120197134,-232.3092095604935,113.17526085013662,1.0,9.695996398447634E-13
717.7216156631918,-189.1458171818324,132.96552412536192,717.7216156631918,-302.7718274319262,80.868213305651,863.8585407202394,-232.30905627991953,113.17526062557766,1.0,2.285178969196403E-13
717.7216156631918,-189.1458171818324,132.96552412536192,717.7216156631918,-302.77206333944423,80.86872783106176,863.8583379050931,-232.30948731666862,113.175299539312,1.0,1.957146958870761E-12
717.7216156631918,-189.1458171818324,132.96552412536192,717.7216156631918,-302.7721341038557,80.86888217277621,863.8583663330735,-232.30948664401885,113.17537080309543,1.0,1.0800979549541218E-14
717.7216156631918,-189.1458171818324,132.96552412536192,717.7216156631918,-302.7721598371054,80.86893829877924,863.8582542128402,-232.30958615321725,113.17535098180889,1.0,1.1455151978711828E-13
717.7216156631918,-189.1458171818324,132.96552412536192,717.7216156631918,-302.77216884768296,80.86895795149152,863.8580674955489,-232.30973281076675,113.17529277569199,1.0,2.918669179474261E-13
717.7216156631918,-189.1458171818324,132.96552412536192,717.7216156631918,-302.77221912276883,80.86906760520344,863.8580414941231,-232.30987182537697,113.17527945018469,1.0,2.045716559312721E-13
717.7216156631918,-189.1458171818324,132.96552412536192,717.7216156631918,-302.7722284225425,80.86908788873421,863.8579326301572,-232.30991218671798,113.17527026994404,1.0,1.9295536603747713E-14
717.7216156631918,-189.1458171818324,132.96552412536192,717.7216156631918,-302.77225052634435,80.86913609888553,863.8578466445006,-232.30990305188635,113.17529662190321,1.0,4.3724772068032754E-15
717.7216156631918,-189.1458171818324,132.96552412536192,717.7216156631918,-302.77245266820506,80.86957698888124,863.8577523409263,-232.31008213195759,113.17541720719612,1.0,5.335300257343681E-13
717.7216156631918,-189.1458171818324,132.96552412536192,717.7216156631918,-302.7724970660159,80.86967382519606,863.8578307222323,-232.309968874665,113.17551365233334,1.0,2.4087678256640053E-13
717.7216156631918,-189.1458171818324,132.96552412536192,717.7216156631918,-302.77248498830176,80.86964748240429,863.8577638201891,-232.31010124271995,113.17544085329442,1.0,2.668391782486156E-13
717.7216156631918,-189.1458171818324,132.96552412536192,717.7216156631918,-302.7725633765907,80.86981845596932,863.8577402667086,-232.31018620164244,113.17548050300212,1.0,1.0332415447218892E-13
717.7216156631918,-189.1458171818324,132.96552412536192,717.7216156631918,-302.7728738367234,80.87049561067354,863.8576412545806,-232.31055308880337,113.17562360252853,1.0,1.8169116087214051E-12
717.7216156631918,-189.1458171818324,132.96552412536192,717.7216156631918,-302.77302021785255,80.8708148910159,863.8572339277014,-232.3111639579139,113.17549031992854,1.0,4.386122418866559E-12
717.7216156631918,-189.1458171818324,132.96552412536192,717.7216156631918,-302.77287877534746,80.87050638255349,863.8571045958963,-232.31119913103336,113.17533236133355,1.0,1.1244425886945577E-13
717.7216156631918,-189.1458171818324,132.96552412536192,717.7216156631918,-302.7730438282894,80.87086638932635,863.8570311613314,-232.31143239650723,113.17539092453535,1.0,6.572087064107439E-13
717.7216156631918,-189.1458171818324,132.96552412536192,717.7216156631918,-302.77311803881514,80.87102825529202,863.8569495220457,-232.31145364261653,113.17545559979183,1.0,2.5163260062001927E-14
717.7216156631918,-189.1458171818324,132.96552412536192,717.7216156631918,-302.77315169905484,80.87110167428534,863.8569476918341,-232.31144341101972,113.17549404410781,1.0,7.537765657269077E-15
717.7216156631918,-189.1458171818324,132.96552412536192,717.7216156631918,-302.77310851978314,80.87100749260624,863.8568800739533,-232.31132956626445,113.17550293948182,1.0,1.3507323158304786E-13
717.7216156631918,-189.1458171818324,132.96552412536192,717.7216156631918,-302.7731496186197,80.87109713648118,863.8567547152613,-232.31146825641156,113.17548056710848,1.0,2.154948528207511E-13
717.7216156631918,-189.1458171818324,132.96552412536192,717.7216156631918,-302.7732525576149,80.87132166556455,863.856730647139,-232.3114651992342,113.17558519300667,1.0,2.5288889121434663E-14
717.7216156631918,-189.1458171818324,132.96552412536192,717.7216156631918,-302.77333311169826,80.87149736981078,863.8565367311818,-232.3117879881602,113.17551798369695,1.0,1.2145192191981208E-12
717.7216156631918,-189.1458171818324,132.96552412536192,717.7216156631918,-302.7734203903183,80.8716877423992,863.8564831223381,-232.311713804592,113.17563951551048,1.0,1.6390824326486357E-13
717.7216156631918,-189.1458171818324,132.96552412536192,717.7216156631918,-302.7733682301284,80.87157397021548,863.8562989517059,-232.31187923607106,113.17551136611758,1.0,4.881804581442844E-13
717.7216156631918,-189.1458171818324,132.96552412536192,717.7216156631918,-302.77332378802,80.87147703300408,863.8562862739142,-232.31167531638155,113.17556028996091,1.0,4.976611363159803E-13
717.7216156631918,-189.1458171818324,132.96552412536192,717.7216156631918,-302.7735392604487,80.87194702391167,863.8559290259525,-232.3120765530941,113.17559241149539,1.0,1.6806832274567788E-12
717.7216156631918,-189.1458171818324,132.96552412536192,717.7216156631918,-302.7735137969703,80.87189148241626,863.8558620548774,-232.3119258889086,113.17563595022568,1.0,2.827877521140002E-13
717.7216156631918,-189.1458171818324,132.96552412536192,717.7216156631918,-302.7732323358724,80.87127755809281,863.8557232506404,-232.31183279492978,113.17539638526671,1.0,3.999902159038721E-13
717.7216156631918,-189.1458171818324,132.96552412536192,717.7216156631918,-302.77310368788187,80.87099695338205,863.8554061557088,-232.31190059958263,113.17523629344913,1.0,1.936641839754628E-13
717.7216156631918,-189.1458171818324,132.96552412536192,717.7216156631918,-302.7732391342791,80.87129238670747,863.855331145314,-232.31193130870787,113.17535803742811,1.0,7.271950676666493E-14
717.7216156631918,-189.1458171818324,132.96552412536192,717.7216156631918,-302.77328412004243,80.87139050932042,863.8552863258026,-232.3121129311298,113.17531988102812,1.0,3.851106429979303E-13
717.7216156631918,-189.1458171818324,132.96552412536192,717.7216156631918,-302.7736648247994,80.87222090866553,863.8550135280691,-232.31253241619197,113.17550933393537,1.0,2.4903728844982315E-12
717.7216156631918,-189.1458171818324,132.96552412536192,717.7216156631918,-302.77391563027186,80.87276797835284,863.8548870114495,-232.3127630227314,113.17565512283281,1.0,8.593858280604791E-13
717.7216156631918,-189.1458171818324,132.96552412536192,717.7216156631918,-302.7741707888915,80.87332455048187,863.8548074182441,-232.31295421383174,113.17582335117586,1.0,6.993088680307404E-13
717.7216156631918,-189.1458171818324,132.96552412536192,717.7216156631918,-302.77417844616883,80.87334125325106,863.8547618616527,-232.31272335173506,113.17593686734708,1.0,7.774209818853866E-13
717.7216156631918,-189.1458171818324,132.96552412536192,717.7216156631918,-298.0840645952968,71.66741444420772,864.4743280568132,-231.66578570092452,109.04010072443074,1.0,7.941630067259117E-5
