775.0504380694126,2.424303303166243E-14,133.50802000499522,783.1428810619932,-9.025191486390307,-20.00066947937,783.1428810619932,-9.025191486390307,96.38221961617558,0.9395602571768175,1.0
775.0504380694126,2.424303303166243E-14,133.50802000499522,783.1404087010053,-9.078188161847056,-20.00066947937,783.1404087010053,-9.078188161847056,96.40806359507974,0.9380016865074114,6.520646558820711E-9
775.0504380694126,2.424303303166243E-14,133.50802000499522,783.133396424993,-9.086530830006527,-20.00066947937,783.133396424993,-9.086530830006527,96.40682159682694,0.9380898855465176,3.4097824296725966E-11
775.0504380694126,2.424303303166243E-14,133.50802000499522,782.9754510819153,-9.074386073921193,-20.00066947937,782.9754510819153,-9.074386073921193,96.3023459353758,0.944560710272247,9.893004891969669E-8
775.0504380694126,2.424303303166243E-14,133.50802000499522,782.8113045168119,-9.07254287403703,-20.00066947937,782.8113045168119,-9.07254287403703,96.20369336838667,0.9506999563703227,8.825335164464388E-8
775.0504380694126,2.424303303166243E-14,133.50802000499522,782.7719081124627,-9.071703042406467,-20.00066947937,782.7719081124627,-9.071703042406467,96.1804443755135,0.9521494568099076,4.9216098457376705E-9
775.0504380694126,2.424303303166243E-14,133.50802000499522,782.7658475771027,-9.071581691468381,-20.00066947937,782.7658475771027,-9.071581691468381,96.17682400963133,0.9523755879802248,1.1907605437890425E-10
775.0504380694126,2.424303303166243E-14,133.50802000499522,782.6462091285373,-9.070481137476188,-20.00066947937,782.6462091285373,-9.070481137476188,96.10500959661013,0.9568774711907913,4.6616055179287275E-8
775.0504380694126,2.424303303166243E-14,133.50802000499522,782.4358330330335,-9.066934347125295,-20.00066947937,782.4358330330335,-9.066934347125295,95.97879704405679,0.9648350699191648,1.4361469233726348E-7
775.0504380694126,2.424303303166243E-14,133.50802000499522,782.4040123857922,-9.066444085394357,-20.00066947937,782.4040123857922,-9.066444085394357,95.95999849882219,0.9660247887814674,3.191244085185227E-9
775.0504380694126,2.424303303166243E-14,133.50802000499522,782.1907920530884,-9.064239710087868,-20.00066947937,782.1907920530884,-9.064239710087868,95.8344475140222,0.9740095485006648,1.4166563027867307E-7
775.0504380694126,2.424303303166243E-14,133.50802000499522,782.0833478109522,-9.062719111104002,-20.00066947937,782.0833478109522,-9.062719111104002,95.76977950136518,0.9781522010507758,3.742073763835053E-8
775.0504380694126,2.424303303166243E-14,133.50802000499522,782.0527036367964,-9.062069988497731,-20.00066947937,782.0527036367964,-9.062069988497731,95.75166233978567,0.9793139474612643,2.9470111193415665E-9
775.0504380694126,2.424303303166243E-14,133.50802000499522,781.8644136010442,-9.059725174941875,-20.00066947937,781.8644136010442,-9.059725174941875,95.6411539177156,0.9864316047481583,1.0915773311485656E-7
775.0504380694126,2.424303303166243E-14,133.50802000499522,781.7361074680924,-9.057628845204595,-20.00066947937,781.7361074680924,-9.057628845204595,95.56431617554,0.9914152941836086,5.2538742768655144E-8
775.0504380694126,2.424303303166243E-14,133.50802000499522,781.7056422411717,-9.05701503963989,-20.00066947937,781.7056422411717,-9.05701503963989,95.54637227442117,0.9925811938059419,2.872576913326891E-9
775.0504380694126,2.424303303166243E-14,133.50802000499522,781.5356715901252,-9.05634905727867,-20.00066947937,781.5356715901252,-9.05634905727867,95.44646662221817,0.9991050710066609,8.848767201317813E-8
775.0504380694126,2.424303303166243E-14,133.50802000499522,781.3868749976971,-9.053989439789238,-20.00066947937,781.3868749976971,-9.053989439789238,95.35701889740369,1.0,7.067937272558112E-8
775.0504380694126,2.424303303166243E-14,133.50802000499522,781.1631326485835,-9.051270383255666,-20.00066947937,781.1631326485835,-9.051270383255666,95.22626869871704,1.0,1.5078302591951665E-7
775.0504380694126,2.424303303166243E-14,133.50802000499522,781.135797825608,-9.185238394065568,-20.00066947937,781.135797825608,-9.185238394065568,95.20655605102104,1.0,6.380269497881703E-9
775.0504380694126,2.424303303166243E-14,133.50802000499522,781.3335348025008,-10.283910579052176,-20.00066947937,781.3335348025008,-10.283910579052176,95.74944105795646,0.9818132558246117,2.991291946419917E-6
775.0504380694126,2.424303303166243E-14,133.50802000499522,781.386794824993,-10.582065451250878,-20.00066947937,781.386794824993,-10.582065451250878,95.96102524473991,0.9685752330938145,4.228574290832637E-7
775.0504380694126,2.424303303166243E-14,133.50802000499522,781.3958854172207,-10.584075270110269,-20.00066947937,781.3958854172207,-10.584075270110269,95.93231679244192,0.9705442747946594,6.573354905639246E-9
775.0504380694126,2.424303303166243E-14,133.50802000499522,781.3922742488779,-10.60030940866868,-20.00066947937,781.3922742488779,-10.60030940866868,95.92724775962355,0.970936998691659,3.091489555696285E-10
775.0504380694126,2.424303303166243E-14,133.50802000499522,781.3584784739736,-10.597722575402171,-20.00066947937,781.3584784739736,-10.597722575402171,95.87347058726502,0.9745054290802152,2.35831234261946E-8
775.0504380694126,2.424303303166243E-14,133.50802000499522,781.2128912266891,-10.599842215546982,-20.00066947937,781.2128912266891,-10.599842215546982,95.41515774310633,1.0,1.6686725060860835E-6
775.0504380694126,2.424303303166243E-14,133.50802000499522,781.1886528352304,-10.600147758065058,-20.00066947937,781.1886528352304,-10.600147758065058,95.33063585620738,1.0,5.63364037558884E-8
775.0504380694126,2.424303303166243E-14,133.50802000499522,781.1457434925169,-10.598851401619118,-20.00066947937,781.1457434925169,-10.598851401619118,95.26565995415416,1.0,3.433572686962318E-8
775.0504380694126,2.424303303166243E-14,133.50802000499522,781.0757521766637,-10.663059389173554,-20.00066947937,781.0757521766637,-10.663059389173554,95.00271087941522,1.0,5.635859271940923E-7
775.0504380694126,2.424303303166243E-14,133.50802000499522,781.2254347799,-11.730834410523595,-20.00066947937,781.2254347799,-11.730834410523595,95.55108212060128,1.0,3.0976398510522704E-6
775.0504380694126,2.424303303166243E-14,133.50802000499522,781.2829575100519,-14.552469139017196,-20.00066947937,781.2829575100519,-14.552469139017196,97.89386129752157,0.8592766796022323,5.2960683016711834E-5
775.0504380694126,2.424303303166243E-14,133.50802000499522,781.2997258612324,-14.968018540807527,-20.00066947937,781.2997258612324,-14.968018540807527,98.50742107408456,0.8238531798544929,3.2917521864351877E-6
775.0504380694126,2.424303303166243E-14,133.50802000499522,781.2989726128162,-15.309093129350348,-20.00066947937,781.2989726128162,-15.309093129350348,98.72793135985339,0.8122521994028965,4.938841728481442E-7
775.0504380694126,2.424303303166243E-14,133.50802000499522,781.2447710809631,-15.361978967977855,-20.00066947937,781.2447710809631,-15.361978967977855,98.64766998920726,0.8171563457515969,5.867780189478063E-8
775.0504380694126,2.424303303166243E-14,133.50802000499522,781.2538324498228,-15.351450131117037,-20.00066947937,781.2538324498228,-15.351450131117037,98.66574392114435,0.8160504714365252,2.8945480436630056E-9
775.0504380694126,2.424303303166243E-14,133.50802000499522,781.0487516317797,-15.27090987287284,-20.00066947937,781.0487516317797,-15.27090987287284,98.52484080692852,0.8237162377587238,1.8767297731579568E-7
775.0504380694126,2.424303303166243E-14,133.50802000499522,781.0028562697017,-15.270376355139138,-20.00066947937,781.0028562697017,-15.270376355139138,98.20943958781487,0.8426647302701754,7.699325079165504E-7
775.0504380694126,2.424303303166243E-14,133.50802000499522,781.0025499029686,-15.26435875649236,-20.00066947937,781.0025499029686,-15.26435875649236,98.17775888715954,0.8445658163696015,7.948474768777681E-9
775.0504380694126,2.424303303166243E-14,133.50802000499522,780.9960941163773,-15.263066946997478,-20.00066947937,780.9960941163773,-15.263066946997478,98.1608651571031,0.845578395469898,2.2737032050977486E-9
775.0504380694126,2.424303303166243E-14,133.50802000499522,780.7791226761982,-15.255664990251699,-20.00066947937,780.7791226761982,-15.255664990251699,98.02596542541892,0.8534177730309677,1.574254084595803E-7
775.0504380694126,2.424303303166243E-14,133.50802000499522,780.7304519534193,-15.277737463807423,-20.00066947937,780.7304519534193,-15.277737463807423,97.74974511606393,0.870527137578501,6.00604527793412E-7
775.0504380694126,2.424303303166243E-14,133.50802000499522,780.7183230075258,-15.278151551943694,-20.00066947937,780.7183230075258,-15.278151551943694,97.73919709880963,0.8711655051045961,9.28496621669939E-10
775.0504380694126,2.424303303166243E-14,133.50802000499522,780.5215530319728,-15.273152024619678,-20.00066947937,780.5215530319728,-15.273152024619678,97.61661986055373,0.8784713174250902,1.2898105003916575E-7
775.0504380694126,2.424303303166243E-14,133.50802000499522,780.4213501076769,-15.285275190850825,-20.00066947937,780.4213501076769,-15.285275190850825,97.40462146836583,0.8917369836417539,3.58940317800439E-7
775.0504380694126,2.424303303166243E-14,133.50802000499522,780.409893884633,-15.287329343527372,-20.00066947937,780.409893884633,-15.287329343527372,97.36861378400258,0.8940144276810844,1.0223742997394985E-8
775.0504380694126,2.424303303166243E-14,133.50802000499522,780.405607205045,-15.287973275850408,-20.00066947937,780.405607205045,-15.287973275850408,97.36071472238086,0.8945125655664079,5.018063236335296E-10
775.0504380694126,2.424303303166243E-14,133.50802000499522,780.1894504410667,-15.281514558832459,-20.00066947937,780.1894504410667,-15.281514558832459,97.23348105410392,0.9022429318729472,1.391425105478881E-7
775.0504380694126,2.424303303166243E-14,133.50802000499522,779.8407652977693,-15.515282713959202,-20.00066947937,779.8407652977693,-15.515282713959202,96.92319716162618,0.9228621437536494,9.075773126448878E-7
775.0504380694126,2.424303303166243E-14,133.50802000499522,780.5197826360902,-15.737831143576038,-20.00066947937,780.5197826360902,-15.737831143576038,97.13875633122137,0.9111150633070314,5.203055687834597E-7
775.0504380694126,2.424303303166243E-14,133.50802000499522,783.5705323173952,-16.531284320809295,-20.00066947937,783.5705323173952,-16.531284320809295,100.26889309656374,0.7346450060243879,8.910434979569923E-5
775.0504380694126,2.424303303166243E-14,133.50802000499522,783.228828492754,-16.79151242183867,-20.00066947937,783.228828492754,-16.79151242183867,102.05735557745243,0.6413341862860953,2.6094108806058128E-5
775.0504380694126,2.424303303166243E-14,133.50802000499522,782.4082124763598,-16.417275378410736,-20.00066947937,782.4082124763598,-16.417275378410736,102.3842189050857,0.6220259746177492,1.2428075335600752E-6
775.0504380694126,2.424303303166243E-14,133.50802000499522,782.1406099367305,-16.175407036218527,-20.00066947937,782.1406099367305,-16.175407036218527,102.41416206528606,0.6190981415115488,3.449508548917375E-8
775.0504380694126,2.424303303166243E-14,133.50802000499522,781.9685307961661,-16.226145062445454,-20.00066947937,781.9685307961661,-16.226145062445454,102.32927064933858,0.6231443965803836,7.287958224336599E-8
775.0504380694126,2.424303303166243E-14,133.50802000499522,781.7838928658645,-16.449767009017023,-20.00066947937,781.7838928658645,-16.449767009017023,102.10971147672345,0.6345539232803662,4.81199035205614E-7
775.0504380694126,2.424303303166243E-14,133.50802000499522,781.716449750162,-16.460856482595993,-20.00066947937,781.716449750162,-16.460856482595993,102.05682173880811,0.637109220158518,2.4671958994349206E-8
775.0504380694126,2.424303303166243E-14,133.50802000499522,781.6708099260219,-16.316091398951386,-20.00066947937,781.6708099260219,-16.316091398951386,102.03623413850241,0.6374526316551639,1.089553573109652E-8
775.0504380694126,2.424303303166243E-14,133.50802000499522,783.7967539596394,-16.571698484277753,-20.00066947937,783.7967539596394,-16.571698484277753,104.8362349737084,0.5132341145553625,6.775563195033419E-5
775.0504380694126,2.424303303166243E-14,133.50802000499522,783.3535110719736,-17.507955231648236,-20.00066947937,783.3535110719736,-17.507955231648236,107.34076231903825,0.41623701199878005,5.419270164626214E-5
775.0504380694126,2.424303303166243E-14,133.50802000499522,783.3678117840406,-17.62588858302363,-20.00066947937,783.3678117840406,-17.62588858302363,107.76530686211083,0.4011759029628125,1.462042960255146E-6
775.0504380694126,2.424303303166243E-14,133.50802000499522,783.4363364979591,-17.657803249071502,-20.00066947937,783.4363364979591,-17.657803249071502,108.04224483999675,0.39149786828744365,6.124617144324098E-7
775.0504380694126,2.424303303166243E-14,133.50802000499522,783.5791981053666,-17.19778937154446,-20.00066947937,783.5791981053666,-17.19778937154446,108.17334294859,0.3855907189952441,2.7308500590604177E-7
775.0504380694126,2.424303303166243E-14,133.50802000499522,783.4645924854285,-17.387458655829853,-20.00066947937,783.4645924854285,-17.387458655829853,108.16608083690306,0.3862796801717402,9.18875307382235E-9
775.0504380694126,2.424303303166243E-14,133.50802000499522,786.5817545111407,-18.112948671235678,-20.00066947937,786.5817545111407,-18.112948671235678,111.17451140118206,0.2969697494699194,8.521688986791021E-5
775.0504380694126,2.424303303166243E-14,133.50802000499522,786.1037858893872,-18.735868777109665,-20.00066947937,786.1037858893872,-18.735868777109665,115.33988324589856,0.19072070569774568,1.4473226972994902E-4
775.0504380694126,2.424303303166243E-14,133.50802000499522,785.8680861171977,-19.121810163811137,-20.00066947937,785.8680861171977,-19.121810163811137,115.99422090015369,0.17711702437792715,3.9007591850120334E-6
775.0504380694126,2.424303303166243E-14,133.50802000499522,786.2462768919335,-19.109450320752337,-20.00066947937,786.2462768919335,-19.109450320752337,116.26192683730855,0.1719673107924842,6.596433938539487E-7
775.0504380694126,2.424303303166243E-14,133.50802000499522,786.357397702374,-18.928296864648726,-20.00066947937,786.357397702374,-18.928296864648726,116.26067794939641,0.17173490438100766,7.48738252445335E-9
775.0504380694126,2.424303303166243E-14,133.50802000499522,790.4105508913026,-19.717960491330707,-20.00066947937,790.4105508913026,-19.717960491330707,118.52574164789925,0.13560312003366407,5.680655726711032E-5
775.0504380694126,2.424303303166243E-14,133.50802000499522,792.5391446048491,-22.049212974000316,-20.00066947937,792.5391446048491,-22.049212974000316,125.19257096345103,0.050479765648040915,4.188645273072143E-4
775.0504380694126,2.424303303166243E-14,133.50802000499522,793.5523530765023,-23.41693892021534,-20.00066947937,793.5523530765023,-23.41693892021534,128.42963918919173,0.025834957563979247,9.618679326465361E-5
775.0504380694126,2.424303303166243E-14,133.50802000499522,794.0756817510661,-23.908256180877572,-20.00066947937,794.0756817510661,-23.908256180877572,130.0278016851131,0.0168491166512297,2.2292545655696404E-5
775.0504380694126,2.424303303166243E-14,133.50802000499522,793.5468980940269,-24.185863412773603,-20.00066947937,793.5468980940269,-24.185863412773603,130.7205685840623,0.013226339796610342,4.658662190518105E-6
775.0504380694126,2.424303303166243E-14,133.50802000499522,793.4548886050508,-24.369335846659734,-20.00066947937,793.4548886050508,-24.369335846659734,130.74224547320262,0.013203944963763342,2.7483865586347543E-8
775.0504380694126,2.424303303166243E-14,133.50802000499522,801.3897163280814,-26.920250338883672,-20.00066947937,801.3897163280814,-26.920250338883672,134.55769344441958,0.0046229869872690815,2.1978245981417327E-4
775.0504380694126,2.424303303166243E-14,133.50802000499522,808.7517727514117,-32.89568925216366,-20.00066947937,808.7517727514117,-32.89568925216366,147.2683064185209,0.014434059797695286,0.0018995732173829492
775.0504380694126,2.424303303166243E-14,133.50802000499522,812.7266131765232,-36.94074467255568,-20.00066947937,812.7266131765232,-36.94074467255568,157.47283949640558,0.06558151705563088,0.0010637561004172831
775.0504380694126,2.424303303166243E-14,133.50802000499522,815.0159446483797,-40.0273589234947,-20.00066947937,815.0159446483797,-40.0273589234947,163.66406366327058,0.1074332180046475,3.7986860194884017E-4
775.0504380694126,2.424303303166243E-14,133.50802000499522,815.1137362159175,-42.41998535025983,-20.00066947937,815.1137362159175,-42.41998535025983,166.63785119827995,0.12981009268510257,8.272108146887377E-5
775.0504380694126,2.424303303166243E-14,133.50802000499522,814.3505182852757,-45.418423762593484,-20.00066947937,814.3505182852757,-45.418423762593484,167.16559254774396,0.12806098951674746,1.5000041558662316E-5
775.0504380694126,2.424303303166243E-14,133.50802000499522,818.3249734859813,-49.81864963756786,-20.00066947937,818.3249734859813,-49.81864963756786,171.2618471713583,0.14374076873432193,2.600279554426365E-4
775.0504380694126,2.424303303166243E-14,133.50802000499522,824.5591883158145,-53.285545095794596,-20.00066947937,824.5591883158145,-53.285545095794596,180.589067678666,0.21110385192413253,9.334040021994719E-4
775.0504380694126,2.424303303166243E-14,133.50802000499522,828.8425672941743,-55.90767591963178,-20.00066947937,828.8425672941743,-55.90767591963178,189.20001881320647,0.28458111909995576,6.809119531567631E-4
775.0504380694126,2.424303303166243E-14,133.50802000499522,838.1040700655615,-61.74319600420997,-20.00066947937,838.1040700655615,-61.74319600420997,200.79721103290092,0.3530361418493805,0.0016507413546543285
775.0504380694126,2.424303303166243E-14,133.50802000499522,846.1857851492144,-69.0510338376728,-20.00066947937,846.1857851492144,-69.0510338376728,210.9842080227095,0.39265637740346043,0.0013492139335189563
775.0504380694126,2.424303303166243E-14,133.50802000499522,831.0732081697674,-74.48435697932555,-20.00066947937,831.0732081697674,-74.48435697932555,214.13719287377947,0.4885477319190962,5.294260359718907E-4
775.0504380694126,2.424303303166243E-14,133.50802000499522,791.0692784692112,-85.12029131154405,-20.00066947937,791.0692784692112,-85.12029131154405,212.81698368148474,0.5311530850212138,1.6512699268202296E-4
775.0504380694126,2.424303303166243E-14,133.50802000499522,761.9265007889418,-83.79054297871912,-20.00066947937,761.9265007889418,-83.79054297871912,198.09937777630316,0.34530446692727707,0.0012062551597521224
775.0504380694126,2.424303303166243E-14,133.50802000499522,774.3465248539155,-75.63304316430553,-20.00066947937,774.3465248539155,-75.63304316430553,178.63242899582167,0.17253429539631338,0.0034424658005438222
775.0504380694126,2.424303303166243E-14,133.50802000499522,801.9345564273324,-65.86101974062284,-20.00066947937,801.9345564273324,-65.86101974062284,169.13969476754997,0.10012994264220473,0.0016471000207923876
775.0504380694126,2.424303303166243E-14,133.50802000499522,819.3329695940046,-59.21932310157617,-20.00066947937,819.3329695940046,-59.21932310157617,171.96933416199894,0.11372985422042467,5.129766289662535E-4
775.0504380694126,2.424303303166243E-14,133.50802000499522,825.9118374302392,-54.39586094100447,-20.00066947937,825.9118374302392,-54.39586094100447,178.15997539831793,0.1738600531381684,5.694075189457724E-4
775.0504380694126,2.424303303166243E-14,133.50802000499522,829.0475965919853,-51.0119412891984,-20.00066947937,829.0475965919853,-51.0119412891984,182.25209451123095,0.2213130850899656,2.1735540797782928E-4
775.0504380694126,2.424303303166243E-14,133.50802000499522,825.0135632181726,-49.33304986744242,-20.00066947937,825.0135632181726,-49.33304986744242,181.7841293811157,0.24042136465768438,2.8189610243857786E-5
775.0504380694126,2.424303303166243E-14,133.50802000499522,824.9667306295872,-49.36675826785178,-20.00066947937,824.9667306295872,-49.36675826785178,182.32105670267907,0.24705609231836775,1.6994837351429245E-6
775.0504380694126,2.424303303166243E-14,133.50802000499522,823.5942700317034,-49.28415366537728,-20.00066947937,823.5942700317034,-49.28415366537728,182.1053417767668,0.25068411983305566,2.443464060109838E-6
775.0504380694126,2.424303303166243E-14,133.50802000499522,821.9236017660517,-49.48150949126652,-20.00066947937,821.9236017660517,-49.48150949126652,182.16624764080478,0.25766775581907336,2.149248662469734E-6
775.0504380694126,2.424303303166243E-14,133.50802000499522,819.991351508981,-49.66816050019606,-20.00066947937,819.991351508981,-49.66816050019606,182.73041688545683,0.2720202417578128,7.7686049016876E-6
775.0504380694126,2.424303303166243E-14,133.50802000499522,818.2872657034019,-49.44872854760616,-20.00066947937,818.2872657034019,-49.44872854760616,183.11581021120793,0.28500046616781677,4.848277273044899E-6
775.0504380694126,2.424303303166243E-14,133.50802000499522,817.3086508608143,-48.96838953155128,-20.00066947937,817.3086508608143,-48.96838953155128,183.53311839802333,0.2966947782338086,3.978889591596355E-6
775.0504380694126,2.424303303166243E-14,133.50802000499522,816.6096414750203,-48.36829310568626,-20.00066947937,816.6096414750203,-48.36829310568626,184.24389970837646,0.3118164863850448,6.792208000908402E-6
775.0504380694126,2.424303303166243E-14,133.50802000499522,816.2555189494269,-47.47617226997437,-20.00066947937,816.2555189494269,-47.47617226997437,184.88143438906795,0.3261151623774092,5.8623507941430715E-6
775.0504380694126,2.424303303166243E-14,133.50802000499522,825.7294357999779,-47.855427342489804,-20.00066947937,825.7294357999779,-47.855427342489804,189.73584807123342,0.34634463049895653,3.647568006362399E-4
775.0504380694126,2.424303303166243E-14,133.50802000499522,807.9681627370735,-44.749214059905455,-20.00066947937,807.9681627370735,-44.749214059905455,190.23726936704782,0.4495407988446215,1.1326347164728606E-4
775.0504380694126,2.424303303166243E-14,133.50802000499522,808.4654073637059,-46.95371240630085,-20.00066947937,808.4654073637059,-46.95371240630085,195.63311148999503,0.5166339243151769,2.4536960903374233E-4
775.0504380694126,2.424303303166243E-14,133.50802000499522,841.2764438810387,-53.77035071969697,-20.00066947937,841.2764438810387,-53.77035071969697,206.71761091216672,0.4571914270741711,0.003758079141845545
775.0504380694126,2.424303303166243E-14,133.50802000499522,847.9020594530808,-61.84705029546,-20.00066947937,847.9020594530808,-61.84705029546,206.67783497413777,0.36828586266981606,1.6356751248798826E-4
775.0504380694126,2.424303303166243E-14,133.50802000499522,828.31044147544,-69.84773254335215,-20.00066947937,828.31044147544,-69.84773254335215,205.50202789715266,0.41873026489600196,5.330875920487562E-4
775.0504380694126,2.424303303166243E-14,133.50802000499522,810.2879733482824,-70.97237966029743,-20.00066947937,810.2879733482824,-70.97237966029743,208.33858121060607,0.5333501881518925,2.207799636894199E-4
775.0504380694126,2.424303303166243E-14,133.50802000499522,798.8211938393391,-59.373950188336515,-20.00066947937,798.8211938393391,-59.373950188336515,194.93640234786665,0.4608708682712066,0.0026257516147338137
775.0504380694126,2.424303303166243E-14,133.50802000499522,788.6373428319762,-43.44573626785481,-20.00066947937,788.6373428319762,-43.44573626785481,171.70274932193848,0.24435313565957925,0.007504500922949999
775.0504380694126,2.424303303166243E-14,133.50802000499522,782.9629540869163,-32.67201640965686,-20.00066947937,782.9629540869163,-32.67201640965686,152.87496553924603,0.07450595141907296,0.004217181304021535
775.0504380694126,2.424303303166243E-14,133.50802000499522,782.6185036493298,-27.10998304072771,-20.00066947937,782.6185036493298,-27.10998304072771,140.66777353361718,0.007379495427870784,0.0015039051550578876
775.0504380694126,2.424303303166243E-14,133.50802000499522,783.7284118817641,-24.283311659944566,-20.00066947937,783.7284118817641,-24.283311659944566,133.11352307522185,0.0024872457769712316,5.30993549539728E-4
775.0504380694126,2.424303303166243E-14,133.50802000499522,784.9815651088604,-23.1305878220504,-20.00066947937,784.9815651088604,-23.1305878220504,128.7195434047271,0.019030362665973157,1.6929871427794201E-4
775.0504380694126,2.424303303166243E-14,133.50802000499522,786.0907865560846,-22.639878452517696,-20.00066947937,786.0907865560846,-22.639878452517696,126.00387541569091,0.038560812855495265,6.293552174047844E-5
775.0504380694126,2.424303303166243E-14,133.50802000499522,786.8475560764603,-22.367337647543042,-20.00066947937,786.8475560764603,-22.367337647543042,124.4276844512874,0.05363250289616865,2.1117450046241554E-5
775.0504380694126,2.424303303166243E-14,133.50802000499522,786.5298070632348,-21.875335192132056,-20.00066947937,786.5298070632348,-21.875335192132056,123.99392057586644,0.05729719727921455,2.068962358709443E-6
775.0504380694126,2.424303303166243E-14,133.50802000499522,803.715757672527,-35.999436824329024,-20.00066947937,803.715757672527,-35.999436824329024,135.24391868612622,0.009385338605271522,0.0022189162425211477
775.0504380694126,2.424303303166243E-14,133.50802000499522,812.8669593414979,-48.67168833601637,-20.00066947937,812.8669593414979,-48.67168833601637,155.10558211886172,0.027536344067485362,0.005327453920930727
775.0504380694126,2.424303303166243E-14,133.50802000499522,820.0062790037696,-56.58357734198632,-20.00066947937,820.0062790037696,-56.58357734198632,178.85358206959796,0.19386208197938026,0.006023002681301341
775.0504380694126,2.424303303166243E-14,133.50802000499522,820.8837818828216,-64.23897434045423,-20.00066947937,820.8837818828216,-64.23897434045423,199.69422000250952,0.4134948209587889,0.003730270031930358
775.0504380694126,2.424303303166243E-14,133.50802000499522,814.8592899166365,-67.14526067749681,-20.00066947937,814.8592899166365,-67.14526067749681,213.50950768305188,0.6201227153094309,0.0016215566499942484
775.0504380694126,2.424303303166243E-14,133.50802000499522,807.4769467982998,-66.37206618630947,-20.00066947937,807.4769467982998,-66.37206618630947,221.0293918773228,0.7737538932785902,4.891537691201575E-4
775.0504380694126,2.424303303166243E-14,133.50802000499522,801.3058190249104,-64.85120944663903,-20.00066947937,801.3058190249104,-64.85120944663903,223.37692027688118,0.847331263524156,8.649675754042115E-5
775.0504380694126,2.424303303166243E-14,133.50802000499522,790.7238902182133,-62.84910343422408,-20.00066947937,790.7238902182133,-62.84910343422408,216.14183690282547,0.7802009754915362,4.806886113820602E-4
775.0504380694126,2.424303303166243E-14,133.50802000499522,770.6377589770584,-63.67614915437805,-20.00066947937,770.6377589770584,-63.67614915437805,196.5334022794701,0.4853466011243301,0.002543940663236985
775.0504380694126,2.424303303166243E-14,133.50802000499522,751.1937187416952,-75.11345995281009,-20.00066947937,751.1937187416952,-75.11345995281009,173.37059154078602,0.10427004303948956,0.006557161958848669
775.0504380694126,2.424303303166243E-14,133.50802000499522,746.623617618476,-91.04726285356826,-20.00066947937,746.623617618476,-91.04726285356826,160.60121010506936,4.388253751431983E-6,0.002663619788210494
775.0504380694126,2.424303303166243E-14,133.50802000499522,752.5129897599487,-99.04083434794339,-20.00066947937,752.5129897599487,-99.04083434794339,156.1503556703033,0.018191252834037195,4.427003768477745E-4
775.0504380694126,2.424303303166243E-14,133.50802000499522,767.4562941006501,-101.62795958631764,-20.00066947937,767.4562941006501,-101.62795958631764,158.4546651510944,0.00951405213242886,6.315946077193959E-5
775.0504380694126,2.424303303166243E-14,133.50802000499522,787.7759278177172,-99.49112117507201,-20.00066947937,787.7759278177172,-99.49112117507201,164.2700555754011,2.140204712292921E-4,2.3373473301667121E-4
775.0504380694126,2.424303303166243E-14,133.50802000499522,817.5366310128289,-95.93435396080595,-20.00066947937,817.5366310128289,-95.93435396080595,177.837462840676,0.03255643333821331,0.002052165479814789
775.0504380694126,2.424303303166243E-14,133.50802000499522,844.5341164390495,-91.51777958723707,-20.00066947937,844.5341164390495,-91.51777958723707,196.50859729347505,0.11768846942685154,0.004399814437832438
775.0504380694126,2.424303303166243E-14,133.50802000499522,859.3274967569139,-83.50001821179947,-20.00066947937,859.3274967569139,-83.50001821179947,214.7284682939913,0.2708385092780384,0.00373736694871816
775.0504380694126,2.424303303166243E-14,133.50802000499522,860.8352944191613,-71.60646913938413,-20.00066947937,860.8352944191613,-71.60646913938413,228.43400943860044,0.5001004356180982,0.0015665777826313072
775.0504380694126,2.424303303166243E-14,133.50802000499522,831.4479192371143,-53.14734181380089,-20.00066947937,831.4479192371143,-53.14734181380089,236.4303868380351,0.9766014325132047,0.0031640980003221826
775.0504380694126,2.424303303166243E-14,133.50802000499522,795.2562418304967,-45.32698538664875,-20.00066947937,795.2562418304967,-45.32698538664875,234.8681437908557,1.2122229358074161,1.193165752519084E-4
775.0504380694126,2.424303303166243E-14,133.50802000499522,754.6319586188536,-41.62151867576045,-20.00066947937,754.6319586188536,-41.62151867576045,220.8229251878728,1.0048052547923505,0.0017946709594715293
775.0504380694126,2.424303303166243E-14,133.50802000499522,733.1581112227634,-40.05353089350045,-20.00066947937,733.1581112227634,-40.05353089350045,205.75851380427585,0.6716551233907577,0.0031306525121615656
775.0504380694126,2.424303303166243E-14,133.50802000499522,731.5042325627913,-35.66184921081438,-20.00066947937,731.5042325627913,-35.66184921081438,181.12574039145588,0.31494878779509416,0.005666356358246543
775.0504380694126,2.424303303166243E-14,133.50802000499522,755.5375084627275,-26.71399641430901,-20.00066947937,755.5375084627275,-26.71399641430901,162.711123721885,0.17777239002429146,0.004234625991325882
775.0504380694126,2.424303303166243E-14,133.50802000499522,785.5663883511723,-19.550495690162663,-20.00066947937,785.5663883511723,-19.550495690162663,151.13755361238296,0.07898807594531115,0.001134297617333537
775.0504380694126,2.424303303166243E-14,133.50802000499522,819.8272450941726,-18.509556876691008,-20.00066947937,819.8272450941726,-18.509556876691008,144.61021309425755,0.004394316959071724,0.0013210785589111876
775.0504380694126,2.424303303166243E-14,133.50802000499522,849.8212441585987,-25.502696183341452,-20.00066947937,849.8212441585987,-25.502696183341452,142.3148104927556,0.03644228768392991,0.0013990127195771481
775.0504380694126,2.424303303166243E-14,133.50802000499522,870.0266063254456,-37.82151515194507,-20.00066947937,870.0266063254456,-37.82151515194507,143.36652779978445,0.14965982598245184,0.0010086102566611666
775.0504380694126,2.424303303166243E-14,133.50802000499522,887.0425766547082,-51.930050037740166,-20.00066947937,887.0425766547082,-51.930050037740166,150.0851832731419,0.22513781600389385,0.0018818608673858144
775.0504380694126,2.424303303166243E-14,133.50802000499522,892.2903455773833,-64.62602420836788,-20.00066947937,892.2903455773833,-64.62602420836788,162.5249390850946,0.12092226108704351,0.001376448463183187
775.0504380694126,2.424303303166243E-14,133.50802000499522,886.1433023293399,-75.03166561057836,-20.00066947937,886.1433023293399,-75.03166561057836,173.91888472912308,0.02338578491831809,0.0012779114498341019
775.0504380694126,2.424303303166243E-14,133.50802000499522,858.6677898354982,-93.84982371257887,-20.00066947937,858.6677898354982,-93.84982371257887,180.583475978861,0.0010621772237294064,0.0035469548045605837
775.0504380694126,2.424303303166243E-14,133.50802000499522,821.417752489095,-114.70999834471066,-20.00066947937,821.417752489095,-114.70999834471066,183.29674241133594,0.00819467227644843,0.0021662016010200544
775.0504380694126,2.424303303166243E-14,133.50802000499522,780.8488783645613,-127.21766583583731,-20.00066947937,780.8488783645613,-127.21766583583731,183.41037763356672,0.0034017205848679054,1.1091668880194702E-4
775.0504380694126,2.424303303166243E-14,133.50802000499522,750.1949682941264,-130.77639119784095,-20.00066947937,750.1949682941264,-130.77639119784095,183.56002607910804,3.0243586637355743E-5,6.837949541908089E-5
775.0504380694126,2.424303303166243E-14,133.50802000499522,723.5693005627921,-127.93546199178634,-20.00066947937,723.5693005627921,-127.93546199178634,181.41316888749532,0.005418249752732945,3.3273035059938345E-4
775.0504380694126,2.424303303166243E-14,133.50802000499522,714.0736669359508,-111.67871059796146,-20.00066947937,714.0736669359508,-111.67871059796146,174.28475379913866,0.006205678553346394,0.0016423954640330605
775.0504380694126,2.424303303166243E-14,133.50802000499522,729.1730477159957,-85.57897524537383,-20.00066947937,729.1730477159957,-85.57897524537383,171.69374444944683,0.02475483531974847,0.0018412373497938327
775.0504380694126,2.424303303166243E-14,133.50802000499522,753.2963318233867,-36.80085975532455,-20.00066947937,753.2963318233867,-36.80085975532455,169.00078912984745,0.22151374317538702,5.187229884762655E-4
775.0504380694126,2.424303303166243E-14,133.50802000499522,772.2962783689158,-1.9303872626229932,-20.00066947937,772.2962783689158,-1.9303872626229932,161.55147393279344,0.2141711488862733,6.994698840025517E-5
775.0504380694126,2.424303303166243E-14,133.50802000499522,795.3652365640588,11.346650626235807,-20.00066947937,795.3652365640588,11.346650626235807,149.34665015120478,0.06225955870285356,0.0017810106144923205
775.0504380694126,2.424303303166243E-14,133.50802000499522,815.5912439958034,8.508477090016862,-20.00066947937,815.5912439958034,8.508477090016862,132.24494066903375,0.017712186292119583,0.004240121728575368
775.0504380694126,2.424303303166243E-14,133.50802000499522,824.4806933014183,-2.6025080101172406,-20.00066947937,824.4806933014183,-2.6025080101172406,110.35715964661335,0.506803123207578,0.005239901837884867
775.0504380694126,2.424303303166243E-14,133.50802000499522,829.0548964759619,-13.069230164076535,-20.00066947937,829.0548964759619,-13.069230164076535,89.01004623946488,1.0,0.004515601449281351
775.0504380694126,2.424303303166243E-14,133.50802000499522,829.5992138084056,-20.619285981835166,-20.00066947937,829.5992138084056,-20.619285981835166,65.1559302549887,1.0,0.004948499614087585
775.0504380694126,2.424303303166243E-14,133.50802000499522,824.8669962745392,-23.67089591271497,-20.00066947937,824.8669962745392,-23.67089591271497,47.26207982758052,1.0,0.003088546851089934
775.0504380694126,2.424303303166243E-14,133.50802000499522,822.4434505545499,-26.704385289070636,-20.00066947937,822.4434505545499,-26.704385289070636,31.066959440009185,1.0,0.0023175038843623232
775.0504380694126,2.424303303166243E-14,133.50802000499522,822.7606670833115,-29.72443232571658,-20.00066947937,822.7606670833115,-29.72443232571658,20.731726878708628,1.0,8.334858446745801E-4
775.0504380694126,2.424303303166243E-14,133.50802000499522,824.7499071267047,-31.83285613869016,-20.00066947937,824.7499071267047,-31.83285613869016,16.565868897496244,1.0,1.726303566921457E-4
775.0504380694126,2.424303303166243E-14,133.50802000499522,825.4312742478777,-31.951343063017646,-20.00066947937,825.4312742478777,-31.951343063017646,15.064924396401977,1.0,1.8357692023657342E-5
775.0504380694126,2.424303303166243E-14,133.50802000499522,826.6606547614249,-32.05616079877784,-20.00066947937,826.6606547614249,-32.05616079877784,14.709510018697472,1.0,3.6407538938738135E-6
775.0504380694126,2.424303303166243E-14,133.50802000499522,827.2035423322901,-32.54123367457121,-20.00066947937,827.2035423322901,-32.54123367457121,15.353138077746536,1.0,5.062228211815355E-6
775.0504380694126,2.424303303166243E-14,133.50802000499522,827.1952789835852,-33.00027766701528,-20.00066947937,827.1952789835852,-33.00027766701528,16.288079680273142,1.0,6.2714557045391935E-6
775.0504380694126,2.424303303166243E-14,133.50802000499522,827.1981474204564,-34.50425281068088,-20.00066947937,827.1981474204564,-34.50425281068088,18.139214370754786,1.0,2.8054369458068213E-5
775.0504380694126,2.424303303166243E-14,133.50802000499522,826.9949651457464,-37.19696731958126,-20.00066947937,826.9949651457464,-37.19696731958126,21.442406742849954,1.0,9.524001389882342E-5
775.0504380694126,2.424303303166243E-14,133.50802000499522,826.5366888740131,-41.18583033833417,-20.00066947937,826.5366888740131,-41.18583033833417,26.613517104690743,1.0,2.4184807634970373E-4
775.0504380694126,2.424303303166243E-14,133.50802000499522,825.8772430447797,-46.49905672203151,-20.00066947937,825.8772430447797,-46.49905672203151,33.811312779824675,1.0,4.8145044954862784E-4
775.0504380694126,2.424303303166243E-14,133.50802000499522,825.0741157544153,-52.98526851005379,-20.00066947937,825.0741157544153,-52.98526851005379,42.745591206386194,1.0,7.616576885391815E-4
775.0504380694126,2.424303303166243E-14,133.50802000499522,823.7832607769119,-59.75387310548594,-20.00066947937,823.7832607769119,-59.75387310548594,52.23134318983898,1.0,8.865468564021511E-4
775.0504380694126,2.424303303166243E-14,133.50802000499522,822.1094158063443,-66.73501018620222,-20.00066947937,822.1094158063443,-66.73501018620222,62.06322116684356,1.0,9.710782789322843E-4
775.0504380694126,2.424303303166243E-14,133.50802000499522,820.3816437196398,-73.42645059579655,-20.00066947937,820.3816437196398,-73.42645059579655,71.76090321955073,1.0,9.256230278531077E-4
775.0504380694126,2.424303303166243E-14,133.50802000499522,818.3014021700516,-79.97720506633377,-20.00066947937,818.3014021700516,-79.97720506633377,81.53766456214768,1.0,9.289175610203673E-4
775.0504380694126,2.424303303166243E-14,133.50802000499522,816.1846897051198,-86.1443791273117,-20.00066947937,816.1846897051198,-86.1443791273117,91.20423968597495,1.0,8.679475552174786E-4
775.0504380694126,2.424303303166243E-14,133.50802000499522,813.8711841451565,-92.09614995818364,-20.00066947937,813.8711841451565,-92.09614995818364,100.90350565157146,1.0,8.412386202303801E-4
775.0504380694126,2.424303303166243E-14,133.50802000499522,811.161710694645,-98.23494777377957,-20.00066947937,811.161710694645,-98.23494777377957,111.09465765673085,1.0,9.059318235365131E-4
775.0504380694126,2.424303303166243E-14,133.50802000499522,808.372158947311,-103.79728222126842,-20.00066947937,808.372158947311,-103.79728222126842,120.685337766553,1.0,7.595845201569257E-4
775.0504380694126,2.424303303166243E-14,133.50802000499522,805.4286112720386,-109.0246728247502,-20.00066947937,805.4286112720386,-109.0246728247502,130.22390871262087,0.6539929308075375,7.049539440408863E-4
775.0504380694126,2.424303303166243E-14,133.50802000499522,803.6502806931243,-109.78159288619234,-20.00066947937,803.6502806931243,-109.78159288619234,132.85423555573064,0.5569368632522583,4.100130874471408E-5
775.0504380694126,2.424303303166243E-14,133.50802000499522,803.7948984524751,-110.20415039455915,-20.00066947937,803.7948984524751,-110.20415039455915,133.57174350328864,0.5386919446927549,3.592186695525431E-6
775.0504380694126,2.424303303166243E-14,133.50802000499522,803.7022218233245,-110.27405681223297,-20.00066947937,803.7022218233245,-110.27405681223297,133.40718327447533,0.5453498501956722,1.7484894970271315E-7
775.0504380694126,2.424303303166243E-14,133.50802000499522,803.7014329248108,-110.26867143194616,-20.00066947937,803.7014329248108,-110.26867143194616,133.41671495440775,0.5449137554807445,5.94860536622705E-10
775.0504380694126,2.424303303166243E-14,133.50802000499522,803.6590497844263,-110.46263704228268,-20.00066947937,803.6590497844263,-110.46263704228268,133.33334527876602,0.5509816812422774,1.7259402073797937E-7
775.0504380694126,2.424303303166243E-14,133.50802000499522,803.7709921762419,-111.56682118555662,-20.00066947937,803.7709921762419,-111.56682118555662,132.2176059927406,0.6125422882281029,1.218775884756105E-5
775.0504380694126,2.424303303166243E-14,133.50802000499522,804.2325938702111,-112.04552056790236,-20.00066947937,804.2325938702111,-112.04552056790236,131.98021133239953,0.6327121424703855,1.4460288106196327E-6
775.0504380694126,2.424303303166243E-14,133.50802000499522,803.9584125895428,-113.78494759217556,-20.00066947937,803.9584125895428,-113.78494759217556,131.09394253010296,0.7007441953702248,1.564297789074846E-5
775.0504380694126,2.424303303166243E-14,133.50802000499522,804.3868933655878,-114.40548603983493,-20.00066947937,804.3868933655878,-114.40548603983493,130.99368024280977,0.7194513567083564,1.2806078121694102E-6
775.0504380694126,2.424303303166243E-14,133.50802000499522,805.686685248975,-115.00011972441835,-20.00066947937,805.686685248975,-115.00011972441835,131.23458905870467,0.7276711408708278,2.7116840045063815E-6
775.0504380694126,2.424303303166243E-14,133.50802000499522,807.3262316803483,-115.22338527969177,-20.00066947937,807.3262316803483,-115.22338527969177,131.47328238904618,0.7307444896211466,1.6750694764613107E-6
775.0504380694126,2.424303303166243E-14,133.50802000499522,806.4996234217172,-114.6449028320357,-20.00066947937,806.4996234217172,-114.6449028320357,130.78209072772154,0.744779552890667,5.130736661936418E-6
775.0504380694126,2.424303303166243E-14,133.50802000499522,804.8435849097951,-113.51026418575644,-20.00066947937,804.8435849097951,-113.51026418575644,130.1770527523017,0.73958317798706,9.729840595798322E-6
775.0504380694126,2.424303303166243E-14,133.50802000499522,803.9736255960078,-112.91168427588853,-20.00066947937,803.9736255960078,-112.91168427588853,129.65365750158605,0.7461468922048475,4.011090480668843E-6
775.0504380694126,2.424303303166243E-14,133.50802000499522,803.9933883400128,-112.57432470473127,-20.00066947937,803.9933883400128,-112.57432470473127,130.19010448541238,0.7159071960391006,1.965743280402872E-6
775.0504380694126,2.424303303166243E-14,133.50802000499522,804.3817707202952,-112.35194171313829,-20.00066947937,804.3817707202952,-112.35194171313829,130.60788007440598,0.6956016146579396,1.357809118084181E-6
775.0504380694126,2.424303303166243E-14,133.50802000499522,804.4010283857293,-113.2465332496086,-20.00066947937,804.4010283857293,-113.2465332496086,132.14429830099894,0.6491379034254835,1.5370296543091047E-5
775.0504380694126,2.424303303166243E-14,133.50802000499522,803.0785446509751,-114.2268233706615,-20.00066947937,803.0785446509751,-114.2268233706615,135.0227400858587,0.5511508793846753,4.720168698467626E-5
775.0504380694126,2.424303303166243E-14,133.50802000499522,801.4207615424658,-114.72252445055133,-20.00066947937,801.4207615424658,-114.72252445055133,138.4857214395745,0.4379307714476882,5.385420241831299E-5
775.0504380694126,2.424303303166243E-14,133.50802000499522,800.5030344156371,-114.8165098822914,-20.00066947937,800.5030344156371,-114.8165098822914,140.2832397058551,0.38370697999246983,1.2777427750254611E-5
775.0504380694126,2.424303303166243E-14,133.50802000499522,799.9627852079717,-114.70375695286043,-20.00066947937,799.9627852079717,-114.70375695286043,140.7648649579612,0.3672787451062318,1.3293466508572329E-6
775.0504380694126,2.424303303166243E-14,133.50802000499522,799.9075405789214,-114.46006428710427,-20.00066947937,799.9075405789214,-114.46006428710427,140.640453216611,0.3672306322129856,3.0977721450460407E-7
775.0504380694126,2.424303303166243E-14,133.50802000499522,799.9636421358342,-116.72672474803272,-20.00066947937,799.9636421358342,-116.72672474803272,144.4235351752547,0.30011897106331475,9.631579039946592E-5
775.0504380694126,2.424303303166243E-14,133.50802000499522,798.1225035452608,-117.71706557311188,-20.00066947937,798.1225035452608,-117.71706557311188,149.52055756396072,0.20043241875027992,1.1791646091800193E-4
775.0504380694126,2.424303303166243E-14,133.50802000499522,796.6812743837755,-117.37396579895632,-20.00066947937,796.6812743837755,-117.37396579895632,150.3145067769323,0.18067568394658698,4.804978571880873E-6
775.0504380694126,2.424303303166243E-14,133.50802000499522,796.1877070849029,-117.19074460485703,-20.00066947937,796.1877070849029,-117.19074460485703,150.37910340428078,0.17712165936057528,2.2470552822824722E-7
775.0504380694126,2.424303303166243E-14,133.50802000499522,796.1051777848267,-117.01679992627729,-20.00066947937,796.1051777848267,-117.01679992627729,150.33306476556862,0.17621343194878109,1.0998125397331258E-7
775.0504380694126,2.424303303166243E-14,133.50802000499522,796.4448580649259,-118.94469134404602,-20.00066947937,796.4448580649259,-118.94469134404602,153.43418398312497,0.14399797650038515,6.646538995657621E-5
775.0504380694126,2.424303303166243E-14,133.50802000499522,795.7535775041449,-121.79036353661084,-20.00066947937,795.7535775041449,-121.79036353661084,160.73936353533273,0.07323739127783198,2.882538532861506E-4
775.0504380694126,2.424303303166243E-14,133.50802000499522,793.5893058715541,-121.22067448376036,-20.00066947937,793.5893058715541,-121.22067448376036,163.5396496797492,0.04470944299411523,3.6463050187556896E-5
775.0504380694126,2.424303303166243E-14,133.50802000499522,791.8182010251095,-120.54854920239399,-20.00066947937,791.8182010251095,-120.54854920239399,163.70603474453608,0.03966945159335243,2.2783050310456576E-6
775.0504380694126,2.424303303166243E-14,133.50802000499522,790.5558149461316,-121.26898990409407,-20.00066947937,790.5558149461316,-121.26898990409407,164.11050637378253,0.039081262872165005,3.5369734289266857E-6
775.0504380694126,2.424303303166243E-14,133.50802000499522,790.1341166752185,-122.56544647721583,-20.00066947937,790.1341166752185,-122.56544647721583,165.35774217886805,0.035589801839183206,1.5796723025164397E-5
775.0504380694126,2.424303303166243E-14,133.50802000499522,788.8372045210632,-130.84587789068618,-20.00066947937,788.8372045210632,-130.84587789068618,174.51263742693746,0.013971637267275225,7.838341083353689E-4
775.0504380694126,2.424303303166243E-14,133.50802000499522,784.2534945661755,-138.72830493850722,-20.00066947937,784.2534945661755,-138.72830493850722,185.38130202017803,6.381942620917501E-4,8.919918284569575E-4
775.0504380694126,2.424303303166243E-14,133.50802000499522,774.4810969463833,-147.35855165466702,-20.00066947937,774.4810969463833,-147.35855165466702,193.9758717126486,2.7652271010820896E-4,6.521320373324486E-4
775.0504380694126,2.424303303166243E-14,133.50802000499522,760.3124234009922,-152.6082427121363,-20.00066947937,760.3124234009922,-152.6082427121363,196.85925029654865,1.8957728728296973E-6,1.6104612235796887E-4
775.0504380694126,2.424303303166243E-14,133.50802000499522,744.5794292129731,-155.62816820983326,-20.00066947937,744.5794292129731,-155.62816820983326,194.68423086422104,0.007092042707740777,1.1056215820378085E-4
775.0504380694126,2.424303303166243E-14,133.50802000499522,735.1301461760771,-152.4035048062816,-20.00066947937,735.1301461760771,-152.4035048062816,182.88333397885455,0.06380619196624616,6.079810044547512E-4
775.0504380694126,2.424303303166243E-14,133.50802000499522,755.4782191253427,-138.30464437219914,-20.00066947937,755.4782191253427,-138.30464437219914,174.07539592287563,0.04336678407537194,0.0014338867646034668
775.0504380694126,2.424303303166243E-14,133.50802000499522,785.6661384814988,-122.01698936939529,-20.00066947937,785.6661384814988,-122.01698936939529,173.138330743349,0.0025369121286486,4.988284315341022E-4
775.0504380694126,2.424303303166243E-14,133.50802000499522,815.7854132951871,-108.56555908440018,-20.00066947937,815.7854132951871,-108.56555908440018,176.36991085988078,0.0037134830637058584,0.0011695883614473777
775.0504380694126,2.424303303166243E-14,133.50802000499522,833.4464179405505,-101.68298928444295,-20.00066947937,833.4464179405505,-101.68298928444295,176.77789973983866,0.003027527211571231,3.934281262776995E-4
775.0504380694126,2.424303303166243E-14,133.50802000499522,848.6451351937437,-95.41805117247769,-20.00066947937,848.6451351937437,-95.41805117247769,174.97941253905537,7.291593506409914E-6,5.081965881552431E-4
775.0504380694126,2.424303303166243E-14,133.50802000499522,872.4991769577402,-89.93471671821533,-20.00066947937,872.4991769577402,-89.93471671821533,174.04049638719187,0.01856131733616994,9.449612883488724E-4
775.0504380694126,2.424303303166243E-14,133.50802000499522,881.8054184214491,-92.06262719880743,-20.00066947937,881.8054184214491,-92.06262719880743,178.84911564077711,0.020827544480209917,3.896304599088491E-4
775.0504380694126,2.424303303166243E-14,133.50802000499522,881.482980850631,-101.62846313306498,-20.00066947937,881.482980850631,-101.62846313306498,190.0305898219745,0.0014019653176130635,7.376035904631057E-4
775.0504380694126,2.424303303166243E-14,133.50802000499522,861.2285979704158,-115.98383648932266,-20.00066947937,861.2285979704158,-115.98383648932266,201.13785835139322,0.01960624864829234,0.0029919761491680615
775.0504380694126,2.424303303166243E-14,133.50802000499522,835.7850927273174,-131.9851275910207,-20.00066947937,835.7850927273174,-131.9851275910207,210.19108156881524,0.06022468469805104,0.0026786537348405864
775.0504380694126,2.424303303166243E-14,133.50802000499522,811.9854160166361,-144.97238675206998,-20.00066947937,811.9854160166361,-144.97238675206998,217.03491391091097,0.08243263383546158,0.0012951501518604811
775.0504380694126,2.424303303166243E-14,133.50802000499522,783.0075919233549,-156.9819790201459,-20.00066947937,783.0075919233549,-156.9819790201459,221.47735836215554,0.07314891937513147,4.8244664692867126E-4
775.0504380694126,2.424303303166243E-14,133.50802000499522,751.9753299384022,-165.57210756321194,-20.00066947937,751.9753299384022,-165.57210756321194,221.19731506172798,0.031354764798358026,2.1151214478654952E-4
775.0504380694126,2.424303303166243E-14,133.50802000499522,714.5529319397476,-173.85949223774458,-20.00066947937,714.5529319397476,-173.85949223774458,211.74133175656485,0.010590257953076587,0.0013638418172463036
775.0504380694126,2.424303303166243E-14,133.50802000499522,700.8141445063974,-171.6844812733996,-20.00066947937,700.8141445063974,-171.6844812733996,193.81408066603154,0.1561043661395869,0.0010015416503137648
775.0504380694126,2.424303303166243E-14,133.50802000499522,717.2635789696676,-153.86476706288755,-20.00066947937,717.2635789696676,-153.86476706288755,177.00239874062365,0.18043142297510928,0.0036116754338046952
775.0504380694126,2.424303303166243E-14,133.50802000499522,745.9185597651372,-129.91503533436057,-20.00066947937,745.9185597651372,-129.91503533436057,166.39551771461885,0.07317191740531075,0.003714401765821382
775.0504380694126,2.424303303166243E-14,133.50802000499522,775.6796221682367,-113.31999680940952,-20.00066947937,775.6796221682367,-113.31999680940952,159.07587543237167,0.03860851140750322,9.997978858533553E-4
775.0504380694126,2.424303303166243E-14,133.50802000499522,812.0676089062468,-98.1349378697674,-20.00066947937,812.0676089062468,-98.1349378697674,155.35574877331103,0.032650566618494144,0.0013527423168398795
775.0504380694126,2.424303303166243E-14,133.50802000499522,845.0137159147673,-88.25712821237599,-20.00066947937,845.0137159147673,-88.25712821237599,149.0624390713305,0.14324509974082944,0.0024060159762526287
775.0504380694126,2.424303303166243E-14,133.50802000499522,859.5090145998864,-84.13291327436849,-20.00066947937,859.5090145998864,-84.13291327436849,137.34288680439144,0.49816889859535,0.0017224872540905173
775.0504380694126,2.424303303166243E-14,133.50802000499522,849.9036810729316,-89.49076547299623,-20.00066947937,849.9036810729316,-89.49076547299623,117.39559105033112,1.0,0.0030491666362503136
775.0504380694126,2.424303303166243E-14,133.50802000499522,827.0212027163175,-102.22957524620956,-20.00066947937,827.0212027163175,-102.22957524620956,93.66444614061251,1.0,0.00700857404733037
775.0504380694126,2.424303303166243E-14,133.50802000499522,811.7354158053415,-112.03538791619296,-20.00066947937,811.7354158053415,-112.03538791619296,78.48948875309972,1.0,0.0024988164083842735
775.0504380694126,2.424303303166243E-14,133.50802000499522,794.3214036271094,-126.27144934315005,-20.00066947937,794.3214036271094,-126.27144934315005,68.00005193816497,1.0,0.0018059003607298612
775.0504380694126,2.424303303166243E-14,133.50802000499522,791.4370385236537,-135.85206541712762,-20.00066947937,791.4370385236537,-135.85206541712762,68.70997382517155,1.0,2.2553777754503158E-4
775.0504380694126,2.424303303166243E-14,133.50802000499522,794.5077024962166,-140.56487665152784,-20.00066947937,794.5077024962166,-140.56487665152784,79.56043680222587,1.0,6.081440335460293E-4
775.0504380694126,2.424303303166243E-14,133.50802000499522,812.4583129271781,-144.00118470707648,-20.00066947937,812.4583129271781,-144.00118470707648,101.22714436881469,1.0,0.001973438188950472
775.0504380694126,2.424303303166243E-14,133.50802000499522,840.412604093416,-135.739623575777,-20.00066947937,840.412604093416,-135.739623575777,127.66089911519924,1.0,0.005305188908091213
775.0504380694126,2.424303303166243E-14,133.50802000499522,853.8922533914723,-119.19235065895062,-20.00066947937,853.8922533914723,-119.19235065895062,145.7135123946643,0.6350269222064193,0.004233032127701215
775.0504380694126,2.424303303166243E-14,133.50802000499522,832.517314568861,-109.3758200962406,-20.00066947937,832.517314568861,-109.3758200962406,138.88958284918695,0.5192287564742386,0.001461273471256573
775.0504380694126,2.424303303166243E-14,133.50802000499522,782.315938251269,-122.57869412351405,-20.00066947937,782.315938251269,-122.57869412351405,110.46698170800059,1.0,0.0038850667421480045
775.0504380694126,2.424303303166243E-14,133.50802000499522,770.9493825214813,-136.02307392850656,-20.00066947937,770.9493825214813,-136.02307392850656,101.83561999256125,1.0,0.0011810134756953664
775.0504380694126,2.424303303166243E-14,133.50802000499522,794.2597247656846,-136.31900063630644,-20.00066947937,794.2597247656846,-136.31900063630644,112.63780983085019,1.0,3.830461450290233E-4
775.0504380694126,2.424303303166243E-14,133.50802000499522,827.4847662597996,-130.8151827839736,-20.00066947937,827.4847662597996,-130.8151827839736,133.69752568355733,1.0,0.003428225996429143
775.0504380694126,2.424303303166243E-14,133.50802000499522,848.8144669429996,-121.70565566987631,-20.00066947937,848.8144669429996,-121.70565566987631,154.61792618386463,0.3556002921178467,0.004254409780457776
775.0504380694126,2.424303303166243E-14,133.50802000499522,855.4018588763208,-118.09027562737502,-20.00066947937,855.4018588763208,-118.09027562737502,178.35753293827676,0.02933146880222835,0.002415318531006085
775.0504380694126,2.424303303166243E-14,133.50802000499522,850.4648007815291,-119.28108022791926,-20.00066947937,850.4648007815291,-119.28108022791926,194.78596259155307,0.007663365143232661,0.00100254169993534
775.0504380694126,2.424303303166243E-14,133.50802000499522,838.8990062771079,-120.87734417090957,-20.00066947937,838.8990062771079,-120.87734417090957,204.4101876620587,0.06353949878309657,6.429586747882228E-4
775.0504380694126,2.424303303166243E-14,133.50802000499522,807.8154510789132,-135.42595173827374,-20.00066947937,807.8154510789132,-135.42595173827374,215.45605284722916,0.1285835644270437,0.0022048925779372085
775.0504380694126,2.424303303166243E-14,133.50802000499522,755.5451926185945,-163.87170465420462,-20.00066947937,755.5451926185945,-163.87170465420462,220.8647266814269,0.03716589414160251,0.002159134659383585
775.0504380694126,2.424303303166243E-14,133.50802000499522,712.6257409817233,-183.0545632583925,-20.00066947937,712.6257409817233,-183.0545632583925,210.14941557169038,0.04779833359557964,0.0031750794397998904
775.0504380694126,2.424303303166243E-14,133.50802000499522,691.7671718725501,-188.96634418125365,-20.00066947937,691.7671718725501,-188.96634418125365,190.0627824847735,0.4553155892036746,0.0016618157028950498
775.0504380694126,2.424303303166243E-14,133.50802000499522,719.5723471815443,-164.82464032606723,-20.00066947937,719.5723471815443,-164.82464032606723,179.41871165003167,0.23978156084219865,0.003918759891321754
775.0504380694126,2.424303303166243E-14,133.50802000499522,757.754527645999,-126.17713459521792,-20.00066947937,757.754527645999,-126.17713459521792,176.55153093048636,0.0019712785758101226,0.003432778907251649
775.0504380694126,2.424303303166243E-14,133.50802000499522,799.9025904333226,-86.4639662972847,-20.00066947937,799.9025904333226,-86.4639662972847,172.36088881771093,0.05066643778192711,0.003117852373892545
775.0504380694126,2.424303303166243E-14,133.50802000499522,836.0521045618276,-62.05435158598638,-20.00066947937,836.0521045618276,-62.05435158598638,163.48864767737115,0.013221814656411009,0.004980694131122791
775.0504380694126,2.424303303166243E-14,133.50802000499522,872.7334454520602,-59.29620119931244,-20.00066947937,872.7334454520602,-59.29620119931244,155.93314316187698,0.06929312634067476,0.0035586230609173197
775.0504380694126,2.424303303166243E-14,133.50802000499522,887.0888937549495,-72.24536352834453,-20.00066947937,887.0888937549495,-72.24536352834453,150.61076871821209,0.33068324614535854,0.0013741866829402847
775.0504380694126,2.424303303166243E-14,133.50802000499522,875.19226227839,-100.44939078606333,-20.00066947937,875.19226227839,-100.44939078606333,147.41742721285556,0.5553483722088448,0.0021307829140565435
775.0504380694126,2.424303303166243E-14,133.50802000499522,843.1913613190894,-138.3641605564413,-20.00066947937,843.1913613190894,-138.3641605564413,149.07457813035816,0.7415352954492535,0.005454003839772264
775.0504380694126,2.424303303166243E-14,133.50802000499522,811.4061065223217,-165.18106895066867,-20.00066947937,811.4061065223217,-165.18106895066867,153.19117598566692,0.9148756598293493,0.0027090473232350442
775.0504380694126,2.424303303166243E-14,133.50802000499522,778.1916903403876,-178.35529794347497,-20.00066947937,778.1916903403876,-178.35529794347497,157.86293912203237,0.9398591431341634,4.3920169875444375E-4
775.0504380694126,2.424303303166243E-14,133.50802000499522,748.5099313690533,-183.1912092685714,-20.00066947937,748.5099313690533,-183.1912092685714,161.02872684153374,0.9704811882470787,1.7431600321240228E-4
775.0504380694126,2.424303303166243E-14,133.50802000499522,718.5681856049266,-185.68365173520382,-20.00066947937,718.5681856049266,-185.68365173520382,161.50634845405213,1.0,1.6892611869489312E-4
775.0504380694126,2.424303303166243E-14,133.50802000499522,693.8650111189068,-184.52367658624996,-20.00066947937,693.8650111189068,-184.52367658624996,160.7953641747664,1.0,2.0092832058889122E-4
775.0504380694126,2.424303303166243E-14,133.50802000499522,688.7225283156776,-180.53589179391128,-20.00066947937,688.7225283156776,-180.53589179391128,160.02197104155968,1.0,7.670389818434351E-5
775.0504380694126,2.424303303166243E-14,133.50802000499522,702.202029229568,-170.9637330663216,-20.00066947937,702.202029229568,-170.9637330663216,161.935129636608,0.9498317650373479,4.862820629876644E-4
775.0504380694126,2.424303303166243E-14,133.50802000499522,743.5170275641871,-143.8709185641507,-20.00066947937,743.5170275641871,-143.8709185641507,172.5281022126389,0.09917841984652848,0.004192137256925056
775.0504380694126,2.424303303166243E-14,133.50802000499522,778.8585725711238,-114.11451703100192,-20.00066947937,778.8585725711238,-114.11451703100192,182.7566611975326,0.028661298946620412,0.003127232539023547
775.0504380694126,2.424303303166243E-14,133.50802000499522,812.5209632768629,-87.04885383789187,-20.00066947937,812.5209632768629,-87.04885383789187,184.8361015773852,0.1280228825433652,0.002115601274124035
775.0504380694126,2.424303303166243E-14,133.50802000499522,843.2228617384985,-65.56275853337618,-20.00066947937,843.2228617384985,-65.56275853337618,180.2597788907075,0.08934225323814989,0.0030337693542957073
775.0504380694126,2.424303303166243E-14,133.50802000499522,871.0405046608113,-58.137660929656626,-20.00066947937,871.0405046608113,-58.137660929656626,173.1562050711674,0.0021734556090593185,0.002794953936916708
775.0504380694126,2.424303303166243E-14,133.50802000499522,891.6453320524932,-73.56641726150102,-20.00066947937,891.6453320524932,-73.56641726150102,171.50739389169368,0.05389764231143977,0.0015778670339347586
775.0504380694126,2.424303303166243E-14,133.50802000499522,878.2845396615132,-107.96052619486309,-20.00066947937,878.2845396615132,-107.96052619486309,176.45618288998213,0.07333579502130798,0.0033901612063528567
775.0504380694126,2.424303303166243E-14,133.50802000499522,843.9942794607695,-146.95392720884473,-20.00066947937,843.9942794607695,-146.95392720884473,181.03444866223901,0.11152163211226641,0.006882239965637374
775.0504380694126,2.424303303166243E-14,133.50802000499522,805.741572890345,-178.64344864603078,-20.00066947937,805.741572890345,-178.64344864603078,181.6197182846047,0.28548751732333133,0.0026119652319728996
775.0504380694126,2.424303303166243E-14,133.50802000499522,766.9506190949452,-200.86663898579695,-20.00066947937,766.9506190949452,-200.86663898579695,181.72607391632562,0.5800380252762738,7.803178525598508E-4
775.0504380694126,2.424303303166243E-14,133.50802000499522,743.9719171598389,-205.28186175170126,-20.00066947937,743.9719171598389,-205.28186175170126,180.34704756022512,0.7506485876016973,1.0767810427507327E-4
775.0504380694126,2.424303303166243E-14,133.50802000499522,760.2620721489432,-169.6938370832978,-20.00066947937,760.2620721489432,-169.6938370832978,180.67523737324237,0.18314275441969358,0.0029284194795210832
775.0504380694126,2.424303303166243E-14,133.50802000499522,788.3834250293933,-112.79620513550503,-20.00066947937,788.3834250293933,-112.79620513550503,182.97367827756116,0.03153336593709358,0.005923049860533595
775.0504380694126,2.424303303166243E-14,133.50802000499522,810.9113563415617,-61.21786832085652,-20.00066947937,810.9113563415617,-61.21786832085652,180.31184836705233,0.21836151701245973,0.0024066821986831175
775.0504380694126,2.424303303166243E-14,133.50802000499522,831.3739141966046,-35.70409871863173,-20.00066947937,831.3739141966046,-35.70409871863173,174.98171845806883,0.18051937001011062,0.0016704506136497985
775.0504380694126,2.424303303166243E-14,133.50802000499522,849.7438354794909,-40.16925147729421,-20.00066947937,849.7438354794909,-40.16925147729421,169.6574040254502,0.05101938173964106,0.0011539375057301234
775.0504380694126,2.424303303166243E-14,133.50802000499522,857.5281900455991,-60.98317271429908,-20.00066947937,857.5281900455991,-60.98317271429908,162.80092204355233,8.95612662589411E-4,0.0014816935617845413
775.0504380694126,2.424303303166243E-14,133.50802000499522,841.1116657533062,-85.11278998348315,-20.00066947937,841.1116657533062,-85.11278998348315,145.56704766044064,0.15857907455768178,0.006771654187753894
775.0504380694126,2.424303303166243E-14,133.50802000499522,819.9202724750476,-103.9962371330148,-20.00066947937,819.9202724750476,-103.9962371330148,121.8000435144132,1.0,0.008520087346315664
775.0504380694126,2.424303303166243E-14,133.50802000499522,802.4701570632589,-110.65890014718063,-20.00066947937,802.4701570632589,-110.65890014718063,94.44791301191256,1.0,0.005144580455759034
775.0504380694126,2.424303303166243E-14,133.50802000499522,790.8426116717666,-114.76527322900607,-20.00066947937,790.8426116717666,-114.76527322900607,71.43362534611154,1.0,0.002809769062191088
775.0504380694126,2.424303303166243E-14,133.50802000499522,791.5115982831662,-120.83443720907846,-20.00066947937,791.5115982831662,-120.83443720907846,56.456590832349434,1.0,0.0013473196092411777
775.0504380694126,2.424303303166243E-14,133.50802000499522,799.9478636583758,-122.28529826136318,-20.00066947937,799.9478636583758,-122.28529826136318,58.81246940495885,1.0,6.382768194741072E-5
775.0504380694126,2.424303303166243E-14,133.50802000499522,807.7044829778348,-123.98831025825658,-20.00066947937,807.7044829778348,-123.98831025825658,68.11914338871443,1.0,4.375021700432684E-4
775.0504380694126,2.424303303166243E-14,133.50802000499522,807.7681729327714,-123.7869717149852,-20.00066947937,807.7681729327714,-123.7869717149852,68.01659475441767,1.0,2.1062611073321146E-7
775.0504380694126,2.424303303166243E-14,133.50802000499522,806.8667909161554,-123.36327432434585,-20.00066947937,806.8667909161554,-123.36327432434585,66.53244563578917,1.0,1.120181275221503E-5
775.0504380694126,2.424303303166243E-14,133.50802000499522,807.7219424106793,-122.3023172414788,-20.00066947937,807.7219424106793,-122.3023172414788,62.942738403910624,1.0,6.084691518637844E-5
775.0504380694126,2.424303303166243E-14,133.50802000499522,809.0130308571988,-122.45163013421012,-20.00066947937,809.0130308571988,-122.45163013421012,61.70575142229069,1.0,7.44313046047791E-6
775.0504380694126,2.424303303166243E-14,133.50802000499522,809.1836971809436,-122.73130071124639,-20.00066947937,809.1836971809436,-122.73130071124639,61.64604327040129,1.0,2.825121917292493E-7
775.0504380694126,2.424303303166243E-14,133.50802000499522,809.2200692162089,-123.25836128687052,-20.00066947937,809.2200692162089,-123.25836128687052,62.23123331873748,1.0,2.827419256857064E-6
775.0504380694126,2.424303303166243E-14,133.50802000499522,808.9797776990272,-124.29653250850112,-20.00066947937,808.9797776990272,-124.29653250850112,64.04316990469422,1.0,2.004670483443864E-5
775.0504380694126,2.424303303166243E-14,133.50802000499522,808.4154798739327,-125.97513709093411,-20.00066947937,808.4154798739327,-125.97513709093411,67.69379419284073,1.0,7.254939357969749E-5
775.0504380694126,2.424303303166243E-14,133.50802000499522,807.4984410753591,-128.3743845812197,-20.00066947937,807.4984410753591,-128.3743845812197,73.23126445934628,1.0,1.6227029966702563E-4
775.0504380694126,2.424303303166243E-14,133.50802000499522,806.146283154336,-131.3213881247893,-20.00066947937,806.146283154336,-131.3213881247893,80.61641282714365,1.0,2.7610398078509266E-4
775.0504380694126,2.424303303166243E-14,133.50802000499522,804.6472090210142,-134.5739358068969,-20.00066947937,804.6472090210142,-134.5739358068969,89.1420144589087,1.0,3.5236954202751543E-4
775.0504380694126,2.424303303166243E-14,133.50802000499522,803.0412251137205,-137.75520555428002,-20.00066947937,803.0412251137205,-137.75520555428002,98.12111814797817,1.0,3.673404393583257E-4
775.0504380694126,2.424303303166243E-14,133.50802000499522,801.4463977216144,-140.79519090206267,-20.00066947937,801.4463977216144,-140.79519090206267,106.98494809154013,1.0,3.4188334901470816E-4
775.0504380694126,2.424303303166243E-14,133.50802000499522,799.7487368410692,-143.81202896777557,-20.00066947937,799.7487368410692,-143.81202896777557,115.78717590738472,1.0,3.281647043077001E-4
775.0504380694126,2.424303303166243E-14,133.50802000499522,797.5890007199295,-146.8500388219419,-20.00066947937,797.5890007199295,-146.8500388219419,124.92586247052165,1.0,3.4206598249694785E-4
775.0504380694126,2.424303303166243E-14,133.50802000499522,795.1650192671467,-149.7252342328042,-20.00066947937,795.1650192671467,-149.7252342328042,134.21839220088708,1.0,3.328854092963064E-4
775.0504380694126,2.424303303166243E-14,133.50802000499522,792.4876814150429,-152.5711149036759,-20.00066947937,792.4876814150429,-152.5711149036759,143.75922807164176,0.9560465927620322,3.35320199031706E-4
775.0504380694126,2.424303303166243E-14,133.50802000499522,790.2301781327463,-153.42249808411526,-20.00066947937,790.2301781327463,-153.42249808411526,148.12245884416623,0.7783020194792942,5.8440922350426256E-5
775.0504380694126,2.424303303166243E-14,133.50802000499522,789.6691279379187,-154.00890415736546,-20.00066947937,789.6691279379187,-154.00890415736546,149.97418096899762,0.7166464503989161,1.2090709845016732E-5
775.0504380694126,2.424303303166243E-14,133.50802000499522,789.1721308590259,-153.93178389243232,-20.00066947937,789.1721308590259,-153.93178389243232,150.2518604311432,0.7034818578254023,3.081278780092677E-7
775.0504380694126,2.424303303166243E-14,133.50802000499522,789.1871354546269,-153.92843929303154,-20.00066947937,789.1871354546269,-153.92843929303154,150.27796585077436,0.7024539274056064,1.828021537350694E-9
775.0504380694126,2.424303303166243E-14,133.50802000499522,788.8285388336583,-153.8527741948741,-20.00066947937,788.8285388336583,-153.8527741948741,150.03107801573827,0.709552814797618,2.4235921104657385E-7
775.0504380694126,2.424303303166243E-14,133.50802000499522,788.6975568141887,-153.83639188480979,-20.00066947937,788.6975568141887,-153.83639188480979,149.97755431057965,0.7110025011233998,1.2803051602697299E-8
775.0504380694126,2.424303303166243E-14,133.50802000499522,788.3270428883761,-153.79216647731434,-20.00066947937,788.3270428883761,-153.79216647731434,149.72038093411845,0.7192328263310726,2.1419033718152024E-7
775.0504380694126,2.424303303166243E-14,133.50802000499522,788.3770009890096,-153.7353814250559,-20.00066947937,788.3770009890096,-153.7353814250559,149.71251819766402,0.7184243272947103,9.200098949211413E-9
775.0504380694126,2.424303303166243E-14,133.50802000499522,788.3810587456536,-153.71879910859775,-20.00066947937,788.3810587456536,-153.71879910859775,149.73297014069666,0.7172953879304961,2.699798470577206E-9
775.0504380694126,2.424303303166243E-14,133.50802000499522,787.7598712572903,-154.0984741140172,-20.00066947937,787.7598712572903,-154.0984741140172,150.00942875442271,0.7136144671324746,9.667283915291933E-7
775.0504380694126,2.424303303166243E-14,133.50802000499522,786.4802864668408,-154.79401316063314,-20.00066947937,786.4802864668408,-154.79401316063314,150.30188952537117,0.7150118520412874,2.2542469030122036E-6
775.0504380694126,2.424303303166243E-14,133.50802000499522,786.7111460575037,-155.54620101883214,-20.00066947937,786.7111460575037,-155.54620101883214,149.47610869174136,0.7638579502500438,4.913149214671475E-6
775.0504380694126,2.424303303166243E-14,133.50802000499522,786.7679906859903,-155.20754428358435,-20.00066947937,786.7679906859903,-155.20754428358435,151.42060465396767,0.6820920299012179,1.005825431355495E-5
775.0504380694126,2.424303303166243E-14,133.50802000499522,786.4525297910928,-155.83220310740975,-20.00066947937,786.4525297910928,-155.83220310740975,154.46366687608722,0.5875277034688982,2.6226373383085883E-5
775.0504380694126,2.424303303166243E-14,133.50802000499522,784.6032269637024,-155.51007060122893,-20.00066947937,784.6032269637024,-155.51007060122893,156.43785008183931,0.5169023811489792,1.1069313087309168E-5
775.0504380694126,2.424303303166243E-14,133.50802000499522,783.4249674066593,-155.29046154283856,-20.00066947937,783.4249674066593,-155.29046154283856,156.80191147037755,0.5010273860859945,7.956317251953262E-7
775.0504380694126,2.424303303166243E-14,133.50802000499522,783.0430275662766,-155.17825860706293,-20.00066947937,783.0430275662766,-155.17825860706293,156.69039627379183,0.5020805867173794,1.1372805241714921E-7
775.0504380694126,2.424303303166243E-14,133.50802000499522,781.2777284310084,-156.98328675318697,-20.00066947937,781.2777284310084,-156.98328675318697,160.90567983817553,0.41286082316389544,7.228029133874846E-5
775.0504380694126,2.424303303166243E-14,133.50802000499522,779.4531703776619,-157.35086003496312,-20.00066947937,779.4531703776619,-157.35086003496312,164.20117509282846,0.3374884749234706,2.595527182299566E-5
775.0504380694126,2.424303303166243E-14,133.50802000499522,777.9407183081561,-156.92588933070323,-20.00066947937,777.9407183081561,-156.92588933070323,164.3636957137393,0.32767221096623117,7.141660198863462E-7
775.0504380694126,2.424303303166243E-14,133.50802000499522,778.0464046511938,-156.52798616858826,-20.00066947937,778.0464046511938,-156.52798616858826,163.83485612109166,0.3341858220016907,1.6525573712624918E-6
775.0504380694126,2.424303303166243E-14,133.50802000499522,778.6629579420755,-155.9766936993553,-20.00066947937,778.6629579420755,-155.9766936993553,163.13331795338902,0.34281692900064376,3.090865853109992E-6
775.0504380694126,2.424303303166243E-14,133.50802000499522,778.0601344862878,-155.45074475848122,-20.00066947937,778.0601344862878,-155.45074475848122,161.3286647520912,0.37803189055386305,1.060502476735369E-5
775.0504380694126,2.424303303166243E-14,133.50802000499522,779.1469655332561,-155.31315693938677,-20.00066947937,779.1469655332561,-155.31315693938677,158.87219847525418,0.43975579013286,1.3198144904020196E-5
775.0504380694126,2.424303303166243E-14,133.50802000499522,789.7004509948895,-152.44999441291162,-20.00066947937,789.7004509948895,-152.44999441291162,157.59393362125684,0.43955093700347025,4.598661079415121E-5
775.0504380694126,2.424303303166243E-14,133.50802000499522,795.1764836731525,-148.0997230744265,-20.00066947937,795.1764836731525,-148.0997230744265,156.34856819758534,0.41573329636238116,7.851483481015117E-5
775.0504380694126,2.424303303166243E-14,133.50802000499522,780.4544209019216,-157.63702990739205,-20.00066947937,780.4544209019216,-157.63702990739205,153.0958892655377,0.6635991297131935,3.275775992082576E-4
775.0504380694126,2.424303303166243E-14,133.50802000499522,783.5168012277755,-154.5152327195581,-20.00066947937,783.5168012277755,-154.5152327195581,153.80465174195626,0.5811591690876463,3.119451297018889E-5
775.0504380694126,2.424303303166243E-14,133.50802000499522,783.4395107352082,-155.25758848927924,-20.00066947937,783.4395107352082,-155.25758848927924,154.80065765838256,0.5623373092479187,5.8882127299211785E-6
775.0504380694126,2.424303303166243E-14,133.50802000499522,783.452584999814,-155.24119390826493,-20.00066947937,783.452584999814,-155.24119390826493,154.890057578668,0.5591801158582299,2.1634406623376264E-8
775.0504380694126,2.424303303166243E-14,133.50802000499522,783.4479082231587,-155.2296575046024,-20.00066947937,783.4479082231587,-155.2296575046024,154.97648195563852,0.55620086137998,1.8382500888639255E-8
775.0504380694126,2.424303303166243E-14,133.50802000499522,783.4492278470059,-155.23262421534776,-20.00066947937,783.4492278470059,-155.23262421534776,154.99656012113599,0.5556151768533564,1.0182276455363587E-9
775.0504380694126,2.424303303166243E-14,133.50802000499522,783.4247325039332,-155.22715108717964,-20.00066947937,783.4247325039332,-155.22715108717964,154.96675657956843,0.5564431478213887,2.5555154144704553E-9
775.0504380694126,2.424303303166243E-14,133.50802000499522,783.4208017465833,-155.22689174335318,-20.00066947937,783.4208017465833,-155.22689174335318,154.96411930493488,0.5565188212638319,1.8420939447066844E-11
775.0504380694126,2.424303303166243E-14,133.50802000499522,783.3374599522057,-155.30717824694497,-20.00066947937,783.3374599522057,-155.30717824694497,154.63098718716543,0.5686266767233584,3.336899736427856E-7
775.0504380694126,2.424303303166243E-14,133.50802000499522,783.3600679631883,-155.41675913048036,-20.00066947937,783.3600679631883,-155.41675913048036,154.31023687322295,0.5811571415888888,3.5607053818615135E-7
775.0504380694126,2.424303303166243E-14,133.50802000499522,783.3741548154871,-155.43380500924857,-20.00066947937,783.3741548154871,-155.43380500924857,154.20970884565173,0.5848052623744935,2.6645592809106522E-8
775.0504380694126,2.424303303166243E-14,133.50802000499522,783.377029127397,-155.43514323543374,-20.00066947937,783.377029127397,-155.43514323543374,154.17009495085443,0.5861435836775749,3.2050223216785163E-9
775.0504380694126,2.424303303166243E-14,133.50802000499522,783.3802600804004,-155.43448876324925,-20.00066947937,783.3802600804004,-155.43448876324925,154.1630636332452,0.5863673581900882,1.1734052708457483E-10
775.0504380694126,2.424303303166243E-14,133.50802000499522,783.3546040020613,-155.43044697910943,-20.00066947937,783.3546040020613,-155.43044697910943,154.0891334194565,0.5887172545952111,1.195259022713619E-8
775.0504380694126,2.424303303166243E-14,133.50802000499522,783.2062363526142,-155.44123041066896,-20.00066947937,783.2062363526142,-155.44123041066896,153.38747857093009,0.6124006202129718,9.857887640354497E-7
775.0504380694126,2.424303303166243E-14,133.50802000499522,783.2995826804308,-155.50559644931894,-20.00066947937,783.2995826804308,-155.50559644931894,153.24728484837738,0.6185419509426848,8.390231890293804E-8
775.0504380694126,2.424303303166243E-14,133.50802000499522,783.1616148939495,-155.51168637478025,-20.00066947937,783.1616148939495,-155.51168637478025,152.63847146409674,0.6397008116590034,7.344829680705033E-7
775.0504380694126,2.424303303166243E-14,133.50802000499522,783.1171319800321,-155.51551699258073,-20.00066947937,783.1171319800321,-155.51551699258073,152.4355791320265,0.6469028307707632,8.283717294317974E-8
775.0504380694126,2.424303303166243E-14,133.50802000499522,783.106790585881,-155.51703000817145,-20.00066947937,783.106790585881,-155.51703000817145,152.37933354807632,0.6489206142352829,6.4404214510900615E-9
775.0504380694126,2.424303303166243E-14,133.50802000499522,783.1070842244847,-155.51832489592934,-20.00066947937,783.1070842244847,-155.51832489592934,152.36674371868833,0.6493946531400038,3.66683877138465E-10
775.0504380694126,2.424303303166243E-14,133.50802000499522,783.0552039203376,-155.51648927498204,-20.00066947937,783.0552039203376,-155.51648927498204,152.18231513934225,0.6558907847317076,6.765970427423275E-8
775.0504380694126,2.424303303166243E-14,133.50802000499522,782.9243540821313,-155.51875078421273,-20.00066947937,782.9243540821313,-155.51875078421273,151.62866383727368,0.6758582826074717,6.003818326065366E-7
775.0504380694126,2.424303303166243E-14,133.50802000499522,782.910933233961,-155.52049007774534,-20.00066947937,782.910933233961,-155.52049007774534,151.56186014084744,0.6783292465294763,9.082209956464471E-9
775.0504380694126,2.424303303166243E-14,133.50802000499522,782.9091280779384,-155.52430449031934,-20.00066947937,782.9091280779384,-155.52430449031934,151.52507534163286,0.679756999570823,3.1430194958659196E-9
775.0504380694126,2.424303303166243E-14,133.50802000499522,782.9176307346651,-155.53044930850186,-20.00066947937,782.9176307346651,-155.53044930850186,151.5085963153329,0.6804980084314951,1.0138013885135485E-9
775.0504380694126,2.424303303166243E-14,133.50802000499522,782.8869297710035,-155.54586446213494,-20.00066947937,782.8869297710035,-155.54586446213494,151.2785776471266,0.6892858895038676,1.1577355034664623E-7
775.0504380694126,2.424303303166243E-14,133.50802000499522,782.8323452721112,-155.58482823300278,-20.00066947937,782.8323452721112,-155.58482823300278,150.74200189048858,0.7101804663103972,6.352880905048607E-7
775.0504380694126,2.424303303166243E-14,133.50802000499522,782.8395967538523,-155.59477967966285,-20.00066947937,782.8395967538523,-155.59477967966285,150.6870036781839,0.71248659018626,8.106031031031897E-9
775.0504380694126,2.424303303166243E-14,133.50802000499522,782.843736865309,-155.6014975773823,-20.00066947937,782.843736865309,-155.6014975773823,150.64919829594206,0.7140713561514652,3.801111676987755E-9
775.0504380694126,2.424303303166243E-14,133.50802000499522,782.8441169587217,-155.6038735192924,-20.00066947937,782.8441169587217,-155.6038735192924,150.63327488189458,0.7147285516504495,6.36974917398424E-10
775.0504380694126,2.424303303166243E-14,133.50802000499522,782.8067986194442,-155.60204609929843,-20.00066947937,782.8067986194442,-155.60204609929843,150.50224374336736,0.7196556080423426,3.4366648901483196E-8
775.0504380694126,2.424303303166243E-14,133.50802000499522,782.6783509018932,-155.61138762374517,-20.00066947937,782.6783509018932,-155.61138762374517,149.91532376709972,0.7424503011796527,6.884871030130243E-7
775.0504380694126,2.424303303166243E-14,133.50802000499522,782.7441416186069,-155.65057192333504,-20.00066947937,782.7441416186069,-155.65057192333504,149.86399890144344,0.7453826313954705,1.683371034429815E-8
775.0504380694126,2.424303303166243E-14,133.50802000499522,782.7479335695072,-155.65862664550014,-20.00066947937,782.7479335695072,-155.65862664550014,149.81680688943257,0.7474167497463984,5.833884504374276E-9
775.0504380694126,2.424303303166243E-14,133.50802000499522,782.7507975856586,-155.6613475038685,-20.00066947937,782.7507975856586,-155.6613475038685,149.8072995110333,0.7478531548466917,2.9109785928723644E-10
775.0504380694126,2.424303303166243E-14,133.50802000499522,782.6973352670801,-155.66130485412373,-20.00066947937,782.6973352670801,-155.66130485412373,149.6140025112076,0.7554316829203584,7.265149343871219E-8
775.0504380694126,2.424303303166243E-14,133.50802000499522,782.5857718701858,-155.66463824069174,-20.00066947937,782.5857718701858,-155.66463824069174,149.13580205332138,0.7745204226294569,4.49038830082451E-7
775.0504380694126,2.424303303166243E-14,133.50802000499522,782.5768181115109,-155.6665956355077,-20.00066947937,782.5768181115109,-155.6665956355077,149.08375121291488,0.7766581423042629,5.609900591163921E-9
775.0504380694126,2.424303303166243E-14,133.50802000499522,782.5716685106088,-155.6676077430739,-20.00066947937,782.5716685106088,-155.6676077430739,149.05546423740185,0.7778202217781712,1.652328220377831E-9
775.0504380694126,2.424303303166243E-14,133.50802000499522,782.533433624854,-155.66306608736397,-20.00066947937,782.533433624854,-155.66306608736397,148.94282145174444,0.7822496276316679,2.6827863492993557E-8
775.0504380694126,2.424303303166243E-14,133.50802000499522,782.4072011979531,-155.66761998783238,-20.00066947937,782.4072011979531,-155.66761998783238,148.40899815695585,0.8041482080639459,5.613240879331055E-7
775.0504380694126,2.424303303166243E-14,133.50802000499522,782.3968133367833,-155.6683359159113,-20.00066947937,782.3968133367833,-155.6683359159113,148.36505887613225,0.8059782646898185,3.855991749192549E-9
775.0504380694126,2.424303303166243E-14,133.50802000499522,782.3890492429181,-155.66924882950565,-20.00066947937,782.3890492429181,-155.66924882950565,148.33140801249522,0.8073903923484895,2.308909122135684E-9
775.0504380694126,2.424303303166243E-14,133.50802000499522,782.3886242191132,-155.66922547569916,-20.00066947937,782.3886242191132,-155.66922547569916,148.32541344920816,0.8076389284574554,6.892767539518668E-11
775.0504380694126,2.424303303166243E-14,133.50802000499522,782.3509667870534,-155.66498634782212,-20.00066947937,782.3509667870534,-155.66498634782212,148.21298912027132,0.8121915797502287,2.6561337898023587E-8
775.0504380694126,2.424303303166243E-14,133.50802000499522,782.2312302077144,-155.66917616674553,-20.00066947937,782.2312302077144,-155.66917616674553,147.71054114815283,0.8333624209193868,4.969023059838974E-7
775.0504380694126,2.424303303166243E-14,133.50802000499522,782.219982179577,-155.6697505573773,-20.00066947937,782.219982179577,-155.6697505573773,147.66575053252703,0.8352732849323707,3.983047263874577E-9
775.0504380694126,2.424303303166243E-14,133.50802000499522,782.213467447739,-155.67007690691145,-20.00066947937,782.213467447739,-155.67007690691145,147.63823902899927,0.8364483920770015,1.4977646208417401E-9
775.0504380694126,2.424303303166243E-14,133.50802000499522,782.1638081718816,-155.66791562376244,-20.00066947937,782.1638081718816,-155.66791562376244,147.46852842581927,0.8436163695742742,5.740079794821487E-8
775.0504380694126,2.424303303166243E-14,133.50802000499522,782.0604006776623,-155.67026644472224,-20.00066947937,782.0604006776623,-155.67026644472224,147.04766067956655,0.8617935852369861,3.4671935999302583E-7
775.0504380694126,2.424303303166243E-14,133.50802000499522,782.0498679162242,-155.67038340770063,-20.00066947937,782.0498679162242,-155.67038340770063,147.0041768016538,0.8636852086100391,3.6744530762080485E-9
775.0504380694126,2.424303303166243E-14,133.50802000499522,782.0454623400402,-155.67015759319787,-20.00066947937,782.0454623400402,-155.67015759319787,146.98516345790503,0.8645069172176966,7.147571017929708E-10
775.0504380694126,2.424303303166243E-14,133.50802000499522,782.0068541832203,-155.66719266931435,-20.00066947937,782.0068541832203,-155.66719266931435,146.8607385062135,0.8698526738514296,3.1564204195962696E-8
775.0504380694126,2.424303303166243E-14,133.50802000499522,781.8965405021374,-155.67048453901708,-20.00066947937,781.8965405021374,-155.67048453901708,146.40955426421758,0.8898166720840384,3.996594668157777E-7
775.0504380694126,2.424303303166243E-14,133.50802000499522,781.887794498285,-155.6709143758066,-20.00066947937,781.887794498285,-155.6709143758066,146.37440232039657,0.891390281995967,2.4476190466516634E-9
775.0504380694126,2.424303303166243E-14,133.50802000499522,781.8822832069806,-155.67092400246258,-20.00066947937,781.8822832069806,-155.67092400246258,146.3520738539636,0.8923845705452061,9.643831554773523E-10
775.0504380694126,2.424303303166243E-14,133.50802000499522,781.8309384334157,-155.6687687425196,-20.00066947937,781.8309384334157,-155.6687687425196,146.17759463333593,0.900119465367154,6.057142469834708E-8
775.0504380694126,2.424303303166243E-14,133.50802000499522,781.7377678027726,-155.67138271033681,-20.00066947937,781.7377678027726,-155.67138271033681,145.79730685990268,0.9173524644653821,2.8352002825394173E-7
775.0504380694126,2.424303303166243E-14,133.50802000499522,781.7280034054436,-155.67133921610733,-20.00066947937,781.7280034054436,-155.67133921610733,145.75862038915233,0.9191113139317406,2.89937593380968E-9
775.0504380694126,2.424303303166243E-14,133.50802000499522,781.7241792698629,-155.6714933189888,-20.00066947937,781.7241792698629,-155.6714933189888,145.7424142328451,0.9198534034165081,5.166214430612301E-10
775.0504380694126,2.424303303166243E-14,133.50802000499522,781.6840540756893,-155.6692408430782,-20.00066947937,781.6840540756893,-155.6692408430782,145.61041064503237,0.9258180698550641,3.500141881486543E-8
775.0504380694126,2.424303303166243E-14,133.50802000499522,781.5816162178661,-155.67171379634885,-20.00066947937,781.5816162178661,-155.67171379634885,145.1959823226193,0.9449984872786326,3.360584961274451E-7
775.0504380694126,2.424303303166243E-14,133.50802000499522,781.5728588899026,-155.67193762049573,-20.00066947937,781.5728588899026,-155.67193762049573,145.16071707704802,0.9466445421628019,2.432645486733671E-9
775.0504380694126,2.424303303166243E-14,133.50802000499522,781.5679043375746,-155.67224760610895,-20.00066947937,781.5679043375746,-155.67224760610895,145.1413702627467,0.9475530481309724,7.467857086829112E-10
775.0504380694126,2.424303303166243E-14,133.50802000499522,781.5218366548976,-155.67018316132027,-20.00066947937,781.5218366548976,-155.67018316132027,144.983633411738,0.9548624869593029,4.951568154108089E-8
775.0504380694126,2.424303303166243E-14,133.50802000499522,781.4279111250648,-155.6725964580475,-20.00066947937,781.4279111250648,-155.6725964580475,144.6063873690017,0.9727217025550435,2.7859491970200197E-7
775.0504380694126,2.424303303166243E-14,133.50802000499522,781.4194936560497,-155.67275158804634,-20.00066947937,781.4194936560497,-155.67275158804634,144.57313783270416,0.9743061014587439,2.1551930452334077E-9
775.0504380694126,2.424303303166243E-14,133.50802000499522,781.4156118068323,-155.6726618409292,-20.00066947937,781.4156118068323,-155.6726618409292,144.5570509224503,0.9750693447312968,5.049010332583458E-10
775.0504380694126,2.424303303166243E-14,133.50802000499522,781.3767115042175,-155.66971174012357,-20.00066947937,781.3767115042175,-155.66971174012357,144.43341543947164,0.9808826627663491,3.1110891273373976E-8
