718.4977550160622,-188.95408628381105,308.06828863818043,719.3593742808715,-190.53965766603264,-20.00066947937,719.3593742808715,-190.53965766603264,305.0955637255745,7.55052213009781E-4,0.015679413415693885
718.4977550160622,-188.95408628381105,308.06828863818043,718.8585511677502,-190.62214099346832,-20.00066947937,718.8585511677502,-190.62214099346832,305.6152260934102,5.126475592001826E-4,4.6331877202509366E-7
718.4977550160622,-188.95408628381105,308.06828863818043,717.9751178455107,-190.46834088130387,-20.00066947937,717.9751178455107,-190.46834088130387,305.0791998762935,7.629141975069622E-4,4.935558666481511E-7
718.4977550160622,-188.95408628381105,308.06828863818043,715.703992948217,-190.05346147768893,-20.00066947937,715.703992948217,-190.05346147768893,303.14320708865205,0.002102310390829088,6.556865357684911E-6
718.4977550160622,-188.95408628381105,308.06828863818043,712.2709296275342,-190.17376140288673,-20.00066947937,712.2709296275342,-190.17376140288673,300.729749626239,0.004790856678797896,1.0488332324887847E-5
718.4977550160622,-188.95408628381105,308.06828863818043,709.6924204059457,-191.0006739648712,-20.00066947937,709.6924204059457,-191.0006739648712,299.9239947198838,0.006012211414489945,1.2939117028242993E-6
718.4977550160622,-188.95408628381105,308.06828863818043,708.8597288715649,-191.35175936260845,-20.00066947937,708.8597288715649,-191.35175936260845,299.7804107120371,0.006266634681226997,4.892095668291919E-8
718.4977550160622,-188.95408628381105,308.06828863818043,707.0219516555352,-192.83990605954176,-20.00066947937,707.0219516555352,-192.83990605954176,300.72780408285166,0.005005940522847124,1.785205950394489E-6
718.4977550160622,-188.95408628381105,308.06828863818043,705.0039673210123,-198.2208578348863,-20.00066947937,705.0039673210123,-198.2208578348863,307.39330275719044,9.850313447770835E-5,8.319923059325964E-5
718.4977550160622,-188.95408628381105,308.06828863818043,697.6367474962718,-208.47992701433625,-20.00066947937,697.6367474962718,-208.47992701433625,320.2229929799581,0.009259368544460795,3.4329426355534043E-4
718.4977550160622,-188.95408628381105,308.06828863818043,686.2363588693668,-215.76898281851032,-20.00066947937,686.2363588693668,-215.76898281851032,330.8704644189387,0.029626150289153753,2.6192645690973146E-4
718.4977550160622,-188.95408628381105,308.06828863818043,667.5884821294829,-221.91436538976896,-20.00066947937,667.5884821294829,-221.91436538976896,332.90475248898446,0.026856028398293205,4.089724759327123E-5
718.4977550160622,-188.95408628381105,308.06828863818043,648.4490391607809,-216.75353763802312,-20.00066947937,648.4490391607809,-216.75353763802312,318.7366744262698,3.536916914732785E-4,5.729997345952775E-4
718.4977550160622,-188.95408628381105,308.06828863818043,663.3427078749884,-202.98322275570695,-20.00066947937,663.3427078749884,-202.98322275570695,298.14714910503204,0.019531297276283766,9.98507652846052E-4
718.4977550160622,-188.95408628381105,308.06828863818043,676.7351586436604,-196.25983316773437,-20.00066947937,676.7351586436604,-196.25983316773437,290.54470568179573,0.038275154472294994,1.4620092830933915E-4
718.4977550160622,-188.95408628381105,308.06828863818043,676.7349364091907,-196.26007738062395,-20.00066947937,676.7349364091907,-196.26007738062395,290.54470378638086,0.03827528854467055,2.0951499054534267E-15
718.4977550160622,-188.95408628381105,308.06828863818043,676.8334499333735,-196.2657693964164,-20.00066947937,676.8334499333735,-196.2657693964164,290.64854186479306,0.037812271903399565,2.241243724494727E-8
718.4977550160622,-188.95408628381105,308.06828863818043,678.4782550619174,-197.09581180488098,-20.00066947937,678.4782550619174,-197.09581180488098,290.72388925267865,0.036827574198642195,1.408958144794154E-7
718.4977550160622,-188.95408628381105,308.06828863818043,680.4432135239264,-197.16381769073635,-20.00066947937,680.4432135239264,-197.16381769073635,289.5036224822653,0.040907590411352265,3.4946984479279265E-6
718.4977550160622,-188.95408628381105,308.06828863818043,681.0821021847295,-197.73762417074167,-20.00066947937,681.0821021847295,-197.73762417074167,288.7278256195708,0.043989763901872134,1.2435371113611292E-6
718.4977550160622,-188.95408628381105,308.06828863818043,685.7831211780989,-200.10424758761002,-20.00066947937,685.7831211780989,-200.10424758761002,292.25124332278347,0.028698996561712004,2.7866016660355736E-5
718.4977550160622,-188.95408628381105,308.06828863818043,704.4738380313137,-196.9372654794054,-20.00066947937,704.4738380313137,-196.9372654794054,299.23895705163574,0.0075167865809435954,9.527401381789489E-5
718.4977550160622,-188.95408628381105,308.06828863818043,722.4185569858482,-193.49035297842795,-20.00066947937,722.4185569858482,-193.49035297842795,306.60373032197856,1.947650645244015E-4,9.013482090612644E-5
718.4977550160622,-188.95408628381105,308.06828863818043,736.0438244101097,-192.05191336469926,-20.00066947937,736.0438244101097,-192.05191336469926,315.0885510909455,0.0034249174549416976,1.437037463472888E-4
718.4977550160622,-188.95408628381105,308.06828863818043,731.8687824868998,-195.66498032441987,-20.00066947937,731.8687824868998,-195.66498032441987,326.1226592572684,0.0235714383473286,2.301021017885727E-4
718.4977550160622,-188.95408628381105,308.06828863818043,713.449135905808,-203.2422826306832,-20.00066947937,713.449135905808,-203.2422826306832,335.72684014170363,0.053040940241782075,1.6663240236006999E-4
718.4977550160622,-188.95408628381105,308.06828863818043,680.3496266109327,-215.27589768099165,-20.00066947937,680.3496266109327,-215.27589768099165,339.7390658642911,0.05614382927851129,8.347202240075266E-5
718.4977550160622,-188.95408628381105,308.06828863818043,670.1447113501895,-218.9256309931039,-20.00066947937,670.1447113501895,-218.9256309931039,338.7549807663675,0.04651324668093609,1.148699604109325E-5
718.4977550160622,-188.95408628381105,308.06828863818043,670.1515733916885,-218.9122796088648,-20.00066947937,670.1515733916885,-218.9122796088648,338.7517509475232,0.04651036242652441,4.794956407034991E-11
718.4977550160622,-188.95408628381105,308.06828863818043,670.2496578390974,-218.93330798293815,-20.00066947937,670.2496578390974,-218.93330798293815,338.85485751371425,0.04690071498229935,2.296601556704542E-8
718.4977550160622,-188.95408628381105,308.06828863818043,673.7343258410289,-220.21325897668729,-20.00066947937,673.7343258410289,-220.21325897668729,338.6252898506855,0.04746849018347754,1.0570061480370563E-6
718.4977550160622,-188.95408628381105,308.06828863818043,678.5912588753977,-218.92231593218386,-20.00066947937,678.5912588753977,-218.92231593218386,340.15697889318994,0.05562570267973458,8.035665896461481E-6
718.4977550160622,-188.95408628381105,308.06828863818043,694.4490768125731,-213.2733220539893,-20.00066947937,694.4490768125731,-213.2733220539893,339.304244266761,0.06049533224047414,6.809130996229919E-6
718.4977550160622,-188.95408628381105,308.06828863818043,715.7618673810084,-203.36470150154892,-20.00066947937,715.7618673810084,-203.36470150154892,332.3153602496103,0.041483532865819156,8.084514293245618E-5
718.4977550160622,-188.95408628381105,308.06828863818043,727.3837551002453,-196.31227050086952,-20.00066947937,727.3837551002453,-196.31227050086952,318.1123225662912,0.007624619477424027,3.8625429667939144E-4
718.4977550160622,-188.95408628381105,308.06828863818043,728.6575803210357,-192.80289025717104,-20.00066947937,728.6575803210357,-192.80289025717104,298.84267595985557,0.00783154854594726,7.184797888273766E-4
718.4977550160622,-188.95408628381105,308.06828863818043,726.6190875075174,-193.08246834143796,-20.00066947937,726.6190875075174,-193.08246834143796,287.08735460554067,0.042519339589100015,2.554715337217288E-4
718.4977550160622,-188.95408628381105,308.06828863818043,711.6342963949936,-200.83726434208373,-20.00066947937,711.6342963949936,-200.83726434208373,272.4547206218607,0.13561978571149907,4.0845998360509615E-4
718.4977550160622,-188.95408628381105,308.06828863818043,699.1042371954243,-218.9608725087869,-20.00066947937,699.1042371954243,-218.9608725087869,281.60267580841037,0.07983095555161512,2.0995694376082835E-4
718.4977550160622,-188.95408628381105,308.06828863818043,701.573003423783,-230.31776322223283,-20.00066947937,701.573003423783,-230.31776322223283,307.4194506697137,0.0011363095886430382,0.0014499380911274014
718.4977550160622,-188.95408628381105,308.06828863818043,730.5616817510181,-220.3494161221056,-20.00066947937,730.5616817510181,-220.3494161221056,336.77268599144327,0.051487082762684246,0.0018161336970967583
718.4977550160622,-188.95408628381105,308.06828863818043,746.6928819889184,-209.066113863543,-20.00066947937,746.6928819889184,-209.066113863543,352.7673405570198,0.11906796613647133,5.736051194056783E-4
718.4977550160622,-188.95408628381105,308.06828863818043,741.2573670493114,-205.09974814198506,-20.00066947937,741.2573670493114,-205.09974814198506,366.8180497853241,0.19931802685952496,3.910422452713671E-4
718.4977550160622,-188.95408628381105,308.06828863818043,720.886144874272,-209.2519244385143,-20.00066947937,720.886144874272,-209.2519244385143,364.4534388890444,0.18924745088566217,7.631507462516936E-6
718.4977550160622,-188.95408628381105,308.06828863818043,708.2285175370977,-207.51016283668727,-20.00066947937,708.2285175370977,-207.51016283668727,339.80425130609297,0.06702924721958298,0.0012290498992770823
718.4977550160622,-188.95408628381105,308.06828863818043,703.5579946466985,-202.2202275497564,-20.00066947937,703.5579946466985,-202.2202275497564,307.24714232735323,1.7160757530582094E-4,0.0022693095469216297
718.4977550160622,-188.95408628381105,308.06828863818043,701.6059361982956,-203.61706533511213,-20.00066947937,701.6059361982956,-203.61706533511213,279.98029630182486,0.08324082724658767,0.0015135126849216553
718.4977550160622,-188.95408628381105,308.06828863818043,703.2875098620489,-206.91536319695368,-20.00066947937,703.2875098620489,-206.91536319695368,267.40328906333116,0.1877260636269522,3.0066238227069247E-4
718.4977550160622,-188.95408628381105,308.06828863818043,733.6158604106864,-208.28987339241272,-20.00066947937,733.6158604106864,-208.28987339241272,277.5565938178968,0.1004038409104946,1.8804405683766086E-4
718.4977550160622,-188.95408628381105,308.06828863818043,769.8678668903094,-197.67019819627512,-20.00066947937,769.8678668903094,-197.67019819627512,293.44961772629983,0.032137023051406845,7.24766222561228E-4
718.4977550160622,-188.95408628381105,308.06828863818043,773.3006191000292,-197.4705142607398,-20.00066947937,773.3006191000292,-197.4705142607398,311.79278234841274,7.076110565317667E-5,6.481455823868473E-4
718.4977550160622,-188.95408628381105,308.06828863818043,749.3640348617836,-211.1547655771789,-20.00066947937,749.3640348617836,-211.1547655771789,330.55488960236164,0.030152640188482082,8.266211538926715E-4
718.4977550160622,-188.95408628381105,308.06828863818043,717.7195027478244,-224.29099423697335,-20.00066947937,717.7195027478244,-224.29099423697335,342.72819289928145,0.07341798681276057,2.522815640780597E-4
718.4977550160622,-188.95408628381105,308.06828863818043,690.0345949440947,-234.09312770940411,-20.00066947937,690.0345949440947,-234.09312770940411,344.3122924762692,0.06914372765667166,2.7089560619882143E-5
718.4977550160622,-188.95408628381105,308.06828863818043,690.0427608877832,-234.07740616308325,-20.00066947937,690.0427608877832,-234.07740616308325,344.3071502803807,0.06913568322134804,1.0399115855144176E-10
718.4977550160622,-188.95408628381105,308.06828863818043,689.9416269920167,-234.17902029235466,-20.00066947937,689.9416269920167,-234.17902029235466,344.43357496526835,0.06953825795940358,3.608508190779622E-8
718.4977550160622,-188.95408628381105,308.06828863818043,690.4984525716219,-234.7507418214008,-20.00066947937,690.4984525716219,-234.7507418214008,344.4202864675937,0.06935157420325967,3.1607364333115066E-8
718.4977550160622,-188.95408628381105,308.06828863818043,692.751213390991,-236.01116102160032,-20.00066947937,692.751213390991,-236.01116102160032,341.50692423678834,0.058246366897955947,1.758204888803329E-5
718.4977550160622,-188.95408628381105,308.06828863818043,693.6345575349293,-234.01601156250223,-20.00066947937,693.6345575349293,-234.01601156250223,337.5304604224086,0.04560203107843895,3.104083829722797E-5
718.4977550160622,-188.95408628381105,308.06828863818043,710.9114696806081,-218.832796156138,-20.00066947937,710.9114696806081,-218.832796156138,321.5603373366222,0.011195882482845601,5.380756795094881E-4
718.4977550160622,-188.95408628381105,308.06828863818043,742.6217402434777,-205.26155311042928,-20.00066947937,742.6217402434777,-205.26155311042928,303.61037403227914,0.0028390610558810155,6.987888305262225E-4
718.4977550160622,-188.95408628381105,308.06828863818043,764.8295732420469,-195.6098493524683,-20.00066947937,764.8295732420469,-195.6098493524683,294.6139484297642,0.025591493088534707,2.3286832036252888E-4
718.4977550160622,-188.95408628381105,308.06828863818043,760.0390514464154,-198.14610527303796,-20.00066947937,760.0390514464154,-198.14610527303796,294.99016515303015,0.022717408115028318,1.6953404076371672E-6
718.4977550160622,-188.95408628381105,308.06828863818043,731.6345947955101,-218.1930208432381,-20.00066947937,731.6345947955101,-218.1930208432381,307.1570880764226,5.144396208170438E-4,3.209796121224135E-4
718.4977550160622,-188.95408628381105,308.06828863818043,731.6354719670197,-218.1912371019295,-20.00066947937,731.6354719670197,-218.1912371019295,307.1565276906956,5.146232318399523E-4,9.531304571930011E-13
718.4977550160622,-188.95408628381105,308.06828863818043,731.585502435923,-218.18157872900943,-20.00066947937,731.585502435923,-218.18157872900943,307.2164296094156,4.886701146541571E-4,6.596350299006958E-9
718.4977550160622,-188.95408628381105,308.06828863818043,728.2383735641874,-218.05534646947459,-20.00066947937,728.2383735641874,-218.05534646947459,306.1835152638258,9.306730391743312E-4,2.1434584240067172E-6
718.4977550160622,-188.95408628381105,308.06828863818043,721.8212891254993,-217.9112965997427,-20.00066947937,721.8212891254993,-217.9112965997427,299.1464890673625,0.009218424368296892,8.721598601578836E-5
718.4977550160622,-188.95408628381105,308.06828863818043,709.5176264957715,-214.80855888941355,-20.00066947937,709.5176264957715,-214.80855888941355,283.42585819850353,0.06497897741506693,4.8026783711763773E-4
718.4977550160622,-188.95408628381105,308.06828863818043,694.5846545157984,-220.32606026830172,-20.00066947937,694.5846545157984,-220.32606026830172,265.63094466376367,0.2214076601871816,6.800639297546023E-4
718.4977550160622,-188.95408628381105,308.06828863818043,721.6450079343208,-218.61689375370543,-20.00066947937,721.6450079343208,-218.61689375370543,254.10106583973004,0.3665992715254161,2.0912609878077844E-4
718.4977550160622,-188.95408628381105,308.06828863818043,763.7950581622282,-200.30307714941222,-20.00066947937,763.7950581622282,-200.30307714941222,247.80977755739994,0.5070230454575549,1.6025302386231028E-4
718.4977550160622,-188.95408628381105,308.06828863818043,802.0661193853571,-186.00382996111574,-20.00066947937,802.0661193853571,-186.00382996111574,255.9284526217562,0.4636589938023904,4.068592201337992E-4
718.4977550160622,-188.95408628381105,308.06828863818043,803.1271392715639,-186.60225186823183,-20.00066947937,803.1271392715639,-186.60225186823183,273.60857436332515,0.2133670837105226,5.363391969833539E-4
718.4977550160622,-188.95408628381105,308.06828863818043,792.6432098380454,-193.04701411515236,-20.00066947937,792.6432098380454,-193.04701411515236,289.3005157878044,0.06892216434653603,5.573297281338022E-4
718.4977550160622,-188.95408628381105,308.06828863818043,786.1103806212151,-194.18219757504696,-20.00066947937,786.1103806212151,-194.18219757504696,293.37421962392875,0.04287588799602634,4.704002788222566E-5
718.4977550160622,-188.95408628381105,308.06828863818043,779.9622502661139,-196.00661840071186,-20.00066947937,779.9622502661139,-196.00661840071186,293.2486738630545,0.03893050546940782,2.530068195632869E-6
718.4977550160622,-188.95408628381105,308.06828863818043,767.7094819651176,-197.61260688221077,-20.00066947937,767.7094819651176,-197.61260688221077,289.9061889351539,0.045130707391589114,4.2171154021567425E-5
718.4977550160622,-188.95408628381105,308.06828863818043,739.9360275782038,-198.76921404127023,-20.00066947937,739.9360275782038,-198.76921404127023,276.76026186081924,0.10565864765646815,3.5276458270512144E-4
718.4977550160622,-188.95408628381105,308.06828863818043,719.3365224689805,-203.51462199458524,-20.00066947937,719.3365224689805,-203.51462199458524,249.2499153371619,0.434237296048809,0.0014770819356291207
718.4977550160622,-188.95408628381105,308.06828863818043,714.2726775706569,-203.94091658082715,-20.00066947937,714.2726775706569,-203.94091658082715,222.7369940031088,1.0,0.0014182798521971008
718.4977550160622,-188.95408628381105,308.06828863818043,716.6717879196821,-202.68888217235786,-20.00066947937,716.6717879196821,-202.68888217235786,202.46010314613787,1.0,7.988845791462326E-4
718.4977550160622,-188.95408628381105,308.06828863818043,716.5239614520165,-201.61362476742966,-20.00066947937,716.5239614520165,-201.61362476742966,198.18071235903247,1.0,3.261008075917805E-5
718.4977550160622,-188.95408628381105,308.06828863818043,716.712309538614,-202.19780657444787,-20.00066947937,716.712309538614,-202.19780657444787,199.99219588888326,1.0,5.7958624494290335E-6
718.4977550160622,-188.95408628381105,308.06828863818043,716.397525854136,-201.8049971021811,-20.00066947937,716.397525854136,-201.8049971021811,198.21255607617707,1.0,5.552422136121452E-6
718.4977550160622,-188.95408628381105,308.06828863818043,716.8837312722401,-201.77560759713288,-20.00066947937,716.8837312722401,-201.77560759713288,195.8065139255911,1.0,1.0021172787141794E-5
718.4977550160622,-188.95408628381105,308.06828863818043,717.006673587793,-201.91067887448534,-20.00066947937,717.006673587793,-201.91067887448534,195.7812386189186,1.0,1.6476126840156976E-9
718.4977550160622,-188.95408628381105,308.06828863818043,717.2241167693154,-201.8228975516258,-20.00066947937,717.2241167693154,-201.8228975516258,195.51670962051867,1.0,1.2306363174058378E-7
718.4977550160622,-188.95408628381105,308.06828863818043,717.3569371357491,-201.65294879460484,-20.00066947937,717.3569371357491,-201.65294879460484,195.4002526526073,1.0,2.5939680175569816E-8
718.4977550160622,-188.95408628381105,308.06828863818043,717.3943710093356,-201.6838597363399,-20.00066947937,717.3943710093356,-201.6838597363399,195.45172545949413,1.0,4.743733481776809E-9
718.4977550160622,-188.95408628381105,308.06828863818043,717.6495070469751,-201.68227182292134,-20.00066947937,717.6495070469751,-201.68227182292134,195.74712171280285,1.0,1.49356817932173E-7
718.4977550160622,-188.95408628381105,308.06828863818043,717.8641952859688,-201.71987500048837,-20.00066947937,717.8641952859688,-201.71987500048837,196.30811209062392,1.0,5.407457914493555E-7
718.4977550160622,-188.95408628381105,308.06828863818043,718.1482882580115,-201.8733015169652,-20.00066947937,718.1482882580115,-201.8733015169652,197.83095239352932,1.0,4.014797529276879E-6
718.4977550160622,-188.95408628381105,308.06828863818043,718.1810233445669,-201.98145338705547,-20.00066947937,718.1810233445669,-201.98145338705547,199.74075672733343,1.0,6.3061334311750075E-6
718.4977550160622,-188.95408628381105,308.06828863818043,718.4225791758998,-201.77270531743454,-20.00066947937,718.4225791758998,-201.77270531743454,200.14306487751603,1.0,2.8723448707829955E-7
718.4977550160622,-188.95408628381105,308.06828863818043,718.8596711370781,-201.28711222884542,-20.00066947937,718.8596711370781,-201.28711222884542,199.9727668976151,1.0,6.046748179376726E-8
718.4977550160622,-188.95408628381105,308.06828863818043,718.9388548379056,-201.32804481348222,-20.00066947937,718.9388548379056,-201.32804481348222,201.28130486372714,1.0,2.944502151115089E-6
718.4977550160622,-188.95408628381105,308.06828863818043,719.1797332317487,-201.21051743488948,-20.00066947937,719.1797332317487,-201.21051743488948,203.11963438474348,1.0,5.84655698350723E-6
718.4977550160622,-188.95408628381105,308.06828863818043,719.5435930236982,-200.88537436165765,-20.00066947937,719.5435930236982,-200.88537436165765,205.0966347302978,1.0,6.820360921988577E-6
718.4977550160622,-188.95408628381105,308.06828863818043,719.9547433637089,-200.73219096725128,-20.00066947937,719.9547433637089,-200.73219096725128,207.52775776091326,1.0,1.0270422086607538E-5
718.4977550160622,-188.95408628381105,308.06828863818043,720.4124012060853,-200.26587535496753,-20.00066947937,720.4124012060853,-200.26587535496753,209.8089787344877,1.0,9.128502847535393E-6
718.4977550160622,-188.95408628381105,308.06828863818043,720.8713810894129,-199.74986430702413,-20.00066947937,720.8713810894129,-199.74986430702413,212.16471494902325,1.0,9.748206510825114E-6
718.4977550160622,-188.95408628381105,308.06828863818043,721.2533927698566,-199.3318050217157,-20.00066947937,721.2533927698566,-199.3318050217157,214.3519458672349,1.0,8.378576776382067E-6
718.4977550160622,-188.95408628381105,308.06828863818043,721.664251325983,-198.90497187311672,-20.00066947937,721.664251325983,-198.90497187311672,216.80588428756838,1.0,1.055213673114256E-5
718.4977550160622,-188.95408628381105,308.06828863818043,722.0415612764539,-198.30222730539526,-20.00066947937,722.0415612764539,-198.30222730539526,219.0889502324003,1.0,9.167906496071463E-6
718.4977550160622,-188.95408628381105,308.06828863818043,722.8946996564788,-197.54267548792873,-20.00066947937,722.8946996564788,-197.54267548792873,221.10730871790187,1.0,7.23439764098567E-6
718.4977550160622,-188.95408628381105,308.06828863818043,723.6762633326108,-197.0697951466858,-20.00066947937,723.6762633326108,-197.0697951466858,222.7869130730436,1.0,4.989403715365087E-6
718.4977550160622,-188.95408628381105,308.06828863818043,724.4721461474189,-196.37195728955024,-20.00066947937,724.4721461474189,-196.37195728955024,224.69279642086175,1.0,6.452153318567252E-6
718.4977550160622,-188.95408628381105,308.06828863818043,725.0854311619179,-195.6917386474301,-20.00066947937,725.0854311619179,-195.6917386474301,226.7229058264533,0.981590900832248,7.2876997188516854E-6
718.4977550160622,-188.95408628381105,308.06828863818043,724.4708196685685,-195.79763160618705,-20.00066947937,724.4708196685685,-195.79763160618705,229.34589423628756,0.8999501661752262,1.2031134503926616E-5
718.4977550160622,-188.95408628381105,308.06828863818043,723.9399916256309,-196.11114231428783,-20.00066947937,723.9399916256309,-196.11114231428783,233.74448418443737,0.7747137687952773,3.410776609192106E-5
718.4977550160622,-188.95408628381105,308.06828863818043,723.0599864142304,-196.30221631293568,-20.00066947937,723.0599864142304,-196.30221631293568,235.99925212946025,0.715538606811043,8.90530585534148E-6
718.4977550160622,-188.95408628381105,308.06828863818043,722.6893353115483,-196.25764521576113,-20.00066947937,722.6893353115483,-196.25764521576113,236.4526762344355,0.7039645003431065,3.5998498557857703E-7
718.4977550160622,-188.95408628381105,308.06828863818043,722.5171598331239,-196.19325935443592,-20.00066947937,722.5171598331239,-196.19325935443592,236.57460919156264,0.7008362424087048,2.6827462847053783E-8
718.4977550160622,-188.95408628381105,308.06828863818043,722.4437579968727,-196.1561358301663,-20.00066947937,722.4437579968727,-196.1561358301663,236.6087800001174,0.6999475777376195,2.1920558580779596E-9
718.4977550160622,-188.95408628381105,308.06828863818043,722.1648422127645,-196.0910572351531,-20.00066947937,722.1648422127645,-196.0910572351531,236.38834247742005,0.7053864099984873,8.629254427600107E-8
718.4977550160622,-188.95408628381105,308.06828863818043,722.0576479659566,-196.1181323089924,-20.00066947937,722.0576479659566,-196.1181323089924,236.1879847592572,0.710428139714211,6.970177666119263E-8
718.4977550160622,-188.95408628381105,308.06828863818043,722.0073941608007,-196.1152462093998,-20.00066947937,722.0073941608007,-196.1152462093998,236.12669590845988,0.7119671814960412,6.530515866129897E-9
718.4977550160622,-188.95408628381105,308.06828863818043,721.9965329714702,-196.11354877300892,-20.00066947937,721.9965329714702,-196.11354877300892,236.11477015589895,0.7122662311789669,2.486899045228114E-10
718.4977550160622,-188.95408628381105,308.06828863818043,721.7848260199486,-196.06193434130438,-20.00066947937,721.7848260199486,-196.06193434130438,235.9487755999663,0.716414691418363,4.8829362858360295E-8
718.4977550160622,-188.95408628381105,308.06828863818043,721.5701685441429,-196.01794570576706,-20.00066947937,721.5701685441429,-196.01794570576706,235.7638186593682,0.7210707455283517,6.021765188188087E-8
718.4977550160622,-188.95408628381105,308.06828863818043,721.5136752057791,-196.00724404497052,-20.00066947937,721.5136752057791,-196.00724404497052,235.71335015527768,0.7223464624037768,4.472365272638628E-9
718.4977550160622,-188.95408628381105,308.06828863818043,721.2848793564373,-195.95077007224683,-20.00066947937,721.2848793564373,-195.95077007224683,235.5346455002736,0.7268655624107486,5.638755222482688E-8
718.4977550160622,-188.95408628381105,308.06828863818043,721.0821018565827,-195.90871990992562,-20.00066947937,721.0821018565827,-195.90871990992562,235.3612114714819,0.7312826454046879,5.277950244758988E-8
718.4977550160622,-188.95408628381105,308.06828863818043,720.9954151679548,-195.9778904125664,-20.00066947937,720.9954151679548,-195.9778904125664,235.15495110097797,0.7366385118195203,7.412203346819628E-8
718.4977550160622,-188.95408628381105,308.06828863818043,719.6934798060331,-195.39316328986055,-20.00066947937,719.6934798060331,-195.39316328986055,231.52058097703966,0.8350238537258926,2.320055554984044E-5
718.4977550160622,-188.95408628381105,308.06828863818043,718.9306237284561,-195.29783068680405,-20.00066947937,718.9306237284561,-195.29783068680405,225.56185359636524,1.0,6.284978303195658E-5
718.4977550160622,-188.95408628381105,308.06828863818043,719.6628561816354,-195.17917345948436,-20.00066947937,719.6628561816354,-195.17917345948436,224.7487682784776,1.0,1.1442396592007235E-6
718.4977550160622,-188.95408628381105,308.06828863818043,719.1911802466757,-194.76482288195302,-20.00066947937,719.1911802466757,-194.76482288195302,222.93420708444836,1.0,5.727094102041366E-6
718.4977550160622,-188.95408628381105,308.06828863818043,719.235939530322,-194.81327677903667,-20.00066947937,719.235939530322,-194.81327677903667,218.54986504459964,1.0,3.369141583552548E-5
718.4977550160622,-188.95408628381105,308.06828863818043,719.7913253077123,-194.9704741857929,-20.00066947937,719.7913253077123,-194.9704741857929,218.10320063506424,1.0,3.4818667149882537E-7
718.4977550160622,-188.95408628381105,308.06828863818043,719.9684753307711,-194.85733979044966,-20.00066947937,719.9684753307711,-194.85733979044966,217.6400866953725,1.0,3.711932823791769E-7
718.4977550160622,-188.95408628381105,308.06828863818043,720.0585480402063,-195.004472503464,-20.00066947937,720.0585480402063,-195.004472503464,217.67357017297027,1.0,2.2824231146007435E-9
718.4977550160622,-188.95408628381105,308.06828863818043,720.2012342754275,-194.7494340806217,-20.00066947937,720.2012342754275,-194.7494340806217,217.60325191241202,1.0,9.708935687752834E-9
718.4977550160622,-188.95408628381105,308.06828863818043,720.2978040219906,-194.71446294751735,-20.00066947937,720.2978040219906,-194.71446294751735,217.61418353249263,1.0,2.4803406727194956E-10
718.4977550160622,-188.95408628381105,308.06828863818043,720.5495684386424,-194.80982476004488,-20.00066947937,720.5495684386424,-194.80982476004488,218.15868473148646,1.0,5.132136218589082E-7
718.4977550160622,-188.95408628381105,308.06828863818043,720.5947260437616,-194.74453256618017,-20.00066947937,720.5947260437616,-194.74453256618017,218.7948384235336,1.0,6.959517174439984E-7
718.4977550160622,-188.95408628381105,308.06828863818043,720.6917747096201,-194.66759982501057,-20.00066947937,720.6917747096201,-194.66759982501057,219.73338259076095,1.0,1.517183106914127E-6
718.4977550160622,-188.95408628381105,308.06828863818043,720.8314228132,-194.50379130162608,-20.00066947937,720.8314228132,-194.50379130162608,220.68412247613193,1.0,1.5626234973084169E-6
718.4977550160622,-188.95408628381105,308.06828863818043,721.0149701604191,-194.3710525002091,-20.00066947937,721.0149701604191,-194.3710525002091,221.86576439775865,1.0,2.4128832601340003E-6
718.4977550160622,-188.95408628381105,308.06828863818043,721.2417287808761,-194.2125275065431,-20.00066947937,721.2417287808761,-194.2125275065431,223.47650165163125,1.0,4.492670559146222E-6
718.4977550160622,-188.95408628381105,308.06828863818043,721.627518988161,-194.0011338820537,-20.00066947937,721.627518988161,-194.0011338820537,225.44740527966317,1.0,6.750708723012979E-6
718.4977550160622,-188.95408628381105,308.06828863818043,721.9574099993052,-193.8241917484469,-20.00066947937,721.9574099993052,-193.8241917484469,227.86365687800236,0.9436308476436602,1.0154935214486038E-5
718.4977550160622,-188.95408628381105,308.06828863818043,722.058058208393,-193.69937782168148,-20.00066947937,722.058058208393,-193.69937782168148,228.42707043709098,0.9261959153807128,5.48769192417713E-7
718.4977550160622,-188.95408628381105,308.06828863818043,722.5182924786207,-193.637771354426,-20.00066947937,722.5182924786207,-193.637771354426,228.66313072575224,0.9190723925999983,1.0023028889448216E-7
718.4977550160622,-188.95408628381105,308.06828863818043,722.8752255979443,-193.53042131828263,-20.00066947937,722.8752255979443,-193.53042131828263,228.91959443619683,0.9113390150233321,1.1770686582620156E-7
718.4977550160622,-188.95408628381105,308.06828863818043,723.0156514289572,-193.46361899358115,-20.00066947937,723.0156514289572,-193.46361899358115,228.92644679792699,0.9111536932952498,1.593877176243865E-10
718.4977550160622,-188.95408628381105,308.06828863818043,722.8312518524505,-192.4066318510863,-20.00066947937,722.8312518524505,-192.4066318510863,224.81587973078882,1.0,2.9728533452868068E-5
718.4977550160622,-188.95408628381105,308.06828863818043,723.3254779323905,-193.19963384274075,-20.00066947937,723.3254779323905,-193.19963384274075,222.4880754886362,1.0,9.505370863651451E-6
718.4977550160622,-188.95408628381105,308.06828863818043,723.1021891163697,-192.39989987774092,-20.00066947937,723.1021891163697,-192.39989987774092,219.38762446018234,1.0,1.682406791334287E-5
718.4977550160622,-188.95408628381105,308.06828863818043,724.0772954234606,-192.2997434536524,-20.00066947937,724.0772954234606,-192.2997434536524,216.82009947920915,1.0,1.1565224459836845E-5
718.4977550160622,-188.95408628381105,308.06828863818043,724.3082770150497,-192.47783713948974,-20.00066947937,724.3082770150497,-192.47783713948974,216.43351374622145,1.0,2.632623345109136E-7
718.4977550160622,-188.95408628381105,308.06828863818043,724.6007610306907,-192.4780423224079,-20.00066947937,724.6007610306907,-192.4780423224079,216.08432856601885,1.0,2.1473137299732324E-7
718.4977550160622,-188.95408628381105,308.06828863818043,724.8471688150477,-192.50878411270452,-20.00066947937,724.8471688150477,-192.50878411270452,215.90348053594516,1.0,5.8958646488800855E-8
718.4977550160622,-188.95408628381105,308.06828863818043,725.0848451524532,-192.42365650324834,-20.00066947937,725.0848451524532,-192.42365650324834,215.90720272922488,1.0,1.473790517072298E-10
718.4977550160622,-188.95408628381105,308.06828863818043,725.209504496952,-192.51201267715965,-20.00066947937,725.209504496952,-192.51201267715965,216.21456954959868,1.0,1.6502724532608974E-7
718.4977550160622,-188.95408628381105,308.06828863818043,725.2823375437159,-192.5572951391061,-20.00066947937,725.2823375437159,-192.5572951391061,216.86683418183924,1.0,7.326128672125142E-7
718.4977550160622,-188.95408628381105,308.06828863818043,725.3799211653134,-192.5305977694322,-20.00066947937,725.3799211653134,-192.5305977694322,217.6733819022472,1.0,1.1208232102481835E-6
718.4977550160622,-188.95408628381105,308.06828863818043,725.4737816785572,-192.5008264523775,-20.00066947937,725.4737816785572,-192.5008264523775,218.72269083487032,1.0,1.897253774509E-6
718.4977550160622,-188.95408628381105,308.06828863818043,725.7506792668768,-192.3921182677936,-20.00066947937,725.7506792668768,-192.3921182677936,220.28295247919453,1.0,4.227895071187346E-6
718.4977550160622,-188.95408628381105,308.06828863818043,725.8144348487373,-192.4504587629867,-20.00066947937,725.8144348487373,-192.4504587629867,222.83525960903577,1.0,1.129617268083532E-5
718.4977550160622,-188.95408628381105,308.06828863818043,724.8928554274873,-192.95385640209102,-20.00066947937,724.8928554274873,-192.95385640209102,226.11717532856875,0.9999642350107761,1.8996428687009684E-5
718.4977550160622,-188.95408628381105,308.06828863818043,724.0372761698751,-193.04105114365373,-20.00066947937,724.0372761698751,-193.04105114365373,229.9405826668571,0.8810068363160609,2.57130971306978E-5
718.4977550160622,-188.95408628381105,308.06828863818043,724.3798288929127,-192.82127271302505,-20.00066947937,724.3798288929127,-192.82127271302505,233.26431561225925,0.7867159216782313,1.932261712729054E-5
718.4977550160622,-188.95408628381105,308.06828863818043,725.255812846311,-192.62571568038118,-20.00066947937,725.255812846311,-192.62571568038118,234.67134533493626,0.7493799667208951,3.4972814124910808E-6
718.4977550160622,-188.95408628381105,308.06828863818043,725.6976816215061,-192.2942773419025,-20.00066947937,725.6976816215061,-192.2942773419025,234.76999851164138,0.7469098021573928,2.1116049796453868E-8
718.4977550160622,-188.95408628381105,308.06828863818043,725.4980946885188,-192.3512181317379,-20.00066947937,725.4980946885188,-192.3512181317379,234.64721991219469,0.7500574870132488,2.7759769588946512E-8
718.4977550160622,-188.95408628381105,308.06828863818043,725.5189108151432,-192.27124664366315,-20.00066947937,725.5189108151432,-192.27124664366315,234.44879073612032,0.7552810785615544,6.80455021509546E-8
718.4977550160622,-188.95408628381105,308.06828863818043,725.7547068605853,-192.19624954005107,-20.00066947937,725.7547068605853,-192.19624954005107,234.47939452306287,0.7545622544148125,2.2674051403565777E-9
718.4977550160622,-188.95408628381105,308.06828863818043,727.5729051038668,-192.11067622374762,-20.00066947937,727.5729051038668,-192.11067622374762,236.1586568892061,0.7120227012929978,5.1263987028007395E-6
718.4977550160622,-188.95408628381105,308.06828863818043,727.5055729777052,-192.22854268352236,-20.00066947937,727.5055729777052,-192.22854268352236,237.00982006097385,0.6906878528249492,1.2494627252361573E-6
718.4977550160622,-188.95408628381105,308.06828863818043,727.6558294808283,-192.2045177980104,-20.00066947937,727.6558294808283,-192.2045177980104,237.2568985782117,0.6846611535092424,1.079004138914405E-7
718.4977550160622,-188.95408628381105,308.06828863818043,727.740152395676,-192.16861247056767,-20.00066947937,727.740152395676,-192.16861247056767,237.26596613617946,0.6844767095052949,2.364985027986192E-10
718.4977550160622,-188.95408628381105,308.06828863818043,729.5133181207054,-192.27935864183976,-20.00066947937,729.5133181207054,-192.27935864183976,238.74473428160255,0.6498044868983162,4.048183988440619E-6
718.4977550160622,-188.95408628381105,308.06828863818043,729.5912821287753,-192.33758881622973,-20.00066947937,729.5912821287753,-192.33758881622973,239.91597756308803,0.6225060336093924,2.3649924942368087E-6
718.4977550160622,-188.95408628381105,308.06828863818043,729.7862904510249,-192.30761252720566,-20.00066947937,729.7862904510249,-192.30761252720566,240.17675584400834,0.6166425052653449,1.2221805217252975E-7
718.4977550160622,-188.95408628381105,308.06828863818043,730.180239258593,-192.54611587472948,-20.00066947937,730.180239258593,-192.54611587472948,240.72576564902323,0.604479648696417,5.458177166857679E-7
718.4977550160622,-188.95408628381105,308.06828863818043,730.218704966493,-192.59862008107007,-20.00066947937,730.218704966493,-192.59862008107007,240.7162038352634,0.6047299844140067,2.255825502852545E-10
718.4977550160622,-188.95408628381105,308.06828863818043,732.2556628749886,-192.8161015241059,-20.00066947937,732.2556628749886,-192.8161015241059,242.55458931482522,0.5656914698224865,6.343910885327079E-6
718.4977550160622,-188.95408628381105,308.06828863818043,732.4075322071628,-192.95166374562112,-20.00066947937,732.4075322071628,-192.95166374562112,244.0629153931132,0.5340448006410192,3.945137254843013E-6
718.4977550160622,-188.95408628381105,308.06828863818043,732.5607620231355,-193.0313596903555,-20.00066947937,732.5607620231355,-193.0313596903555,244.23881233358748,0.5305453306846266,5.7245175847534073E-8
718.4977550160622,-188.95408628381105,308.06828863818043,734.5798695979428,-193.44624802924068,-20.00066947937,734.5798695979428,-193.44624802924068,247.19992685788918,0.4735760024273027,1.6198654107782627E-5
718.4977550160622,-188.95408628381105,308.06828863818043,735.1209495721472,-193.2375602830976,-20.00066947937,735.1209495721472,-193.2375602830976,247.53863290344978,0.46754156837056726,2.308201122206432E-7
718.4977550160622,-188.95408628381105,308.06828863818043,736.6523121719767,-193.0380315698221,-20.00066947937,736.6523121719767,-193.0380315698221,247.47948732991077,0.46986252314979715,3.458835526191553E-8
718.4977550160622,-188.95408628381105,308.06828863818043,737.1397506753375,-193.07538162879996,-20.00066947937,737.1397506753375,-193.07538162879996,247.13742173630698,0.4767848316521864,2.3244485203273542E-7
718.4977550160622,-188.95408628381105,308.06828863818043,738.0096458231392,-192.95477547202393,-20.00066947937,738.0096458231392,-192.95477547202393,247.31618243785326,0.47413982238535657,9.038490454264897E-8
718.4977550160622,-188.95408628381105,308.06828863818043,738.4084206639732,-193.02350122634627,-20.00066947937,738.4084206639732,-193.02350122634627,247.19805156361804,0.47677208235016844,3.4634347849780496E-8
718.4977550160622,-188.95408628381105,308.06828863818043,738.4227414885909,-193.07521350607902,-20.00066947937,738.4227414885909,-193.07521350607902,247.32956033884463,0.47429162663305585,2.9991223094013446E-8
718.4977550160622,-188.95408628381105,308.06828863818043,738.4098734078436,-193.06820540283675,-20.00066947937,738.4098734078436,-193.06820540283675,247.14181038831973,0.47785564487174786,6.031896260316777E-8
718.4977550160622,-188.95408628381105,308.06828863818043,738.412905956936,-193.06504649772432,-20.00066947937,738.412905956936,-193.06504649772432,247.15489897694061,0.4776078910213938,3.001392221023653E-10
718.4977550160622,-188.95408628381105,308.06828863818043,742.3933541477645,-193.24329063549132,-20.00066947937,742.3933541477645,-193.24329063549132,248.56317834667902,0.4552525975475023,4.799196130098007E-6
718.4977550160622,-188.95408628381105,308.06828863818043,743.3194942522304,-192.75462281199736,-20.00066947937,743.3194942522304,-192.75462281199736,249.73050091403002,0.43496231022792686,2.6200549364165354E-6
718.4977550160622,-188.95408628381105,308.06828863818043,743.2653233954055,-192.53642639071637,-20.00066947937,743.2653233954055,-192.53642639071637,249.81165687037011,0.43341600916382184,1.2937384600215592E-8
718.4977550160622,-188.95408628381105,308.06828863818043,743.4435322490453,-192.65478413119757,-20.00066947937,743.4435322490453,-192.65478413119757,249.8261824898901,0.43337296428387273,1.4523598757152462E-9
718.4977550160622,-188.95408628381105,308.06828863818043,746.9570537659691,-193.00659389910294,-20.00066947937,746.9570537659691,-193.00659389910294,250.98964306342995,0.41706447623582626,3.5881383498686807E-6
718.4977550160622,-188.95408628381105,308.06828863818043,748.4762879691326,-192.47310240862038,-20.00066947937,748.4762879691326,-192.47310240862038,252.34365627382005,0.3957623028481552,3.785506865513432E-6
718.4977550160622,-188.95408628381105,308.06828863818043,749.3751254421275,-192.31734176846837,-20.00066947937,749.3751254421275,-192.31734176846837,252.99125636256286,0.38611516067058976,9.039401414593255E-7
718.4977550160622,-188.95408628381105,308.06828863818043,749.8520361151791,-192.17514219574,-20.00066947937,749.8520361151791,-192.17514219574,253.04112515679802,0.3858886623224808,1.5604061813955303E-8
718.4977550160622,-188.95408628381105,308.06828863818043,753.9968117613471,-192.7829830806945,-20.00066947937,753.9968117613471,-192.7829830806945,253.31507586479074,0.38719783251971635,8.282485801838216E-7
718.4977550160622,-188.95408628381105,308.06828863818043,755.7630031215774,-191.97707750049986,-20.00066947937,755.7630031215774,-191.97707750049986,253.11832687694863,0.3930135861530654,2.657079397601537E-7
718.4977550160622,-188.95408628381105,308.06828863818043,757.1284420088023,-191.86507332592652,-20.00066947937,757.1284420088023,-191.86507332592652,252.30409808751193,0.40892223551526335,1.5825537794323104E-6
718.4977550160622,-188.95408628381105,308.06828863818043,758.0693970093495,-191.77838334292687,-20.00066947937,758.0693970093495,-191.77838334292687,250.12804904924468,0.4489224309347016,8.810835476890584E-6
718.4977550160622,-188.95408628381105,308.06828863818043,757.8292924893866,-191.7547994045533,-20.00066947937,757.8292924893866,-191.7547994045533,247.68147632245424,0.49454171159071864,1.0315460530057403E-5
718.4977550160622,-188.95408628381105,308.06828863818043,752.8993175598416,-192.91070406758024,-20.00066947937,752.8993175598416,-192.91070406758024,245.69887825308686,0.5253167691917678,1.0401504623598505E-5
718.4977550160622,-188.95408628381105,308.06828863818043,749.4021484999136,-194.67847796625156,-20.00066947937,749.4021484999136,-194.67847796625156,246.201025997093,0.5100112346729477,1.187524394282527E-6
718.4977550160622,-188.95408628381105,308.06828863818043,761.755334764497,-189.98928800832869,-20.00066947937,761.755334764497,-189.98928800832869,249.04486499091166,0.475856109199421,3.0347870964876287E-5
718.4977550160622,-188.95408628381105,308.06828863818043,767.626275979562,-187.38134751113617,-20.00066947937,767.626275979562,-187.38134751113617,250.17073137272183,0.467253498607566,6.3348645055296705E-6
718.4977550160622,-188.95408628381105,308.06828863818043,750.9581338710256,-194.1974799898919,-20.00066947937,750.9581338710256,-194.1974799898919,255.5389434866393,0.34788866598281687,7.715374458872097E-5
718.4977550160622,-188.95408628381105,308.06828863818043,738.856490537691,-197.16141604855156,-20.00066947937,738.856490537691,-197.16141604855156,256.4683537976831,0.32248433142811034,3.944767693433682E-6
718.4977550160622,-188.95408628381105,308.06828863818043,745.8744550806842,-192.93968171643786,-20.00066947937,745.8744550806842,-192.93968171643786,251.74120747809502,0.40284362695479214,4.8252190518678956E-5
718.4977550160622,-188.95408628381105,308.06828863818043,768.2884184515166,-184.14673276088044,-20.00066947937,768.2884184515166,-184.14673276088044,245.43042129802302,0.5637169553635756,1.3997725157913215E-4
718.4977550160622,-188.95408628381105,308.06828863818043,773.1231615300524,-183.01367669063046,-20.00066947937,773.1231615300524,-183.01367669063046,241.47460890570366,0.6666442704122842,3.753399412624277E-5
718.4977550160622,-188.95408628381105,308.06828863818043,759.4571504126305,-190.74427997700283,-20.00066947937,759.4571504126305,-190.74427997700283,246.25633271552346,0.5259250467810678,6.55293633767778E-5
718.4977550160622,-188.95408628381105,308.06828863818043,734.8033198169855,-199.36178302700623,-20.00066947937,734.8033198169855,-199.36178302700623,251.89931212512963,0.391907951966247,6.569106241205429E-5
718.4977550160622,-188.95408628381105,308.06828863818043,729.535641294512,-200.26023283193297,-20.00066947937,729.535641294512,-200.26023283193297,251.25476889592787,0.4001138407642692,1.1188305687185155E-6
718.4977550160622,-188.95408628381105,308.06828863818043,750.2913323549881,-189.83439909357764,-20.00066947937,750.2913323549881,-189.83439909357764,247.18035523844796,0.49131894119043007,4.8756516753373E-5
718.4977550160622,-188.95408628381105,308.06828863818043,773.1509209083581,-181.54170049703822,-20.00066947937,773.1509209083581,-181.54170049703822,240.61540911619434,0.6879999306339735,1.6215295695550734E-4
718.4977550160622,-188.95408628381105,308.06828863818043,773.6225852903812,-184.82057948587905,-20.00066947937,773.6225852903812,-184.82057948587905,240.26143157223282,0.6970699480264835,3.3930631627054213E-7
718.4977550160622,-188.95408628381105,308.06828863818043,764.8742072012504,-191.77767583374322,-20.00066947937,764.8742072012504,-191.77767583374322,247.16593875307615,0.5193077176672504,1.1114445894084998E-4
718.4977550160622,-188.95408628381105,308.06828863818043,757.2900505158207,-194.31311900238725,-20.00066947937,757.2900505158207,-194.31311900238725,256.1298471965072,0.3476099478808285,1.7011237133677281E-4
718.4977550160622,-188.95408628381105,308.06828863818043,752.0907852367659,-193.9786647073557,-20.00066947937,752.0907852367659,-193.9786647073557,258.36785176720736,0.3074982823648133,1.2731026157682618E-5
718.4977550160622,-188.95408628381105,308.06828863818043,750.3861910263379,-192.95110116944193,-20.00066947937,750.3861910263379,-192.95110116944193,259.2589130837031,0.2929128074955063,1.9066720148312938E-6
718.4977550160622,-188.95408628381105,308.06828863818043,750.1096085930509,-192.33142788421546,-20.00066947937,750.1096085930509,-192.33142788421546,259.2664973343733,0.2924185363275021,2.6691310465720893E-9
718.4977550160622,-188.95408628381105,308.06828863818043,750.2887798496109,-192.1901411642541,-20.00066947937,750.2887798496109,-192.1901411642541,260.9769869412589,0.26974663796035153,5.060140700995567E-6
718.4977550160622,-188.95408628381105,308.06828863818043,750.2036354618649,-191.91716390310293,-20.00066947937,750.2036354618649,-191.91716390310293,264.34312026707835,0.22809657727898747,1.949147402562753E-5
718.4977550160622,-188.95408628381105,308.06828863818043,750.2401764341686,-191.82576318657613,-20.00066947937,750.2401764341686,-191.82576318657613,265.79748560159874,0.2115321727410738,3.5950756147117516E-6
718.4977550160622,-188.95408628381105,308.06828863818043,749.8818090441448,-191.72329417663732,-20.00066947937,749.8818090441448,-191.72329417663732,265.8516257319469,0.21059066893790537,1.3303590669880329E-8
718.4977550160622,-188.95408628381105,308.06828863818043,750.8814743699427,-191.86030243363834,-20.00066947937,750.8814743699427,-191.86030243363834,267.8748160261602,0.1897581426239653,7.633690597508539E-6
718.4977550160622,-188.95408628381105,308.06828863818043,751.7536314372388,-191.8515665440795,-20.00066947937,751.7536314372388,-191.8515665440795,271.3950049899275,0.1560262880838443,2.2247154105444875E-5
718.4977550160622,-188.95408628381105,308.06828863818043,751.2794313376447,-191.64108457648348,-20.00066947937,751.2794313376447,-191.64108457648348,272.66251063681716,0.14424277830311966,2.9217404174817156E-6
718.4977550160622,-188.95408628381105,308.06828863818043,750.889201159091,-191.47974564125371,-20.00066947937,750.889201159091,-191.47974564125371,273.5237417982851,0.13650746353503523,1.3654772240465513E-6
718.4977550160622,-188.95408628381105,308.06828863818043,750.4095243625346,-191.3024252628287,-20.00066947937,750.4095243625346,-191.3024252628287,274.2153298487275,0.1303631972748851,9.191218960915823E-7
718.4977550160622,-188.95408628381105,308.06828863818043,749.8296998172726,-191.10950351165752,-20.00066947937,749.8296998172726,-191.10950351165752,274.74421975421683,0.1256331987487834,5.756009121217608E-7
718.4977550160622,-188.95408628381105,308.06828863818043,749.2473904193816,-190.92313223493062,-20.00066947937,749.2473904193816,-190.92313223493062,275.1359889359395,0.12209824641942818,3.3589941303472583E-7
718.4977550160622,-188.95408628381105,308.06828863818043,749.0841439170365,-190.86473010457706,-20.00066947937,749.0841439170365,-190.86473010457706,275.2885588280597,0.1207820776289788,4.743519328727965E-8
718.4977550160622,-188.95408628381105,308.06828863818043,748.8553002855517,-190.82496518125447,-20.00066947937,748.8553002855517,-190.82496518125447,274.9469650786798,0.12333899820435044,2.2145943064636089E-7
718.4977550160622,-188.95408628381105,308.06828863818043,748.9039773803179,-190.90322340956484,-20.00066947937,748.9039773803179,-190.90322340956484,274.62966098238314,0.12592273859395442,1.74560304457188E-7
718.4977550160622,-188.95408628381105,308.06828863818043,748.9837406178048,-191.02092497899363,-20.00066947937,748.9837406178048,-191.02092497899363,274.3804874648192,0.12800511084588526,1.1121788542526223E-7
718.4977550160622,-188.95408628381105,308.06828863818043,748.4639351656067,-191.0625409485221,-20.00066947937,748.4639351656067,-191.0625409485221,273.0996440421277,0.13835873545670557,2.985236071158419E-6
718.4977550160622,-188.95408628381105,308.06828863818043,748.4677851356369,-191.0783423904586,-20.00066947937,748.4677851356369,-191.0783423904586,272.9642649709496,0.13952380305009027,3.099034785649931E-8
718.4977550160622,-188.95408628381105,308.06828863818043,748.9367259866043,-191.14146952405645,-20.00066947937,748.9367259866043,-191.14146952405645,274.45718645285444,0.1273540873172627,3.998005720294686E-6
718.4977550160622,-188.95408628381105,308.06828863818043,749.4481287341636,-191.00765583089978,-20.00066947937,749.4481287341636,-191.00765583089978,278.56462246574836,0.09681794626371136,2.9703881056854603E-5
718.4977550160622,-188.95408628381105,308.06828863818043,748.3112338357819,-190.61184883879957,-20.00066947937,748.3112338357819,-190.61184883879957,279.7496293340236,0.08820558271613178,2.808653764422287E-6
718.4977550160622,-188.95408628381105,308.06828863818043,747.3992294499733,-190.29536318211038,-20.00066947937,747.3992294499733,-190.29536318211038,280.67809035018206,0.08178920242236168,1.7208417860287064E-6
718.4977550160622,-188.95408628381105,308.06828863818043,746.6673502161913,-190.04294232897828,-20.00066947937,746.6673502161913,-190.04294232897828,281.36268499302616,0.07721889440249785,9.438585445320862E-7
718.4977550160622,-188.95408628381105,308.06828863818043,745.915133752665,-189.88182589665158,-20.00066947937,745.915133752665,-189.88182589665158,281.1864356590386,0.07793233669636346,9.603265586854605E-8
718.4977550160622,-188.95408628381105,308.06828863818043,745.9614511336874,-189.8323539822193,-20.00066947937,745.9614511336874,-189.8323539822193,282.86939518029527,0.06811013756333607,4.838342238207034E-6
718.4977550160622,-188.95408628381105,308.06828863818043,746.1341956877753,-189.55767065387695,-20.00066947937,746.1341956877753,-189.55767065387695,287.87664387347866,0.043296527834730904,4.3756869380549016E-5
718.4977550160622,-188.95408628381105,308.06828863818043,745.7614224563146,-189.24367898509465,-20.00066947937,745.7614224563146,-189.24367898509465,291.1879253793762,0.030150173967573423,1.91902566850897E-5
718.4977550160622,-188.95408628381105,308.06828863818043,742.9746009265476,-188.38142771873487,-20.00066947937,742.9746009265476,-188.38142771873487,292.0963804404959,0.02634061495738348,2.0764917890891126E-6
718.4977550160622,-188.95408628381105,308.06828863818043,741.0570158169943,-187.84799838680183,-20.00066947937,741.0570158169943,-187.84799838680183,292.9348039813648,0.02326358053645438,1.588048850063754E-6
718.4977550160622,-188.95408628381105,308.06828863818043,739.2378735039374,-187.33776785398356,-20.00066947937,739.2378735039374,-187.33776785398356,294.22046209096095,0.019182743773496665,3.337751831316429E-6
718.4977550160622,-188.95408628381105,308.06828863818043,737.1153796631868,-187.07159598491768,-20.00066947937,737.1153796631868,-187.07159598491768,294.20751123046233,0.018887359593699714,2.7791197894996757E-8
718.4977550160622,-188.95408628381105,308.06828863818043,736.4936739547236,-186.94668073137294,-20.00066947937,736.4936739547236,-186.94668073137294,294.7945913199849,0.017228415995539682,6.574350489318755E-7
718.4977550160622,-188.95408628381105,308.06828863818043,734.3239311546008,-189.80597302209364,-20.00066947937,734.3239311546008,-189.80597302209364,300.5562671820587,0.00545878825243953,6.037432052303233E-5
718.4977550160622,-188.95408628381105,308.06828863818043,726.0265755745937,-193.94872756864362,-20.00066947937,726.0265755745937,-193.94872756864362,310.02596454076354,2.777199072414812E-4,1.6648348555339075E-4
718.4977550160622,-188.95408628381105,308.06828863818043,717.6769394350819,-198.34851121258825,-20.00066947937,717.6769394350819,-198.34851121258825,319.48402396233007,0.009936603829577272,1.6198029243755198E-4
718.4977550160622,-188.95408628381105,308.06828863818043,708.588458090216,-201.3834987153991,-20.00066947937,708.588458090216,-201.3834987153991,329.23927806403015,0.031881663547732725,1.8113253192222217E-4
718.4977550160622,-188.95408628381105,308.06828863818043,702.6833213605444,-201.72310182579807,-20.00066947937,702.6833213605444,-201.72310182579807,334.80923451626757,0.0487447232112771,5.9417308475545337E-5
718.4977550160622,-188.95408628381105,308.06828863818043,710.4361738322241,-199.47334047644833,-20.00066947937,710.4361738322241,-199.47334047644833,332.0120339051486,0.04071443427313488,1.5195677769530344E-5
718.4977550160622,-188.95408628381105,308.06828863818043,720.4939883532112,-193.86451260296346,-20.00066947937,720.4939883532112,-193.86451260296346,331.60947458376995,0.04019713190192806,2.0406271729175536E-7
718.4977550160622,-188.95408628381105,308.06828863818043,724.3917891977095,-191.69136811824896,-20.00066947937,724.3917891977095,-191.69136811824896,333.3655838931045,0.04589104590711677,5.675119009426031E-6
718.4977550160622,-188.95408628381105,308.06828863818043,760.9688691490333,-186.49459877929556,-20.00066947937,760.9688691490333,-186.49459877929556,339.1128408106356,0.055883290141520485,1.2554510313148669E-4
718.4977550160622,-188.95408628381105,308.06828863818043,782.3082989020517,-171.2457574281073,-20.00066947937,782.3082989020517,-171.2457574281073,331.6233112041234,0.02088415907675267,2.240989803427182E-4
718.4977550160622,-188.95408628381105,308.06828863818043,794.920530675165,-168.6338599186325,-20.00066947937,794.920530675165,-168.6338599186325,333.43353318130914,0.01837360858005978,3.4359826384044976E-5
718.4977550160622,-188.95408628381105,308.06828863818043,780.9091865614139,-180.52507827781187,-20.00066947937,780.9091865614139,-180.52507827781187,358.0701828315047,0.12196454943888065,0.0013941146364011587
718.4977550160622,-188.95408628381105,308.06828863818043,754.904335239908,-194.77839258762205,-20.00066947937,754.904335239908,-194.77839258762205,380.91702250542505,0.2805406472891245,0.001192632936273384
718.4977550160622,-188.95408628381105,308.06828863818043,724.8617177139123,-206.08614992228007,-20.00066947937,724.8617177139123,-206.08614992228007,387.69988722560834,0.3389727247600119,7.173095995779612E-5
718.4977550160622,-188.95408628381105,308.06828863818043,710.1422885251659,-207.63686571265652,-20.00066947937,710.1422885251659,-207.63686571265652,371.41737948667577,0.23102179706545484,5.055215268409575E-4
718.4977550160622,-188.95408628381105,308.06828863818043,729.3828955069961,-193.9092006749755,-20.00066947937,729.3828955069961,-193.9092006749755,343.0895147690888,0.08269024018683348,0.0016347467776657125
718.4977550160622,-188.95408628381105,308.06828863818043,740.9157265411432,-187.23110655458632,-20.00066947937,740.9157265411432,-187.23110655458632,332.764303423281,0.041402642591006976,2.1464381188719008E-4
718.4977550160622,-188.95408628381105,308.06828863818043,740.9155205386555,-187.23129988202365,-20.00066947937,740.9155205386555,-187.23129988202365,332.76427235802976,0.04140259448015272,3.6018158563995605E-15
718.4977550160622,-188.95408628381105,308.06828863818043,741.1119899791007,-187.2220016949488,-20.00066947937,741.1119899791007,-187.2220016949488,332.8203961214176,0.041537017624603406,8.205729198255698E-9
718.4977550160622,-188.95408628381105,308.06828863818043,750.0145927281563,-185.9000263954069,-20.00066947937,750.0145927281563,-185.9000263954069,331.7005349930371,0.03556164465784343,5.907600114769881E-6
718.4977550160622,-188.95408628381105,308.06828863818043,779.9846693179306,-173.29789928056988,-20.00066947937,779.9846693179306,-173.29789928056988,325.0817877145877,0.009036034220167579,2.1855694022092023E-4
718.4977550160622,-188.95408628381105,308.06828863818043,790.6827076366114,-166.71273658246992,-20.00066947937,790.6827076366114,-166.71273658246992,321.25064137023014,0.0016348373636225699,6.603471719122955E-5
718.4977550160622,-188.95408628381105,308.06828863818043,790.6826288538833,-166.71304867015309,-20.00066947937,790.6826288538833,-166.71304867015309,321.2506945154744,0.0016349013033423864,1.2923975293882911E-14
718.4977550160622,-188.95408628381105,308.06828863818043,790.6950067074304,-166.63770092547986,-20.00066947937,790.6950067074304,-166.63770092547986,321.22817090243393,0.0016137402694156465,1.4191419367385229E-9
718.4977550160622,-188.95408628381105,308.06828863818043,800.1081107076045,-165.5568568766502,-20.00066947937,800.1081107076045,-165.5568568766502,320.7683512658556,2.777459044586846E-4,1.1535150393100816E-5
718.4977550160622,-188.95408628381105,308.06828863818043,828.8633935070931,-156.84335664299894,-20.00066947937,828.8633935070931,-156.84335664299894,319.8712220043851,0.004679559057358087,1.4860270099953518E-4
718.4977550160622,-188.95408628381105,308.06828863818043,828.8647596015041,-156.84534697075046,-20.00066947937,828.8647596015041,-156.84534697075046,319.8716954305007,0.004679276054949749,1.7218921588702893E-12
718.4977550160622,-188.95408628381105,308.06828863818043,828.9801261710463,-156.4169796094792,-20.00066947937,828.9801261710463,-156.4169796094792,319.225716363749,0.005613692627490703,7.179015540581125E-7
718.4977550160622,-188.95408628381105,308.06828863818043,828.929408562964,-156.63771852608699,-20.00066947937,828.929408562964,-156.63771852608699,319.8945304188793,0.004699116778378414,6.800362982004398E-7
718.4977550160622,-188.95408628381105,308.06828863818043,843.6068407284758,-153.51944352361073,-20.00066947937,843.6068407284758,-153.51944352361073,317.8464222240791,0.017862367305534498,7.896188224834464E-5
718.4977550160622,-188.95408628381105,308.06828863818043,874.7793019544794,-137.2369025265386,-20.00066947937,874.7793019544794,-137.2369025265386,305.18387702508016,0.1491950605713456,0.0010581487580877626
718.4977550160622,-188.95408628381105,308.06828863818043,897.6030127219599,-128.986222562616,-20.00066947937,897.6030127219599,-128.986222562616,291.01909484626594,0.42435626884552263,8.495336195749576E-4
718.4977550160622,-188.95408628381105,308.06828863818043,911.9948390369042,-129.51427902524802,-20.00066947937,911.9948390369042,-129.51427902524802,287.0413782267418,0.5875206595716757,1.452869697349926E-4
718.4977550160622,-188.95408628381105,308.06828863818043,911.4749347083314,-140.2384175355927,-20.00066947937,911.4749347083314,-140.2384175355927,306.28578079871,0.27887366097787863,4.376494881085234E-4
718.4977550160622,-188.95408628381105,308.06828863818043,902.5556143957898,-149.56071504524144,-20.00066947937,902.5556143957898,-149.56071504524144,322.2923114352618,0.0992075523515337,5.206479643514124E-4
718.4977550160622,-188.95408628381105,308.06828863818043,902.5572803262302,-149.55358154949107,-20.00066947937,902.5572803262302,-149.55358154949107,322.29020806037477,0.09922896409529931,1.465188411135169E-11
718.4977550160622,-188.95408628381105,308.06828863818043,902.5481529062839,-149.72144754282363,-20.00066947937,902.5481529062839,-149.72144754282363,322.58026204347925,0.09734890495369168,9.612165894664273E-8
718.4977550160622,-188.95408628381105,308.06828863818043,902.579984600224,-149.5700045777301,-20.00066947937,902.579984600224,-149.5700045777301,322.20858860837006,0.09977942542984272,1.608071270647009E-7
718.4977550160622,-188.95408628381105,308.06828863818043,902.5525746349832,-149.56767777043655,-20.00066947937,902.5525746349832,-149.56767777043655,322.4004688045309,0.09853688886215901,4.164210780198853E-8
718.4977550160622,-188.95408628381105,308.06828863818043,901.4332341392853,-152.67730382187398,-20.00066947937,901.4332341392853,-152.67730382187398,326.88940330761204,0.06949950594645034,2.9624098838070533E-5
718.4977550160622,-188.95408628381105,308.06828863818043,895.0109036743421,-158.111354779265,-20.00066947937,895.0109036743421,-158.111354779265,336.0744215798782,0.02233808319183116,1.8543007530576528E-4
718.4977550160622,-188.95408628381105,308.06828863818043,886.6966969324816,-158.82964871782212,-20.00066947937,886.6966969324816,-158.82964871782212,339.53066450682576,0.00748851342939851,6.553696475758192E-5
718.4977550160622,-188.95408628381105,308.06828863818043,880.7449816831913,-159.67629912185822,-20.00066947937,880.7449816831913,-159.67629912185822,340.82467981625564,0.0027788433057707334,2.0324806848357407E-5
718.4977550160622,-188.95408628381105,308.06828863818043,877.5666006041392,-159.69517888014445,-20.00066947937,877.5666006041392,-159.69517888014445,340.1713292477219,0.0021747079477192066,5.334344810129349E-6
718.4977550160622,-188.95408628381105,308.06828863818043,876.1567612195944,-160.2034868229551,-20.00066947937,876.1567612195944,-160.2034868229551,340.64497793478574,0.001384941682173798,1.594358978543662E-6
718.4977550160622,-188.95408628381105,308.06828863818043,869.3533212036639,-164.9598638777999,-20.00066947937,869.3533212036639,-164.9598638777999,342.3549214368886,1.5036177797595506E-5,3.087603396163805E-5
718.4977550160622,-188.95408628381105,308.06828863818043,858.7499791588929,-174.93541337313823,-20.00066947937,858.7499791588929,-174.93541337313823,345.54982315842943,0.004847895894317202,7.899584502345061E-5
718.4977550160622,-188.95408628381105,308.06828863818043,846.8676184935779,-179.86111839678944,-20.00066947937,846.8676184935779,-179.86111839678944,344.31921612764535,0.009622886564807628,4.4573219942342904E-5
718.4977550160622,-188.95408628381105,308.06828863818043,829.7034966966412,-183.51994035718084,-20.00066947937,829.7034966966412,-183.51994035718084,338.57851247186,0.01030276689908044,1.8566641626291226E-4
718.4977550160622,-188.95408628381105,308.06828863818043,816.0054707892643,-185.73802206598108,-20.00066947937,816.0054707892643,-185.73802206598108,331.0556932009101,0.005640417199290973,2.0043563064957914E-4
718.4977550160622,-188.95408628381105,308.06828863818043,819.2069302658085,-182.505837255472,-20.00066947937,819.2069302658085,-182.505837255472,313.1923152607108,0.008181955736830053,5.661324410449726E-4
718.4977550160622,-188.95408628381105,308.06828863818043,828.9897426013833,-179.07832025758063,-20.00066947937,828.9897426013833,-179.07832025758063,308.9436184885102,0.02510253997946951,8.130276428290937E-5
718.4977550160622,-188.95408628381105,308.06828863818043,828.9900867056979,-179.0778246460552,-20.00066947937,828.9900867056979,-179.0778246460552,308.94382901085055,0.025102257573917652,1.601195913885702E-13
718.4977550160622,-188.95408628381105,308.06828863818043,829.0331043033707,-178.9301056773817,-20.00066947937,829.0331043033707,-178.9301056773817,308.87401021552057,0.02536737132503757,1.0838372427676833E-8
718.4977550160622,-188.95408628381105,308.06828863818043,829.1614787696572,-178.49296400046003,-20.00066947937,829.1614787696572,-178.49296400046003,308.0958145577871,0.027975142927313616,9.621408406802943E-7
718.4977550160622,-188.95408628381105,308.06828863818043,852.8602980315823,-169.85042471974867,-20.00066947937,852.8602980315823,-169.85042471974867,301.51450171912495,0.09780403322561074,3.509748301313753E-4
718.4977550160622,-188.95408628381105,308.06828863818043,875.9286445581795,-157.15257287608046,-20.00066947937,875.9286445581795,-157.15257287608046,286.7259653496809,0.32790918269367536,8.971402276615024E-4
718.4977550160622,-188.95408628381105,308.06828863818043,897.3954710773727,-154.94054731285456,-20.00066947937,897.3954710773727,-154.94054731285456,278.95310804373855,0.5857422857909945,4.091652023281606E-4
718.4977550160622,-188.95408628381105,308.06828863818043,913.5801245610858,-156.1957696212377,-20.00066947937,913.5801245610858,-156.1957696212377,278.02599539788264,0.7332253737577518,1.039380500374793E-4
718.4977550160622,-188.95408628381105,308.06828863818043,928.2944740072768,-157.1806611508972,-20.00066947937,928.2944740072768,-157.1806611508972,281.1536523982385,0.7958661347428057,1.3889076596934884E-4
718.4977550160622,-188.95408628381105,308.06828863818043,919.77879963265,-161.46926737953785,-20.00066947937,919.77879963265,-161.46926737953785,289.7913662167785,0.5428314805998409,1.9134996550254166E-4
718.4977550160622,-188.95408628381105,308.06828863818043,904.5071883574481,-167.33605405516352,-20.00066947937,904.5071883574481,-167.33605405516352,296.7274715021371,0.33408688775112383,2.605233725726361E-4
718.4977550160622,-188.95408628381105,308.06828863818043,904.5082285102588,-167.33184777720777,-20.00066947937,904.5082285102588,-167.33184777720777,296.72658112162196,0.3341067598456414,2.9981972576584625E-12
718.4977550160622,-188.95408628381105,308.06828863818043,904.198479024445,-167.67653129394435,-20.00066947937,904.198479024445,-167.67653129394435,297.07835982956647,0.32766770545926954,2.9420642568695313E-7
718.4977550160622,-188.95408628381105,308.06828863818043,904.3154964874736,-167.51174268695402,-20.00066947937,904.3154964874736,-167.51174268695402,296.4901313744672,0.3360478687080863,4.313829384568021E-7
718.4977550160622,-188.95408628381105,308.06828863818043,904.6407427642715,-167.12864396923231,-20.00066947937,904.6407427642715,-167.12864396923231,296.93346278236777,0.33225139069581155,4.15093428242697E-7
718.4977550160622,-188.95408628381105,308.06828863818043,904.4933675985972,-167.32738940747808,-20.00066947937,904.4933675985972,-167.32738940747808,296.58986550266843,0.3358178031251529,1.885227533354065E-7
718.4977550160622,-188.95408628381105,308.06828863818043,904.4843912734023,-167.36328848686216,-20.00066947937,904.4843912734023,-167.36328848686216,296.58805563998754,0.3357704269841056,8.324944440597065E-11
718.4977550160622,-188.95408628381105,308.06828863818043,898.749788292851,-169.1979741719314,-20.00066947937,898.749788292851,-169.1979741719314,299.2954643657339,0.27241954529308965,3.6373192503980705E-5
718.4977550160622,-188.95408628381105,308.06828863818043,892.4875444379431,-171.68771671032232,-20.00066947937,892.4875444379431,-171.68771671032232,303.0745695376995,0.20430777378187026,5.5568781318023464E-5
718.4977550160622,-188.95408628381105,308.06828863818043,886.2370478092864,-172.10095331683814,-20.00066947937,886.2370478092864,-172.10095331683814,302.9436347809851,0.18184671106949032,1.1827569439476087E-5
718.4977550160622,-188.95408628381105,308.06828863818043,881.8309535214729,-172.11091301989626,-20.00066947937,881.8309535214729,-172.11091301989626,303.21485358753574,0.16414823803217438,6.591091369956044E-6
718.4977550160622,-188.95408628381105,308.06828863818043,878.0146040902621,-172.0256549331687,-20.00066947937,878.0146040902621,-172.0256549331687,303.6201807850204,0.14847251364471095,5.68535202460157E-6
718.4977550160622,-188.95408628381105,308.06828863818043,876.4131726238819,-171.33539663085833,-20.00066947937,876.4131726238819,-171.33539663085833,303.31404595359527,0.14620369770512429,1.389094661825927E-6
718.4977550160622,-188.95408628381105,308.06828863818043,876.194792050431,-170.8080737952856,-20.00066947937,876.194792050431,-170.8080737952856,301.8736140539847,0.1574997461271105,2.7975752067629198E-6
718.4977550160622,-188.95408628381105,308.06828863818043,881.9769039922227,-167.73423235115584,-20.00066947937,881.9769039922227,-167.73423235115584,298.5247423226455,0.20980126313288885,4.592501731147045E-5
718.4977550160622,-188.95408628381105,308.06828863818043,893.1235816575893,-164.43762935493146,-20.00066947937,893.1235816575893,-164.43762935493146,293.01037316308475,0.3246182636492305,1.4615288302843055E-4
718.4977550160622,-188.95408628381105,308.06828863818043,900.6177429261879,-165.13345790401237,-20.00066947937,900.6177429261879,-165.13345790401237,291.8855977694037,0.3801388745706071,2.8262203519431994E-5
718.4977550160622,-188.95408628381105,308.06828863818043,902.8916125093353,-166.5819650665861,-20.00066947937,902.8916125093353,-166.5819650665861,293.64247162149786,0.36727535871719996,9.722283592069483E-6
718.4977550160622,-188.95408628381105,308.06828863818043,903.7181551779981,-166.96034432106856,-20.00066947937,903.7181551779981,-166.96034432106856,294.2832890314758,0.36280511667334053,1.256387731814651E-6
718.4977550160622,-188.95408628381105,308.06828863818043,904.0274476368314,-167.07705929692816,-20.00066947937,904.0274476368314,-167.07705929692816,294.52769589635636,0.36110239715243647,1.778230907225315E-7
718.4977550160622,-188.95408628381105,308.06828863818043,904.134764052435,-167.14575048483303,-20.00066947937,904.134764052435,-167.14575048483303,294.571779298432,0.3610549795260266,1.1638153809329596E-8
718.4977550160622,-188.95408628381105,308.06828863818043,904.1398149116044,-167.15631198920892,-20.00066947937,904.1398149116044,-167.15631198920892,294.34242390910254,0.36424086734123756,5.281178345642468E-8
718.4977550160622,-188.95408628381105,308.06828863818043,904.1360255944172,-167.18916494081662,-20.00066947937,904.1360255944172,-167.18916494081662,293.6882651203065,0.3733240083423227,4.228189373712313E-7
718.4977550160622,-188.95408628381105,308.06828863818043,904.1352770296045,-167.1975539470427,-20.00066947937,904.1352770296045,-167.1975539470427,293.5386308270663,0.37542290434646625,2.20771865435292E-8
718.4977550160622,-188.95408628381105,308.06828863818043,904.1349726990526,-167.20170507189306,-20.00066947937,904.1349726990526,-167.20170507189306,293.4588587287304,0.3765458456864104,6.261163747355081E-9
718.4977550160622,-188.95408628381105,308.06828863818043,904.126939981076,-167.20070894554618,-20.00066947937,904.126939981076,-167.20070894554618,293.32401572247556,0.3784110256446935,1.892715182214096E-8
718.4977550160622,-188.95408628381105,308.06828863818043,904.1212046929905,-167.23649816097264,-20.00066947937,904.1212046929905,-167.23649816097264,292.6167290660288,0.38848238812818164,4.957523348582899E-7
718.4977550160622,-188.95408628381105,308.06828863818043,904.1192226261123,-167.24486519030768,-20.00066947937,904.1192226261123,-167.24486519030768,292.456931236708,0.3907782728312488,2.5379341775625193E-8
718.4977550160622,-188.95408628381105,308.06828863818043,904.1185702003103,-167.24881461435598,-20.00066947937,904.1185702003103,-167.24881461435598,292.3791336187035,0.3919012599592277,5.985283241662427E-9
718.4977550160622,-188.95408628381105,308.06828863818043,904.1130009947461,-167.2513291387255,-20.00066947937,904.1130009947461,-167.2513291387255,292.25976691487216,0.39360389312246596,1.4649132713769039E-8
718.4977550160622,-188.95408628381105,308.06828863818043,904.1058316526393,-167.28986870862167,-20.00066947937,904.1058316526393,-167.28986870862167,291.50893819765463,0.40458042278795575,5.597798036784329E-7
718.4977550160622,-188.95408628381105,308.06828863818043,904.1037292589032,-167.29655106206266,-20.00066947937,904.1037292589032,-167.29655106206266,291.38112971070007,0.4064638312919178,1.630821895390076E-8
718.4977550160622,-188.95408628381105,308.06828863818043,904.1027708470344,-167.30089440324346,-20.00066947937,904.1027708470344,-167.30089440324346,291.29727223203076,0.4077053656020943,6.979580303200637E-9
718.4977550160622,-188.95408628381105,308.06828863818043,904.0952520963834,-167.30263225695208,-20.00066947937,904.0952520963834,-167.30263225695208,291.1539852453534,0.40980104176167154,2.1224230111518756E-8
718.4977550160622,-188.95408628381105,308.06828863818043,904.0876259194761,-167.33701828264418,-20.00066947937,904.0876259194761,-167.33701828264418,290.4717623294895,0.420034328731063,4.6287235532124257E-7
718.4977550160622,-188.95408628381105,308.06828863818043,904.0852373025114,-167.3451542813646,-20.00066947937,904.0852373025114,-167.3451542813646,290.3167462191492,0.4223792053390799,2.396850181316182E-8
718.4977550160622,-188.95408628381105,308.06828863818043,904.084328328438,-167.3481076259171,-20.00066947937,904.084328328438,-167.3481076259171,290.25664688568315,0.42329094642768406,3.5986382742898172E-9
718.4977550160622,-188.95408628381105,308.06828863818043,904.0784275199778,-167.3523168044136,-20.00066947937,904.0784275199778,-167.3523168044136,290.10632267632855,0.425557098493189,2.307241882160805E-8
718.4977550160622,-188.95408628381105,308.06828863818043,904.0689891627239,-167.38566064002444,-20.00066947937,904.0689891627239,-167.38566064002444,289.43879387896243,0.43581496109115553,4.446213981960619E-7
718.4977550160622,-188.95408628381105,308.06828863818043,904.0667541637874,-167.39183783243254,-20.00066947937,904.0667541637874,-167.39183783243254,289.32277862933086,0.4376107449211703,1.3483746508401029E-8
718.4977550160622,-188.95408628381105,308.06828863818043,904.0659423247814,-167.39483860835037,-20.00066947937,904.0659423247814,-167.39483860835037,289.259424849736,0.4385963725809325,3.988168696883922E-9
718.4977550160622,-188.95408628381105,308.06828863818043,904.0596755160573,-167.3951156557607,-20.00066947937,904.0596755160573,-167.3951156557607,289.17919731582833,0.4398161350441783,6.834676949788399E-9
718.4977550160622,-188.95408628381105,308.06828863818043,904.053006580639,-167.420472996523,-20.00066947937,904.053006580639,-167.420472996523,288.72034242606986,0.44700598501103783,2.1017153004560743E-7
718.4977550160622,-188.95408628381105,308.06828863818043,904.0483908485683,-167.43523189045916,-20.00066947937,904.0483908485683,-167.43523189045916,288.4060574160628,0.451978303602637,9.845544148584083E-8
718.4977550160622,-188.95408628381105,308.06828863818043,904.0472306886169,-167.4381768491992,-20.00066947937,904.0472306886169,-167.4381768491992,288.33967387144287,0.45303231806919003,4.4004593987473505E-9
718.4977550160622,-188.95408628381105,308.06828863818043,904.0413352296268,-167.4381965343726,-20.00066947937,904.0413352296268,-167.4381965343726,288.260812447203,0.4542601138913062,6.5779571843811035E-9
718.4977550160622,-188.95408628381105,308.06828863818043,904.034755319027,-167.4604751149284,-20.00066947937,904.034755319027,-167.4604751149284,287.84524582188,0.4609105249168305,1.7258949365280202E-7
718.4977550160622,-188.95408628381105,308.06828863818043,904.0300795738353,-167.47441632938583,-20.00066947937,904.0300795738353,-167.47441632938583,287.55563302896644,0.4655851841137922,8.375424232849054E-8
718.4977550160622,-188.95408628381105,308.06828863818043,904.0285841921215,-167.47811326770437,-20.00066947937,904.0285841921215,-167.47811326770437,287.47455432882975,0.46689862676511507,6.573573950760797E-9
718.4977550160622,-188.95408628381105,308.06828863818043,904.0279285845813,-167.48003589867008,-20.00066947937,904.0279285845813,-167.48003589867008,287.44280049929824,0.46741290045104994,1.0125146589390922E-9
718.4977550160622,-188.95408628381105,308.06828863818043,904.0215656471137,-167.48309293739237,-20.00066947937,904.0215656471137,-167.48309293739237,287.3210574763324,0.4693661963337421,1.5349119697570502E-8
718.4977550160622,-188.95408628381105,308.06828863818043,904.0114901926279,-167.5132196370971,-20.00066947937,904.0114901926279,-167.5132196370971,286.7171484453335,0.47927046237357096,3.649755982066843E-7
718.4977550160622,-188.95408628381105,308.06828863818043,904.0094939858176,-167.51785747890617,-20.00066947937,904.0094939858176,-167.51785747890617,286.63079185163906,0.48069443895962255,7.505013173095875E-9
718.4977550160622,-188.95408628381105,308.06828863818043,904.0084807780989,-167.51999080430073,-20.00066947937,904.0084807780989,-167.51999080430073,286.5824611343238,0.481493711495636,2.3418970697641968E-9
718.4977550160622,-188.95408628381105,308.06828863818043,904.002693575562,-167.51989972687824,-20.00066947937,904.002693575562,-167.51989972687824,286.5127252443597,0.48262213085912614,5.191431659861105E-9
718.4977550160622,-188.95408628381105,308.06828863818043,903.9965138057125,-167.53830429910866,-20.00066947937,903.9965138057125,-167.53830429910866,286.1728114247907,0.48828228331792806,1.1577213813262459E-7
718.4977550160622,-188.95408628381105,308.06828863818043,903.9901780730916,-167.5563214583782,-20.00066947937,903.9901780730916,-167.5563214583782,285.81647274566194,0.4942669763512242,1.2712829944608683E-7
718.4977550160622,-188.95408628381105,308.06828863818043,903.9889322290459,-167.55875085564753,-20.00066947937,903.9889322290459,-167.55875085564753,285.7564048374787,0.49528005436671874,3.6154380195865643E-9
718.4977550160622,-188.95408628381105,308.06828863818043,903.9815998461779,-167.56589468789176,-20.00066947937,903.9815998461779,-167.56589468789176,285.559392426554,0.4985913941092338,3.961272984249965E-8
718.4977550160622,-188.95408628381105,308.06828863818043,903.9707790758943,-167.5926605806551,-20.00066947937,903.9707790758943,-167.5926605806551,285.0271486507369,0.5076699938442261,2.8465092699506383E-7
718.4977550160622,-188.95408628381105,308.06828863818043,903.9693095362949,-167.59560532103131,-20.00066947937,903.9693095362949,-167.59560532103131,284.9626547271028,0.508776956823146,4.180713507822302E-9
718.4977550160622,-188.95408628381105,308.06828863818043,903.962884502086,-167.5995270497541,-20.00066947937,903.962884502086,-167.5995270497541,284.832639931783,0.510991268775286,1.7468807739100562E-8
718.4977550160622,-188.95408628381105,308.06828863818043,903.9517259807016,-167.62594412709834,-20.00066947937,903.9517259807016,-167.62594412709834,284.29260862446733,0.5203609729931371,2.9313930263120853E-7
718.4977550160622,-188.95408628381105,308.06828863818043,903.9492458353989,-167.63123511022403,-20.00066947937,903.9492458353989,-167.63123511022403,284.19920690187416,0.5219891199238256,8.819653185900641E-9
718.4977550160622,-188.95408628381105,308.06828863818043,903.9480564411092,-167.6334170724875,-20.00066947937,903.9480564411092,-167.6334170724875,284.1494836916097,0.5228587533039328,2.4877526911579317E-9
718.4977550160622,-188.95408628381105,308.06828863818043,903.9418729682914,-167.63351757864538,-20.00066947937,903.9418729682914,-167.63351757864538,284.0752034933928,0.5241313757314326,5.8939514157631276E-9
718.4977550160622,-188.95408628381105,308.06828863818043,903.9341404216228,-167.65410531929032,-20.00066947937,903.9341404216228,-167.65410531929032,283.7080272395468,0.5305991353086988,1.3561806711669512E-7
718.4977550160622,-188.95408628381105,308.06828863818043,903.9286695601475,-167.66654734127766,-20.00066947937,903.9286695601475,-167.66654734127766,283.4417767418134,0.535326780655952,7.115746319638907E-8
718.4977550160622,-188.95408628381105,308.06828863818043,903.9272911912111,-167.66906945020048,-20.00066947937,903.9272911912111,-167.66906945020048,283.3842698665538,0.5363504773460968,3.3282420155295036E-9
718.4977550160622,-188.95408628381105,308.06828863818043,903.9212383818646,-167.668790793749,-20.00066947937,903.9212383818646,-167.668790793749,283.31753001365587,0.5375111409471912,4.7984954982764684E-9
718.4977550160622,-188.95408628381105,308.06828863818043,903.9152816031452,-167.6840362483111,-20.00066947937,903.9152816031452,-167.6840362483111,283.026854159416,0.5427195507213861,8.488341564201268E-8
718.4977550160622,-188.95408628381105,308.06828863818043,903.9073579147707,-167.7014074515938,-20.00066947937,903.9073579147707,-167.7014074515938,282.6833037958826,0.5489149392949955,1.1891526897276408E-7
718.4977550160622,-188.95408628381105,308.06828863818043,903.9059405191321,-167.70397205234752,-20.00066947937,903.9059405191321,-167.70397205234752,282.62436079059444,0.5499827634186444,3.4971391919808756E-9
718.4977550160622,-188.95408628381105,308.06828863818043,903.8988376415956,-167.70983435684423,-20.00066947937,903.8988376415956,-167.70983435684423,282.45794942313285,0.5529840344120652,2.8439711825707204E-8
