730.2798065030807,-169.49323431479442,308.24905304983986,730.8902828322482,-169.88995478337964,-20.00066947937,730.8902828322482,-169.88995478337964,307.0525176203181,1.2062651608926489E-4,0.14601827095097722
730.2798065030807,-169.49323431479442,308.24905304983986,730.888620453715,-169.88317881633796,-20.00066947937,730.888620453715,-169.88317881633796,307.0592549988126,1.1926565943323926E-4,7.763503952960066E-11
730.2798065030807,-169.49323431479442,308.24905304983986,730.879827056599,-169.87959593377806,-20.00066947937,730.879827056599,-169.87959593377806,307.01311252132064,1.2872134605503209E-4,3.6335982709398748E-9
730.2798065030807,-169.49323431479442,308.24905304983986,730.8815867697539,-169.87058837126725,-20.00066947937,730.8815867697539,-169.87058837126725,307.0066727322446,1.3006898771879933E-4,7.099154501603744E-11
730.2798065030807,-169.49323431479442,308.24905304983986,730.9308790157396,-169.793587663939,-20.00066947937,730.9308790157396,-169.793587663939,307.0033220959166,1.3077681697127772E-4,2.0955562158803393E-11
730.2798065030807,-169.49323431479442,308.24905304983986,731.4627145166194,-169.7457962610257,-20.00066947937,731.4627145166194,-169.7457962610257,306.9257573106862,1.479509800763694E-4,1.0666310699355955E-8
730.2798065030807,-169.49323431479442,308.24905304983986,731.9709634246881,-169.89019668027973,-20.00066947937,731.9709634246881,-169.89019668027973,306.6476851824423,2.1754712334399776E-4,1.342894887134708E-7
730.2798065030807,-169.49323431479442,308.24905304983986,731.1324004444876,-169.96145714784794,-20.00066947937,731.1324004444876,-169.96145714784794,305.12115922725343,8.337855660459045E-4,4.015842018650055E-6
730.2798065030807,-169.49323431479442,308.24905304983986,729.8065624865538,-170.2516879778227,-20.00066947937,729.8065624865538,-170.2516879778227,302.7225544770281,0.0026404230018165463,9.95031003051803E-6
730.2798065030807,-169.49323431479442,308.24905304983986,728.3476542804242,-170.0634668960714,-20.00066947937,728.3476542804242,-170.0634668960714,299.70661874171674,0.006434711258993242,1.5853050515635934E-5
730.2798065030807,-169.49323431479442,308.24905304983986,727.8064528252812,-169.2751272867617,-20.00066947937,727.8064528252812,-169.2751272867617,297.661616846913,0.010015274840516286,7.240728066942536E-6
730.2798065030807,-169.49323431479442,308.24905304983986,727.791612251944,-168.9630654852729,-20.00066947937,727.791612251944,-168.9630654852729,296.4774977614378,0.012472393897008414,2.4091319659667866E-6
730.2798065030807,-169.49323431479442,308.24905304983986,727.9097844562109,-168.74767684907223,-20.00066947937,727.9097844562109,-168.74767684907223,295.7488747465296,0.01412675983746075,9.120523885483468E-7
730.2798065030807,-169.49323431479442,308.24905304983986,727.9412653750344,-168.70280185251303,-20.00066947937,727.9412653750344,-168.70280185251303,295.3403796961972,0.015103202155684682,2.8558938568261114E-7
730.2798065030807,-169.49323431479442,308.24905304983986,727.8695757504505,-168.66136918959225,-20.00066947937,727.8695757504505,-168.66136918959225,294.905239897566,0.01618397317185281,3.245165794443321E-7
730.2798065030807,-169.49323431479442,308.24905304983986,726.9832070967122,-168.64333776935328,-20.00066947937,726.9832070967122,-168.64333776935328,293.56627217382515,0.01978072979604862,3.1166581668548475E-6
730.2798065030807,-169.49323431479442,308.24905304983986,724.0323064138344,-175.77138124362165,-20.00066947937,724.0323064138344,-175.77138124362165,296.7382224707938,0.0121344924385614,1.8624046735589946E-5
730.2798065030807,-169.49323431479442,308.24905304983986,715.7919060886883,-193.14554839299646,-20.00066947937,715.7919060886883,-193.14554839299646,311.26748580185017,2.802797596121618E-4,4.522907168401599E-4
730.2798065030807,-169.49323431479442,308.24905304983986,696.2161167475158,-207.65926790109486,-20.00066947937,696.2161167475158,-207.65926790109486,324.1946234957438,0.010908868888019632,4.5022920028763946E-4
730.2798065030807,-169.49323431479442,308.24905304983986,687.8519981049484,-205.423557621531,-20.00066947937,687.8519981049484,-205.423557621531,319.28618383451186,0.003164388063694406,6.29840287822996E-5
730.2798065030807,-169.49323431479442,308.24905304983986,702.3842217943665,-182.15822969605384,-20.00066947937,702.3842217943665,-182.15822969605384,302.9241210538052,0.0039340352078814835,5.649056239733272E-4
730.2798065030807,-169.49323431479442,308.24905304983986,722.9533935318764,-166.9182177703661,-20.00066947937,722.9533935318764,-166.9182177703661,292.8870555856694,0.021955262097173238,1.666768970561537E-4
730.2798065030807,-169.49323431479442,308.24905304983986,754.9353842701413,-148.06341922506658,-20.00066947937,754.9353842701413,-148.06341922506658,283.269885478691,0.06924153106052765,2.2453980211056913E-4
730.2798065030807,-169.49323431479442,308.24905304983986,780.6026017286583,-137.12592686837974,-20.00066947937,780.6026017286583,-137.12592686837974,282.05037106250046,0.09855017356377573,4.252191394511841E-5
730.2798065030807,-169.49323431479442,308.24905304983986,795.1865671749894,-138.57872107072825,-20.00066947937,795.1865671749894,-138.57872107072825,287.81780838392217,0.07559978604304217,1.1834253795814355E-4
730.2798065030807,-169.49323431479442,308.24905304983986,784.8916563004498,-152.52940249781525,-20.00066947937,784.8916563004498,-152.52940249781525,300.1939668710145,0.014833546485120188,3.646244896018299E-4
730.2798065030807,-169.49323431479442,308.24905304983986,757.5187830678134,-176.2386765986697,-20.00066947937,757.5187830678134,-176.2386765986697,313.8522638414015,0.0015674827162785742,3.836436098115374E-4
730.2798065030807,-169.49323431479442,308.24905304983986,726.8849806911954,-198.30134543215055,-20.00066947937,726.8849806911954,-198.30134543215055,321.08604178780297,0.010333851680428613,9.397211749766892E-5
730.2798065030807,-169.49323431479442,308.24905304983986,697.3359625178016,-215.30366121032895,-20.00066947937,697.3359625178016,-215.30366121032895,320.1604939430074,0.003917564446236246,3.379280209597138E-5
730.2798065030807,-169.49323431479442,308.24905304983986,673.6340476466196,-222.75615244443367,-20.00066947937,673.6340476466196,-222.75615244443367,312.44801460197027,0.0019426870582882208,2.4419100785227617E-4
730.2798065030807,-169.49323431479442,308.24905304983986,676.9759160731409,-211.12678550466262,-20.00066947937,676.9759160731409,-211.12678550466262,300.3935806834055,0.019078028169401413,3.2980342445472754E-4
730.2798065030807,-169.49323431479442,308.24905304983986,700.0391456445843,-186.34129367301045,-20.00066947937,700.0391456445843,-186.34129367301045,287.15781245082565,0.05007569032073791,4.0903784709888367E-4
730.2798065030807,-169.49323431479442,308.24905304983986,727.3876468522196,-162.59854856327314,-20.00066947937,727.3876468522196,-162.59854856327314,274.7512615742741,0.11683323037615127,2.2480863170270442E-4
730.2798065030807,-169.49323431479442,308.24905304983986,751.1689291601957,-143.71848824760838,-20.00066947937,751.1689291601957,-143.71848824760838,263.4016845815248,0.24249888198239905,3.0577924384558267E-4
730.2798065030807,-169.49323431479442,308.24905304983986,772.2747815026082,-130.26911476263982,-20.00066947937,772.2747815026082,-130.26911476263982,253.2064720862438,0.43457042832285037,3.2548240059142677E-4
730.2798065030807,-169.49323431479442,308.24905304983986,778.8450042504337,-127.43650799262713,-20.00066947937,778.8450042504337,-127.43650799262713,241.29286073192517,0.7060210313307294,2.98648232764381E-4
730.2798065030807,-169.49323431479442,308.24905304983986,773.4672185721786,-136.50622296119357,-20.00066947937,773.4672185721786,-136.50622296119357,228.90338551519702,1.0,3.3898332178212607E-4
730.2798065030807,-169.49323431479442,308.24905304983986,773.31170974311,-148.87907313910344,-20.00066947937,773.31170974311,-148.87907313910344,228.3500707556939,1.0,2.0604382889450395E-6
730.2798065030807,-169.49323431479442,308.24905304983986,776.6058015816973,-157.49988327284603,-20.00066947937,776.6058015816973,-157.49988327284603,240.28856317955092,0.6777889852024559,2.805490203578737E-4
730.2798065030807,-169.49323431479442,308.24905304983986,774.2312558995643,-169.55902914941447,-20.00066947937,774.2312558995643,-169.55902914941447,273.09167505746206,0.15197849675725358,0.0021866757445154275
730.2798065030807,-169.49323431479442,308.24905304983986,757.3705522661036,-182.22013425029212,-20.00066947937,757.3705522661036,-182.22013425029212,305.6596466511603,0.0013248741032044432,0.002390555916335975
730.2798065030807,-169.49323431479442,308.24905304983986,731.8521756775477,-197.61700423598688,-20.00066947937,731.8521756775477,-197.61700423598688,328.9471271065505,0.028081636232789208,0.0010628973191534959
730.2798065030807,-169.49323431479442,308.24905304983986,704.0613352804187,-209.76995599427104,-20.00066947937,704.0613352804187,-209.76995599427104,338.3752589423644,0.04968232158556885,2.448401293456521E-4
730.2798065030807,-169.49323431479442,308.24905304983986,688.4127684345484,-203.81719445482045,-20.00066947937,688.4127684345484,-203.81719445482045,327.9558412943707,0.017337827779838364,2.8063680979849753E-4
730.2798065030807,-169.49323431479442,308.24905304983986,697.9328805988613,-186.45802879169142,-20.00066947937,697.9328805988613,-186.45802879169142,307.9426187573256,4.5523816020819546E-4,8.636981651695089E-4
730.2798065030807,-169.49323431479442,308.24905304983986,721.0599416266077,-167.39493100516486,-20.00066947937,721.0599416266077,-167.39493100516486,289.5167043649096,0.03344626971394729,6.023152332859698E-4
730.2798065030807,-169.49323431479442,308.24905304983986,753.9157459972791,-149.71531550352128,-20.00066947937,753.9157459972791,-149.71531550352128,277.13389138293644,0.10806190549755185,3.4445702240012125E-4
730.2798065030807,-169.49323431479442,308.24905304983986,786.5928532902375,-129.31251173796002,-20.00066947937,786.5928532902375,-129.31251173796002,262.0409861076088,0.3228492018818167,8.017994652320403E-4
730.2798065030807,-169.49323431479442,308.24905304983986,809.3424806416253,-118.29738876900282,-20.00066947937,809.3424806416253,-118.29738876900282,239.34918448324885,0.9029199869724973,0.001488721030514727
730.2798065030807,-169.49323431479442,308.24905304983986,812.2460629508402,-117.54083742427547,-20.00066947937,812.2460629508402,-117.54083742427547,207.4618242098395,1.0,0.0018636371751326343
730.2798065030807,-169.49323431479442,308.24905304983986,787.7219844170514,-129.834746411478,-20.00066947937,787.7219844170514,-129.834746411478,177.1978054497189,1.0,0.0024185166284063876
730.2798065030807,-169.49323431479442,308.24905304983986,778.8924337217659,-144.21535337471997,-20.00066947937,778.8924337217659,-144.21535337471997,175.59634522738136,1.0,2.134070654907821E-5
730.2798065030807,-169.49323431479442,308.24905304983986,781.5375350780071,-158.56737602727986,-20.00066947937,781.5375350780071,-158.56737602727986,187.69443874848446,1.0,2.814396848673537E-4
730.2798065030807,-169.49323431479442,308.24905304983986,792.0788041917606,-170.2964788219841,-20.00066947937,792.0788041917606,-170.2964788219841,213.9241231545869,1.0,0.001476541099443903
730.2798065030807,-169.49323431479442,308.24905304983986,801.2332059146048,-176.25009941060975,-20.00066947937,801.2332059146048,-176.25009941060975,244.0411602177988,0.6665509415125426,0.0019568863002018396
730.2798065030807,-169.49323431479442,308.24905304983986,799.5173399696794,-178.26506218932255,-20.00066947937,799.5173399696794,-178.26506218932255,290.02536225823235,0.06117896765682447,0.004468130981762533
730.2798065030807,-169.49323431479442,308.24905304983986,782.4726636657217,-184.5132106116365,-20.00066947937,782.4726636657217,-184.5132106116365,329.32638141065036,0.020359068446214382,0.003730471541240933
730.2798065030807,-169.49323431479442,308.24905304983986,753.7498378369178,-194.7990964867339,-20.00066947937,753.7498378369178,-194.7990964867339,357.4434537219489,0.14184583740922754,0.0017700888818190544
730.2798065030807,-169.49323431479442,308.24905304983986,726.1141555162617,-201.93159345118937,-20.00066947937,726.1141555162617,-201.93159345118937,362.0053854738518,0.16760846150021072,3.2833328245248144E-5
730.2798065030807,-169.49323431479442,308.24905304983986,717.2384248028085,-195.4577053252652,-20.00066947937,717.2384248028085,-195.4577053252652,346.7001185162586,0.09245879390990473,4.7547794739535935E-4
730.2798065030807,-169.49323431479442,308.24905304983986,721.0705927296805,-178.92946901951981,-20.00066947937,721.0705927296805,-178.92946901951981,325.0103128237872,0.020576092578152922,9.301914639102866E-4
730.2798065030807,-169.49323431479442,308.24905304983986,737.2898263489868,-156.35882777659612,-20.00066947937,737.2898263489868,-156.35882777659612,292.3156353366271,0.0244272680941167,0.0022491318892110135
730.2798065030807,-169.49323431479442,308.24905304983986,752.9132270295762,-136.59391732828578,-20.00066947937,752.9132270295762,-136.59391732828578,249.04496202451008,0.47216389521132834,0.0046288592658136314
730.2798065030807,-169.49323431479442,308.24905304983986,762.5556878380453,-124.56750250286193,-20.00066947937,762.5556878380453,-124.56750250286193,204.6936802888772,1.0,0.004766677195003134
730.2798065030807,-169.49323431479442,308.24905304983986,765.8596443089713,-123.06641973853382,-20.00066947937,765.8596443089713,-123.06641973853382,160.3580311338504,1.0,0.004282513397010065
730.2798065030807,-169.49323431479442,308.24905304983986,767.3620488810311,-124.41266802817029,-20.00066947937,767.3620488810311,-124.41266802817029,132.7008886978976,1.0,0.0014921153273002776
730.2798065030807,-169.49323431479442,308.24905304983986,765.0244919898498,-126.05204095176029,-20.00066947937,765.0244919898498,-126.05204095176029,107.23060534087534,1.0,0.0012706756234153636
730.2798065030807,-169.49323431479442,308.24905304983986,762.0835391314928,-131.27082940298106,-20.00066947937,762.0835391314928,-131.27082940298106,82.47041435394144,1.0,0.00125571363562412
730.2798065030807,-169.49323431479442,308.24905304983986,759.7725396693577,-135.51650148156975,-20.00066947937,759.7725396693577,-135.51650148156975,62.121546659850026,1.0,8.236133164257428E-4
730.2798065030807,-169.49323431479442,308.24905304983986,757.8956514519373,-138.31428161700376,-20.00066947937,757.8956514519373,-138.31428161700376,44.284916106954086,1.0,6.15992548076018E-4
730.2798065030807,-169.49323431479442,308.24905304983986,757.7147907793344,-138.1515893758567,-20.00066947937,757.7147907793344,-138.1515893758567,30.548269514658045,1.0,3.402841803920875E-4
730.2798065030807,-169.49323431479442,308.24905304983986,761.1735070377042,-141.95176892175243,-20.00066947937,761.1735070377042,-141.95176892175243,26.31854131123373,1.0,3.987049216414939E-5
730.2798065030807,-169.49323431479442,308.24905304983986,770.315516346698,-148.14176283451596,-20.00066947937,770.315516346698,-148.14176283451596,37.661813151264994,1.0,2.8702904537452955E-4
730.2798065030807,-169.49323431479442,308.24905304983986,781.0527586059113,-156.9033494591363,-20.00066947937,781.0527586059113,-156.9033494591363,64.47549141110574,1.0,0.0015888794432246537
730.2798065030807,-169.49323431479442,308.24905304983986,804.5421561302015,-167.2262473494437,-20.00066947937,804.5421561302015,-167.2262473494437,105.35865601336641,1.0,0.0042917748501324245
730.2798065030807,-169.49323431479442,308.24905304983986,836.0035536891436,-174.21419613266872,-20.00066947937,836.0035536891436,-174.21419613266872,162.4828559207482,1.0,0.009450368200234954
730.2798065030807,-169.49323431479442,308.24905304983986,858.49388832501,-172.89375217638025,-20.00066947937,858.49388832501,-172.89375217638025,221.4077624351845,1.0,0.008729324587620255
730.2798065030807,-169.49323431479442,308.24905304983986,858.6955354630363,-166.58035275672296,-20.00066947937,858.6955354630363,-166.58035275672296,266.8447943811917,0.4713046736755982,0.003351756026065127
730.2798065030807,-169.49323431479442,308.24905304983986,845.3464331764649,-158.27204802950033,-20.00066947937,845.3464331764649,-158.27204802950033,302.9498151498344,0.054209263173772504,0.002867643142239127
730.2798065030807,-169.49323431479442,308.24905304983986,828.9773033682939,-149.70059177132086,-20.00066947937,828.9773033682939,-149.70059177132086,304.6170553467507,0.02993035561723551,6.524147248815226E-5
730.2798065030807,-169.49323431479442,308.24905304983986,816.5807801844394,-141.81415384293516,-20.00066947937,816.5807801844394,-141.81415384293516,283.8375310941102,0.13126142259299828,0.0010263953362293905
730.2798065030807,-169.49323431479442,308.24905304983986,809.2737985894045,-128.49069515701044,-20.00066947937,809.2737985894045,-128.49069515701044,241.1150136800164,0.8235246163986487,0.004144090787433869
730.2798065030807,-169.49323431479442,308.24905304983986,805.9420833624824,-119.4848984257591,-20.00066947937,805.9420833624824,-119.4848984257591,187.5036336498594,1.0,0.006408897960353651
730.2798065030807,-169.49323431479442,308.24905304983986,804.0806207462027,-114.403602548305,-20.00066947937,804.0806207462027,-114.403602548305,140.879984020083,1.0,0.004464838119640357
730.2798065030807,-169.49323431479442,308.24905304983986,798.0474370302119,-110.26015782269272,-20.00066947937,798.0474370302119,-110.26015782269272,109.5434465234888,1.0,0.001997035973446367
730.2798065030807,-169.49323431479442,308.24905304983986,795.9875468872928,-110.10838117983833,-20.00066947937,795.9875468872928,-110.10838117983833,87.26156825953811,1.0,8.711964367916338E-4
730.2798065030807,-169.49323431479442,308.24905304983986,794.5647741203204,-113.96530218306803,-20.00066947937,794.5647741203204,-113.96530218306803,74.47499289771307,1.0,3.0491328516641996E-4
730.2798065030807,-169.49323431479442,308.24905304983986,793.20139596197,-122.17416792240762,-20.00066947937,793.20139596197,-122.17416792240762,76.24269779097682,1.0,1.5070467393331649E-5
730.2798065030807,-169.49323431479442,308.24905304983986,799.2315551402621,-134.39274299478467,-20.00066947937,799.2315551402621,-134.39274299478467,94.71120517014336,1.0,7.543623124432891E-4
730.2798065030807,-169.49323431479442,308.24905304983986,800.6839041282194,-147.8501265530358,-20.00066947937,800.6839041282194,-147.8501265530358,127.85249616913123,1.0,0.002208668167531457
730.2798065030807,-169.49323431479442,308.24905304983986,795.6486286856724,-160.87012089897001,-20.00066947937,795.6486286856724,-160.87012089897001,164.96545407178476,1.0,0.0029135870350128464
730.2798065030807,-169.49323431479442,308.24905304983986,792.4496052493475,-170.73028328570564,-20.00066947937,792.4496052493475,-170.73028328570564,195.29444809760102,1.0,0.0018224702605972038
730.2798065030807,-169.49323431479442,308.24905304983986,787.3051987947396,-176.04043106087198,-20.00066947937,787.3051987947396,-176.04043106087198,218.44102384792677,1.0,0.0010812487018339492
730.2798065030807,-169.49323431479442,308.24905304983986,780.6784001410638,-177.7008692267332,-20.00066947937,780.6784001410638,-177.7008692267332,235.63396526051002,0.8073111043083181,6.033799662647902E-4
730.2798065030807,-169.49323431479442,308.24905304983986,771.1184579107424,-178.21761507176444,-20.00066947937,771.1184579107424,-178.21761507176444,253.84320000386955,0.3906354341745633,6.948553225174891E-4
730.2798065030807,-169.49323431479442,308.24905304983986,762.6691566531805,-177.41682110248766,-20.00066947937,762.6691566531805,-177.41682110248766,265.14783972082284,0.2220606685947707,2.6215966283679395E-4
730.2798065030807,-169.49323431479442,308.24905304983986,756.0002188134206,-176.2420386886565,-20.00066947937,756.0002188134206,-176.2420386886565,272.18287918440274,0.1454283612634656,9.968781785909357E-5
730.2798065030807,-169.49323431479442,308.24905304983986,750.8415481716011,-174.9056885581791,-20.00066947937,750.8415481716011,-174.9056885581791,276.3941884235401,0.10849509351363713,3.545834738732954E-5
730.2798065030807,-169.49323431479442,308.24905304983986,747.1426727863042,-173.57654649758996,-20.00066947937,747.1426727863042,-173.57654649758996,278.7981195927951,0.0901764265735819,1.153744023098478E-5
730.2798065030807,-169.49323431479442,308.24905304983986,744.2271511687927,-172.43022476443915,-20.00066947937,744.2271511687927,-172.43022476443915,280.24509133070444,0.08003292805057356,4.208450092029228E-6
730.2798065030807,-169.49323431479442,308.24905304983986,741.9741522768891,-171.50565841030368,-20.00066947937,741.9741522768891,-171.50565841030368,281.1758753400408,0.07388062842763898,1.7378596294003305E-6
730.2798065030807,-169.49323431479442,308.24905304983986,740.4656209372275,-170.93059103373727,-20.00066947937,740.4656209372275,-170.93059103373727,281.7392005442466,0.0703162321678704,6.328410035645493E-7
730.2798065030807,-169.49323431479442,308.24905304983986,739.407101897093,-170.5135014165387,-20.00066947937,739.407101897093,-170.5135014165387,282.0951623468843,0.06812105369396498,2.5254426403451344E-7
730.2798065030807,-169.49323431479442,308.24905304983986,738.6261254132643,-170.2572401470709,-20.00066947937,738.6261254132643,-170.2572401470709,282.2775221450207,0.06698761374881367,6.941147737560355E-8
730.2798065030807,-169.49323431479442,308.24905304983986,738.0539535486514,-170.05760554851904,-20.00066947937,738.0539535486514,-170.05760554851904,281.8052264599374,0.06957764577922743,4.027912665084995E-7
730.2798065030807,-169.49323431479442,308.24905304983986,736.8390288840696,-169.92624426953438,-20.00066947937,736.8390288840696,-169.92624426953438,280.2298648323367,0.07875564677586569,4.390210884019307E-6
730.2798065030807,-169.49323431479442,308.24905304983986,736.6333007688545,-170.12130170977161,-20.00066947937,736.6333007688545,-170.12130170977161,279.2483234321414,0.08488919207280042,1.6652760068973708E-6
730.2798065030807,-169.49323431479442,308.24905304983986,736.5221592438521,-170.19736341939733,-20.00066947937,736.5221592438521,-170.19736341939733,278.7325519940879,0.08822103527612353,4.5855417593434107E-7
730.2798065030807,-169.49323431479442,308.24905304983986,736.378196673163,-170.1798585614227,-20.00066947937,736.378196673163,-170.1798585614227,278.48596910568926,0.08982991824654381,1.0600176874181658E-7
730.2798065030807,-169.49323431479442,308.24905304983986,736.3343648892042,-170.1909889483146,-20.00066947937,736.3343648892042,-170.1909889483146,278.3502448131748,0.09072720216702872,3.179114793865536E-8
730.2798065030807,-169.49323431479442,308.24905304983986,735.8468729099682,-170.08549350437278,-20.00066947937,735.8468729099682,-170.08549350437278,277.8870663213606,0.09379123898761221,3.7946398537150255E-7
730.2798065030807,-169.49323431479442,308.24905304983986,734.584802464244,-169.8435792610368,-20.00066947937,734.584802464244,-169.8435792610368,276.56746542640883,0.10289306731009805,3.0570670267004013E-6
730.2798065030807,-169.49323431479442,308.24905304983986,734.4541709014024,-170.03618976822042,-20.00066947937,734.4541709014024,-170.03618976822042,275.78730796419666,0.10857931534572295,1.0472385962859343E-6
730.2798065030807,-169.49323431479442,308.24905304983986,734.4140115552651,-170.06279579295463,-20.00066947937,734.4140115552651,-170.06279579295463,275.78699322370926,0.10857855458935194,1.269664258124289E-12
730.2798065030807,-169.49323431479442,308.24905304983986,733.9202293420946,-170.83027387207187,-20.00066947937,733.9202293420946,-170.83027387207187,276.37982176578817,0.10421029308283737,6.161159558770307E-7
730.2798065030807,-169.49323431479442,308.24905304983986,734.2899318846502,-170.40697501599297,-20.00066947937,734.2899318846502,-170.40697501599297,276.20450545606764,0.10550271580801979,5.56021606092371E-8
730.2798065030807,-169.49323431479442,308.24905304983986,730.3744639830917,-173.48237507199252,-20.00066947937,730.3744639830917,-173.48237507199252,278.60561588745134,0.08884071974002362,9.97659631783659E-6
730.2798065030807,-169.49323431479442,308.24905304983986,724.7356081617431,-182.50435801588995,-20.00066947937,724.7356081617431,-182.50435801588995,289.9548248461914,0.0324050358935882,2.4728009612661383E-4
730.2798065030807,-169.49323431479442,308.24905304983986,721.0039980399707,-185.205540575453,-20.00066947937,721.0039980399707,-185.205540575453,298.9171897626193,0.008565443036971512,1.5074499725326203E-4
730.2798065030807,-169.49323431479442,308.24905304983986,714.1494375679432,-186.19992581548448,-20.00066947937,714.1494375679432,-186.19992581548448,303.55119075373017,0.002617991725246849,4.267265244060297E-5
730.2798065030807,-169.49323431479442,308.24905304983986,713.9809565867994,-183.44169554011617,-20.00066947937,713.9809565867994,-183.44169554011617,302.58880933817113,0.0034988508198981754,1.972159768869605E-6
730.2798065030807,-169.49323431479442,308.24905304983986,713.5309489679439,-183.99697055340678,-20.00066947937,713.5309489679439,-183.99697055340678,303.64616960956937,0.0024590567211797286,2.0735655051672776E-6
730.2798065030807,-169.49323431479442,308.24905304983986,710.5100423126044,-192.39846454650615,-20.00066947937,710.5100423126044,-192.39846454650615,311.12332272323806,1.804574957947351E-4,1.1668999987826587E-4
730.2798065030807,-169.49323431479442,308.24905304983986,699.9695772857247,-206.37037090526127,-20.00066947937,699.9695772857247,-206.37037090526127,326.5211848332131,0.016460495430889722,5.62298955010127E-4
730.2798065030807,-169.49323431479442,308.24905304983986,680.3474460103128,-218.70172639018173,-20.00066947937,680.3474460103128,-218.70172639018173,340.52542068140156,0.04283968547670194,5.76161868701175E-4
730.2798065030807,-169.49323431479442,308.24905304983986,660.578758490395,-229.976151012799,-20.00066947937,660.578758490395,-229.976151012799,348.545547547757,0.050367957982741726,2.9609786290845877E-4
730.2798065030807,-169.49323431479442,308.24905304983986,648.1452965796607,-231.1918143145056,-20.00066947937,648.1452965796607,-231.1918143145056,343.77654226520434,0.02673954552038344,9.281207773183412E-5
730.2798065030807,-169.49323431479442,308.24905304983986,668.0133462618362,-218.82244154923552,-20.00066947937,668.0133462618362,-218.82244154923552,332.3992450011329,0.015606504815118842,4.483069847316941E-4
730.2798065030807,-169.49323431479442,308.24905304983986,708.4293759945049,-197.83344850923464,-20.00066947937,708.4293759945049,-197.83344850923464,326.340924338503,0.019562092152752564,9.613031886533232E-5
730.2798065030807,-169.49323431479442,308.24905304983986,742.2104011207888,-172.60943794857425,-20.00066947937,742.2104011207888,-172.60943794857425,325.7126201404247,0.022360619948958278,6.340195356909834E-7
730.2798065030807,-169.49323431479442,308.24905304983986,773.8643564622071,-145.58196541353269,-20.00066947937,773.8643564622071,-145.58196541353269,321.5693064419156,0.007075464203667092,1.0223190036203945E-4
730.2798065030807,-169.49323431479442,308.24905304983986,804.6720985357534,-123.12053699429642,-20.00066947937,804.6720985357534,-123.12053699429642,311.2464523461761,0.005935258513038733,5.723805401949187E-4
730.2798065030807,-169.49323431479442,308.24905304983986,823.8567075778774,-111.5794498072111,-20.00066947937,823.8567075778774,-111.5794498072111,305.39372755114846,0.03681536734271377,2.410478960720021E-4
730.2798065030807,-169.49323431479442,308.24905304983986,847.4849266994797,-105.32013819292294,-20.00066947937,847.4849266994797,-105.32013819292294,296.6966395491419,0.12759105587204972,4.342885693534543E-4
730.2798065030807,-169.49323431479442,308.24905304983986,857.1968136091775,-111.88078092291934,-20.00066947937,857.1968136091775,-111.88078092291934,290.0311869311811,0.2031921347899603,1.707932129101152E-4
730.2798065030807,-169.49323431479442,308.24905304983986,835.0911114002407,-137.05039224363466,-20.00066947937,835.0911114002407,-137.05039224363466,291.94817250436347,0.10787214860416548,1.4229021524954025E-4
730.2798065030807,-169.49323431479442,308.24905304983986,788.505606110651,-171.4898022654737,-20.00066947937,788.505606110651,-171.4898022654737,302.1295493005922,0.010976263448992031,3.245923253429391E-4
730.2798065030807,-169.49323431479442,308.24905304983986,743.4573355103104,-204.66209633883096,-20.00066947937,743.4573355103104,-204.66209633883096,311.9306969727404,1.9375566791269536E-4,1.919255344887472E-4
730.2798065030807,-169.49323431479442,308.24905304983986,693.6060876968629,-235.64588124138606,-20.00066947937,693.6060876968629,-235.64588124138606,319.2912570462433,4.655687298325947E-4,3.3375715058094334E-4
730.2798065030807,-169.49323431479442,308.24905304983986,666.5151852067945,-251.35999313492835,-20.00066947937,666.5151852067945,-251.35999313492835,320.853786667391,8.992023737247729E-4,1.3032618821601203E-4
730.2798065030807,-169.49323431479442,308.24905304983986,646.0935031525347,-257.94904839190104,-20.00066947937,646.0935031525347,-257.94904839190104,319.3041575784149,0.009327371319643831,8.661373037586018E-5
730.2798065030807,-169.49323431479442,308.24905304983986,647.8530999469847,-248.32103735775252,-20.00066947937,647.8530999469847,-248.32103735775252,311.74669718332945,0.020290993448595307,1.4998769096352167E-4
730.2798065030807,-169.49323431479442,308.24905304983986,680.775865123435,-218.3423508314742,-20.00066947937,680.775865123435,-218.3423508314742,304.67705161475067,0.010067025531623149,3.166110359948747E-4
730.2798065030807,-169.49323431479442,308.24905304983986,711.6361406856763,-171.43590069851754,-20.00066947937,711.6361406856763,-171.43590069851754,299.7347302588217,0.007208930892480367,7.860430493685219E-6
730.2798065030807,-169.49323431479442,308.24905304983986,746.1448198936466,-122.1024897776853,-20.00066947937,746.1448198936466,-122.1024897776853,289.3527710034805,0.04836996843168316,3.3566981229134213E-4
730.2798065030807,-169.49323431479442,308.24905304983986,775.2313638893924,-86.6818496235408,-20.00066947937,775.2313638893924,-86.6818496235408,275.213265450201,0.22129885755163184,9.979758390010762E-4
730.2798065030807,-169.49323431479442,308.24905304983986,801.5732868337604,-67.6846076328824,-20.00066947937,801.5732868337604,-67.6846076328824,261.7486073272673,0.5435877874378369,8.541585821797844E-4
730.2798065030807,-169.49323431479442,308.24905304983986,821.9410824510122,-66.31389567929503,-20.00066947937,821.9410824510122,-66.31389567929503,250.57830916113238,0.8987423943259194,3.811862679991159E-4
730.2798065030807,-169.49323431479442,308.24905304983986,838.122492372277,-80.69826263077431,-20.00066947937,838.122492372277,-80.69826263077431,243.3896043946028,1.0,3.3725900649042356E-4
730.2798065030807,-169.49323431479442,308.24905304983986,851.6162946203505,-109.95713675063764,-20.00066947937,851.6162946203505,-109.95713675063764,239.4663305068337,1.0,2.194903302914903E-4
730.2798065030807,-169.49323431479442,308.24905304983986,853.2987212504082,-137.76418018110027,-20.00066947937,853.2987212504082,-137.76418018110027,236.34964743107943,1.0,3.690359471241933E-5
730.2798065030807,-169.49323431479442,308.24905304983986,842.2544399934627,-168.81842706992043,-20.00066947937,842.2544399934627,-168.81842706992043,234.98336287786978,1.0,1.7649509484726875E-5
730.2798065030807,-169.49323431479442,308.24905304983986,815.4350842723261,-200.22008968836494,-20.00066947937,815.4350842723261,-200.22008968836494,236.46185732160876,0.9664715652112511,1.2233115507270402E-4
730.2798065030807,-169.49323431479442,308.24905304983986,753.0026736280408,-244.71548118440592,-20.00066947937,753.0026736280408,-244.71548118440592,246.6320891284671,0.6362141002581647,4.258940582107077E-4
730.2798065030807,-169.49323431479442,308.24905304983986,700.4186374157795,-270.45072860909005,-20.00066947937,700.4186374157795,-270.45072860909005,256.30003494046343,0.5518711519944052,4.695426068073599E-4
730.2798065030807,-169.49323431479442,308.24905304983986,645.2586587161258,-285.5318914555525,-20.00066947937,645.2586587161258,-285.5318914555525,264.13815344400086,0.6145486617164759,7.204176037010447E-4
730.2798065030807,-169.49323431479442,308.24905304983986,616.7691718460225,-282.63252376861413,-20.00066947937,616.7691718460225,-282.63252376861413,265.3049029084197,0.707257038593235,1.3978804566658354E-4
730.2798065030807,-169.49323431479442,308.24905304983986,640.263399546264,-242.36719244715965,-20.00066947937,640.263399546264,-242.36719244715965,262.2069553890155,0.49039386311576555,3.519304227174899E-4
730.2798065030807,-169.49323431479442,308.24905304983986,693.7374185922353,-184.2989534226149,-20.00066947937,693.7374185922353,-184.2989534226149,259.3064344827641,0.3036327243474181,6.531288797702206E-6
730.2798065030807,-169.49323431479442,308.24905304983986,744.2021226375887,-133.8154179942875,-20.00066947937,744.2021226375887,-133.8154179942875,254.53667308438253,0.3736535976740271,3.6636423640967555E-5
730.2798065030807,-169.49323431479442,308.24905304983986,787.3959433467667,-93.56846417527706,-20.00066947937,787.3959433467667,-93.56846417527706,248.35658447496252,0.6726732543515199,5.276801352551723E-4
730.2798065030807,-169.49323431479442,308.24905304983986,828.498589343955,-72.05000028266548,-20.00066947937,828.498589343955,-72.05000028266548,238.20010450766426,1.0,9.790078696758347E-4
730.2798065030807,-169.49323431479442,308.24905304983986,856.9645628721303,-74.5904302423971,-20.00066947937,856.9645628721303,-74.5904302423971,223.93606566883324,1.0,8.11527157081158E-4
730.2798065030807,-169.49323431479442,308.24905304983986,868.7146766364317,-84.94626779945779,-20.00066947937,868.7146766364317,-84.94626779945779,214.60781080954237,1.0,3.376116684585511E-4
730.2798065030807,-169.49323431479442,308.24905304983986,869.4714765561946,-98.24770892941008,-20.00066947937,869.4714765561946,-98.24770892941008,204.65062225681632,1.0,2.028017713094906E-4
730.2798065030807,-169.49323431479442,308.24905304983986,858.1767759160435,-119.39326327760482,-20.00066947937,858.1767759160435,-119.39326327760482,192.50195119169422,1.0,5.013586281374855E-4
730.2798065030807,-169.49323431479442,308.24905304983986,837.3242213762322,-153.5001501196598,-20.00066947937,837.3242213762322,-153.5001501196598,181.43717954310114,1.0,4.5849572392308815E-4
730.2798065030807,-169.49323431479442,308.24905304983986,805.441120185464,-187.26545494645234,-20.00066947937,805.441120185464,-187.26545494645234,174.71541500795232,1.0,2.673255313863967E-4
730.2798065030807,-169.49323431479442,308.24905304983986,775.3736823109843,-217.47693658613844,-20.00066947937,775.3736823109843,-217.47693658613844,171.5900596446896,1.0,1.348747636646372E-4
730.2798065030807,-169.49323431479442,308.24905304983986,746.7451858167675,-242.15980768665744,-20.00066947937,746.7451858167675,-242.15980768665744,170.5204072077959,1.0,5.4427287461837184E-5
730.2798065030807,-169.49323431479442,308.24905304983986,718.9233185804326,-251.77920685912497,-20.00066947937,718.9233185804326,-251.77920685912497,170.41818665487156,1.0,7.131302164500668E-6
730.2798065030807,-169.49323431479442,308.24905304983986,704.7692070974417,-244.68492577827496,-20.00066947937,704.7692070974417,-244.68492577827496,167.74029089075432,1.0,3.990278589936551E-5
730.2798065030807,-169.49323431479442,308.24905304983986,719.379288274291,-219.32899878791775,-20.00066947937,719.379288274291,-219.32899878791775,162.33858752273383,1.0,1.2343989891467832E-4
730.2798065030807,-169.49323431479442,308.24905304983986,773.1412322680055,-176.79568635819393,-20.00066947937,773.1412322680055,-176.79568635819393,157.90714723914783,1.0,4.6852136379088765E-5
730.2798065030807,-169.49323431479442,308.24905304983986,828.0867465995739,-136.29330698262464,-20.00066947937,828.0867465995739,-136.29330698262464,156.08021212028046,1.0,3.715486608853024E-4
730.2798065030807,-169.49323431479442,308.24905304983986,865.7671550586028,-110.22058050717928,-20.00066947937,865.7671550586028,-110.22058050717928,148.91823174126108,1.0,8.343581959992263E-4
730.2798065030807,-169.49323431479442,308.24905304983986,889.7927616603259,-101.32982044584067,-20.00066947937,889.7927616603259,-101.32982044584067,133.23425115905238,1.0,9.973845176115851E-4
730.2798065030807,-169.49323431479442,308.24905304983986,893.4011359446688,-107.04018683728836,-20.00066947937,893.4011359446688,-107.04018683728836,112.27447441335735,1.0,6.571366169457888E-4
730.2798065030807,-169.49323431479442,308.24905304983986,870.5747677536912,-126.38268615949944,-20.00066947937,870.5747677536912,-126.38268615949944,93.38922251354319,1.0,0.0012896022231648615
730.2798065030807,-169.49323431479442,308.24905304983986,832.1743437756238,-156.27459890525162,-20.00066947937,832.1743437756238,-156.27459890525162,86.35944501326216,1.0,4.4268374994969623E-4
730.2798065030807,-169.49323431479442,308.24905304983986,791.0908734964759,-184.3079050667479,-20.00066947937,791.0908734964759,-184.3079050667479,93.22634952795906,1.0,2.506533149135237E-4
730.2798065030807,-169.49323431479442,308.24905304983986,755.2372532413983,-207.22403407002219,-20.00066947937,755.2372532413983,-207.22403407002219,108.31080140359583,1.0,5.812636732113287E-4
730.2798065030807,-169.49323431479442,308.24905304983986,733.4966849884084,-225.88655425553088,-20.00066947937,733.4966849884084,-225.88655425553088,126.07592478392371,1.0,7.303630038741068E-4
730.2798065030807,-169.49323431479442,308.24905304983986,736.741187281056,-227.70690415663458,-20.00066947937,736.741187281056,-227.70690415663458,142.06705262556335,1.0,4.7328145730522704E-4
730.2798065030807,-169.49323431479442,308.24905304983986,764.3685260159203,-207.9014644428075,-20.00066947937,764.3685260159203,-207.9014644428075,154.54709231170122,1.0,4.6152220060964187E-4
730.2798065030807,-169.49323431479442,308.24905304983986,807.3385421200583,-176.66801271083398,-20.00066947937,807.3385421200583,-176.66801271083398,158.43312602769612,1.0,1.7914782515846385E-4
730.2798065030807,-169.49323431479442,308.24905304983986,842.8965206238993,-145.49926793494885,-20.00066947937,842.8965206238993,-145.49926793494885,146.02760559471471,1.0,8.927726800410128E-4
730.2798065030807,-169.49323431479442,308.24905304983986,864.2017277138219,-120.55533857536712,-20.00066947937,864.2017277138219,-120.55533857536712,118.40437968918235,1.0,0.0022913823955696203
730.2798065030807,-169.49323431479442,308.24905304983986,862.997215684885,-117.00780434100233,-20.00066947937,862.997215684885,-117.00780434100233,83.81755465781742,1.0,0.0018277720413215914
730.2798065030807,-169.49323431479442,308.24905304983986,832.0279790531562,-139.029689990859,-20.00066947937,832.0279790531562,-139.029689990859,58.60658003989241,1.0,0.002151891340715418
730.2798065030807,-169.49323431479442,308.24905304983986,794.3938048135245,-166.50364593015667,-20.00066947937,794.3938048135245,-166.50364593015667,54.90971251292797,1.0,1.0791710681692418E-4
730.2798065030807,-169.49323431479442,308.24905304983986,768.2062992936102,-191.70572723465702,-20.00066947937,768.2062992936102,-191.70572723465702,72.57123472538959,1.0,7.876886076717278E-4
730.2798065030807,-169.49323431479442,308.24905304983986,769.3896816675287,-204.73199073369997,-20.00066947937,769.3896816675287,-204.73199073369997,102.33387260221727,1.0,0.001906545522568286
730.2798065030807,-169.49323431479442,308.24905304983986,775.7857747569401,-205.65937879523128,-20.00066947937,775.7857747569401,-205.65937879523128,138.8612680182158,1.0,0.002849506179512424
730.2798065030807,-169.49323431479442,308.24905304983986,782.6775853846269,-198.47614148819264,-20.00066947937,782.6775853846269,-198.47614148819264,170.09018471974042,1.0,0.0021229933256615933
730.2798065030807,-169.49323431479442,308.24905304983986,798.9666650860371,-174.44188035646306,-20.00066947937,798.9666650860371,-174.44188035646306,178.74068498342672,1.0,2.0991717994510664E-4
730.2798065030807,-169.49323431479442,308.24905304983986,818.3136937356,-143.67404017400102,-20.00066947937,818.3136937356,-143.67404017400102,155.00977271750702,1.0,0.001543540776502038
730.2798065030807,-169.49323431479442,308.24905304983986,836.3545136316739,-114.62273147216163,-20.00066947937,836.3545136316739,-114.62273147216163,113.73171745870488,1.0,0.004666173534290969
730.2798065030807,-169.49323431479442,308.24905304983986,837.3292814934318,-97.47623924902463,-20.00066947937,837.3292814934318,-97.47623924902463,71.54441373672267,1.0,0.003485727749216794
730.2798065030807,-169.49323431479442,308.24905304983986,813.9091050705208,-104.39550527330644,-20.00066947937,813.9091050705208,-104.39550527330644,38.074471699597865,1.0,0.002898419731562059
730.2798065030807,-169.49323431479442,308.24905304983986,770.826391147952,-127.92912308617461,-20.00066947937,770.826391147952,-127.92912308617461,26.267083905417195,1.0,4.905206614361835E-4
730.2798065030807,-169.49323431479442,308.24905304983986,748.7035528403264,-157.51912757157154,-20.00066947937,748.7035528403264,-157.51912757157154,36.3193818987362,1.0,1.9102903611278207E-4
730.2798065030807,-169.49323431479442,308.24905304983986,749.5073880921839,-182.457718798115,-20.00066947937,749.5073880921839,-182.457718798115,60.18372441557614,1.0,0.0011256127973003818
730.2798065030807,-169.49323431479442,308.24905304983986,753.7173270686312,-196.08388081253432,-20.00066947937,753.7173270686312,-196.08388081253432,94.1722948263924,1.0,0.0025801263171090064
730.2798065030807,-169.49323431479442,308.24905304983986,766.5074933466528,-199.79944158945062,-20.00066947937,766.5074933466528,-199.79944158945062,128.01031105029347,1.0,0.0025722998498527235
730.2798065030807,-169.49323431479442,308.24905304983986,788.993242003327,-190.67127315055257,-20.00066947937,788.993242003327,-190.67127315055257,154.56005697579383,1.0,0.0017904615309781422
730.2798065030807,-169.49323431479442,308.24905304983986,818.8874365719744,-165.98393059534686,-20.00066947937,818.8874365719744,-165.98393059534686,162.5638448753058,1.0,3.2597915888695275E-4
730.2798065030807,-169.49323431479442,308.24905304983986,844.4074137402878,-137.8299048245098,-20.00066947937,844.4074137402878,-137.8299048245098,144.6381008835724,1.0,0.0012120763962885264
730.2798065030807,-169.49323431479442,308.24905304983986,852.3583622034142,-115.16190740842111,-20.00066947937,852.3583622034142,-115.16190740842111,108.23278499097052,1.0,0.002880582007454472
730.2798065030807,-169.49323431479442,308.24905304983986,853.7392510249151,-104.75263506207946,-20.00066947937,853.7392510249151,-104.75263506207946,67.81193276119274,1.0,0.0028158850604103006
730.2798065030807,-169.49323431479442,308.24905304983986,847.5503389109787,-103.00461461388234,-20.00066947937,847.5503389109787,-103.00461461388234,26.49081101815048,1.0,0.0030378340560493346
730.2798065030807,-169.49323431479442,308.24905304983986,831.9189926261483,-107.476847608757,-20.00066947937,831.9189926261483,-107.476847608757,-5.868052176956411,1.0,0.002383974435738948
730.2798065030807,-169.49323431479442,308.24905304983986,819.0930903975966,-112.29734266118038,-20.00066947937,819.0930903975966,-112.29734266118038,-23.68407907338792,1.0,7.698689044936658E-4
730.2798065030807,-169.49323431479442,308.24905304983986,809.3165493491517,-122.47229186393167,-20.00066947937,809.3165493491517,-122.47229186393167,-17.65249996774716,1.0,1.4315812591365217E-4
730.2798065030807,-169.49323431479442,308.24905304983986,821.302537300732,-136.58362741780968,-20.00066947937,821.302537300732,-136.58362741780968,8.652177902203135,1.0,0.0016391523188076834
730.2798065030807,-169.49323431479442,308.24905304983986,833.7836208301674,-143.48469997346874,-20.00066947937,833.7836208301674,-143.48469997346874,43.950515774608135,1.0,0.002778277592574602
730.2798065030807,-169.49323431479442,308.24905304983986,844.984121022261,-143.33199601362963,-20.00066947937,844.984121022261,-143.33199601362963,70.85787074768041,1.0,0.0015130005326967442
730.2798065030807,-169.49323431479442,308.24905304983986,855.064252560468,-140.82511014555882,-20.00066947937,855.064252560468,-140.82511014555882,84.22519142761388,1.0,4.2623219340337244E-4
730.2798065030807,-169.49323431479442,308.24905304983986,868.5588488798404,-134.22291186579827,-20.00066947937,868.5588488798404,-134.22291186579827,85.94109201210173,1.0,7.719488533046795E-5
730.2798065030807,-169.49323431479442,308.24905304983986,888.1392157854611,-122.9024289015993,-20.00066947937,888.1392157854611,-122.9024289015993,79.08462341751328,1.0,3.5923740328068797E-4
730.2798065030807,-169.49323431479442,308.24905304983986,902.9982647776205,-109.97507704563232,-20.00066947937,902.9982647776205,-109.97507704563232,63.374709826150934,1.0,7.407446068738611E-4
730.2798065030807,-169.49323431479442,308.24905304983986,907.7584895605912,-98.47539631966144,-20.00066947937,907.7584895605912,-98.47539631966144,40.43276643233489,1.0,8.40277062420571E-4
730.2798065030807,-169.49323431479442,308.24905304983986,910.3012844731365,-88.67536796422227,-20.00066947937,910.3012844731365,-88.67536796422227,15.37465737798047,1.0,8.633950692689675E-4
730.2798065030807,-169.49323431479442,308.24905304983986,911.778671243588,-82.9146215433182,-20.00066947937,911.778671243588,-82.9146215433182,-6.212681887238631,1.0,5.682307637917305E-4
730.2798065030807,-169.49323431479442,308.24905304983986,906.3233019526397,-81.13910509150386,-20.00066947937,906.3233019526397,-81.13910509150386,-24.96863081924272,1.0,4.992166754193222E-4
730.2798065030807,-169.49323431479442,308.24905304983986,902.3870086586622,-82.20956720195873,-20.00066947937,902.3870086586622,-82.20956720195873,-43.297887337368195,1.0,4.405454276593218E-4
730.2798065030807,-169.49323431479442,308.24905304983986,892.2903237908819,-87.2940632418523,-20.00066947937,892.2903237908819,-87.2940632418523,-53.53047414872924,1.0,2.92338191715412E-4
730.2798065030807,-169.49323431479442,308.24905304983986,877.6958492635858,-97.9365241211995,-20.00066947937,877.6958492635858,-97.9365241211995,-39.258187693448775,1.0,6.475909123263262E-4
730.2798065030807,-169.49323431479442,308.24905304983986,870.2766238600927,-112.25861682571306,-20.00066947937,870.2766238600927,-112.25861682571306,-1.7817289768772184,1.0,0.002684036095281314
730.2798065030807,-169.49323431479442,308.24905304983986,867.2854822475435,-125.23507715208545,-20.00066947937,867.2854822475435,-125.23507715208545,45.94214190198781,1.0,0.003976263020519047
730.2798065030807,-169.49323431479442,308.24905304983986,865.4451449051201,-137.73859491600706,-20.00066947937,865.4451449051201,-137.73859491600706,97.58598259954007,1.0,0.00461022270106723
730.2798065030807,-169.49323431479442,308.24905304983986,861.9325652724717,-148.51460601023464,-20.00066947937,861.9325652724717,-148.51460601023464,143.95087629507157,1.0,0.003785548350443244
730.2798065030807,-169.49323431479442,308.24905304983986,857.1155897758998,-156.81084895801325,-20.00066947937,857.1155897758998,-156.81084895801325,184.17735073847166,1.0,0.0028981890406908776
730.2798065030807,-169.49323431479442,308.24905304983986,853.49797190798,-164.51161774604313,-20.00066947937,853.49797190798,-164.51161774604313,215.82409159500855,1.0,0.001706762605284328
730.2798065030807,-169.49323431479442,308.24905304983986,849.0181594727,-170.59217252353702,-20.00066947937,849.0181594727,-170.59217252353702,240.14592014911838,1.0,0.0010313318019985228
730.2798065030807,-169.49323431479442,308.24905304983986,844.230690590638,-174.89747825099872,-20.00066947937,844.230690590638,-174.89747825099872,259.26663378876106,0.5373913833701446,6.611211667292803E-4
730.2798065030807,-169.49323431479442,308.24905304983986,835.4704276605921,-182.10144106068174,-20.00066947937,835.4704276605921,-182.10144106068174,281.5260186536682,0.18642224854986603,0.0010320374230954124
730.2798065030807,-169.49323431479442,308.24905304983986,823.0381307731146,-190.69593168109165,-20.00066947937,823.0381307731146,-190.69593168109165,295.26184528840923,0.06358958443809909,4.975839654621829E-4
730.2798065030807,-169.49323431479442,308.24905304983986,810.0852783203528,-198.7440427402027,-20.00066947937,810.0852783203528,-198.7440427402027,302.1474047841011,0.024850152645566597,1.7481258215036873E-4
730.2798065030807,-169.49323431479442,308.24905304983986,797.5582439749962,-203.56996876698614,-20.00066947937,797.5582439749962,-203.56996876698614,305.45969368262803,0.010929165090051518,6.0183242939462834E-5
730.2798065030807,-169.49323431479442,308.24905304983986,786.195664181258,-205.65450722502973,-20.00066947937,786.195664181258,-205.65450722502973,306.38687550234647,0.006173722910835209,1.3453542563172651E-5
730.2798065030807,-169.49323431479442,308.24905304983986,776.3940205149107,-205.8086518794723,-20.00066947937,776.3940205149107,-205.8086518794723,305.7704157917628,0.005008959510483079,5.651733424161261E-6
730.2798065030807,-169.49323431479442,308.24905304983986,770.7704425793895,-205.37913000032844,-20.00066947937,770.7704425793895,-205.37913000032844,304.7585508757305,0.005352065241986773,4.754846674140815E-6
730.2798065030807,-169.49323431479442,308.24905304983986,765.6736773588989,-204.61941507153347,-20.00066947937,765.6736773588989,-204.61941507153347,303.57964867686974,0.006116351746516943,5.167501151452976E-6
730.2798065030807,-169.49323431479442,308.24905304983986,761.0814684393532,-203.55574278818426,-20.00066947937,761.0814684393532,-203.55574278818426,302.3628937538663,0.007145240927840504,4.938273340900322E-6
730.2798065030807,-169.49323431479442,308.24905304983986,756.8806734761081,-202.27778876505323,-20.00066947937,756.8806734761081,-202.27778876505323,301.12473114568013,0.008430335569296666,4.696105479021807E-6
730.2798065030807,-169.49323431479442,308.24905304983986,752.7440813843855,-200.82895055102048,-20.00066947937,752.7440813843855,-200.82895055102048,299.89245556141213,0.009906674522713122,4.428668941361642E-6
730.2798065030807,-169.49323431479442,308.24905304983986,747.7063727105457,-198.82762610708272,-20.00066947937,747.7063727105457,-198.82762610708272,298.2736107778619,0.01225384170500814,6.909015778240809E-6
730.2798065030807,-169.49323431479442,308.24905304983986,743.3273879433397,-196.86346124886566,-20.00066947937,743.3273879433397,-196.86346124886566,296.890732980796,0.014582567619631889,4.8187364048200495E-6
730.2798065030807,-169.49323431479442,308.24905304983986,739.7026462943386,-195.17615593297876,-20.00066947937,739.7026462943386,-195.17615593297876,295.8385908012872,0.016561183127394928,2.7093107104241362E-6
730.2798065030807,-169.49323431479442,308.24905304983986,736.6902217221036,-193.5858687516985,-20.00066947937,736.6902217221036,-193.5858687516985,294.93793100001733,0.01844242018172515,1.90206030921741E-6
730.2798065030807,-169.49323431479442,308.24905304983986,734.199660611355,-192.2947477982875,-20.00066947937,734.199660611355,-192.2947477982875,294.26245222926286,0.01996338022268669,1.040139854575671E-6
730.2798065030807,-169.49323431479442,308.24905304983986,731.9072592733064,-191.09866422886685,-20.00066947937,731.9072592733064,-191.09866422886685,293.81857962463937,0.020960831836628495,4.6530162529184185E-7
730.2798065030807,-169.49323431479442,308.24905304983986,731.2422929642006,-190.62497630349435,-20.00066947937,731.2422929642006,-190.62497630349435,293.9832056724596,0.020394894136942655,6.507088319468649E-8
730.2798065030807,-169.49323431479442,308.24905304983986,730.4988425803375,-190.67031712821773,-20.00066947937,730.4988425803375,-190.67031712821773,292.5455907475738,0.024737568166192787,3.5373023068017994E-6
730.2798065030807,-169.49323431479442,308.24905304983986,729.3326203392724,-190.7027038322989,-20.00066947937,729.3326203392724,-190.7027038322989,289.4179944504513,0.03580734406365707,1.689094544997067E-5
730.2798065030807,-169.49323431479442,308.24905304983986,728.974192735744,-190.87151446359078,-20.00066947937,728.974192735744,-190.87151446359078,287.6729945594264,0.04302920128585969,5.2752774060380594E-6
730.2798065030807,-169.49323431479442,308.24905304983986,729.8504313333326,-189.86597021791462,-20.00066947937,729.8504313333326,-189.86597021791462,286.8972290567186,0.04618029376816204,1.1904290648907623E-6
730.2798065030807,-169.49323431479442,308.24905304983986,730.8706932713646,-188.95296550136624,-20.00066947937,730.8706932713646,-188.95296550136624,286.3916660274921,0.04825130651525575,5.302793733723898E-7
730.2798065030807,-169.49323431479442,308.24905304983986,731.4186103996293,-188.609648421452,-20.00066947937,731.4186103996293,-188.609648421452,285.93942355562695,0.05028258146218566,3.807410739959246E-7
730.2798065030807,-169.49323431479442,308.24905304983986,731.7979402874455,-188.27320736702356,-20.00066947937,731.7979402874455,-188.27320736702356,285.6534154928004,0.051565108871656745,1.5952937415607824E-7
730.2798065030807,-169.49323431479442,308.24905304983986,731.8874099987781,-187.95849676702773,-20.00066947937,731.8874099987781,-187.95849676702773,285.2319845242258,0.05352934195665927,3.279568042440661E-7
730.2798065030807,-169.49323431479442,308.24905304983986,732.4632874731437,-187.05617703061827,-20.00066947937,732.4632874731437,-187.05617703061827,283.5513481476292,0.06190090490864996,5.133526298526359E-6
730.2798065030807,-169.49323431479442,308.24905304983986,732.8955019511394,-186.9044239542689,-20.00066947937,732.8955019511394,-186.9044239542689,281.8427906615882,0.07136355455151495,5.065662085540217E-6
730.2798065030807,-169.49323431479442,308.24905304983986,733.1067711378619,-186.9080355553882,-20.00066947937,733.1067711378619,-186.9080355553882,280.8515965413461,0.07724114542344959,1.6818076430145415E-6
730.2798065030807,-169.49323431479442,308.24905304983986,733.217686342266,-186.872132270339,-20.00066947937,733.217686342266,-186.872132270339,280.40424606352093,0.07997300983391802,3.44498740861475E-7
730.2798065030807,-169.49323431479442,308.24905304983986,733.2826467333595,-186.93729113604545,-20.00066947937,733.2826467333595,-186.93729113604545,280.1627155990883,0.08149706112954352,1.0236234052564234E-7
730.2798065030807,-169.49323431479442,308.24905304983986,733.315411925064,-186.92872526478038,-20.00066947937,733.315411925064,-186.92872526478038,280.1019999592056,0.08187614079113344,6.406687725138038E-9
730.2798065030807,-169.49323431479442,308.24905304983986,733.2838250915263,-186.92705910119685,-20.00066947937,733.2838250915263,-186.92705910119685,279.83033727767935,0.08358673177246535,1.2563132036385845E-7
730.2798065030807,-169.49323431479442,308.24905304983986,733.7910670156953,-186.36785638785275,-20.00066947937,733.7910670156953,-186.36785638785275,278.3623119044206,0.09305802538144695,3.8570210126301435E-6
730.2798065030807,-169.49323431479442,308.24905304983986,734.24859982368,-185.8708081478937,-20.00066947937,734.24859982368,-185.8708081478937,276.9430280339194,0.10281622466436835,3.5920799515023122E-6
730.2798065030807,-169.49323431479442,308.24905304983986,734.4340186263624,-185.67384082347232,-20.00066947937,734.4340186263624,-185.67384082347232,276.2135384224625,0.10807780538403203,9.365347710788033E-7
730.2798065030807,-169.49323431479442,308.24905304983986,734.4435704960359,-185.8133162683381,-20.00066947937,734.4435704960359,-185.8133162683381,275.903486852602,0.11043055498127823,1.7082017607311548E-7
730.2798065030807,-169.49323431479442,308.24905304983986,732.1646224318049,-188.6543476102483,-20.00066947937,732.1646224318049,-188.6543476102483,275.09176723078986,0.11752741604399179,1.6052360321763607E-6
730.2798065030807,-169.49323431479442,308.24905304983986,724.0993503525376,-190.1808909928453,-20.00066947937,724.0993503525376,-190.1808909928453,277.056433116987,0.10379992894218118,7.62842252740201E-6
730.2798065030807,-169.49323431479442,308.24905304983986,720.2147732921077,-190.98057573970374,-20.00066947937,720.2147732921077,-190.98057573970374,281.6231769995625,0.07471692923113742,3.861855926211622E-5
730.2798065030807,-169.49323431479442,308.24905304983986,720.488036009712,-188.61771321509173,-20.00066947937,720.488036009712,-188.61771321509173,284.7682870526472,0.05666666951561858,1.8591673774064487E-5
730.2798065030807,-169.49323431479442,308.24905304983986,721.9588393222567,-185.4100620850198,-20.00066947937,721.9588393222567,-185.4100620850198,285.72275511730084,0.05101452505820586,2.1742686473820046E-6
730.2798065030807,-169.49323431479442,308.24905304983986,723.2206019774198,-184.0495808692757,-20.00066947937,723.2206019774198,-184.0495808692757,285.74793466822916,0.050485528094515765,1.9586888813379788E-8
730.2798065030807,-169.49323431479442,308.24905304983986,723.4706763168646,-183.8486060241475,-20.00066947937,723.4706763168646,-183.8486060241475,285.8013347417569,0.05017073842382271,7.670301280066967E-9
730.2798065030807,-169.49323431479442,308.24905304983986,721.964532021416,-183.33650516005733,-20.00066947937,721.964532021416,-183.33650516005733,286.07990409929965,0.048919883217992774,1.9022078783259216E-7
730.2798065030807,-169.49323431479442,308.24905304983986,721.4704289558981,-182.81511071731143,-20.00066947937,721.4704289558981,-182.81511071731143,286.85548986448913,0.04534854497926136,1.1167137712736093E-6
730.2798065030807,-169.49323431479442,308.24905304983986,722.176075306578,-181.98149927222437,-20.00066947937,722.176075306578,-181.98149927222437,288.538960651343,0.03799630853034398,5.140956762278964E-6
730.2798065030807,-169.49323431479442,308.24905304983986,720.326010230288,-183.08259054223552,-20.00066947937,720.326010230288,-183.08259054223552,293.8172340420891,0.02019034910882236,5.061797966426169E-5
730.2798065030807,-169.49323431479442,308.24905304983986,708.4419744244942,-185.6679304618815,-20.00066947937,708.4419744244942,-185.6679304618815,302.44620425012766,0.0041521449290352445,1.5535373521359517E-4
730.2798065030807,-169.49323431479442,308.24905304983986,690.2458050392055,-189.30240559166572,-20.00066947937,690.2458050392055,-189.30240559166572,301.51298851988076,0.008295575071208722,1.3656825113642314E-5
730.2798065030807,-169.49323431479442,308.24905304983986,690.6178495200481,-190.79388929895538,-20.00066947937,690.6178495200481,-190.79388929895538,288.04086934530244,0.05140788056180084,3.3060274656379233E-4
730.2798065030807,-169.49323431479442,308.24905304983986,718.2389803968033,-178.3370595978831,-20.00066947937,718.2389803968033,-178.3370595978831,271.4490708986035,0.1461483427449308,5.148087938879231E-4
730.2798065030807,-169.49323431479442,308.24905304983986,749.0813720310639,-163.18937330950502,-20.00066947937,749.0813720310639,-163.18937330950502,258.8319789006239,0.28957751668993725,3.0432605110728664E-4
730.2798065030807,-169.49323431479442,308.24905304983986,778.9229224966992,-152.69374557146423,-20.00066947937,778.9229224966992,-152.69374557146423,252.31603887197738,0.436079084350697,1.7377661257021412E-4
730.2798065030807,-169.49323431479442,308.24905304983986,798.6530755595741,-148.54511658961096,-20.00066947937,798.6530755595741,-148.54511658961096,249.66388905564094,0.5437704149069502,6.728872068052265E-5
730.2798065030807,-169.49323431479442,308.24905304983986,784.197508246857,-156.25958960445473,-20.00066947937,784.197508246857,-156.25958960445473,254.24849603392641,0.41178633400551123,7.993187694806128E-5
730.2798065030807,-169.49323431479442,308.24905304983986,762.8288950978972,-168.4826343946782,-20.00066947937,762.8288950978972,-168.4826343946782,264.2710548073676,0.23147412897182373,2.2858591877443835E-4
730.2798065030807,-169.49323431479442,308.24905304983986,737.9083635278301,-179.5375522401102,-20.00066947937,737.9083635278301,-179.5375522401102,272.1565001404797,0.13920491718720562,1.0469345612997743E-4
730.2798065030807,-169.49323431479442,308.24905304983986,711.8317481936036,-189.35837921807115,-20.00066947937,711.8317481936036,-189.35837921807115,271.731979886033,0.14977826859119586,2.8822034848673E-6
730.2798065030807,-169.49323431479442,308.24905304983986,687.5218291447358,-195.8666276500544,-20.00066947937,687.5218291447358,-195.8666276500544,262.86919796214306,0.2722911156117414,2.3792027030778757E-4
730.2798065030807,-169.49323431479442,308.24905304983986,668.2952450847694,-200.59463733856555,-20.00066947937,668.2952450847694,-200.59463733856555,245.19921365290875,0.6323433448345128,8.089144582677149E-4
730.2798065030807,-169.49323431479442,308.24905304983986,667.4371438045439,-199.04998868909513,-20.00066947937,667.4371438045439,-199.04998868909513,231.0351831357062,1.0,3.56027707991678E-4
730.2798065030807,-169.49323431479442,308.24905304983986,673.2303634806551,-194.43979945273915,-20.00066947937,673.2303634806551,-194.43979945273915,227.58183125209615,1.0,3.673240815647848E-5
730.2798065030807,-169.49323431479442,308.24905304983986,674.0852081823374,-193.23631206015284,-20.00066947937,674.0852081823374,-193.23631206015284,227.1489212143104,1.0,7.036003724502435E-7
730.2798065030807,-169.49323431479442,308.24905304983986,673.7755982397897,-193.8187816343353,-20.00066947937,673.7755982397897,-193.8187816343353,227.26561113605356,1.0,7.195342842446962E-8
730.2798065030807,-169.49323431479442,308.24905304983986,672.206435815754,-193.56553714677156,-20.00066947937,672.206435815754,-193.56553714677156,225.38268514559874,1.0,7.613266874817715E-6
730.2798065030807,-169.49323431479442,308.24905304983986,672.1398219830471,-193.82423525654113,-20.00066947937,672.1398219830471,-193.82423525654113,223.36391776695632,1.0,6.741793908342908E-6
730.2798065030807,-169.49323431479442,308.24905304983986,672.2153092618202,-193.89972484724316,-20.00066947937,672.2153092618202,-193.89972484724316,223.25861037650176,1.0,2.4503273980198576E-8
730.2798065030807,-169.49323431479442,308.24905304983986,672.5651694710398,-193.80915677083834,-20.00066947937,672.5651694710398,-193.80915677083834,223.42617923091123,1.0,8.823724544862478E-8
730.2798065030807,-169.49323431479442,308.24905304983986,673.2829750637806,-193.81946425085562,-20.00066947937,673.2829750637806,-193.81946425085562,224.38935892072578,1.0,1.8939162182582952E-6
730.2798065030807,-169.49323431479442,308.24905304983986,674.6192972607522,-193.61641636264835,-20.00066947937,674.6192972607522,-193.61641636264835,226.17766613874926,1.0,6.636015851005808E-6
730.2798065030807,-169.49323431479442,308.24905304983986,676.5201332621068,-193.2815177306145,-20.00066947937,676.5201332621068,-193.2815177306145,228.65815826090613,1.0,1.2873752948524241E-5
730.2798065030807,-169.49323431479442,308.24905304983986,678.9873293440369,-192.71748938014233,-20.00066947937,678.9873293440369,-192.71748938014233,231.8244751140045,0.9361722971088688,2.1128816200769394E-5
730.2798065030807,-169.49323431479442,308.24905304983986,679.9542797936208,-192.2344850645125,-20.00066947937,679.9542797936208,-192.2344850645125,232.60084094102675,0.9086232864133202,1.4840275843129166E-6
730.2798065030807,-169.49323431479442,308.24905304983986,680.8627723112754,-192.02603568000342,-20.00066947937,680.8627723112754,-192.02603568000342,232.8643487161364,0.8974043228455792,2.7670046095074563E-7
730.2798065030807,-169.49323431479442,308.24905304983986,681.2164965281055,-191.8627324602385,-20.00066947937,681.2164965281055,-191.8627324602385,232.99116604574863,0.8922390935970652,5.879167028486548E-8
730.2798065030807,-169.49323431479442,308.24905304983986,681.2661648841072,-191.8971947913855,-20.00066947937,681.2661648841072,-191.8971947913855,232.97237124742787,0.8926807177171702,1.3184934646866734E-9
730.2798065030807,-169.49323431479442,308.24905304983986,680.2076166702459,-191.34356685100184,-20.00066947937,680.2076166702459,-191.34356685100184,230.30542334553877,0.9767305212787635,1.3470612236754166E-5
730.2798065030807,-169.49323431479442,308.24905304983986,680.7603499376369,-191.46743048596772,-20.00066947937,680.7603499376369,-191.46743048596772,228.50936406666435,1.0,5.821002662540965E-6
730.2798065030807,-169.49323431479442,308.24905304983986,681.0300956206859,-191.50964701747455,-20.00066947937,681.0300956206859,-191.50964701747455,228.2472498227363,1.0,1.5095123018885444E-7
730.2798065030807,-169.49323431479442,308.24905304983986,681.5144466099163,-190.82655014930492,-20.00066947937,681.5144466099163,-190.82655014930492,227.22022080272114,1.0,2.1274835892034705E-6
730.2798065030807,-169.49323431479442,308.24905304983986,682.504206253822,-190.39881735628134,-20.00066947937,682.504206253822,-190.39881735628134,224.78633617311326,1.0,1.1173063519785358E-5
730.2798065030807,-169.49323431479442,308.24905304983986,683.9074420578224,-190.12022259721454,-20.00066947937,683.9074420578224,-190.12022259721454,224.72423809019693,1.0,1.2301536715024043E-7
730.2798065030807,-169.49323431479442,308.24905304983986,685.1777523221675,-189.9113161963279,-20.00066947937,685.1777523221675,-189.9113161963279,225.1002331789087,1.0,5.150913692465507E-7
730.2798065030807,-169.49323431479442,308.24905304983986,686.8289624850503,-189.6252571168327,-20.00066947937,686.8289624850503,-189.6252571168327,226.28198069160018,1.0,3.2975303026419707E-6
730.2798065030807,-169.49323431479442,308.24905304983986,689.0622391159683,-189.4453911839925,-20.00066947937,689.0622391159683,-189.4453911839925,228.48537342469254,1.0,1.03138007730584E-5
730.2798065030807,-169.49323431479442,308.24905304983986,691.9221523655469,-188.83254046243587,-20.00066947937,691.9221523655469,-188.83254046243587,231.40579585263114,0.9031830757151087,1.808967975321536E-5
730.2798065030807,-169.49323431479442,308.24905304983986,692.8856413402117,-188.63398141653104,-20.00066947937,692.8856413402117,-188.63398141653104,231.9548950182078,0.8841641146262688,7.419104950081905E-7
730.2798065030807,-169.49323431479442,308.24905304983986,693.2836017430252,-188.60776091069425,-20.00066947937,693.2836017430252,-188.60776091069425,232.10351367262305,0.8787690197682471,6.271396583414671E-8
730.2798065030807,-169.49323431479442,308.24905304983986,692.5947271588045,-188.8650093979156,-20.00066947937,692.5947271588045,-188.8650093979156,232.10255786462267,0.8808662000695769,1.4709684752885473E-8
730.2798065030807,-169.49323431479442,308.24905304983986,691.8135330969168,-189.15916429557223,-20.00066947937,691.8135330969168,-189.15916429557223,232.1625561402226,0.8815012376677291,4.6613406255032745E-8
730.2798065030807,-169.49323431479442,308.24905304983986,693.7821428333807,-188.47072630275176,-20.00066947937,693.7821428333807,-188.47072630275176,230.88967440192803,0.9134009860265347,3.883098728302403E-6
730.2798065030807,-169.49323431479442,308.24905304983986,696.8625676081917,-186.85548743697623,-20.00066947937,696.8625676081917,-186.85548743697623,228.79411660446416,0.9683359529099984,1.0356926245978515E-5
730.2798065030807,-169.49323431479442,308.24905304983986,697.1172585092224,-187.50219594071706,-20.00066947937,697.1172585092224,-187.50219594071706,228.4834865601215,0.9783765554280439,2.2926586878173256E-7
730.2798065030807,-169.49323431479442,308.24905304983986,693.5610808216643,-189.27472457815475,-20.00066947937,693.5610808216643,-189.27472457815475,232.1268279658907,0.8782714633208285,2.885954590176259E-5
730.2798065030807,-169.49323431479442,308.24905304983986,691.1325859821832,-189.34321472713648,-20.00066947937,691.1325859821832,-189.34321472713648,233.73692593620245,0.8381708534394524,5.984181428918175E-6
730.2798065030807,-169.49323431479442,308.24905304983986,690.3668476350163,-189.24729006910968,-20.00066947937,690.3668476350163,-189.24729006910968,234.12013330382473,0.8292350020983735,3.8184439093315743E-7
730.2798065030807,-169.49323431479442,308.24905304983986,690.1726334140349,-189.2248194198524,-20.00066947937,690.1726334140349,-189.2248194198524,234.0626198451421,0.8313242544139583,1.1200442419964173E-8
730.2798065030807,-169.49323431479442,308.24905304983986,690.7298113960572,-188.6197779340496,-20.00066947937,690.7298113960572,-188.6197779340496,233.67838907943818,0.839940576557359,3.8926511725017564E-7
730.2798065030807,-169.49323431479442,308.24905304983986,690.782439544846,-188.65504143263843,-20.00066947937,690.782439544846,-188.65504143263843,233.52469278920245,0.8442059978567459,4.326575417883762E-8
730.2798065030807,-169.49323431479442,308.24905304983986,690.8935116111509,-188.50271510163677,-20.00066947937,690.8935116111509,-188.50271510163677,233.3558973983808,0.8485303865748322,6.004387044571449E-8
730.2798065030807,-169.49323431479442,308.24905304983986,691.1743770732296,-188.36644658517284,-20.00066947937,691.1743770732296,-188.36644658517284,233.16326112067088,0.8531365645205966,9.013613653406527E-8
730.2798065030807,-169.49323431479442,308.24905304983986,691.2986186126939,-188.27581939822792,-20.00066947937,691.2986186126939,-188.27581939822792,233.02928219035832,0.8565441141666117,3.903919449382951E-8
730.2798065030807,-169.49323431479442,308.24905304983986,691.2566363296521,-188.3342442961806,-20.00066947937,691.2566363296521,-188.3342442961806,232.9416209158534,0.8592458611199524,1.5185261174867894E-8
730.2798065030807,-169.49323431479442,308.24905304983986,691.3718374838741,-188.21392539426134,-20.00066947937,691.3718374838741,-188.21392539426134,232.86949779675143,0.8608747697772754,1.4132738525171085E-8
730.2798065030807,-169.49323431479442,308.24905304983986,691.0436718262329,-188.37586958696457,-20.00066947937,691.0436718262329,-188.37586958696457,233.1793301948698,0.8530267499610242,2.1169404668926385E-7
730.2798065030807,-169.49323431479442,308.24905304983986,684.5874472515561,-190.54468289033872,-20.00066947937,684.5874472515561,-190.54468289033872,233.03461672698663,0.8783230334297784,2.031730233414301E-6
730.2798065030807,-169.49323431479442,308.24905304983986,691.6550538373949,-187.83673402541177,-20.00066947937,691.6550538373949,-187.83673402541177,231.61086073978188,0.8964953756734805,9.031070412488467E-6
730.2798065030807,-169.49323431479442,308.24905304983986,698.8531564517228,-185.41113641959663,-20.00066947937,698.8531564517228,-185.41113641959663,229.22447583817612,0.9485451218000577,1.643298244679776E-5
730.2798065030807,-169.49323431479442,308.24905304983986,683.9847505581093,-193.4374922539081,-20.00066947937,683.9847505581093,-193.4374922539081,229.37383742497556,0.9966961088397018,9.520498576660135E-6
730.2798065030807,-169.49323431479442,308.24905304983986,705.052656964106,-181.93297513124958,-20.00066947937,705.052656964106,-181.93297513124958,228.38481136390428,0.9586937976537332,8.030963598778392E-6
730.2798065030807,-169.49323431479442,308.24905304983986,693.0946535162043,-190.13110767082196,-20.00066947937,693.0946535162043,-190.13110767082196,228.0615573762492,1.0,5.8829605109992155E-6
730.2798065030807,-169.49323431479442,308.24905304983986,684.6501623066034,-193.72758338722377,-20.00066947937,684.6501623066034,-193.72758338722377,229.97965228985103,0.9757583310486447,1.736389549711662E-5
730.2798065030807,-169.49323431479442,308.24905304983986,705.3532213866699,-182.48091521209437,-20.00066947937,705.3532213866699,-182.48091521209437,226.94999282850844,1.0,3.0608825189383745E-5
730.2798065030807,-169.49323431479442,308.24905304983986,697.2328321520116,-188.74569213758846,-20.00066947937,697.2328321520116,-188.74569213758846,228.5435033980556,0.9778686478251322,1.1613898839685086E-5
730.2798065030807,-169.49323431479442,308.24905304983986,693.8971570265521,-189.70334659657203,-20.00066947937,693.8971570265521,-189.70334659657203,230.12278239269637,0.9381321343256168,6.629242539801238E-6
730.2798065030807,-169.49323431479442,308.24905304983986,692.7453719954308,-189.29725774834412,-20.00066947937,692.7453719954308,-189.29725774834412,231.17988447388478,0.9084252442559874,2.4381854058196815E-6
730.2798065030807,-169.49323431479442,308.24905304983986,692.3633742302036,-189.21432853407742,-20.00066947937,692.3633742302036,-189.21432853407742,231.39518387689208,0.9028580038198916,1.1524331907876278E-7
730.2798065030807,-169.49323431479442,308.24905304983986,692.210201154062,-189.1346742654954,-20.00066947937,692.210201154062,-189.1346742654954,231.4605551354266,0.9011984518847909,1.2729110273037186E-8
730.2798065030807,-169.49323431479442,308.24905304983986,692.1513674114979,-189.118568788515,-20.00066947937,692.1513674114979,-189.118568788515,231.5067651885135,0.8999529196802575,4.807335457135989E-9
730.2798065030807,-169.49323431479442,308.24905304983986,691.9507208797036,-189.04754038658945,-20.00066947937,691.9507208797036,-189.04754038658945,231.35321172472845,0.9049662119774158,5.412846967664139E-8
730.2798065030807,-169.49323431479442,308.24905304983986,691.8136561981105,-189.0068808687481,-20.00066947937,691.8136561981105,-189.0068808687481,231.2433276737741,0.9085643776589629,2.7152807030207375E-8
730.2798065030807,-169.49323431479442,308.24905304983986,691.7784858643355,-188.99725556884766,-20.00066947937,691.7784858643355,-188.99725556884766,231.21334754594668,0.9095441835630872,1.98102464201979E-9
730.2798065030807,-169.49323431479442,308.24905304983986,691.5368142391288,-188.92207705761894,-20.00066947937,691.5368142391288,-188.92207705761894,231.03454067000828,0.9154671472228364,7.38966177868517E-8
730.2798065030807,-169.49323431479442,308.24905304983986,691.4346899251263,-188.89498141048605,-20.00066947937,691.4346899251263,-188.89498141048605,230.9491749602869,0.9182823681761378,1.6160048760664987E-8
730.2798065030807,-169.49323431479442,308.24905304983986,691.403057238647,-188.88844963041467,-20.00066947937,691.403057238647,-188.88844963041467,230.9186524944268,0.9192817454764994,1.9776138652100885E-9
730.2798065030807,-169.49323431479442,308.24905304983986,691.2159566672941,-188.82925190831253,-20.00066947937,691.2159566672941,-188.82925190831253,230.78001393232555,0.9239099560166112,4.450336069458129E-8
730.2798065030807,-169.49323431479442,308.24905304983986,691.0700784837037,-188.79072432411812,-20.00066947937,691.0700784837037,-188.79072432411812,230.65989315853474,0.927908500739319,3.218498661394394E-8
730.2798065030807,-169.49323431479442,308.24905304983986,691.0389765064142,-188.78835389268448,-20.00066947937,691.0389765064142,-188.78835389268448,230.62364148392905,0.9290950943635097,2.648047180518364E-9
730.2798065030807,-169.49323431479442,308.24905304983986,690.8460441179161,-188.73998559102537,-20.00066947937,690.8460441179161,-188.73998559102537,230.45770809615033,0.9346301983482525,6.065992535970357E-8
730.2798065030807,-169.49323431479442,308.24905304983986,690.7351510282695,-188.7339735613001,-20.00066947937,690.7351510282695,-188.7339735613001,230.32165715797856,0.9391024245711737,3.6923657745261926E-8
730.2798065030807,-169.49323431479442,308.24905304983986,690.702024994496,-188.72614576827368,-20.00066947937,690.702024994496,-188.72614576827368,230.29236901413196,0.9400842003076139,1.8729758462703504E-9
730.2798065030807,-169.49323431479442,308.24905304983986,690.4814565194152,-188.65734856627282,-20.00066947937,690.4814565194152,-188.65734856627282,230.13175821192334,0.9455567982220808,6.025533992774685E-8
730.2798065030807,-169.49323431479442,308.24905304983986,690.3680586818055,-188.6237094386371,-20.00066947937,690.3680586818055,-188.6237094386371,230.04572731028827,0.9484901132256749,1.703830534480387E-8
730.2798065030807,-169.49323431479442,308.24905304983986,690.3355643492009,-188.614300468277,-20.00066947937,690.3355643492009,-188.614300468277,230.02047828866432,0.9493508449612028,1.4555224955779637E-9
730.2798065030807,-169.49323431479442,308.24905304983986,690.1142273203639,-188.54519458337296,-20.00066947937,690.1142273203639,-188.54519458337296,229.85953663460475,0.9548805654277652,6.064790886019074E-8
730.2798065030807,-169.49323431479442,308.24905304983986,689.99671100225,-188.51149369829642,-20.00066947937,689.99671100225,-188.51149369829642,229.76846480808265,0.9580068018908598,1.8980169485687944E-8
730.2798065030807,-169.49323431479442,308.24905304983986,689.9629030826846,-188.4979866985214,-20.00066947937,689.9629030826846,-188.4979866985214,229.74894051663082,0.9586942941631621,9.831945285271879E-10
730.2798065030807,-169.49323431479442,308.24905304983986,689.717075379461,-188.42385953402925,-20.00066947937,689.717075379461,-188.42385953402925,229.5635374598536,0.9651003206999561,7.960730652377304E-8
730.2798065030807,-169.49323431479442,308.24905304983986,689.6377417978889,-188.40050713752828,-20.00066947937,689.6377417978889,-188.40050713752828,229.504196922589,0.9671605546557317,8.168648360394073E-9
730.2798065030807,-169.49323431479442,308.24905304983986,689.6148353924327,-188.39361906488728,-20.00066947937,689.6148353924327,-188.39361906488728,229.4865594543204,0.9677717281807655,7.156866892123796E-10
730.2798065030807,-169.49323431479442,308.24905304983986,689.4255538843199,-188.33371359449683,-20.00066947937,689.4255538843199,-188.33371359449683,229.3505982869293,0.9725217837110183,4.3630181662162424E-8
730.2798065030807,-169.49323431479442,308.24905304983986,689.2806248306553,-188.29086598032353,-20.00066947937,689.2806248306553,-188.29086598032353,229.2404962919888,0.9763658420151312,2.8042485303103087E-8
730.2798065030807,-169.49323431479442,308.24905304983986,689.255259561237,-188.28334280193067,-20.00066947937,689.255259561237,-188.28334280193067,229.22173872054245,0.9770236788007629,8.208850847080803E-10
730.2798065030807,-169.49323431479442,308.24905304983986,689.024616766695,-188.210721516136,-20.00066947937,689.024616766695,-188.210721516136,229.05501837408457,0.982894610706862,6.559340190434704E-8
730.2798065030807,-169.49323431479442,308.24905304983986,688.9294338995822,-188.18183605634104,-20.00066947937,688.9294338995822,-188.18183605634104,228.9840033267418,0.9853979838403782,1.1763740587427312E-8
730.2798065030807,-169.49323431479442,308.24905304983986,688.9024485541477,-188.17393715919502,-20.00066947937,688.9024485541477,-188.17393715919502,228.963851124937,0.9861096716241259,9.456951117206863E-10
730.2798065030807,-169.49323431479442,308.24905304983986,688.7070633968336,-188.11209341181598,-20.00066947937,688.7070633968336,-188.11209341181598,228.8239390208754,0.9910773272746809,4.6420914351311363E-8
730.2798065030807,-169.49323431479442,308.24905304983986,688.5643253479064,-188.06639784498572,-20.00066947937,688.5643253479064,-188.06639784498572,228.72315901290668,0.9946731603683576,2.42269156233607E-8
730.2798065030807,-169.49323431479442,308.24905304983986,688.2686892207133,-187.9769857979921,-20.00066947937,688.2686892207133,-187.9769857979921,228.502229966936,1.0,1.1420250597942533E-7
730.2798065030807,-169.49323431479442,308.24905304983986,688.2294590802212,-187.96517867410464,-20.00066947937,688.2294590802212,-187.96517867410464,228.4737527291402,1.0,1.9144918685444904E-9
730.2798065030807,-169.49323431479442,308.24905304983986,688.0711003331147,-187.91443763760464,-20.00066947937,688.0711003331147,-187.91443763760464,228.3611402214529,1.0,3.025440199587138E-8
730.2798065030807,-169.49323431479442,308.24905304983986,687.9637504995834,-187.83482785620515,-20.00066947937,687.9637504995834,-187.83482785620515,228.25853734796095,1.0,2.39662130410576E-8
730.2798065030807,-169.49323431479442,308.24905304983986,688.3217845994159,-187.77529055571574,-20.00066947937,688.3217845994159,-187.77529055571574,228.29987165489493,1.0,1.3359655430452652E-8
730.2798065030807,-169.49323431479442,308.24905304983986,689.0362818513242,-187.70722129018736,-20.00066947937,689.0362818513242,-187.70722129018736,228.99694784454687,0.9840356515051406,1.0297962590500204E-6
730.2798065030807,-169.49323431479442,308.24905304983986,689.0762283002965,-187.8287840595552,-20.00066947937,689.0762283002965,-187.8287840595552,229.16027537759246,0.9788921998222188,5.04061039176643E-8
730.2798065030807,-169.49323431479442,308.24905304983986,689.1419148138795,-187.80624232595983,-20.00066947937,689.1419148138795,-187.80624232595983,229.17568658197197,0.9781799340274874,1.0178978747235158E-9
730.2798065030807,-169.49323431479442,308.24905304983986,689.1999405917437,-187.68714069162974,-20.00066947937,689.1999405917437,-187.68714069162974,229.0591538323212,0.9815468513313353,2.794066152297618E-8
730.2798065030807,-169.49323431479442,308.24905304983986,689.2366088387755,-187.61274557672888,-20.00066947937,689.2366088387755,-187.61274557672888,228.5850234634625,0.9964790661204642,3.8404513700582255E-7
730.2798065030807,-169.49323431479442,308.24905304983986,689.232700998447,-187.6154352604637,-20.00066947937,689.232700998447,-187.6154352604637,228.5544456863603,0.9974765370921406,1.600898674715524E-9
730.2798065030807,-169.49323431479442,308.24905304983986,689.2021465199591,-187.60986024041645,-20.00066947937,689.2021465199591,-187.60986024041645,228.44179663270566,1.0,2.2417112649644642E-8
730.2798065030807,-169.49323431479442,308.24905304983986,689.1417834571653,-187.64779218352712,-20.00066947937,689.1417834571653,-187.64779218352712,228.01656412188237,1.0,3.1145021694415013E-7
730.2798065030807,-169.49323431479442,308.24905304983986,689.108621736066,-187.65173735333207,-20.00066947937,689.108621736066,-187.65173735333207,227.88749171939082,1.0,2.9271674782380525E-8
730.2798065030807,-169.49323431479442,308.24905304983986,689.0633846240517,-187.68274406997745,-20.00066947937,689.0633846240517,-187.68274406997745,227.57667484465523,1.0,1.6660809081734083E-7
730.2798065030807,-169.49323431479442,308.24905304983986,689.2672635458126,-187.5045416673535,-20.00066947937,689.2672635458126,-187.5045416673535,227.70917878351312,1.0,4.622754849049948E-8
730.2798065030807,-169.49323431479442,308.24905304983986,689.7256408485347,-187.3908468329857,-20.00066947937,689.7256408485347,-187.3908468329857,228.35013177688236,1.0,8.172791813738405E-7
730.2798065030807,-169.49323431479442,308.24905304983986,690.6867010058415,-187.3085949207593,-20.00066947937,690.6867010058415,-187.3085949207593,229.99032665020664,0.9475968780365467,5.1527606493950205E-6
730.2798065030807,-169.49323431479442,308.24905304983986,690.7261701093529,-187.41484737435837,-20.00066947937,690.7261701093529,-187.41484737435837,230.24755488484425,0.939685549108999,1.1824863885987554E-7
730.2798065030807,-169.49323431479442,308.24905304983986,690.9087070944297,-187.37572708501833,-20.00066947937,690.9087070944297,-187.37572708501833,230.4240323382335,0.933717439766478,6.626438527602421E-8
730.2798065030807,-169.49323431479442,308.24905304983986,690.7894087505674,-187.40284694183075,-20.00066947937,690.7894087505674,-187.40284694183075,229.89781962776067,0.9502946109951402,4.853831189942433E-7
730.2798065030807,-169.49323431479442,308.24905304983986,690.7791249953668,-187.40901236967593,-20.00066947937,690.7791249953668,-187.40901236967593,229.83447518918396,0.9522970573039435,6.942374618968737E-9
730.2798065030807,-169.49323431479442,308.24905304983986,690.7745457805022,-187.4120065652255,-20.00066947937,690.7745457805022,-187.4120065652255,229.80706637017386,0.953165253704918,1.302588869361023E-9
730.2798065030807,-169.49323431479442,308.24905304983986,690.7149020269568,-187.41466104838423,-20.00066947937,690.7149020269568,-187.41466104838423,229.6224577778215,0.9590868789829307,6.072857670550165E-8
730.2798065030807,-169.49323431479442,308.24905304983986,690.6545746859208,-187.45168589364326,-20.00066947937,690.6545746859208,-187.45168589364326,229.23888430511747,0.9713381295674264,2.5471642576482257E-7
730.2798065030807,-169.49323431479442,308.24905304983986,690.6519202896482,-187.4530469343518,-20.00066947937,690.6519202896482,-187.4530469343518,229.22104361429652,0.9719098838637764,5.475184104074745E-10
730.2798065030807,-169.49323431479442,308.24905304983986,690.5897802337954,-187.45765196919604,-20.00066947937,690.5897802337954,-187.45765196919604,229.02257442781112,0.9783668002119209,7.010053412490425E-8
730.2798065030807,-169.49323431479442,308.24905304983986,690.5329936022157,-187.49094292429822,-20.00066947937,690.5329936022157,-187.49094292429822,228.6713615084059,0.9897509894509712,2.1367732099697886E-7
730.2798065030807,-169.49323431479442,308.24905304983986,690.5286408767274,-187.49344681471996,-20.00066947937,690.5286408767274,-187.49344681471996,228.64379334481853,0.9906483035487583,1.312188862091699E-9
730.2798065030807,-169.49323431479442,308.24905304983986,690.4826623603262,-187.49709732433013,-20.00066947937,690.4826623603262,-187.49709732433013,228.49357178373273,0.9955998775425321,4.0088426879079345E-8
730.2798065030807,-169.49323431479442,308.24905304983986,690.4198003363159,-187.53348907329345,-20.00066947937,690.4198003363159,-187.53348907329345,228.1090101270965,1.0,2.563232980944122E-7
730.2798065030807,-169.49323431479442,308.24905304983986,690.4144771989309,-187.5366214340993,-20.00066947937,690.4144771989309,-187.5366214340993,228.0778354019256,1.0,1.6847712978633864E-9
730.2798065030807,-169.49323431479442,308.24905304983986,690.3576118149585,-187.54943333032526,-20.00066947937,690.3576118149585,-187.54943333032526,227.84109723678685,1.0,9.839785740514617E-8
730.2798065030807,-169.49323431479442,308.24905304983986,690.3287486702766,-187.5653331346835,-20.00066947937,690.3287486702766,-187.5653331346835,227.61500453473758,1.0,8.752750251126438E-8
730.2798065030807,-169.49323431479442,308.24905304983986,690.6368365505662,-187.43370169892611,-20.00066947937,690.6368365505662,-187.43370169892611,227.85758774894984,1.0,1.356928407080743E-7
730.2798065030807,-169.49323431479442,308.24905304983986,691.2426225850581,-187.3215513943808,-20.00066947937,691.2426225850581,-187.3215513943808,228.74896617394424,0.9850308638749725,1.5567049313247142E-6
730.2798065030807,-169.49323431479442,308.24905304983986,691.2138296961448,-187.39061375689673,-20.00066947937,691.2138296961448,-187.39061375689673,228.9506279612632,0.9787915631232172,7.195926510615222E-8
730.2798065030807,-169.49323431479442,308.24905304983986,691.3182960714756,-187.37071932246045,-20.00066947937,691.3182960714756,-187.37071932246045,228.9768544943356,0.9776412578499932,2.597146140406686E-9
730.2798065030807,-169.49323431479442,308.24905304983986,691.3263255736034,-187.30814054089197,-20.00066947937,691.3263255736034,-187.30814054089197,228.9295510732699,0.9790377337354166,4.3974224754557904E-9
730.2798065030807,-169.49323431479442,308.24905304983986,691.393383444937,-187.19563554166595,-20.00066947937,691.393383444937,-187.19563554166595,228.50130317116677,0.9923555157260897,3.232404703622072E-7
730.2798065030807,-169.49323431479442,308.24905304983986,691.4044185466786,-187.17445471433737,-20.00066947937,691.4044185466786,-187.17445471433737,228.39403267701027,0.9957382789070139,1.9856306768495322E-8
730.2798065030807,-169.49323431479442,308.24905304983986,691.4027449753384,-187.17299691423966,-20.00066947937,691.4027449753384,-187.17299691423966,228.35799887378852,0.9968990867224657,2.1737843989812316E-9
730.2798065030807,-169.49323431479442,308.24905304983986,691.3769626654463,-187.16976721363528,-20.00066947937,691.3769626654463,-187.16976721363528,228.23905867028498,1.0,2.461986297781382E-8
730.2798065030807,-169.49323431479442,308.24905304983986,691.3138294500626,-187.2051711377963,-20.00066947937,691.3138294500626,-187.2051711377963,227.81507946790353,1.0,3.103602940497038E-7
730.2798065030807,-169.49323431479442,308.24905304983986,691.2960997740006,-187.19883591639288,-20.00066947937,691.2960997740006,-187.19883591639288,227.75634121175895,1.0,6.172182257774294E-9
730.2798065030807,-169.49323431479442,308.24905304983986,691.289472666942,-187.19351532189367,-20.00066947937,691.289472666942,-187.19351532189367,227.4621829933996,1.0,1.4390420495664474E-7
730.2798065030807,-169.49323431479442,308.24905304983986,691.4407773030645,-187.0710682366767,-20.00066947937,691.4407773030645,-187.0710682366767,227.523159988458,1.0,1.2025031519404496E-8
730.2798065030807,-169.49323431479442,308.24905304983986,691.8774873011793,-186.94998588109252,-20.00066947937,691.8774873011793,-186.94998588109252,228.23909347132994,0.9991016682378409,9.910225148204855E-7
730.2798065030807,-169.49323431479442,308.24905304983986,692.7914473249515,-186.86467617676482,-20.00066947937,692.7914473249515,-186.86467617676482,229.9747374092106,0.9418102978580478,5.678199720014419E-6
