729.687516821623,-169.19806431777542,132.85586795337406,729.687516821623,-290.44703506600644,163.24808887410677,707.7394824107023,-326.3122159020355,172.23804147002625,1.0,1.0
729.687516821623,-169.19806431777542,132.85586795337406,729.687516821623,-290.447121862679,163.24774259895423,707.7378217693133,-326.30760657001287,172.2364092164363,1.0,2.7857169955786067E-10
729.687516821623,-169.19806431777542,132.85586795337406,729.687516821623,-290.4659521924654,163.1725196552296,707.7551173772242,-326.0356743155532,172.0648562468567,1.0,1.101612339797958E-6
729.687516821623,-169.19806431777542,132.85586795337406,729.687516821623,-290.6087745716125,162.59539444016957,707.7562807589894,-324.5705594098656,170.9143260865163,1.0,3.468174876213058E-5
729.687516821623,-169.19806431777542,132.85586795337406,729.687516821623,-290.89923489997625,161.3834875337397,707.8359593753426,-321.09468942713454,168.4615167399188,1.0,1.9387952444525506E-4
729.687516821623,-169.19806431777542,132.85586795337406,729.687516821623,-291.34200472357116,159.42385286276095,708.3570830981288,-315.78195822263564,164.73987847641024,1.0,4.595763822810686E-4
729.687516821623,-169.19806431777542,132.85586795337406,729.687516821623,-291.86831515299616,156.87689124598208,709.1253976662173,-308.3364200980389,160.1016399505507,1.0,8.944289119283596E-4
729.687516821623,-169.19806431777542,132.85586795337406,729.687516821623,-292.3554878051135,154.23925028546694,710.1164806231936,-299.7488959931279,155.52294126847772,1.0,0.0011593226288731065
729.687516821623,-169.19806431777542,132.85586795337406,729.687516821623,-292.7673230286856,151.71424279417477,711.0255044154349,-290.55862481990613,151.37716495486512,0.6516190529642338,0.0012927310538141698
729.687516821623,-169.19806431777542,132.85586795337406,729.687516821623,-292.6098764744871,152.71851179039885,711.3833540321478,-286.40404544291476,151.71970779150485,0.6081389913044601,2.1716429411663718E-4
729.687516821623,-169.19806431777542,132.85586795337406,729.687516821623,-292.63625189121865,152.55393508148194,711.419626729657,-285.3740261663113,151.39504079891978,0.5835999149253276,1.3645542810091121E-5
729.687516821623,-169.19806431777542,132.85586795337406,729.687516821623,-292.58397026914145,152.8788101088281,711.3392779141548,-285.10164577408864,151.6645859282168,0.5725021623298102,1.1486601185569516E-6
729.687516821623,-169.19806431777542,132.85586795337406,729.687516821623,-292.57091511931833,152.9590936920517,711.2962441661807,-285.089421976744,151.7400074463308,0.5697843642595287,6.86757185699981E-9
729.687516821623,-169.19806431777542,132.85586795337406,729.687516821623,-292.6009533726905,152.77387420149833,711.0965567025584,-284.9903718474877,151.54547824147028,0.5541501077154721,1.944955554568409E-7
729.687516821623,-169.19806431777542,132.85586795337406,729.687516821623,-292.6891252504437,152.21969685480823,710.9009195976741,-285.05290007866563,151.02231012444597,0.5419521517671874,2.363462417761999E-7
729.687516821623,-169.19806431777542,132.85586795337406,729.687516821623,-292.7240245109381,151.99580416949527,710.9758757330657,-285.24252430227017,150.83657062400508,0.55027930171985,5.488684598517057E-7
729.687516821623,-169.19806431777542,132.85586795337406,729.687516821623,-292.784059026739,151.60425219831694,710.8813364482542,-285.23104128665244,150.4584356425374,0.5429707517826828,5.358285721263551E-8
729.687516821623,-169.19806431777542,132.85586795337406,729.687516821623,-292.8642983201666,151.06747325509923,710.8241597088728,-285.15156929667415,149.93166461737286,0.5358649924423616,2.806280781817508E-7
729.687516821623,-169.19806431777542,132.85586795337406,729.687516821623,-292.94215172255497,150.53073237600216,710.9369160372289,-284.45329732835285,149.31823524852197,0.5230522407297025,7.184137738441849E-6
729.687516821623,-169.19806431777542,132.85586795337406,729.687516821623,-292.9987971476171,150.1295054045352,711.059356771834,-284.325891318371,148.91939438565802,0.5251575053617379,3.8481107244916637E-7
729.687516821623,-169.19806431777542,132.85586795337406,729.687516821623,-293.00575387463095,150.07957274047715,711.0262733351101,-284.31963394964197,148.87118927197957,0.5230006015379404,1.934389053586703E-9
729.687516821623,-169.19806431777542,132.85586795337406,729.687516821623,-293.0705260836476,149.6073817972788,710.9565756295974,-284.2516311842906,148.414785493883,0.5158792531479355,1.922280678642357E-7
729.687516821623,-169.19806431777542,132.85586795337406,729.687516821623,-293.17965303794176,148.7796130663656,710.9783725190379,-283.6909126958242,147.5609137077675,0.499778106400104,5.214587709880831E-6
729.687516821623,-169.19806431777542,132.85586795337406,729.687516821623,-293.2209445411249,148.4547519232198,711.0163958969139,-283.5107654607709,147.23346149255013,0.4959448393086942,5.669577076591234E-7
729.687516821623,-169.19806431777542,132.85586795337406,729.687516821623,-293.2411967211947,148.29287878927772,710.9691288353537,-283.51110170415086,147.08198077902773,0.49310093409529143,4.21884895173163E-9
729.687516821623,-169.19806431777542,132.85586795337406,729.687516821623,-293.3224217475575,147.62556302956665,710.895511710164,-283.4419985253971,146.44988050248816,0.48572261103547265,2.3672563619981367E-7
729.687516821623,-169.19806431777542,132.85586795337406,729.687516821623,-293.3959696026145,146.99377171801103,710.969737382884,-282.9717009731983,145.8071389293065,0.47520162933815474,3.4393187899516014E-6
729.687516821623,-169.19806431777542,132.85586795337406,729.687516821623,-293.4349678828529,146.6468719980995,710.9806657434038,-282.7100352981073,145.456343383724,0.46787655826469454,1.051439502383853E-6
729.687516821623,-169.19806431777542,132.85586795337406,729.687516821623,-293.4587133178871,146.43125413834312,710.92815276918,-282.7171548801478,145.25774663460723,0.46512078373543625,9.538991663810168E-9
729.687516821623,-169.19806431777542,132.85586795337406,729.687516821623,-293.52955762536027,145.76631999449106,710.8850140064945,-282.6206081120623,144.63354610298816,0.45900927984566847,2.9793072644384395E-7
729.687516821623,-169.19806431777542,132.85586795337406,729.687516821623,-293.59509386356933,145.11878115468437,710.9251464029038,-282.163389663488,143.9918571689549,0.44735716010456666,3.1625320933160124E-6
729.687516821623,-169.19806431777542,132.85586795337406,729.687516821623,-293.62688360981906,144.79190287238885,710.9474756030729,-281.8624979214296,143.663385225301,0.43975002032360405,1.2910122996363153E-6
729.687516821623,-169.19806431777542,132.85586795337406,729.687516821623,-293.6421305631488,144.63187645868373,710.8999871656779,-281.8617839799361,143.51711489756698,0.437444468081374,2.4370288062355636E-9
729.687516821623,-169.19806431777542,132.85586795337406,729.687516821623,-293.7011979539524,143.99003674912427,710.8096785775786,-281.79961988973474,142.9256926219312,0.4308815737795448,1.5090859745758E-7
729.687516821623,-169.19806431777542,132.85586795337406,729.687516821623,-293.7626617249107,143.27993015571684,710.8988562889763,-281.3073170690022,142.23761725022536,0.4205049528454166,3.53867262162486E-6
729.687516821623,-169.19806431777542,132.85586795337406,729.687516821623,-293.8531972358419,142.13475997662673,710.7282851736372,-279.5954418825744,141.07346254490463,0.3710709746790641,3.872788667698847E-5
729.687516821623,-169.19806431777542,132.85586795337406,729.687516821623,-293.90123253877744,141.46515570814597,710.9181979562262,-279.3080110166974,140.45766532001036,0.36912824085516405,1.2682065057665222E-6
729.687516821623,-169.19806431777542,132.85586795337406,729.687516821623,-293.9788881380676,140.2549224016939,709.3345057662137,-279.6811998281634,139.407120864156,0.33023107145978975,2.091814349322254E-6
729.687516821623,-169.19806431777542,132.85586795337406,729.687516821623,-294.11309923192147,137.4639100970267,706.159294237853,-283.1659134280754,137.0600748535495,0.29723005074198894,1.5305553928766133E-4
729.687516821623,-169.19806431777542,132.85586795337406,729.687516821623,-294.15964632463863,135.95474232030205,712.8256597372488,-277.706479329628,135.5467265394773,0.378228634026682,3.6030973560281315E-4
729.687516821623,-169.19806431777542,132.85586795337406,729.687516821623,-294.148462479979,136.3769472064995,727.9925450534124,-268.58958336523204,135.65670269101383,0.306919395231491,8.883620364362099E-4
729.687516821623,-169.19806431777542,132.85586795337406,729.687516821623,-294.12573753484764,137.10751052635823,732.5905307006531,-264.9738978722546,136.11539085104076,0.21746839182655323,1.5617358273160186E-4
729.687516821623,-169.19806431777542,132.85586795337406,729.687516821623,-294.14433527459255,136.52047898125153,731.8216648743136,-265.2355284827308,135.672598277322,0.22364302927671462,8.69444964538122E-7
729.687516821623,-169.19806431777542,132.85586795337406,729.687516821623,-294.1740077670711,135.30812384508758,734.3838397872278,-261.69615128807436,134.67084908081938,0.1609660874662897,1.549127024188486E-4
729.687516821623,-169.19806431777542,132.85586795337406,729.687516821623,-294.0344618522408,126.46260191660339,742.7990770951591,-253.80184942276574,128.52304101686585,0.07764387518481033,8.036220279356246E-4
729.687516821623,-169.19806431777542,132.85586795337406,729.687516821623,-293.8991956166537,124.21712656472705,747.4520947601023,-251.5612847735331,127.15010928027843,0.06016185343332746,6.092484023352777E-5
729.687516821623,-169.19806431777542,132.85586795337406,729.687516821623,-293.92884771038104,124.65637563574279,753.9391329157164,-249.07802927372322,127.60475719166791,0.04275957914960238,6.659732026447721E-5
729.687516821623,-169.19806431777542,132.85586795337406,729.687516821623,-293.97377223372,125.37103568572213,759.0627761473563,-247.18326747194908,128.1778246489757,0.03238160806239907,4.0017129527374286E-5
729.687516821623,-169.19806431777542,132.85586795337406,729.687516821623,-293.9718492150202,125.33904665603771,762.6080155734278,-244.6695436745428,128.3091947572566,0.02495895147292139,7.43770098403757E-5
729.687516821623,-169.19806431777542,132.85586795337406,729.687516821623,-293.2845004161692,117.77089608070409,778.9929994652649,-229.18594023380402,125.56324637967555,0.005920197166538397,0.0031514487024131258
729.687516821623,-169.19806431777542,132.85586795337406,729.687516821623,-287.3096432101664,91.93331999327638,803.3099370004954,-211.60777568136515,118.16202113898518,4.520022820020111E-4,0.004113335699961002
729.687516821623,-169.19806431777542,132.85586795337406,729.687516821623,-282.3080495047721,79.64749219356166,816.3008170454729,-204.3830367346626,116.30440938531484,1.119888045312495E-5,5.716642316265597E-4
729.687516821623,-169.19806431777542,132.85586795337406,729.687516821623,-276.5538007277619,68.82661011081042,833.9032323062273,-194.9938416124493,117.47071452903987,2.6260130961138867E-4,7.015337275367385E-4
729.687516821623,-169.19806431777542,132.85586795337406,729.687516821623,-266.59507096025857,54.50522598354651,851.457794074578,-184.99288570496228,120.14978551669824,0.0010033105819438498,8.750702299268543E-4
729.687516821623,-169.19806431777542,132.85586795337406,729.687516821623,-225.07553504115089,21.0403580025702,867.3977123550382,-174.0743598045201,123.09799130894919,1.0,4.902872797057862E-4
729.687516821623,-169.19806431777542,132.85586795337406,729.687516821623,-46.33855004070777,109.82241941428177,898.4019010443776,-152.95059078920582,129.80982510017986,1.0,0.004802917282182129
729.687516821623,-169.19806431777542,132.85586795337406,729.687516821623,-44.28421809228587,137.49602109252243,915.6411207953524,-141.1837040810873,133.89651256981512,1.0,0.0015593900738107775
729.687516821623,-169.19806431777542,132.85586795337406,729.687516821623,-44.84724606600594,145.57883930897307,929.2092067852116,-132.0483113847527,136.65685011882678,1.0,9.92990242577055E-4
729.687516821623,-169.19806431777542,132.85586795337406,729.687516821623,-45.03739161617443,147.317104217467,938.9621602201827,-125.83932179582234,137.90594545441076,1.0,4.524457476504371E-4
729.687516821623,-169.19806431777542,132.85586795337406,729.687516821623,-44.77876732444625,144.89075622397107,943.1927490734521,-123.05648583696653,137.31907225580065,1.0,9.313446344155451E-5
729.687516821623,-169.19806431777542,132.85586795337406,729.687516821623,-44.36022265107094,139.2208729022193,939.5145767604697,-126.39142396832334,135.03841512040322,1.0,1.4124607163781402E-4
729.687516821623,-169.19806431777542,132.85586795337406,729.687516821623,-44.41219782934917,125.54235137564898,925.273383842892,-137.6511938155771,131.0069521515627,1.0,0.0015565322488868113
729.687516821623,-169.19806431777542,132.85586795337406,729.687516821623,-63.788692839919946,65.67056893161283,900.4002755435381,-157.57008296838532,125.44448324416575,1.0,0.004379175301710863
729.687516821623,-169.19806431777542,132.85586795337406,729.687516821623,-251.28256907226526,38.58427053819216,872.2802790269619,-181.44055795022362,118.79573036068234,1.0,0.004019438433927314
729.687516821623,-169.19806431777542,132.85586795337406,729.687516821623,-276.8266428282727,69.28630693703758,841.3977009974661,-206.80670675672212,110.6427631874217,1.855420941704149E-4,0.007588977684750522
729.687516821623,-169.19806431777542,132.85586795337406,729.687516821623,-282.1665595421334,79.34774626381926,794.2066215874864,-241.11198764581653,98.79346008498595,0.0069637020210182345,0.010642048945952044
729.687516821623,-169.19806431777542,132.85586795337406,729.687516821623,-283.20503857308796,81.59760207216709,762.6478632464442,-262.9118882513683,90.72153244180004,0.09374809519365848,0.005473582319897222
729.687516821623,-169.19806431777542,132.85586795337406,729.687516821623,-283.72189764192655,82.7630381197337,712.7741426273699,-292.9530813720885,78.7253098815491,1.0,0.006473068331828482
729.687516821623,-169.19806431777542,132.85586795337406,729.687516821623,-283.18104018537156,81.54425900990995,669.3182068950723,-313.95648737040545,67.69010492243433,1.0,0.0032858495928536386
729.687516821623,-169.19806431777542,132.85586795337406,729.687516821623,-282.40865289111974,79.86188117301415,648.4269986472927,-321.85214077049733,61.39834607800114,1.0,8.394721106974476E-4
729.687516821623,-169.19806431777542,132.85586795337406,729.687516821623,-280.82405564469667,76.60075209461766,641.5914882174109,-322.023682558536,55.83775811960598,1.0,6.845090815556203E-5
729.687516821623,-169.19806431777542,132.85586795337406,729.687516821623,-278.45052690034765,72.11955739993618,654.1527773653398,-313.20912949338344,52.79633821026721,1.0,9.756322497556632E-4
729.687516821623,-169.19806431777542,132.85586795337406,729.687516821623,-275.99651893491864,67.90134469756067,680.9742898647175,-298.9348345982245,53.95032486733345,1.0,0.0012299228950442872
729.687516821623,-169.19806431777542,132.85586795337406,729.687516821623,-273.73170902096695,64.31597354824004,716.3782647392745,-281.52040823324285,59.209133323941955,1.0,0.0019410930587748763
729.687516821623,-169.19806431777542,132.85586795337406,729.687516821623,-271.40643157385625,60.894422283862255,756.8874251345047,-260.74704601293615,68.39933421529608,0.201755981008917,0.0031568273039795434
729.687516821623,-169.19806431777542,132.85586795337406,729.687516821623,-263.91278487045923,51.28306788725513,824.3955289822122,-220.15401135158515,88.97019468829123,3.2848528455544415E-4,0.00599946668912705
729.687516821623,-169.19806431777542,132.85586795337406,729.687516821623,-209.45639029742782,14.51624149918905,886.2761464644273,-176.47482611468791,111.46577654028485,1.0,0.0016641524851949716
729.687516821623,-169.19806431777542,132.85586795337406,729.687516821623,-45.71166740404266,113.46231806522695,931.5947226900108,-141.03244732106234,128.43245523741479,1.0,0.012603858305629876
729.687516821623,-169.19806431777542,132.85586795337406,729.687516821623,-44.300195040052216,137.90782300906957,946.4248772876364,-126.76052743228453,134.57241067952094,1.0,0.002638831149004009
729.687516821623,-169.19806431777542,132.85586795337406,729.687516821623,-44.65524890816411,143.53702565502263,948.3954770422412,-122.02131024174764,136.9018849675282,1.0,3.043760273231829E-4
729.687516821623,-169.19806431777542,132.85586795337406,729.687516821623,-44.417988041345225,140.26751854202615,939.6552351177043,-126.74295873944716,135.37760393591842,1.0,2.537914645086846E-4
729.687516821623,-169.19806431777542,132.85586795337406,729.687516821623,-44.57858963419959,123.1097646505353,921.522078434765,-140.4561512053708,130.6080519115718,1.0,0.0022720003524248278
729.687516821623,-169.19806431777542,132.85586795337406,729.687516821623,-81.74394618848187,43.543062476065444,896.1011929637586,-160.99650607269294,124.47999964868288,1.0,0.003550383831527879
729.687516821623,-169.19806431777542,132.85586795337406,729.687516821623,-259.0210128903441,45.92579312463778,866.8332866016243,-185.3609418655388,117.21353849299535,1.0,0.005076802315753479
729.687516821623,-169.19806431777542,132.85586795337406,729.687516821623,-279.2024766728239,73.49233316626368,824.5094826508354,-218.6604619582868,106.16364079516381,9.165222245450009E-5,0.011427154941191486
729.687516821623,-169.19806431777542,132.85586795337406,729.687516821623,-283.0038815635897,81.15252221045016,778.1077797110197,-253.64091662360897,94.49246884121004,0.026923410408084183,0.011657873112347035
729.687516821623,-169.19806431777542,132.85586795337406,729.687516821623,-283.88787762876456,83.14423226623879,730.4198575391683,-285.21531267400775,82.56886322985775,1.0,0.008373896170038333
729.687516821623,-169.19806431777542,132.85586795337406,729.687516821623,-284.0521888718914,83.52504520625581,684.0481236488703,-310.3998559166564,72.2084982574087,1.0,0.004421199675158002
729.687516821623,-169.19806431777542,132.85586795337406,729.687516821623,-283.8658881113604,83.09353092582529,658.1638348308303,-323.5006020161753,65.89327434057549,1.0,0.0018995267600503932
729.687516821623,-169.19806431777542,132.85586795337406,729.687516821623,-282.47745607935497,80.00911401212815,650.5828730550971,-324.4859129452267,60.411457731322486,1.0,1.0287705853882868E-4
729.687516821623,-169.19806431777542,132.85586795337406,729.687516821623,-280.2457688107874,75.46765203030603,660.93924109459,-315.61374430982517,57.189876510612294,1.0,0.0010772038330987795
729.687516821623,-169.19806431777542,132.85586795337406,729.687516821623,-277.4975446202417,70.4361389711386,685.9245584308117,-299.8086933717765,57.576835727359054,1.0,0.0016633352653944277
729.687516821623,-169.19806431777542,132.85586795337406,729.687516821623,-274.791355734028,65.96000255137511,719.4443096664738,-280.95384103678134,62.05592131831932,1.0,0.002476480759176567
729.687516821623,-169.19806431777542,132.85586795337406,729.687516821623,-271.9828774046428,61.72020742577557,759.4616375741922,-258.0889385376788,71.33597155423936,0.14345532230959457,0.004132786171146313
729.687516821623,-169.19806431777542,132.85586795337406,729.687516821623,-264.8518390929054,52.386275116895106,818.0191273981512,-220.29374709351876,89.87116820334404,6.723464362382933E-4,0.008363947471248584
729.687516821623,-169.19806431777542,132.85586795337406,729.687516821623,-207.9996443375885,14.030629102505173,874.4603133784348,-176.72455101009604,109.80689472944317,1.0,0.0017228824262683507
729.687516821623,-169.19806431777542,132.85586795337406,729.687516821623,-48.10737973810626,101.83899983251,917.9930344039508,-142.00526537614954,125.89054719779884,1.0,0.014116742652784347
729.687516821623,-169.19806431777542,132.85586795337406,729.687516821623,-44.19871107053821,133.25797213441314,938.313850127594,-126.33673516834912,132.99374642400733,1.0,0.002735250298822631
729.687516821623,-169.19806431777542,132.85586795337406,729.687516821623,-44.30368785219477,137.99344785774707,947.9142790824452,-116.75924912940849,135.012959495403,1.0,0.0011708263906325819
729.687516821623,-169.19806431777542,132.85586795337406,729.687516821623,-44.19897204097764,132.37949627433326,942.771317094101,-118.18223923068167,132.66144658749266,1.0,2.0371471577707546E-5
729.687516821623,-169.19806431777542,132.85586795337406,729.687516821623,-44.95703612340145,119.10207163363846,928.7701359636077,-130.05783234594227,128.522945196122,1.0,0.0018347720499672239
729.687516821623,-169.19806431777542,132.85586795337406,729.687516821623,-55.87427996419126,80.10437603340696,908.0065867268178,-149.0523148335795,123.47815128781133,1.0,0.004722178624997115
729.687516821623,-169.19806431777542,132.85586795337406,729.687516821623,-179.1741529098486,8.254593255226979,884.1104359956776,-170.4341874624291,117.41669877537441,1.0,1.5591923326611624E-4
729.687516821623,-169.19806431777542,132.85586795337406,729.687516821623,-262.76564086692065,49.96974958171998,856.8249146475434,-194.8628314789603,110.12093126528322,1.0,0.005892267287777957
729.687516821623,-169.19806431777542,132.85586795337406,729.687516821623,-279.93856816276116,74.87707175891433,816.6502120526546,-228.38423598233285,101.8686242139637,7.728878463682947E-4,0.011198156257639886
729.687516821623,-169.19806431777542,132.85586795337406,729.687516821623,-283.54259020001695,82.35508181330103,773.168752921189,-259.8659635981934,92.81197292646584,0.04411592958239105,0.008999984865324665
729.687516821623,-169.19806431777542,132.85586795337406,729.687516821623,-284.4035724587176,84.35132286750286,730.3239501640104,-288.09015738779766,82.79917377505933,1.0,0.00721640822164895
729.687516821623,-169.19806431777542,132.85586795337406,729.687516821623,-284.38758204529256,84.31336074884234,686.8863408153123,-310.449105596525,73.33066267262183,1.0,0.00358007488949921
729.687516821623,-169.19806431777542,132.85586795337406,729.687516821623,-284.13464181568565,83.71745982829461,659.2343183089968,-322.9115860847715,67.13929685513278,1.0,0.001544910884121248
729.687516821623,-169.19806431777542,132.85586795337406,729.687516821623,-283.69796177975024,82.70835075464072,634.9644147288403,-333.01578927501356,61.10862309248961,1.0,0.0011311734958136738
729.687516821623,-169.19806431777542,132.85586795337406,729.687516821623,-282.60848001516376,80.29088330251004,624.4078905148267,-335.65026940220963,55.70636143263178,1.0,2.155479616640004E-4
729.687516821623,-169.19806431777542,132.85586795337406,729.687516821623,-280.88019683465467,76.71229061382235,627.5776595149489,-330.76722722803527,51.633647450306256,1.0,4.902941212617705E-4
729.687516821623,-169.19806431777542,132.85586795337406,729.687516821623,-278.93242377620396,72.99460874302673,646.4332886237248,-320.68714586521696,50.21696412412939,1.0,8.457697577648548E-4
729.687516821623,-169.19806431777542,132.85586795337406,729.687516821623,-277.0058729292805,69.5907400993573,673.8168846901114,-307.71010082434333,51.57250071152211,1.0,9.742864699524439E-4
729.687516821623,-169.19806431777542,132.85586795337406,729.687516821623,-274.9879838047216,66.27138826819933,705.4052306242634,-291.4750672531782,55.89437051201321,1.0,0.0018661245596357987
729.687516821623,-169.19806431777542,132.85586795337406,729.687516821623,-272.789332724652,62.899816679345975,740.0437418889153,-272.47381305385693,63.11288975594363,1.0,0.00298519052178008
729.687516821623,-169.19806431777542,132.85586795337406,729.687516821623,-270.38308687602785,59.46246763777383,777.7059862940637,-250.73579305785796,73.71340778541284,0.035734174725894984,0.004524506298605975
729.687516821623,-169.19806431777542,132.85586795337406,729.687516821623,-261.8347619669671,48.93064976091269,834.1984292758185,-213.19104434778254,92.99995186775612,3.3733640696491256E-6,0.009335726763029588
729.687516821623,-169.19806431777542,132.85586795337406,729.687516821623,-182.72208228177254,8.589617756027707,887.2877112467226,-171.41815773566978,112.45640642766611,1.0,2.1800901149676572E-4
729.687516821623,-169.19806431777542,132.85586795337406,729.687516821623,-45.85048408492473,112.59816693128218,928.9747868190209,-133.3940424283241,126.97567825321349,1.0,0.018099110249167622
729.687516821623,-169.19806431777542,132.85586795337406,729.687516821623,-44.198973898964624,132.37900899103764,948.5087582493641,-112.30368711045327,132.6388216245811,1.0,0.00600729976127392
729.687516821623,-169.19806431777542,132.85586795337406,729.687516821623,-44.25166054997591,136.51594793802155,960.234788309363,-98.12038244880657,134.93796069809378,1.0,0.0027418473950772677
729.687516821623,-169.19806431777542,132.85586795337406,729.687516821623,-44.2250126401309,135.45131673475916,962.8576501619625,-94.73085293625795,134.40240803092487,1.0,1.4106601183765121E-4
729.687516821623,-169.19806431777542,132.85586795337406,729.687516821623,-44.22299710388138,130.35935540930967,955.3128144376058,-100.876391672724,131.49106842501766,1.0,4.5564127672504735E-4
729.687516821623,-169.19806431777542,132.85586795337406,729.687516821623,-45.03260583385793,118.43578059307829,939.0284376763266,-115.4210266255461,126.61041458036286,1.0,0.002813309252452657
729.687516821623,-169.19806431777542,132.85586795337406,729.687516821623,-51.574123767357875,90.5521020525486,915.9797511415841,-135.8481631302842,120.86148648605226,1.0,0.0056337527314959035
729.687516821623,-169.19806431777542,132.85586795337406,729.687516821623,-116.88584006486037,19.32864129072398,889.484369611138,-160.53818046656338,114.06231423071833,1.0,0.0019278743965594192
729.687516821623,-169.19806431777542,132.85586795337406,729.687516821623,-234.26653502737298,26.126799188045467,860.4205389369471,-185.49407511523543,106.12620859554153,1.0,0.0031548355831174575
729.687516821623,-169.19806431777542,132.85586795337406,729.687516821623,-267.51395179187136,55.661397489610266,821.3287787678241,-216.8108977306481,95.4718036173378,2.728924945768279E-4,0.009142486298467105
729.687516821623,-169.19806431777542,132.85586795337406,729.687516821623,-272.95627813643955,63.14766854211129,789.4320171707526,-240.4674889736234,84.97471153217361,0.01148323740201792,0.006992232006823261
729.687516821623,-169.19806431777542,132.85586795337406,729.687516821623,-272.3391547811158,62.23777212777814,775.5951643332713,-248.84031864703675,78.32683085744307,0.035225783241078924,0.0013373631333039595
729.687516821623,-169.19806431777542,132.85586795337406,729.687516821623,-271.85333901433864,61.53339900442961,772.7002172188596,-249.4780755199893,77.07920549627673,0.04320663756174313,1.7257284409105524E-5
729.687516821623,-169.19806431777542,132.85586795337406,729.687516821623,-272.09809132198825,61.886970240838934,774.7825135143992,-248.2983330212148,78.30137421724893,0.03629175799962203,3.274486620955587E-5
729.687516821623,-169.19806431777542,132.85586795337406,729.687516821623,-272.40434306490954,62.333077118291214,775.0461298941765,-248.2250757420371,78.85522511797228,0.03530120524065288,1.6363097611675673E-6
729.687516821623,-169.19806431777542,132.85586795337406,729.687516821623,-272.13197316620773,61.936121696195244,774.3185101209635,-248.55592633354772,78.1796247150265,0.03760257899100853,5.066480834572813E-6
729.687516821623,-169.19806431777542,132.85586795337406,729.687516821623,-269.77913213402445,58.63694316364736,771.708073232482,-246.80364894603872,75.5905875796322,0.043528616540062695,1.0470121642508028E-4
729.687516821623,-169.19806431777542,132.85586795337406,729.687516821623,-259.5745888992501,46.501459817054226,773.6989334348252,-228.50378251140665,76.18949117658701,0.021739801280285985,0.0024574942037819862
729.687516821623,-169.19806431777542,132.85586795337406,729.687516821623,-252.8255461567352,39.95030148249752,777.0772579633109,-214.82691151945346,82.16470993371391,0.009712006888254701,0.002634542455950639
729.687516821623,-169.19806431777542,132.85586795337406,729.687516821623,-245.37651214784543,33.75065070321462,769.7005201530873,-204.7041013208704,86.66388569175945,0.007504125385800796,0.001208789234514868
729.687516821623,-169.19806431777542,132.85586795337406,729.687516821623,-232.82898594748445,25.26355497259543,769.1151265688103,-194.47504996497622,90.11549454199002,0.004507088140037462,8.505272016573202E-4
729.687516821623,-169.19806431777542,132.85586795337406,729.687516821623,-207.7445631869235,13.9476368466472,771.1117335549401,-181.59231929690523,94.62207296055166,0.0021474241792242914,7.99836199124873E-4
729.687516821623,-169.19806431777542,132.85586795337406,729.687516821623,-167.76417088050331,7.864092425499621,773.2167030876816,-168.8130697757301,99.29608580503452,0.0011205169313682054,2.1446176130858336E-4
729.687516821623,-169.19806431777542,132.85586795337406,729.687516821623,-110.5262776153873,22.48095483834838,777.019782566087,-154.12283541896394,104.49594961075243,8.08783719624622E-4,0.0016883122985171597
729.687516821623,-169.19806431777542,132.85586795337406,729.687516821623,-61.43317074349599,69.51766689805336,786.1025965787394,-132.69647296987023,111.40226599682211,0.0012656941782553106,0.007886518196525754
729.687516821623,-169.19806431777542,132.85586795337406,729.687516821623,-48.08062200618053,101.94365082328963,794.4327519263765,-110.07730211850084,117.76676267571821,0.0028427141814137405,0.00948681252194877
729.687516821623,-169.19806431777542,132.85586795337406,729.687516821623,-46.715165915827924,107.8971099903221,795.5596776708363,-100.58419147038978,118.87418506009683,0.004260160846395728,0.0012467686425369137
729.687516821623,-169.19806431777542,132.85586795337406,729.687516821623,-59.583457996218385,72.77560429741072,784.0652718188331,-122.16986142640232,107.07949632009684,0.003154109120334133,0.010309261955618727
729.687516821623,-169.19806431777542,132.85586795337406,729.687516821623,-149.22624840598348,9.46167615657393,770.2681244699282,-162.3140644731862,90.32365150875683,0.002754566251473882,0.003733086402919966
729.687516821623,-169.19806431777542,132.85586795337406,729.687516821623,-224.02446357203382,20.521251984774892,765.0495740746411,-196.16732517029547,77.59815265503616,0.010566696297422058,0.009412027078792027
729.687516821623,-169.19806431777542,132.85586795337406,729.687516821623,-247.55561040591408,35.46441570501078,764.000969689791,-219.41557661520258,70.43997190878355,0.02999232929851318,0.006096415796078326
729.687516821623,-169.19806431777542,132.85586795337406,729.687516821623,-259.85385186081794,46.794679343462704,757.9332623605808,-241.71628981581216,64.01299700837839,0.10921608830518245,0.0065667966811092755
729.687516821623,-169.19806431777542,132.85586795337406,729.687516821623,-261.0508034421242,48.07335610479578,743.52979047504,-254.8032672373001,53.83999755021691,0.9146892813466401,0.0037104841619885116
729.687516821623,-169.19806431777542,132.85586795337406,729.687516821623,-258.1723951540905,45.05741436659413,737.0342332990463,-260.95695917898075,42.30965090492211,1.0,0.002158204805188379
729.687516821623,-169.19806431777542,132.85586795337406,729.687516821623,-250.38292065501201,37.80841085165956,758.8058012852964,-250.2908652456726,37.91618504705659,1.0,8.823998190204231E-4
729.687516821623,-169.19806431777542,132.85586795337406,729.687516821623,-242.50396991350678,31.607439793773864,802.4509544824147,-231.31229763769915,47.06511973366784,1.0,0.0012445255372002977
729.687516821623,-169.19806431777542,132.85586795337406,729.687516821623,-235.13777381639036,26.662861068559508,833.3486428622028,-216.23216586418707,57.109512573326896,1.0,0.0020428796186229203
729.687516821623,-169.19806431777542,132.85586795337406,729.687516821623,-219.06334668300096,18.232774230353613,866.9644795227649,-197.0519060553613,68.82948806346559,1.0,0.0022597049556083854
729.687516821623,-169.19806431777542,132.85586795337406,729.687516821623,-183.3435761738695,8.658828961580454,899.1752165980407,-175.13113757863943,80.76371755139047,1.0,8.470853105188192E-4
729.687516821623,-169.19806431777542,132.85586795337406,729.687516821623,-131.34625519629566,13.724677468971265,927.5385915697964,-155.8612948650865,90.88098593344873,1.0,0.0016541594354728402
729.687516821623,-169.19806431777542,132.85586795337406,729.687516821623,-96.55729015060774,31.129185473335696,944.4943438403561,-143.3769476456191,96.69578338511667,1.0,0.0015514288165726143
729.687516821623,-169.19806431777542,132.85586795337406,729.687516821623,-87.12284625382006,38.57618520171128,948.2916131909988,-138.1315360848443,97.16979248399176,1.0,1.696989673799677E-4
729.687516821623,-169.19806431777542,132.85586795337406,729.687516821623,-97.34597354219416,30.570595058505987,941.9949334132859,-141.24650850193132,93.06534155951462,1.0,3.1671517513636913E-4
729.687516821623,-169.19806431777542,132.85586795337406,729.687516821623,-127.47564355509198,15.024464644656732,926.8026361924948,-152.55156427182493,85.84324441099028,1.0,0.001182011192458148
729.687516821623,-169.19806431777542,132.85586795337406,729.687516821623,-167.75875803987364,7.86415463829708,906.0787780493661,-168.56691681149567,78.04598532057773,1.0,3.320478746318857E-4
729.687516821623,-169.19806431777542,132.85586795337406,729.687516821623,-205.6323274161707,13.283528039508909,881.2987697091376,-188.3576616218125,69.97665243955737,1.0,0.0012626391082733882
729.687516821623,-169.19806431777542,132.85586795337406,729.687516821623,-238.34584136911792,28.723332553251254,841.1459577305797,-219.14814159821753,57.633953201401255,1.0,0.005011425874394978
729.687516821623,-169.19806431777542,132.85586795337406,729.687516821623,-249.4618420224076,37.02932680437196,812.3803464430024,-239.59988131782973,48.80347462413667,1.0,0.0037225190323670722
729.687516821623,-169.19806431777542,132.85586795337406,729.687516821623,-259.2170345843616,46.128796100673625,773.4153431422284,-268.65484623170966,37.03611523076566,1.0,0.007334168402227574
729.687516821623,-169.19806431777542,132.85586795337406,729.687516821623,-262.0876869200007,49.21067674182767,741.1431171425542,-288.68457378972397,25.260728130489753,1.0,0.004991718447676167
729.687516821623,-169.19806431777542,132.85586795337406,729.687516821623,-261.76620062547477,48.85503378775881,728.3303662124877,-295.7612315123858,18.006287492443533,1.0,0.0012149423892103032
729.687516821623,-169.19806431777542,132.85586795337406,729.687516821623,-259.82186542751174,46.76099776691669,727.6499489387231,-294.5385297026002,13.779301264788387,1.0,1.7816558759968756E-4
729.687516821623,-169.19806431777542,132.85586795337406,729.687516821623,-255.85809664110454,42.77235782127747,739.7716404701104,-284.12644311378074,13.387279052925635,1.0,5.810485473138257E-4
729.687516821623,-169.19806431777542,132.85586795337406,729.687516821623,-251.00631695438685,38.34444112812527,764.7884056568967,-269.0026494405336,17.55364061509576,1.0,0.0013758949648148403
729.687516821623,-169.19806431777542,132.85586795337406,729.687516821623,-246.18691945686896,34.37888493514957,800.9905587955377,-251.72053673355651,27.300796378030526,1.0,0.0021062157223541776
729.687516821623,-169.19806431777542,132.85586795337406,729.687516821623,-239.3383079764704,29.389224925300013,839.5307026967453,-231.04921640704546,41.61679120827495,1.0,0.003959292094212071
729.687516821623,-169.19806431777542,132.85586795337406,729.687516821623,-228.25091219742725,22.68436003366415,873.1759966423396,-210.6978535571858,55.432093774458906,1.0,0.0038715341478929217
729.687516821623,-169.19806431777542,132.85586795337406,729.687516821623,-212.3254991958038,15.531427358750193,900.0076430329158,-193.14042872149918,67.72274519464938,1.0,0.002745820298657376
729.687516821623,-169.19806431777542,132.85586795337406,729.687516821623,-185.10998012164214,8.87276049332263,920.6272747498555,-176.25120449727353,77.89892577341243,1.0,0.0011966864404363371
729.687516821623,-169.19806431777542,132.85586795337406,729.687516821623,-151.2297072448059,9.15405655152648,933.840910570853,-162.27083049570643,85.1658444128712,1.0,8.024369488746004E-4
729.687516821623,-169.19806431777542,132.85586795337406,729.687516821623,-130.94655029638244,13.85241558718775,936.6530485024741,-154.84335863126725,88.19725565793348,1.0,3.1471643620717285E-4
729.687516821623,-169.19806431777542,132.85586795337406,729.687516821623,-136.28971224616828,12.265485401815866,928.3891899859516,-156.57613623937556,86.60368455019096,1.0,3.532897811540283E-5
729.687516821623,-169.19806431777542,132.85586795337406,729.687516821623,-161.50976618323713,8.0925317051218,913.3589582579732,-166.02059670533978,81.292901323953,1.0,2.672316873704608E-4
729.687516821623,-169.19806431777542,132.85586795337406,729.687516821623,-190.80113220722697,9.736789587087742,894.4890698497151,-179.42182796025355,74.58912715813366,1.0,6.042026815279805E-4
729.687516821623,-169.19806431777542,132.85586795337406,729.687516821623,-216.34369554837735,17.08761040464833,872.5508247688068,-196.01761709221233,66.99922732964401,1.0,0.00153495304105065
729.687516821623,-169.19806431777542,132.85586795337406,729.687516821623,-235.7423528400056,27.040662689337523,838.5190979730725,-217.55718462854804,55.95775459593412,1.0,0.00326336412509163
729.687516821623,-169.19806431777542,132.85586795337406,729.687516821623,-246.2153230980423,34.40109737330816,806.4008181554768,-237.227342643068,45.89085392511285,1.0,0.003339109717218295
729.687516821623,-169.19806431777542,132.85586795337406,729.687516821623,-251.9290861799766,39.151129430522445,784.6714732241622,-252.8334442776499,38.12681428046119,1.0,0.0028323121868086268
729.687516821623,-169.19806431777542,132.85586795337406,729.687516821623,-256.97176761934963,43.857120722150526,753.7161513332402,-273.1090244661181,27.49463869064303,1.0,0.004575187242530812
729.687516821623,-169.19806431777542,132.85586795337406,729.687516821623,-258.98839078702065,45.892098068747046,726.6782662020139,-287.3728429119655,18.40117493750759,1.0,0.002560717148996828
729.687516821623,-169.19806431777542,132.85586795337406,729.687516821623,-259.5658982389799,46.492365289403764,709.8232616898086,-294.9799189965197,12.647591730899478,1.0,9.163035870717595E-4
729.687516821623,-169.19806431777542,132.85586795337406,729.687516821623,-258.422190384864,45.31127744337006,703.4939558958806,-296.6893795346561,7.764421545129579,1.0,2.505327442866586E-4
729.687516821623,-169.19806431777542,132.85586795337406,729.687516821623,-255.12947911445704,42.07706012334886,715.562768412009,-288.38873858424154,6.941645081944159,1.0,3.9903709639943453E-4
729.687516821623,-169.19806431777542,132.85586795337406,729.687516821623,-251.23101160545332,38.5394030106237,737.7372091430651,-275.3471763373875,10.81211195625582,1.0,0.0011332453965087683
729.687516821623,-169.19806431777542,132.85586795337406,729.687516821623,-248.40522445826736,36.15413176172929,762.5161039036434,-263.310503307668,17.95670692537547,1.0,0.0014944785178652076
729.687516821623,-169.19806431777542,132.85586795337406,729.687516821623,-244.85173050795015,33.3494722193027,789.9200328863751,-249.35668855790558,27.42415278590724,1.0,0.0022521824690896106
729.687516821623,-169.19806431777542,132.85586795337406,729.687516821623,-238.18111482985438,28.61413570544967,817.5052231981482,-231.89474422456126,38.11360197410133,1.0,0.0032593676339687195
729.687516821623,-169.19806431777542,132.85586795337406,729.687516821623,-227.43917454409367,22.253096380479718,843.3578416381538,-213.435695782842,48.846400605588855,1.0,0.003129919108395469
729.687516821623,-169.19806431777542,132.85586795337406,729.687516821623,-208.9346536370142,14.340031588463901,866.2455144042159,-193.96567352103284,58.98556429190393,1.0,0.0022251345685694005
729.687516821623,-169.19806431777542,132.85586795337406,729.687516821623,-180.23877294246867,8.344411640853878,886.7236058182439,-174.9337568319421,68.17166586307962,1.0,7.693709030055953E-4
729.687516821623,-169.19806431777542,132.85586795337406,729.687516821623,-150.87822995367134,9.205620606788486,900.6339912051948,-160.58574580969918,74.72677723201903,1.0,6.49233643714993E-4
729.687516821623,-169.19806431777542,132.85586795337406,729.687516821623,-130.88760971463495,13.871377081241008,907.6084924369632,-151.6382158511535,78.31854514589313,1.0,4.2329706289882097E-4
729.687516821623,-169.19806431777542,132.85586795337406,729.687516821623,-129.8943113943858,14.19578618137652,905.5396076082915,-151.2730184861703,78.73921888194914,1.0,2.924375227906075E-6
729.687516821623,-169.19806431777542,132.85586795337406,729.687516821623,-150.74316308206477,9.225707311319695,893.2989960812182,-160.7353668629237,76.1639012803737,1.0,1.107604848119847E-4
729.687516821623,-169.19806431777542,132.85586795337406,729.687516821623,-190.2014327890343,9.633067657079323,870.8958613449098,-179.44505020591114,72.73873495822937,1.0,1.190998642571925E-4
729.687516821623,-169.19806431777542,132.85586795337406,729.687516821623,-242.0923083194994,31.310660329296,833.7346492303924,-215.2463837262139,68.70833176438279,1.0,0.003039904991260476
729.687516821623,-169.19806431777542,132.85586795337406,729.687516821623,-256.80024792301674,43.688287367190185,812.1123396136796,-234.56455439798103,66.32131901875144,0.003519846578223128,0.00225889914606266
729.687516821623,-169.19806431777542,132.85586795337406,729.687516821623,-261.8697813996725,48.96932044369984,800.4609521849897,-243.9919863650553,65.15232157676712,0.009211028404975872,6.60078809008366E-4
729.687516821623,-169.19806431777542,132.85586795337406,729.687516821623,-263.6239006884283,50.94883879407246,794.9448603515422,-247.77944042489588,64.6926690708238,0.013843574687403177,1.12492225324696E-4
729.687516821623,-169.19806431777542,132.85586795337406,729.687516821623,-263.93532596927844,51.30924782246579,790.3960597154133,-250.15329778915284,63.17235001738072,0.01929845871288071,8.990609518677006E-5
729.687516821623,-169.19806431777542,132.85586795337406,729.687516821623,-262.641985236243,49.83036799472774,782.67100606299,-256.48714442486425,55.2989820095064,1.0,0.001297955659157848
729.687516821623,-169.19806431777542,132.85586795337406,729.687516821623,-259.3809523162393,46.2992580829747,761.9096449738506,-265.84591635624247,40.09425198196976,1.0,0.0035231968144043635
729.687516821623,-169.19806431777542,132.85586795337406,729.687516821623,-253.94303634940786,40.968492784867735,759.6220536835441,-260.3285464831741,34.04480455608808,1.0,8.970637131501589E-4
729.687516821623,-169.19806431777542,132.85586795337406,729.687516821623,-246.39885203055084,34.54494090796888,769.2811231654267,-249.1298984162549,31.06710460684863,1.0,0.001014447936111667
729.687516821623,-169.19806431777542,132.85586795337406,729.687516821623,-241.91953526571228,31.18685761507885,774.589422314891,-243.94329301938896,28.35752199660567,1.0,3.288709925777258E-4
729.687516821623,-169.19806431777542,132.85586795337406,729.687516821623,-243.03275159965824,31.992401058831078,771.1004224126912,-248.2914643139775,24.8086231450211,1.0,3.704954004600457E-4
729.687516821623,-169.19806431777542,132.85586795337406,729.687516821623,-248.83510177047242,36.507841166325974,758.0851779923968,-260.8101024537723,22.020013347582562,1.0,0.001138297347220768
729.687516821623,-169.19806431777542,132.85586795337406,729.687516821623,-248.6947214998147,36.39198094439372,763.2608200089736,-258.2546609013339,24.79163261617242,1.0,1.664961460474001E-4
729.687516821623,-169.19806431777542,132.85586795337406,729.687516821623,-245.03266398144757,33.48729397824559,775.0584184685137,-250.00495343497786,26.97193931717831,1.0,4.728208588730815E-4
729.687516821623,-169.19806431777542,132.85586795337406,729.687516821623,-243.58426870478345,32.39845111970138,777.5473548695646,-247.32404709245756,27.34793833373439,1.0,4.178049113873861E-5
729.687516821623,-169.19806431777542,132.85586795337406,729.687516821623,-245.6280584673812,33.944513730053316,776.0102075951079,-251.4419570666555,26.420496619105336,1.0,1.2778141402628454E-4
729.687516821623,-169.19806431777542,132.85586795337406,729.687516821623,-250.20638967077204,37.657909868638626,777.717026227783,-253.89480968289237,33.323416442405346,1.0,6.089768989578286E-4
729.687516821623,-169.19806431777542,132.85586795337406,729.687516821623,-255.98516551006816,42.89477043539834,780.2527898600307,-254.52950385967995,44.403668853304964,1.0,8.966017984973437E-4
729.687516821623,-169.19806431777542,132.85586795337406,729.687516821623,-259.01235900832546,45.91685214781623,780.900373092695,-254.72617596283894,50.06581904468902,1.0,2.021532506240833E-4
729.687516821623,-169.19806431777542,132.85586795337406,729.687516821623,-261.16403176666114,48.196191417312974,781.2758802851863,-255.0389644248629,53.83464914578121,1.0,9.330669774301689E-5
729.687516821623,-169.19806431777542,132.85586795337406,729.687516821623,-262.6684272097699,49.86013757621026,781.192093135701,-255.1740260249086,56.51468861069989,1.0,4.215950150454442E-5
729.687516821623,-169.19806431777542,132.85586795337406,729.687516821623,-263.6264310199774,50.95175595675654,781.1026075906801,-255.0818070161116,58.36308653275489,0.03855131716789579,1.946050799218365E-5
729.687516821623,-169.19806431777542,132.85586795337406,729.687516821623,-264.6279830286173,52.12092747007331,780.8748750980541,-255.09077489431553,60.189528402583846,0.03843724947248029,1.6638817628189822E-5
729.687516821623,-169.19806431777542,132.85586795337406,729.687516821623,-264.1472087084811,51.55605258167158,779.9330118243329,-255.02062815915818,59.37064973677306,0.0411260369482436,4.004936334072884E-6
729.687516821623,-169.19806431777542,132.85586795337406,729.687516821623,-263.744257237696,51.0877971411728,780.224583308891,-254.60804075722572,58.9892342383115,0.04032473938571732,3.7360375477254497E-6
729.687516821623,-169.19806431777542,132.85586795337406,729.687516821623,-264.8589039793968,52.39467385812361,780.7826215971631,-255.31592818858104,60.42135677317182,0.038677623231450436,2.5676376735113E-5
729.687516821623,-169.19806431777542,132.85586795337406,729.687516821623,-263.1558457060788,50.41233990788231,778.7910926496959,-254.64310779246006,57.8818665032891,0.044733412788204904,5.656409533055283E-5
729.687516821623,-169.19806431777542,132.85586795337406,729.687516821623,-250.36411689724417,37.79235282445137,766.7097072858106,-252.13416553775377,35.719231853694964,1.0,0.0045985799257381825
729.687516821623,-169.19806431777542,132.85586795337406,729.687516821623,-235.29450127590707,26.760340142633027,759.9489424896782,-250.5851633908613,2.216341368699318,1.0,0.014783627253634747
729.687516821623,-169.19806431777542,132.85586795337406,729.687516821623,-231.44663237533314,24.45791698204063,759.0209051910359,-250.63385974653957,-8.954195083521,1.0,0.0012640266448065752
729.687516821623,-169.19806431777542,132.85586795337406,729.687516821623,-230.72125270630897,24.04457584401159,761.7347547095939,-252.33090625835456,-14.174742540209081,1.0,3.6635221468000795E-4
729.687516821623,-169.19806431777542,132.85586795337406,729.687516821623,-231.27507094126983,24.359576548245244,765.2703790483455,-254.17583053864934,-15.665669864582213,1.0,5.6597367116879994E-5
729.687516821623,-169.19806431777542,132.85586795337406,729.687516821623,-232.54639054785673,25.09692603277429,769.5059049716359,-256.10917047503443,-14.984641780692385,1.0,2.6628205081897976E-5
729.687516821623,-169.19806431777542,132.85586795337406,729.687516821623,-232.0735502434512,24.820349397622465,769.7228980232904,-255.94399721977473,-16.1949378685963,1.0,1.5232167180380778E-5
729.687516821623,-169.19806431777542,132.85586795337406,729.687516821623,-231.27911333178878,24.361889533741632,769.4666223131791,-255.8390737242399,-18.559547122461538,1.0,5.359739106126235E-5
729.687516821623,-169.19806431777542,132.85586795337406,729.687516821623,-231.5015897314123,24.489495304695353,769.2862440411176,-255.9678920144263,-18.065471094621728,1.0,2.8719196373471327E-6
729.687516821623,-169.19806431777542,132.85586795337406,729.687516821623,-232.28871995368212,24.945862988906384,768.3941849925885,-256.0250462268863,-15.652654496176268,1.0,5.37822077030859E-5
729.687516821623,-169.19806431777542,132.85586795337406,729.687516821623,-233.94253906955646,25.929945048233833,765.9715166756478,-256.24625847194915,-10.904793212617022,1.0,2.1447731823312833E-4
729.687516821623,-169.19806431777542,132.85586795337406,729.687516821623,-236.16820769759363,27.309670031863917,762.4445368313782,-255.914474786293,-3.8108160410826315,1.0,4.7733727307414466E-4
729.687516821623,-169.19806431777542,132.85586795337406,729.687516821623,-238.87131452867544,29.074182646912988,758.0154950295153,-255.08211836621425,4.927404115128297,1.0,7.613184601482716E-4
729.687516821623,-169.19806431777542,132.85586795337406,729.687516821623,-241.41939597861918,30.830972691803666,753.646068888007,-253.15773428107542,14.248576489570752,1.0,9.964246330401159E-4
729.687516821623,-169.19806431777542,132.85586795337406,729.687516821623,-244.00826060749444,32.71379621979294,749.6899973905745,-251.01299927765766,23.337146014707542,1.0,9.625656136165464E-4
729.687516821623,-169.19806431777542,132.85586795337406,729.687516821623,-246.64760978131807,34.74079313053839,745.7107713802907,-247.97827936115056,33.055066705569345,1.0,0.001209523549901114
729.687516821623,-169.19806431777542,132.85586795337406,729.687516821623,-247.16402010560404,35.15064937171205,744.1525026422328,-244.25108072708247,38.80108084295702,1.0,6.086348848537294E-4
729.687516821623,-169.19806431777542,132.85586795337406,729.687516821623,-246.40975013407814,34.55349985674806,745.3618563546277,-242.86370021736278,39.06816755913832,0.8591609130670096,1.3375108938787871E-5
729.687516821623,-169.19806431777542,132.85586795337406,729.687516821623,-245.64845473580112,33.960277531295844,746.5624979664768,-241.79517518249085,38.94484797498177,0.7199604806267321,6.565327771016883E-6
729.687516821623,-169.19806431777542,132.85586795337406,729.687516821623,-245.6482564859639,33.9601242762721,746.6138709151757,-241.72802168735052,39.03132847867366,0.7119313532518993,1.4114495285914287E-7
729.687516821623,-169.19806431777542,132.85586795337406,729.687516821623,-243.44946148899533,32.29876965533367,746.5924363844275,-240.38287615154806,36.451781382586944,0.7524038961098164,1.0167113651591918E-4
729.687516821623,-169.19806431777542,132.85586795337406,729.687516821623,-242.64317936887088,31.708376263607718,747.3797849638112,-240.83287915785684,34.201494089376496,0.7250465486679492,5.254345482505648E-5
729.687516821623,-169.19806431777542,132.85586795337406,729.687516821623,-242.02242404343968,31.260530311595204,749.1411884604577,-240.30269672986444,33.65967639036111,0.5847452521734144,6.4559085963309575E-6
729.687516821623,-169.19806431777542,132.85586795337406,729.687516821623,-241.67305144962205,31.011004360561174,750.5458997046554,-239.862700469767,33.55498478601527,0.49536623852769684,1.3036936389002022E-6
729.687516821623,-169.19806431777542,132.85586795337406,729.687516821623,-242.18960402485664,31.38057474764055,750.181743858077,-240.64189484765055,33.532252095240835,0.5202327967421224,2.6317729992823906E-6
729.687516821623,-169.19806431777542,132.85586795337406,729.687516821623,-244.7612812689223,33.280769439770225,745.4329294965901,-245.12307799900825,32.804003805725046,1.0,1.2324645050258446E-4
729.687516821623,-169.19806431777542,132.85586795337406,729.687516821623,-245.3353557405397,33.71902891356473,741.135451123187,-245.31671598846663,33.74329936062793,1.0,7.388867122202738E-6
729.687516821623,-169.19806431777542,132.85586795337406,729.687516821623,-244.91822221249353,33.40006023759028,739.5820310542474,-245.4803820799942,32.66168270058864,1.0,1.0746729927227714E-5
729.687516821623,-169.19806431777542,132.85586795337406,729.687516821623,-243.92618794763064,32.65253697699846,740.7325822277356,-244.60396402028402,31.74370350390933,1.0,1.8873079085396208E-5
729.687516821623,-169.19806431777542,132.85586795337406,729.687516821623,-243.6969448954683,32.48198294003677,741.8883078051972,-244.7478416500666,31.066087973709955,1.0,4.625656044985043E-6
729.687516821623,-169.19806431777542,132.85586795337406,729.687516821623,-244.33689066531,32.960138439470185,741.7260467699188,-245.3579008581122,31.602723598049067,1.0,7.531760577258509E-6
729.687516821623,-169.19806431777542,132.85586795337406,729.687516821623,-244.940820887263,33.41726967657135,741.4612950459983,-245.55018601296217,32.61726692142071,1.0,1.0151861074861763E-5
729.687516821623,-169.19806431777542,132.85586795337406,729.687516821623,-245.0051054449186,33.46626831866568,741.39513062552,-245.55231732701722,32.74882612505837,1.0,1.3194394984146107E-7
729.687516821623,-169.19806431777542,132.85586795337406,729.687516821623,-245.0392135144782,33.492292693002796,741.334924973268,-245.54149573788987,32.83422569327331,1.0,6.519645128782138E-8
729.687516821623,-169.19806431777542,132.85586795337406,729.687516821623,-245.05289554938952,33.50273725874851,741.3181493381331,-245.54121005645825,32.8631527490586,1.0,6.309230348425948E-9
729.687516821623,-169.19806431777542,132.85586795337406,729.687516821623,-245.05870185955175,33.50717057009058,741.3136940163657,-245.5404779158424,32.8762264444685,1.0,1.3802216017846828E-9
729.687516821623,-169.19806431777542,132.85586795337406,729.687516821623,-245.0572233931362,33.50604166072719,741.3061397227718,-245.53620032910533,32.87874396896868,1.0,2.4839252582961256E-10
729.687516821623,-169.19806431777542,132.85586795337406,729.687516821623,-245.06071224704993,33.508705693151754,741.3061426053093,-245.53612764602454,32.886117738840284,1.0,4.0986357071715675E-10
729.687516821623,-169.19806431777542,132.85586795337406,729.687516821623,-245.06259813157658,33.5101458048355,741.3041316798991,-245.5349631419477,32.89157688054473,1.0,2.9926945588065323E-10
729.687516821623,-169.19806431777542,132.85586795337406,729.687516821623,-245.05908603292983,33.507463918216715,741.3024916905015,-245.53057631547372,32.889995209916094,1.0,1.8058672381389485E-10
729.687516821623,-169.19806431777542,132.85586795337406,729.687516821623,-245.06131155672043,33.509163335844335,741.3005456249291,-245.53077666802233,32.89437536619883,1.0,1.5259095718962303E-10
729.687516821623,-169.19806431777542,132.85586795337406,729.687516821623,-245.06080620934733,33.508777443924615,741.299742189106,-245.52986870752147,32.89451023845899,1.0,5.093180774901746E-12
729.687516821623,-169.19806431777542,132.85586795337406,729.687516821623,-245.0618092832176,33.50954341231038,741.2997099241189,-245.52981672404906,32.89667070050771,1.0,3.594402654219912E-11
729.687516821623,-169.19806431777542,132.85586795337406,729.687516821623,-245.0609107289215,33.50885725652995,741.2996416632062,-245.5283795414104,32.89667841917023,1.0,9.069370666126876E-12
729.687516821623,-169.19806431777542,132.85586795337406,729.687516821623,-245.0624290405948,33.510016680142556,741.2988502084887,-245.52947379461193,32.89841255164228,1.0,4.9034258263063584E-11
729.687516821623,-169.19806431777542,132.85586795337406,729.687516821623,-245.06214955136704,33.509803251895605,741.2986217457967,-245.52885789000538,32.89863610126932,1.0,3.5749808844143484E-12
729.687516821623,-169.19806431777542,132.85586795337406,729.687516821623,-245.06222060512212,33.50985751103654,741.2979105695304,-245.52856435750817,32.899168701438725,1.0,4.2522194045814375E-12
729.687516821623,-169.19806431777542,132.85586795337406,729.687516821623,-245.0626619003645,33.51019450137204,741.2976872572203,-245.5281170756619,32.900674918785455,1.0,2.535213684431102E-11
729.687516821623,-169.19806431777542,132.85586795337406,729.687516821623,-245.06218325681448,33.5098289905481,741.2975227763299,-245.52722405849855,32.90084595285498,1.0,5.4023291693250216E-12
729.687516821623,-169.19806431777542,132.85586795337406,729.687516821623,-245.06237350305184,33.509974269534354,741.2971178925958,-245.52677056042205,32.901836646137326,1.0,1.3273235196204163E-11
729.687516821623,-169.19806431777542,132.85586795337406,729.687516821623,-245.0624273238183,33.51001536914511,741.2970328245106,-245.52660756697324,32.902162351183165,1.0,1.5047608726834696E-12
729.687516821623,-169.19806431777542,132.85586795337406,729.687516821623,-245.06297570393446,33.51043413595977,741.2967491089747,-245.52678344332244,32.9030758693319,1.0,8.152391708709367E-12
729.687516821623,-169.19806431777542,132.85586795337406,729.687516821623,-245.06250335604062,33.51007343035792,741.2963418186449,-245.52634191481826,32.90266881844306,1.0,4.112546791477167E-12
729.687516821623,-169.19806431777542,132.85586795337406,729.687516821623,-245.06269088750082,33.51021663719355,741.2955894767852,-245.52646003043705,32.90290530319518,1.0,7.924122793355365E-13
729.687516821623,-169.19806431777542,132.85586795337406,729.687516821623,-245.06263082157582,33.51017076828987,741.2954403400012,-245.52634043232513,32.90293663127008,1.0,1.1171143657117684E-13
729.687516821623,-169.19806431777542,132.85586795337406,729.687516821623,-245.06289112485365,33.510369547396834,741.2952475369267,-245.52637601446617,32.90343298271864,1.0,2.0350603091061286E-12
729.687516821623,-169.19806431777542,132.85586795337406,729.687516821623,-245.06280289228783,33.51030216898242,741.2953745468404,-245.5261054171773,32.9036032950481,1.0,1.0550633618391615E-12
729.687516821623,-169.19806431777542,132.85586795337406,729.687516821623,-245.06333644581417,33.510709616701064,741.2957187100612,-245.52615976765432,32.90464501164021,1.0,8.7124129808846E-12
729.687516821623,-169.19806431777542,132.85586795337406,729.687516821623,-245.06300034045802,33.51045294958902,741.2955437248203,-245.52582513236956,32.90438216857967,1.0,1.995318224021185E-12
729.687516821623,-169.19806431777542,132.85586795337406,729.687516821623,-245.06321859932947,33.51061962293805,741.2954649889004,-245.5258319101309,32.904828536400885,1.0,1.5139162248974174E-12
729.687516821623,-169.19806431777542,132.85586795337406,729.687516821623,-245.06308805701792,33.51051993423343,741.2953304614346,-245.52569910414087,32.904730161704094,1.0,2.96386188455326E-13
729.687516821623,-169.19806431777542,132.85586795337406,729.687516821623,-245.06350532527594,33.51083858231061,741.2953781443064,-245.52580912493755,32.90545642218851,1.0,4.874960776672815E-12
729.687516821623,-169.19806431777542,132.85586795337406,729.687516821623,-245.06327090771285,33.51065956833861,741.2953548728111,-245.52537173986966,32.90554023196543,1.0,1.2962235804493594E-12
729.687516821623,-169.19806431777542,132.85586795337406,729.687516821623,-245.06343746965996,33.510786763989984,741.2950065134744,-245.52556319070905,32.90563693910991,1.0,4.381141475070667E-13
729.687516821623,-169.19806431777542,132.85586795337406,729.687516821623,-245.0633650583356,33.51073146675806,741.2949035561182,-245.5254481828326,32.90563650736016,1.0,5.783715850709456E-14
729.687516821623,-169.19806431777542,132.85586795337406,729.687516821623,-245.06376328454493,33.51103557501878,741.2949459131702,-245.52552529913018,32.90636613201062,1.0,4.616583850917395E-12
729.687516821623,-169.19806431777542,132.85586795337406,729.687516821623,-245.06344519041593,33.51079265998476,741.2948919473728,-245.52498185392236,32.906414298480456,1.0,1.5928804667909237E-12
729.687516821623,-169.19806431777542,132.85586795337406,729.687516821623,-245.06362950749062,33.510933414943395,741.2946686384431,-245.5250309915276,32.906734393780596,1.0,9.496019670937779E-13
729.687516821623,-169.19806431777542,132.85586795337406,729.687516821623,-245.0634736145289,33.51081436621216,741.2945960511512,-245.52479243486655,32.90672162681963,1.0,2.8216969022888143E-13
729.687516821623,-169.19806431777542,132.85586795337406,729.687516821623,-245.06347375321258,33.51081447211874,741.2943577162383,-245.52477152660276,32.90674929525798,1.0,1.4137297725337506E-14
729.687516821623,-169.19806431777542,132.85586795337406,729.687516821623,-245.048978551243,33.49974680350658,741.2821738462886,-245.508960498535,32.89722246291359,1.0,3.464790158816233E-9
729.687516821623,-169.19806431777542,132.85586795337406,729.687516821623,-244.98843173922324,33.45355306019897,741.2955641644261,-245.41601560481462,32.89275849623536,1.0,4.219452772307966E-8
729.687516821623,-169.19806431777542,132.85586795337406,729.687516821623,-244.92097514558142,33.40215622895353,741.236746078816,-245.36193728520993,32.82300097677728,1.0,9.167273169363965E-8
729.687516821623,-169.19806431777542,132.85586795337406,729.687516821623,-245.82351265284268,34.09585242355584,738.5764072897882,-247.5491510855243,31.87173390792566,1.0,5.1479488012375125E-5
729.687516821623,-169.19806431777542,132.85586795337406,729.687516821623,-244.20375619161825,32.86013711187191,742.1919003116324,-244.87140887044123,31.970039095317617,1.0,3.1461184806567445E-5
729.687516821623,-169.19806431777542,132.85586795337406,729.687516821623,-242.19240955317315,31.3825928329978,748.8133577626802,-240.64598048804805,33.53236514033932,0.6115010235027327,1.5502542815331728E-4
729.687516821623,-169.19806431777542,132.85586795337406,729.687516821623,-244.66139349336817,33.20504783765129,739.7147842687846,-245.98581656475292,31.456120952427653,1.0,2.558401246872831E-4
729.687516821623,-169.19806431777542,132.85586795337406,729.687516821623,-243.01193734974618,31.977167783218718,745.725254102972,-242.5958721660808,32.545788737386005,1.0,9.057183595092012E-5
729.687516821623,-169.19806431777542,132.85586795337406,729.687516821623,-244.23980082076957,32.88718394375435,740.9728523460279,-245.34726392363152,31.41184989444301,1.0,7.383814906768449E-5
729.687516821623,-169.19806431777542,132.85586795337406,729.687516821623,-243.68206724515963,32.470942252781825,742.8802742299522,-244.1400249016315,31.853735288707043,1.0,1.3372075016712936E-5
729.687516821623,-169.19806431777542,132.85586795337406,729.687516821623,-244.35448724959144,32.97337653423695,741.3334213267622,-245.3654099420781,31.6298655844235,1.0,9.728139219740498E-6
729.687516821623,-169.19806431777542,132.85586795337406,729.687516821623,-244.55564839063953,33.125057655346225,738.9460785563792,-246.35514280788158,30.743545050260593,1.0,1.9676264243170404E-5
729.687516821623,-169.19806431777542,132.85586795337406,729.687516821623,-242.00779644995282,31.250046728207167,746.2054594933254,-242.26039290644118,30.897548928140054,1.0,6.185843000229479E-5
729.687516821623,-169.19806431777542,132.85586795337406,729.687516821623,-243.70957416840156,32.49135779275977,739.570504053825,-246.2870493602636,29.019584967313563,1.0,1.7166185284396955E-4
729.687516821623,-169.19806431777542,132.85586795337406,729.687516821623,-242.4059602505888,31.536551073075458,742.9563634134632,-243.90402071072333,29.4632438084395,1.0,3.4808467062562E-5
729.687516821623,-169.19806431777542,132.85586795337406,729.687516821623,-242.47800744131686,31.588647512549628,744.3357688894845,-243.67515710674385,29.934279156053066,1.0,3.059549699816539E-6
729.687516821623,-169.19806431777542,132.85586795337406,729.687516821623,-242.27335897272525,31.44087245915604,744.7417703294475,-243.35848249987905,29.934921670498937,1.0,4.023158157606462E-7
729.687516821623,-169.19806431777542,132.85586795337406,729.687516821623,-242.27762432793673,31.443946027393253,744.5960607946818,-243.38890501909506,29.901830685238394,1.0,2.3344511851297233E-8
729.687516821623,-169.19806431777542,132.85586795337406,729.687516821623,-242.3323351284131,31.48339420928359,744.2005227273221,-243.54667202052258,29.800184226502893,1.0,3.5727316904315477E-7
729.687516821623,-169.19806431777542,132.85586795337406,729.687516821623,-242.39562866383986,31.529086825166104,743.942296918332,-243.67915643736993,29.752309975521513,1.0,1.587323489032843E-7
729.687516821623,-169.19806431777542,132.85586795337406,729.687516821623,-242.41452317657968,31.542738734219938,743.7039287450872,-243.75979773895716,29.68121773610352,1.0,1.288917654211412E-7
729.687516821623,-169.19806431777542,132.85586795337406,729.687516821623,-242.43315275620705,31.55620447212111,743.5679244601924,-243.81644622828543,29.642816146862828,1.0,4.8550883568691305E-8
729.687516821623,-169.19806431777542,132.85586795337406,729.687516821623,-242.50570288354666,31.608694521666607,743.2743868447166,-243.9670871082759,29.590337022416747,1.0,2.005296502327838E-7
729.687516821623,-169.19806431777542,132.85586795337406,729.687516821623,-242.81350541647308,31.832272532085597,741.6521034137843,-244.81314361063454,29.088138463187164,1.0,9.507845796904936E-6
729.687516821623,-169.19806431777542,132.85586795337406,729.687516821623,-243.64948066355913,32.44677173143424,738.7695898684149,-246.74637265768703,28.27014029190417,1.0,3.7901855415572674E-5
729.687516821623,-169.19806431777542,132.85586795337406,729.687516821623,-242.09141651834645,31.310020155625537,745.2262007031622,-243.24958443217156,29.696606323621808,1.0,1.1185371750950155E-4
729.687516821623,-169.19806431777542,132.85586795337406,729.687516821623,-241.02280696470734,30.55138934318809,750.8466830279748,-240.03780535288794,31.954388819604333,1.0,1.5746791477011591E-4
729.687516821623,-169.19806431777542,132.85586795337406,729.687516821623,-243.06913548446227,32.01904509244548,741.1892500376679,-244.95658257032886,29.442608004814133,1.0,2.5848588254766643E-4
729.687516821623,-169.19806431777542,132.85586795337406,729.687516821623,-243.89689307291087,32.630696551121275,737.6403681897236,-247.0497009208731,28.400500278617358,1.0,5.008617060478689E-5
729.687516821623,-169.19806431777542,132.85586795337406,729.687516821623,-242.68685220747278,31.7401023453193,742.5902434007264,-244.3822365009079,29.407364444023784,1.0,6.299510470834557E-5
729.687516821623,-169.19806431777542,132.85586795337406,729.687516821623,-243.26942870451165,32.16608208664705,741.6418763171118,-245.25676007684075,29.464579664182196,1.0,3.7047854671503255E-6
729.687516821623,-169.19806431777542,132.85586795337406,729.687516821623,-243.67236257757463,32.46374227256945,739.459674059699,-246.36370717878864,28.835781865169707,1.0,1.567618740187454E-5
729.687516821623,-169.19806431777542,132.85586795337406,729.687516821623,-242.89789580195878,31.89382142497324,742.5800229651297,-244.72385984645328,29.392417241179373,1.0,2.2656268682137666E-5
729.687516821623,-169.19806431777542,132.85586795337406,729.687516821623,-242.87099214572396,31.874187905664982,742.9686030749308,-244.63913703655123,29.450634954701968,1.0,1.0930956546660524E-7
729.687516821623,-169.19806431777542,132.85586795337406,729.687516821623,-242.8582487113334,31.864891945083897,743.4367989798562,-244.38013852292744,29.778321856842354,1.0,2.052738242487833E-6
729.687516821623,-169.19806431777542,132.85586795337406,729.687516821623,-242.43633753910356,31.558507002764443,744.6077229129878,-243.40267250703909,30.221949247636275,1.0,1.0220562795498686E-5
729.687516821623,-169.19806431777542,132.85586795337406,729.687516821623,-242.2818856191978,31.44701693936365,745.6726181463408,-241.91614428341674,31.954508309812354,1.0,6.283045888516367E-5
729.687516821623,-169.19806431777542,132.85586795337406,729.687516821623,-241.79056854861278,31.094734265232304,746.8976392692763,-240.28027719962236,33.211880677263224,0.7798494452867162,4.690172983182114E-5
729.687516821623,-169.19806431777542,132.85586795337406,729.687516821623,-241.0551028705514,30.574070890431983,749.7829676998275,-238.59067632958326,34.08195237868313,0.5273709565349735,3.271644909910197E-5
729.687516821623,-169.19806431777542,132.85586795337406,729.687516821623,-240.3621218459192,30.09071376124993,752.0756370336422,-237.11842706887214,34.77480296995756,0.39705282396456304,2.3017376808055613E-5
729.687516821623,-169.19806431777542,132.85586795337406,729.687516821623,-240.38488588307018,30.1064814080964,752.0475886217405,-237.10391525473585,34.84215736498979,0.397533347092311,4.763244541144544E-8
729.687516821623,-169.19806431777542,132.85586795337406,729.687516821623,-237.16631533040913,27.949639090243068,759.5403188493649,-232.654922547518,34.91279021922364,0.18789735204115662,5.861898285061429E-5
729.687516821623,-169.19806431777542,132.85586795337406,729.687516821623,-232.99393057783945,25.361275307380822,766.8209917304105,-227.6125036247214,34.42885808494577,0.10223697136868111,8.980660815986952E-5
729.687516821623,-169.19806431777542,132.85586795337406,729.687516821623,-232.42806632089298,25.027454041799942,770.051434398084,-226.41640595737775,35.279356326113714,0.07926097551104593,2.0129966961279205E-5
729.687516821623,-169.19806431777542,132.85586795337406,729.687516821623,-228.9721747788403,23.074012810602767,779.3677810458636,-221.07951078260558,37.569775086974914,0.03930377891347255,2.1664408271117254E-4
729.687516821623,-169.19806431777542,132.85586795337406,729.687516821623,-227.56715995656265,22.32058546714657,781.787686492504,-218.89004963557954,38.75268587914391,0.03238922903467512,5.0395648553279563E-5
729.687516821623,-169.19806431777542,132.85586795337406,729.687516821623,-222.07673921549278,19.591373335415696,791.1802259480367,-212.64077270326084,39.80292327132503,0.016934444902384962,1.2041896554396776E-4
729.687516821623,-169.19806431777542,132.85586795337406,729.687516821623,-201.4299643283258,12.082921389543458,815.1663176224582,-193.1880528033977,42.96536827781682,1.0,2.3200857060792245E-4
729.687516821623,-169.19806431777542,132.85586795337406,729.687516821623,-209.10262732405155,14.396483136137476,821.3500342048136,-197.33223682928474,49.33768063401334,1.0,6.829681704563516E-4
729.687516821623,-169.19806431777542,132.85586795337406,729.687516821623,-239.13838163051201,29.253976010255002,809.1254061297269,-218.026860271789,60.52626127572336,0.0036235200949436266,0.006330974757844502
729.687516821623,-169.19806431777542,132.85586795337406,729.687516821623,-267.62237099581324,55.799681602455024,765.8765333970041,-256.37746394820033,64.60329609774485,0.09994245198612854,0.007533220456789443
729.687516821623,-169.19806431777542,132.85586795337406,729.687516821623,-273.14891938307056,63.435267760102874,694.4386243183246,-293.0140322530093,50.1689212979021,1.0,0.0022643089537609205
729.687516821623,-169.19806431777542,132.85586795337406,729.687516821623,-264.482019218141,51.94871166578049,657.7842851557978,-295.2956691670247,25.784340184638637,1.0,0.0014382379306001414
729.687516821623,-169.19806431777542,132.85586795337406,729.687516821623,-254.17671223557937,41.18455620284921,662.9773045702183,-282.0116117120177,11.15746339811065,1.0,0.006374273564250506
729.687516821623,-169.19806431777542,132.85586795337406,729.687516821623,-241.58538614104617,30.948676650433,692.1473354951365,-261.79547325923994,2.4968267639135036,1.0,0.0030362835709719757
729.687516821623,-169.19806431777542,132.85586795337406,729.687516821623,-218.75809258932622,18.10046024757972,759.0322418100546,-224.03545130255628,5.880825354956414,1.0,3.202536169355519E-4
729.687516821623,-169.19806431777542,132.85586795337406,729.687516821623,-175.422211181689,8.01092413979211,836.8896374364357,-174.49908523422377,26.52713360013405,1.0,0.0014296319982999171
729.687516821623,-169.19806431777542,132.85586795337406,729.687516821623,-108.30927553768058,23.688311413470686,905.5955778913154,-125.90711913342064,55.23949881935911,1.0,0.005534039011905016
729.687516821623,-169.19806431777542,132.85586795337406,729.687516821623,-75.86684097172821,49.70370172344201,938.4422713199201,-106.47357973680528,76.9723535026387,1.0,0.009795781700621856
729.687516821623,-169.19806431777542,132.85586795337406,729.687516821623,-59.3812345954035,73.14603702305266,950.5160655280386,-103.88575746269208,97.3441270859191,1.0,0.0014334857661544638
729.687516821623,-169.19806431777542,132.85586795337406,729.687516821623,-49.070662832881084,98.29566812051713,945.2202606421755,-111.71355901843017,116.31779282745774,1.0,0.0018857057913590311
729.687516821623,-169.19806431777542,132.85586795337406,729.687516821623,-44.98745396637206,118.83002480111239,918.5863489010217,-132.9607691731699,128.76395811956405,1.0,0.005638412769474576
729.687516821623,-169.19806431777542,132.85586795337406,729.687516821623,-44.22712423087084,130.16066224780957,876.961573738281,-167.6087201677241,132.8215911093466,1.0,0.012108745497616534
729.687516821623,-169.19806431777542,132.85586795337406,729.687516821623,-292.590720401414,112.87456607824849,824.4866451916547,-205.88074352721375,126.91574388006327,2.1952813872988933E-5,0.01039095810898148
729.687516821623,-169.19806431777542,132.85586795337406,729.687516821623,-281.85809399769016,78.70129554696751,717.1161475955134,-261.23783516833595,88.61325192569188,0.29288486907457456,1.0
729.687516821623,-169.19806431777542,132.85586795337406,729.687516821623,-262.80698035603143,50.016439912478404,653.851311750114,-276.92013115046234,37.52697428093782,1.0,0.006446471246803709
729.687516821623,-169.19806431777542,132.85586795337406,729.687516821623,-242.9979298526733,31.966919861766982,666.9225527525551,-263.30854006455775,4.201068467272194,1.0,0.02477437687302885
729.687516821623,-169.19806431777542,132.85586795337406,729.687516821623,-230.0279496085044,23.655478505731736,704.2568853308973,-244.14073876091976,-1.6794709894154778,1.0,7.498459434217663E-4
729.687516821623,-169.19806431777542,132.85586795337406,729.687516821623,-222.41330068117423,19.749110335680882,747.5863236898896,-229.74986995113804,4.1555394174475,1.0,1.0859073993419654E-4
729.687516821623,-169.19806431777542,132.85586795337406,729.687516821623,-224.00861223094904,20.51351691220303,766.0003414666768,-227.89080356727942,12.556389707309734,1.0,6.27650619977751E-4
729.687516821623,-169.19806431777542,132.85586795337406,729.687516821623,-225.00709595359862,21.006183162259504,773.1492862699789,-227.32813787909407,16.354466403443922,1.0,1.4651697499003854E-4
729.687516821623,-169.19806431777542,132.85586795337406,729.687516821623,-225.5021204196874,21.254554043219983,777.8939920518476,-226.79736787222544,18.68722004368749,1.0,6.0528435110852005E-5
729.687516821623,-169.19806431777542,132.85586795337406,729.687516821623,-225.7368493348984,21.373287301563025,780.6707756835738,-226.39720367480038,20.071207571080663,1.0,2.3017941710541825E-5
729.687516821623,-169.19806431777542,132.85586795337406,729.687516821623,-225.92128847061295,21.46701823444147,782.488691373901,-226.14020549123984,21.037125267747257,1.0,1.109124038954068E-5
729.687516821623,-169.19806431777542,132.85586795337406,729.687516821623,-226.01449748585281,21.51453276263102,783.5694682078813,-225.930020720816,21.680079159814568,1.0,5.230236690590932E-6
729.687516821623,-169.19806431777542,132.85586795337406,729.687516821623,-226.07069439531796,21.543227395066396,784.2136776933821,-225.76858635426902,22.134521374915863,1.0,2.6889050018905197E-6
729.687516821623,-169.19806431777542,132.85586795337406,729.687516821623,-226.03536540725275,21.525183931114967,784.6811939282878,-225.5784567686938,22.42015871512814,1.0,1.3660731277776497E-6
729.687516821623,-169.19806431777542,132.85586795337406,729.687516821623,-226.02308299621106,21.51891428481244,784.8492631166212,-225.4833584051533,22.57639377511282,1.0,3.9169814467078687E-7
729.687516821623,-169.19806431777542,132.85586795337406,729.687516821623,-226.09908060950045,21.55773524231354,784.9937720025372,-225.48912142285627,22.75081267621036,1.0,2.935180144624372E-7
729.687516821623,-169.19806431777542,132.85586795337406,729.687516821623,-224.59476435879515,20.80139180643343,783.1138085335775,-222.355621732246,25.330649936438675,1.0,1.685557210785737E-4
729.687516821623,-169.19806431777542,132.85586795337406,729.687516821623,-227.25732825263913,22.15753069692819,782.4320431183827,-220.81872330935047,34.43365707484455,0.03407062177538538,0.0010375151363902122
729.687516821623,-169.19806431777542,132.85586795337406,729.687516821623,-227.82527414101543,22.457270732477312,782.5097776044919,-220.4464394939773,36.35206457673502,0.03281118210392123,4.2253026023675385E-5
729.687516821623,-169.19806431777542,132.85586795337406,729.687516821623,-228.19062107742369,22.652064720637668,782.2546995697192,-220.5515680772663,36.92255476133428,0.03305178840962295,3.616161820587436E-6
729.687516821623,-169.19806431777542,132.85586795337406,729.687516821623,-227.36436915103445,22.213737722415544,781.459103879495,-220.48363889369315,35.30204813510565,0.03564618663013738,2.57051880612007E-5
729.687516821623,-169.19806431777542,132.85586795337406,729.687516821623,-225.84626033851094,21.42884301060569,781.119078354289,-219.91425115672376,33.09710751840723,0.03748817615074871,6.0163668399404536E-5
729.687516821623,-169.19806431777542,132.85586795337406,729.687516821623,-224.40577178907986,20.708157161923353,781.1309266053718,-219.2088238443572,31.265121792376817,0.0382303679539368,4.6370091742590086E-5
729.687516821623,-169.19806431777542,132.85586795337406,729.687516821623,-223.37061045421586,20.204479834561994,781.3695760822307,-218.7522858775582,29.808249851820733,1.0,2.747618297128167E-5
729.687516821623,-169.19806431777542,132.85586795337406,729.687516821623,-222.46071868993295,19.771432025028517,781.6042944833471,-218.37666960147337,28.442467911545435,1.0,2.3401088946376708E-5
729.687516821623,-169.19806431777542,132.85586795337406,729.687516821623,-222.0543776607494,19.580936305681803,781.570942302478,-218.19901320618973,27.843263309712995,1.0,4.535492005718753E-6
729.687516821623,-169.19806431777542,132.85586795337406,729.687516821623,-221.98262984282533,19.54748502284366,781.5923155107955,-218.16873269125477,27.734471400570555,1.0,1.46140278181181E-7
729.687516821623,-169.19806431777542,132.85586795337406,729.687516821623,-221.96809280481185,19.540714097072197,781.5744120541987,-218.16943088025766,27.697729978438957,1.0,1.3277749469896566E-8
729.687516821623,-169.19806431777542,132.85586795337406,729.687516821623,-221.94995684819438,19.53227008223722,781.5735143374889,-218.16406401735816,27.665267329634673,1.0,1.181474121910003E-8
729.687516821623,-169.19806431777542,132.85586795337406,729.687516821623,-221.9369847200436,19.526232487608866,781.5820523557228,-218.15559306825676,27.65199111485333,1.0,2.8652489151625187E-9
729.687516821623,-169.19806431777542,132.85586795337406,729.687516821623,-221.93474224810356,19.525188960998648,781.5799106766277,-218.15793469909167,27.641516738006658,1.0,1.2923748719539567E-9
729.687516821623,-169.19806431777542,132.85586795337406,729.687516821623,-221.93397300516233,19.524831008874216,781.5798697445891,-218.159550581429,27.636177106729207,1.0,3.5858888851276123E-10
729.687516821623,-169.19806431777542,132.85586795337406,729.687516821623,-221.93522720218104,19.525414628137298,781.5814994741361,-218.1608027374959,27.636530437727373,1.0,8.465462487359611E-12
729.687516821623,-169.19806431777542,132.85586795337406,729.687516821623,-221.93604581192986,19.525795563375908,781.5827676914466,-218.1619043325802,27.63615009243958,1.0,7.704900942520559E-12
729.687516821623,-169.19806431777542,132.85586795337406,729.687516821623,-221.93580991056206,19.525685787322146,781.5833190394782,-218.16223537860066,27.634866115706416,1.0,1.9982054115209326E-11
729.687516821623,-169.19806431777542,132.85586795337406,729.687516821623,-221.93575150527298,19.525658608673496,781.5842953418091,-218.16233844731985,27.634502864233383,1.0,1.6339067519530172E-12
729.687516821623,-169.19806431777542,132.85586795337406,729.687516821623,-221.93588689675641,19.52572161257062,781.5844706298914,-218.16273993546645,27.633968718297325,1.0,5.022784833332422E-12
729.687516821623,-169.19806431777542,132.85586795337406,729.687516821623,-221.9356209566669,19.525597858576745,781.5848737695795,-218.1628560506309,27.633073688997,1.0,8.703484128243164E-12
729.687516821623,-169.19806431777542,132.85586795337406,729.687516821623,-221.93574600997334,19.525656051461468,781.5853886019237,-218.16302959920242,27.63300428064511,1.0,2.1789559144840763E-13
729.687516821623,-169.19806431777542,132.85586795337406,729.687516821623,-221.93598885806014,19.52576905999429,781.5858700116677,-218.16340179351323,27.632793916127895,1.0,1.4215851972940748E-12
729.687516821623,-169.19806431777542,132.85586795337406,729.687516821623,-221.93550745549322,19.525545041560292,781.5857175681883,-218.16339231682926,27.6316457793032,1.0,1.2835776523047427E-11
729.687516821623,-169.19806431777542,132.85586795337406,729.687516821623,-221.93540267426124,19.52549628243348,781.5862741780794,-218.16349435380985,27.63117216952338,1.0,2.623786281460477E-12
729.687516821623,-169.19806431777542,132.85586795337406,729.687516821623,-221.93563507216246,19.525604427138376,781.5866049507174,-218.16360116270153,27.631506744482863,1.0,1.4268889850437336E-12
729.687516821623,-169.19806431777542,132.85586795337406,729.687516821623,-221.93575977832063,19.525662458498203,781.5867365453862,-218.16380603404357,27.631369187300834,1.0,5.24097387558022E-13
729.687516821623,-169.19806431777542,132.85586795337406,729.687516821623,-221.93571503838507,19.52564163898353,781.586879927971,-218.16379516391297,27.63128394903464,1.0,7.878446862151064E-14
729.687516821623,-169.19806431777542,132.85586795337406,729.687516821623,-221.9358495688461,19.525704242153935,781.5871921555356,-218.1639682440891,27.6312385568572,1.0,1.5324401744285812E-13
729.687516821623,-169.19806431777542,132.85586795337406,729.687516821623,-221.93570432834093,19.525636655118987,781.5870915862015,-218.1639634273149,27.630896363834296,1.0,1.1463388680871445E-12
729.687516821623,-169.19806431777542,132.85586795337406,729.687516821623,-221.93573635191265,19.525651557128782,781.5873513961491,-218.1640791499472,27.630725413906447,1.0,4.883083476819313E-13
729.687516821623,-169.19806431777542,132.85586795337406,729.687516821623,-221.93572758989225,19.525647479765084,781.587329491295,-218.16420765988215,27.630427985173668,1.0,1.2330946889117944E-12
729.687516821623,-169.19806431777542,132.85586795337406,729.687516821623,-221.93570815324026,19.525638435016248,781.5873900466644,-218.16427606700657,27.630233802971134,1.0,4.935989337968294E-13
729.687516821623,-169.19806431777542,132.85586795337406,729.687516821623,-221.93528922137472,19.52544348815296,781.587225391249,-218.16420831782506,27.62936249931056,1.0,7.876198169568848E-12
729.687516821623,-169.19806431777542,132.85586795337406,729.687516821623,-221.93513364100664,19.525371090452353,781.5873831838304,-218.16412214008525,27.62917004173292,1.0,5.225993675220045E-13
729.687516821623,-169.19806431777542,132.85586795337406,729.687516821623,-221.93503831889632,19.525326733431484,781.587484962283,-218.16415035921995,27.628878016840417,1.0,8.998015008352211E-13
729.687516821623,-169.19806431777542,132.85586795337406,729.687516821623,-221.93495622826617,19.525288533602208,781.5874937469756,-218.1641396392648,27.62870178826546,1.0,3.173213928910096E-13
729.687516821623,-169.19806431777542,132.85586795337406,729.687516821623,-221.93497115337044,19.525295478804026,781.5877965841639,-218.16424891299025,27.628503190190827,1.0,6.01253891834783E-13
729.687516821623,-169.19806431777542,132.85586795337406,729.687516821623,-221.93488824802952,19.525256899919583,781.5880829145268,-218.1641979751469,27.628411410784082,1.0,1.2886415453052056E-13
729.687516821623,-169.19806431777542,132.85586795337406,729.687516821623,-221.93466365398962,19.525152388476954,781.5880849833148,-218.16420268839641,27.627856101242884,1.0,3.003300958059773E-12
729.687516821623,-169.19806431777542,132.85586795337406,729.687516821623,-221.93464789865553,19.525145056990638,781.5883230821279,-218.16422293816694,27.62777433981853,1.0,8.034155179662433E-14
729.687516821623,-169.19806431777542,132.85586795337406,729.687516821623,-221.93452785078182,19.525089194768995,781.5883891649718,-218.1642299787563,27.62746780271513,1.0,9.274788100137935E-13
729.687516821623,-169.19806431777542,132.85586795337406,729.687516821623,-221.93452513441525,19.525087930756143,781.5887825448799,-218.164219639815,27.627483427341843,1.0,4.035068955415555E-15
729.687516821623,-169.19806431777542,132.85586795337406,729.687516821623,-221.93427555848237,19.524971795373375,781.5887949846951,-218.16414665751702,27.627034437442205,1.0,2.253780280519372E-12
729.687516821623,-169.19806431777542,132.85586795337406,729.687516821623,-221.9343441243748,19.525003701132263,781.5891248439649,-218.16416872656413,27.62715345047718,1.0,1.6150253958812746E-13
729.687516821623,-169.19806431777542,132.85586795337406,729.687516821623,-221.93427602050917,19.52497201036809,781.5891848541274,-218.1642527659481,27.62680753040462,1.0,1.4324703986078137E-12
729.687516821623,-169.19806431777542,132.85586795337406,729.687516821623,-221.93397847108855,19.52483355231344,781.5891631478395,-218.16403840787976,27.626545902484366,1.0,1.261888500054244E-12
729.687516821623,-169.19806431777542,132.85586795337406,729.687516821623,-221.93403566489434,19.524860166114664,781.5897172915985,-218.16402190867862,27.626720195418955,1.0,3.199633681114766E-13
729.687516821623,-169.19806431777542,132.85586795337406,729.687516821623,-221.9339596659117,19.524824801771416,781.5897288636293,-218.16402062165685,27.626538476733344,1.0,3.2119015550838725E-13
729.687516821623,-169.19806431777542,132.85586795337406,729.687516821623,-221.9336816152731,19.524695417959677,781.5899124245253,-218.16394562723866,27.626024682065264,1.0,2.909138291175846E-12
729.687516821623,-169.19806431777542,132.85586795337406,729.687516821623,-221.93359209292018,19.524653761180133,781.5902278750555,-218.16391976342285,27.62586295036749,1.0,2.91767859003512E-13
729.687516821623,-169.19806431777542,132.85586795337406,729.687516821623,-221.93340959642072,19.524568841689728,781.5902791023947,-218.16382952975675,27.62561385814348,1.0,8.187135167009611E-13
729.687516821623,-169.19806431777542,132.85586795337406,729.687516821623,-221.93339348637363,19.524561345360425,781.5905793319669,-218.1638994510795,27.625424485992568,1.0,4.75829875358296E-13
729.687516821623,-169.19806431777542,132.85586795337406,729.687516821623,-221.93330115511472,19.524518381820243,781.5906732536288,-218.16383350487914,27.625342073675426,1.0,1.2360025293655117E-13
729.687516821623,-169.19806431777542,132.85586795337406,729.687516821623,-221.93330258701164,19.524519048109184,781.5907749670905,-218.16389041230212,27.625223251980486,1.0,2.0400891688507987E-13
729.687516821623,-169.19806431777542,132.85586795337406,729.687516821623,-221.93339522004203,19.524562152071113,781.591086546042,-218.16396328833582,27.625291504487677,1.0,1.0085373516425427E-13
729.687516821623,-169.19806431777542,132.85586795337406,729.687516821623,-221.93329789762592,19.5245168660487,781.5909584512018,-218.16397333584288,27.625033660511775,1.0,6.659324254136648E-13
729.687516821623,-169.19806431777542,132.85586795337406,729.687516821623,-221.9332788206595,19.524507989175248,781.590931978178,-218.16395344060862,27.62503010699791,1.0,1.585922548251682E-15
729.687516821623,-169.19806431777542,132.85586795337406,729.687516821623,-221.93336486049552,19.524548025169807,781.5912516149434,-218.1640331548978,27.625067659007186,1.0,5.383920132847551E-14
729.687516821623,-169.19806431777542,132.85586795337406,729.687516821623,-221.93321009426612,19.524476009516434,781.591131635461,-218.16394214070377,27.624887556629886,1.0,4.781720931060607E-13
729.687516821623,-169.19806431777542,132.85586795337406,729.687516821623,-221.93325753936904,19.524498086592743,781.5914474088264,-218.1639319432577,27.625024645511274,1.0,1.9438607041024254E-13
729.687516821623,-169.19806431777542,132.85586795337406,729.687516821623,-221.9332707073266,19.52450421388913,781.5911370105937,-218.16402986997414,27.624846160106557,1.0,4.85071893988069E-13
729.687516821623,-169.19806431777542,132.85586795337406,729.687516821623,-221.93328655618186,19.524511588659678,781.5913380673754,-218.1640275041099,27.62488971791285,1.0,1.9271488217957162E-14
729.687516821623,-169.19806431777542,132.85586795337406,729.687516821623,-221.9331636878413,19.524454415779473,781.5912420113498,-218.16394628650525,27.62476599434055,1.0,2.5207888370933356E-13
729.687516821623,-169.19806431777542,132.85586795337406,729.687516821623,-221.93308786843767,19.52441913570874,781.591309557602,-218.1639140083952,27.624651308619548,1.0,1.6256354214153972E-13
729.687516821623,-169.19806431777542,132.85586795337406,729.687516821623,-221.93326587221148,19.524501964019606,781.5914341469419,-218.16407719951295,27.624732708517314,1.0,2.3920038830464767E-13
729.687516821623,-169.19806431777542,132.85586795337406,729.687516821623,-221.93322509232217,19.524482988384293,781.5915653470582,-218.16404442747026,27.624704143623603,1.0,1.8549735612112556E-14
729.687516821623,-169.19806431777542,132.85586795337406,729.687516821623,-221.93314293876526,19.524444760871873,781.591601164475,-218.16400747501064,27.624584126979187,1.0,1.8192292154959527E-13
729.687516821623,-169.19806431777542,132.85586795337406,729.687516821623,-221.93321225822396,19.524477016445175,781.5917767322323,-218.1640963346054,27.624561436585424,1.0,3.962649286866662E-14
729.687516821623,-169.19806431777542,132.85586795337406,729.687516821623,-221.93323863801572,19.5244892914436,781.5916543869445,-218.16414873164126,27.624512869563006,1.0,5.142058629127119E-14
729.687516821623,-169.19806431777542,132.85586795337406,729.687516821623,-221.93303446085196,19.524394284278813,781.5916019644116,-218.16399288832397,27.624352141005858,1.0,5.256944394683474E-13
729.687516821623,-169.19806431777542,132.85586795337406,729.687516821623,-221.93315525415446,19.524450491437094,781.5916916914216,-218.16408821390507,27.62444050939041,1.0,1.7022106928142395E-13
729.687516821623,-169.19806431777542,132.85586795337406,729.687516821623,-221.93300336460405,19.52437981469626,781.5916715340078,-218.1639605646359,27.62434611975732,1.0,2.2853191052130146E-13
729.687516821623,-169.19806431777542,132.85586795337406,729.687516821623,-221.9329316609607,19.524346449881264,781.5916878921307,-218.16388073679283,27.62434361267472,1.0,1.5192937325857328E-14
729.687516821623,-169.19806431777542,132.85586795337406,729.687516821623,-221.93298125797577,19.524369528134088,781.5918421622055,-218.1639040338068,27.624413944244424,1.0,6.366780596382508E-14
729.687516821623,-169.19806431777542,132.85586795337406,729.687516821623,-221.9329344239669,19.524347735549796,781.5917450075322,-218.1638686236983,27.62437635200982,1.0,2.8249166380231242E-14
729.687516821623,-169.19806431777542,132.85586795337406,729.687516821623,-221.93299434366588,19.524375617111062,781.591931918154,-218.16392105388678,27.624409132765663,1.0,3.159028675364227E-14
729.687516821623,-169.19806431777542,132.85586795337406,729.687516821623,-221.93289238184772,19.524328172725475,781.5919709990214,-218.16385016988193,27.62431395178899,1.0,1.58724196927319E-13
729.687516821623,-169.19806431777542,132.85586795337406,729.687516821623,-221.93291878210678,19.524340457157052,781.5920386985588,-218.16385094028846,27.624376383852535,1.0,3.8097497211053E-14
729.687516821623,-169.19806431777542,132.85586795337406,729.687516821623,-221.9328793375966,19.52432210304498,781.5919889975535,-218.16385471452148,27.624272519492024,1.0,1.0779670844939264E-13
729.687516821623,-169.19806431777542,132.85586795337406,729.687516821623,-221.9328536679799,19.524310158602873,781.5921107333577,-218.16383908665048,27.62424379096535,1.0,1.2523373794434766E-14
729.687516821623,-169.19806431777542,132.85586795337406,729.687516821623,-221.9329000028393,19.52433171888495,781.5920582836816,-218.16390550098376,27.624213540942293,1.0,3.613698744974075E-14
729.687516821623,-169.19806431777542,132.85586795337406,729.687516821623,-221.93280709925313,19.52428848952212,781.5920751397682,-218.16383456597288,27.624140458508208,1.0,1.0875605368606004E-13
729.687516821623,-169.19806431777542,132.85586795337406,729.687516821623,-221.93307704960392,19.524414101524584,781.5922844967911,-218.16406719464118,27.624295836967264,1.0,6.715516105971234E-13
729.687516821623,-169.19806431777542,132.85586795337406,729.687516821623,-221.93310285656364,19.52442610993627,781.5924692669382,-218.1640406007566,27.6244156365222,1.0,1.6881071622002912E-13
729.687516821623,-169.19806431777542,132.85586795337406,729.687516821623,-221.933025715223,19.524390214796455,781.5924061154609,-218.1639738251962,27.624371878778362,1.0,5.4106967785494816E-14
729.687516821623,-169.19806431777542,132.85586795337406,729.687516821623,-221.93298585823752,19.524371668707857,781.5923638184521,-218.16398048475523,27.624260812450245,1.0,1.2594332115243246E-13
729.687516821623,-169.19806431777542,132.85586795337406,729.687516821623,-221.93310886003167,19.524428903451764,781.5922643496565,-218.16408364173643,27.624337711959072,1.0,1.507418555776022E-13
729.687516821623,-169.19806431777542,132.85586795337406,729.687516821623,-221.9330584216803,19.524405433643395,781.5923481610752,-218.16406650716388,27.6242520943934,1.0,8.463924473327326E-14
729.687516821623,-169.19806431777542,132.85586795337406,729.687516821623,-221.93289519082109,19.52432947978204,781.5922694344309,-218.16394810905948,27.62411029125181,1.0,3.746111430188488E-13
729.687516821623,-169.19806431777542,132.85586795337406,729.687516821623,-221.93289404185805,19.524328945152632,781.5923496161163,-218.16392127588313,27.624165168819133,1.0,4.3848677756925477E-14
729.687516821623,-169.19806431777542,132.85586795337406,729.687516821623,-221.93304206994077,19.524397824911418,781.5926154895207,-218.16403822468845,27.624273181068844,1.0,2.5494206105317957E-13
729.687516821623,-169.19806431777542,132.85586795337406,729.687516821623,-221.9328654281647,19.52431563078524,781.5923346052548,-218.1639606210289,27.6240111516737,1.0,8.589105073197447E-13
729.687516821623,-169.19806431777542,132.85586795337406,729.687516821623,-221.93281355768778,19.524291494720828,781.5924153133751,-218.16392869364847,27.623953848087126,1.0,5.031522794783075E-14
729.687516821623,-169.19806431777542,132.85586795337406,729.687516821623,-221.9329819000089,19.52436982688215,781.5926529161757,-218.16405671357884,27.6240873819294,1.0,3.6031971852208893E-13
729.687516821623,-169.19806431777542,132.85586795337406,729.687516821623,-221.93305380814482,19.52440328688955,781.5925216952209,-218.16415904943085,27.62404201454862,1.0,8.354905145708639E-14
729.687516821623,-169.19806431777542,132.85586795337406,729.687516821623,-221.9329122016146,19.524337395155897,781.5925166824405,-218.16404041824958,27.62395320569732,1.0,2.0039744771135932E-13
729.687516821623,-169.19806431777542,132.85586795337406,729.687516821623,-221.93287699557695,19.524321013269244,781.5923916018651,-218.16406772289076,27.623809061238234,1.0,2.3772562389257786E-13
729.687516821623,-169.19806431777542,132.85586795337406,729.687516821623,-221.93298297601046,19.52437032756248,781.5925646303557,-218.16414760437473,27.623894662486435,1.0,1.4564698865932513E-13
729.687516821623,-169.19806431777542,132.85586795337406,729.687516821623,-221.9327423783276,19.524258374007744,781.5923927948925,-218.16406028057284,27.62349826395382,1.0,1.845594452445554E-12
729.687516821623,-169.19806431777542,132.85586795337406,729.687516821623,-221.93271876024016,19.524247384206205,781.5921295895178,-218.16409289876896,27.623370829973595,1.0,1.9652489508099328E-13
729.687516821623,-169.19806431777542,132.85586795337406,729.687516821623,-221.932858304287,19.52431231594278,781.5922332272004,-218.16421284533374,27.623451806624416,1.0,1.80806494908165E-13
729.687516821623,-169.19806431777542,132.85586795337406,729.687516821623,-221.93279243058373,19.52428166398964,781.5922443574478,-218.16415084177683,27.623425144960663,1.0,2.9777907976041365E-14
729.687516821623,-169.19806431777542,132.85586795337406,729.687516821623,-221.93284043846506,19.524304002721976,781.5923834234666,-218.1641710988738,27.623498152921115,1.0,6.566276547506747E-14
729.687516821623,-169.19806431777542,132.85586795337406,729.687516821623,-221.93277074824812,19.524271574906606,781.5923543143151,-218.16412232372056,27.623433797493703,1.0,7.322476632879266E-14
729.687516821623,-169.19806431777542,132.85586795337406,729.687516821623,-221.9328358693844,19.52430187666438,781.5925289697916,-218.1641331452695,27.62356862675375,1.0,1.890271767731198E-13
729.687516821623,-169.19806431777542,132.85586795337406,729.687516821623,-221.93272537696004,19.52425046305092,781.5926183725113,-218.16417807062237,27.623203850401154,1.0,1.4373634042628769E-12
729.687516821623,-169.19806431777542,132.85586795337406,729.687516821623,-221.93259294998495,19.52418884316819,781.5927284318473,-218.16404204444737,27.623174707166186,1.0,8.256719608081824E-14
729.687516821623,-169.19806431777542,132.85586795337406,729.687516821623,-221.93272658940964,19.52425102721935,781.5927618432565,-218.1641817834316,27.623198814543827,1.0,7.6763301078532E-14
729.687516821623,-169.19806431777542,132.85586795337406,729.687516821623,-221.9328123974806,19.52429095486039,781.592682951893,-218.16428568277894,27.623183830818476,1.0,3.875433431841308E-14
729.687516821623,-169.19806431777542,132.85586795337406,729.687516821623,-221.9327654139509,19.52426909278695,781.5927352184008,-218.16428463654051,27.62307202333551,1.0,1.2184970012470254E-13
729.687516821623,-169.19806431777542,132.85586795337406,729.687516821623,-221.9327972390215,19.524283901421242,781.5927179729943,-218.1643285510027,27.623054904986645,1.0,1.3626445262838006E-14
729.687516821623,-169.19806431777542,132.85586795337406,729.687516821623,-221.93271835153493,19.524247194030437,781.5927014363406,-218.16431695082292,27.622888329346637,1.0,2.8578003688275907E-13
729.687516821623,-169.19806431777542,132.85586795337406,729.687516821623,-220.99753912939173,19.093772292118203,779.9643332272857,-219.0617421425137,23.345172963705778,1.0,2.2756473748401107E-4
