717.7201719220716,-189.12540586443055,132.9524901224597,717.7201719220716,-311.15145640233584,160.0567884922862,705.2732076827697,-323.56289057605125,162.8136032343756,1.0,1.0
717.7201719220716,-189.12540586443055,132.9524901224597,717.7201719220716,-311.16053973221085,160.01586208296996,705.2769932495726,-323.5389855922877,162.7609935380414,1.0,1.4178198373888651E-8
717.7201719220716,-189.12540586443055,132.9524901224597,717.7201719220716,-311.1765688944225,159.9434812681426,705.2693178944508,-323.5061538767215,162.67010599522857,1.0,3.1391890010880984E-8
717.7201719220716,-189.12540586443055,132.9524901224597,717.7201719220716,-311.2335168132402,159.68466624998794,705.2373103388691,-323.42539313150866,162.35373861981293,1.0,2.51864079624158E-7
717.7201719220716,-189.12540586443055,132.9524901224597,717.7201719220716,-311.3260371504799,159.2584915915353,705.3944336637903,-322.7469512084837,161.71705975788757,1.0,7.548011820164698E-6
717.7201719220716,-189.12540586443055,132.9524901224597,717.7201719220716,-311.5091123757519,158.39317369328302,705.5219570816897,-320.6749562265909,160.2985362592321,1.0,6.530923562201321E-5
717.7201719220716,-189.12540586443055,132.9524901224597,717.7201719220716,-311.7946730508153,156.97853615495015,705.7920469015147,-316.8997677843783,157.97842181402436,1.0,2.155694225517594E-4
717.7201719220716,-189.12540586443055,132.9524901224597,717.7201719220716,-312.1686639112781,154.98330148329893,706.239873734563,-311.3164878573034,154.83071994255175,1.0,4.7201966199180557E-4
717.7201719220716,-189.12540586443055,132.9524901224597,717.7201719220716,-312.5722330312766,152.5963406217597,706.8309562358336,-304.506275135433,151.31282062634136,1.0,6.967977988502975E-4
717.7201719220716,-189.12540586443055,132.9524901224597,717.7201719220716,-312.9350197391547,150.16235683291717,707.568504087075,-297.1236131508537,147.96452912492637,0.6417142014372752,8.021225988745482E-4
717.7201719220716,-189.12540586443055,132.9524901224597,717.7201719220716,-312.93503805399365,150.16222507350128,707.8201484778047,-294.56785444199903,147.60915746341763,0.4993314350222363,8.158522736874177E-5
717.7201719220716,-189.12540586443055,132.9524901224597,717.7201719220716,-312.9571553895822,150.0023525717611,708.012192779829,-293.9999915405849,147.3922219930227,0.47519794015895683,4.15792959807059E-6
717.7201719220716,-189.12540586443055,132.9524901224597,717.7201719220716,-312.94399131383136,150.0976905385943,708.0595042388576,-293.88552351621746,147.45865820892783,0.47137925697172606,1.7668742948411318E-7
717.7201719220716,-189.12540586443055,132.9524901224597,717.7201719220716,-312.96219580900436,149.96570428744067,707.8758809786435,-293.8583229513718,147.34113463852665,0.4650194360456421,2.150524145153053E-8
717.7201719220716,-189.12540586443055,132.9524901224597,717.7201719220716,-313.0135804294183,149.58739928828075,707.5976477029444,-293.6442086994575,146.98660433381235,0.44688440490634634,7.897538164125399E-7
717.7201719220716,-189.12540586443055,132.9524901224597,717.7201719220716,-313.1289867449181,148.7040592130735,707.9471032428768,-293.6366950926685,146.2280486292282,0.450049254316826,1.18426492269224E-7
717.7201719220716,-189.12540586443055,132.9524901224597,717.7201719220716,-313.1571479923927,148.48075289402223,707.9652999972091,-293.6598809885211,146.03977544607926,0.4504276842956457,2.517226538019801E-8
717.7201719220716,-189.12540586443055,132.9524901224597,717.7201719220716,-313.24096869316963,147.79590831724624,707.9388537500392,-293.5667471178274,145.44299872360682,0.44257284868321545,3.0923879603118686E-7
717.7201719220716,-189.12540586443055,132.9524901224597,717.7201719220716,-313.30432645334974,147.25618479799368,708.0156641457942,-293.2052450142285,144.94104851882122,0.4263435030167122,2.044961779870854E-6
717.7201719220716,-189.12540586443055,132.9524901224597,717.7201719220716,-313.3496513573016,146.85705166631672,708.0061866016681,-292.9513432649302,144.57384576608678,0.4141111102124098,1.0119528213154773E-6
717.7201719220716,-189.12540586443055,132.9524901224597,717.7201719220716,-313.3570475147774,146.79081418499732,708.0119162906786,-292.93430045683135,144.51589784097501,0.4132798343526824,6.406444875932253E-9
717.7201719220716,-189.12540586443055,132.9524901224597,717.7201719220716,-313.36914012395135,146.68181994039264,707.9917706307286,-292.9240249008174,144.42256934931072,0.41207544190101064,4.907464022844694E-9
717.7201719220716,-189.12540586443055,132.9524901224597,717.7201719220716,-313.4338545223783,146.0829734438902,707.9550579311733,-292.80686305599534,143.90418052720042,0.4045777617604903,3.404379108932374E-7
717.7201719220716,-189.12540586443055,132.9524901224597,717.7201719220716,-313.521109110914,145.22885008023357,708.0032630220635,-292.2585739873896,143.1304935616488,0.381850026808938,4.5571983226034E-6
717.7201719220716,-189.12540586443055,132.9524901224597,717.7201719220716,-313.56713174639975,144.7532044871425,708.0672209526487,-291.9373596971436,142.70206962930095,0.3699598035337361,1.5286847241201333E-6
717.7201719220716,-189.12540586443055,132.9524901224597,717.7201719220716,-313.5745760075189,144.67443751598805,708.056286764352,-291.95352652647944,142.63793695661735,0.3701424360050887,5.740035994265614E-9
717.7201719220716,-189.12540586443055,132.9524901224597,717.7201719220716,-313.59027587801165,144.506542766548,708.0448387631013,-291.92081986908937,142.49497086301793,0.36835722451732467,2.4571747164036042E-8
717.7201719220716,-189.12540586443055,132.9524901224597,717.7201719220716,-313.6547416146605,143.78967322539262,708.0360376621422,-291.7861747343323,141.88655809149202,0.361710895474001,4.055682675668846E-7
717.7201719220716,-189.12540586443055,132.9524901224597,717.7201719220716,-313.7242723303814,142.95861201858688,708.0824802203514,-291.2267625779613,141.15191159404054,0.34195842249298153,4.483047806612474E-6
717.7201719220716,-189.12540586443055,132.9524901224597,717.7201719220716,-313.7631573805013,142.4620062520117,708.1494053666476,-290.8960708161812,140.7173107173588,0.33146019007325334,1.550339588279462E-6
717.7201719220716,-189.12540586443055,132.9524901224597,717.7201719220716,-313.77042367217297,142.36628509088618,708.1152317917222,-290.91630433174254,140.64023139504886,0.3314617146894547,7.921368480073502E-9
717.7201719220716,-189.12540586443055,132.9524901224597,717.7201719220716,-313.78541609885724,142.165624678768,708.0666654154194,-290.90689812156114,140.47476275618862,0.3301724527976743,5.414969917616529E-9
717.7201719220716,-189.12540586443055,132.9524901224597,717.7201719220716,-313.8347144390744,141.47237010015064,707.9648336966411,-290.82259138636374,139.90022982704826,0.32510178785640337,1.7513098786917588E-7
717.7201719220716,-189.12540586443055,132.9524901224597,717.7201719220716,-313.89211439684544,140.5858669628513,708.0622439753821,-290.2000934684207,139.136360712471,0.30689557788807875,5.267424838593341E-6
717.7201719220716,-189.12540586443055,132.9524901224597,717.7201719220716,-313.9374742190647,139.8043214862721,707.8116789720415,-289.865635185618,138.48284525526074,0.29403121091816903,1.6005713610249866E-6
717.7201719220716,-189.12540586443055,132.9524901224597,717.7201719220716,-313.99715627019486,138.61340441261643,702.2268226633836,-293.22251560818427,137.67161045349997,0.29782396382807813,1.3172726173121344E-4
717.7201719220716,-189.12540586443055,132.9524901224597,717.7201719220716,-314.10773627824847,135.05417619112893,690.1716477455287,-300.0890460754705,134.81843978100906,0.18908155655909947,5.119196521066433E-4
717.7201719220716,-189.12540586443055,132.9524901224597,717.7201719220716,-314.12537321626473,133.04283413375862,687.0220227954715,-301.60382946499885,133.03378415947375,0.15662622986864566,2.5760991536580032E-5
717.7201719220716,-189.12540586443055,132.9524901224597,717.7201719220716,-314.12327307664066,132.22228987684534,701.0170918486286,-293.2762083069671,132.34407220925354,0.27626927989752,7.469217188297935E-4
717.7201719220716,-189.12540586443055,132.9524901224597,717.7201719220716,-314.12519156825954,132.72102954948056,710.8467026957787,-288.057714512101,132.76929837763547,0.26991853724136033,2.9492274057406977E-4
717.7201719220716,-189.12540586443055,132.9524901224597,717.7201719220716,-314.12446214089533,132.46676386911173,715.872015887238,-284.67169258668156,132.58121260042574,0.2136711223204814,1.3360913740283932E-4
717.7201719220716,-189.12540586443055,132.9524901224597,717.7201719220716,-314.12099098767544,131.9019189932001,714.1975023037227,-286.69527202017696,132.13242848293953,0.25293294820814555,4.931119110642658E-5
717.7201719220716,-189.12540586443055,132.9524901224597,717.7201719220716,-314.11639898981616,131.4519443784668,699.9428403339549,-297.2124524482248,131.65488016132136,0.34229010323545583,0.0012818890059342672
717.7201719220716,-189.12540586443055,132.9524901224597,717.7201719220716,-314.11201486812246,131.1228536125934,694.0852874228497,-299.81121824429033,131.33219811623027,0.25355777859925144,7.419384966295263E-5
717.7201719220716,-189.12540586443055,132.9524901224597,717.7201719220716,-314.1175581123268,131.5518201260896,707.3437099545699,-291.16375853788577,131.80904186192186,0.3203530709912154,8.356570824962569E-4
717.7201719220716,-189.12540586443055,132.9524901224597,717.7201719220716,-314.11810797446856,134.3032007618241,708.5257492883018,-291.3818490033893,134.0575055622392,0.34249036869555693,5.532089048717655E-7
717.7201719220716,-189.12540586443055,132.9524901224597,717.7201719220716,-314.08299415371107,136.20842761059802,709.1490762187416,-291.6139696635687,135.62296705425317,0.3593716276181825,8.073347379561397E-7
717.7201719220716,-189.12540586443055,132.9524901224597,717.7201719220716,-314.06356683623716,136.88389355926665,709.2923834719753,-291.6157430923706,136.17753250249243,0.3618720535843404,3.768906278799462E-9
717.7201719220716,-189.12540586443055,132.9524901224597,717.7201719220716,-314.06410417599227,136.86677986806654,709.2969874571393,-291.57834519957686,136.1623081793662,0.36061175462842177,1.6855652514494768E-8
717.7201719220716,-189.12540586443055,132.9524901224597,717.7201719220716,-314.0683612302623,136.72845416516097,709.3928782688189,-291.32708380337067,136.04117855528276,0.3530705567749676,7.657994816204806E-7
717.7201719220716,-189.12540586443055,132.9524901224597,717.7201719220716,-314.07628902865264,136.45631610000464,707.5612285798419,-292.2757056956741,135.8449922880126,0.35923342172025025,1.0547300275768779E-5
717.7201719220716,-189.12540586443055,132.9524901224597,717.7201719220716,-314.1191643915463,134.20162152670983,699.5869752922054,-296.84668914676905,134.02900817775847,0.32511153711171353,2.3448176395412675E-4
717.7201719220716,-189.12540586443055,132.9524901224597,717.7201719220716,-314.1236351888281,132.28715880249098,699.4753353276137,-296.0077475699364,132.38358470777803,0.30433879699165645,8.342524330160784E-6
717.7201719220716,-189.12540586443055,132.9524901224597,717.7201719220716,-314.11230799163275,131.14298835534964,718.142606331348,-283.5361546850386,131.58565556685795,0.19452319669338336,0.0016904583092407297
717.7201719220716,-189.12540586443055,132.9524901224597,717.7201719220716,-314.107327844972,130.82665427511745,724.4797215906783,-280.07178043086304,131.40556989451474,0.1381475461120524,1.3519832932245795E-4
717.7201719220716,-189.12540586443055,132.9524901224597,717.7201719220716,-314.1083252936737,130.88612835759213,728.1353814763601,-278.9330200469705,131.46768707106483,0.1182350303536801,1.4099835024611573E-5
717.7201719220716,-189.12540586443055,132.9524901224597,717.7201719220716,-314.1052346503277,130.70696197793814,729.8570884673559,-278.3367380097394,131.34961901046825,0.1087953737052059,4.079619872493899E-6
717.7201719220716,-189.12540586443055,132.9524901224597,717.7201719220716,-314.10476316650477,130.68087211749676,730.7529037822397,-277.73827724196286,131.34186738892987,0.10196607536369584,4.205440785150629E-6
717.7201719220716,-189.12540586443055,132.9524901224597,717.7201719220716,-314.02475882667926,127.93735008337671,741.8530060006746,-268.1981600517689,129.7774461681059,0.040685863108708246,0.0011206868909185244
717.7201719220716,-189.12540586443055,132.9524901224597,717.7201719220716,-313.07841312838474,116.80776992599532,760.5673741760756,-253.39028140902295,124.58207251799897,0.009767594796105703,0.002792984465981587
717.7201719220716,-189.12540586443055,132.9524901224597,717.7201719220716,-312.52602513636737,113.0204264234222,775.0059708986331,-245.49251028797173,123.84789467934894,0.003381220255163276,6.514009523173795E-4
717.7201719220716,-189.12540586443055,132.9524901224597,717.7201719220716,-312.20430784324265,111.12168877001352,782.4295096267184,-242.14176730091435,123.54885037314986,0.0018324946119718966,1.207447308547558E-4
717.7201719220716,-189.12540586443055,132.9524901224597,717.7201719220716,-311.9971683345649,109.9844691480073,788.1210738899816,-239.87736811779587,123.46559003983702,0.001073208064944209,5.408586771799895E-5
717.7201719220716,-189.12540586443055,132.9524901224597,717.7201719220716,-311.74709656793607,108.68479618558484,788.6262523844587,-240.32511443967988,122.81970814699622,0.0010791892150987742,3.751662972607472E-6
717.7201719220716,-189.12540586443055,132.9524901224597,717.7201719220716,-312.2341755578574,111.29075370612422,780.8645895387106,-248.57041050634285,122.49278018443002,0.002998088346338336,8.392218773672293E-4
717.7201719220716,-189.12540586443055,132.9524901224597,717.7201719220716,-313.09858191462996,116.96338070303713,762.4850179792945,-263.5610344307584,123.35235364318945,0.015222749184100588,0.0026692411708860394
717.7201719220716,-189.12540586443055,132.9524901224597,717.7201719220716,-313.61059431725516,121.61944746548807,731.5374009458653,-287.95056665704686,123.95551805883755,0.21894173484693455,0.006414218210335086
717.7201719220716,-189.12540586443055,132.9524901224597,717.7201719220716,-313.5204810903905,120.66976813066299,700.3638001837344,-306.6628802840664,121.34688500270795,0.6615957873474265,0.003109463705868531
717.7201719220716,-189.12540586443055,132.9524901224597,717.7201719220716,-313.25402171000655,118.2186268048702,676.8322922751441,-319.0680461030091,117.52851163563153,1.0,0.001482610259732358
717.7201719220716,-189.12540586443055,132.9524901224597,717.7201719220716,-312.7219137247828,114.2735382052377,677.6838524983958,-315.84022194409823,113.80227303520974,1.0,1.7119339960979397E-4
717.7201719220716,-189.12540586443055,132.9524901224597,717.7201719220716,-312.3906742592686,112.19981300483148,694.9729652782853,-305.06371683319696,113.43336389631878,0.36405447323935525,0.001208708892417874
717.7201719220716,-189.12540586443055,132.9524901224597,717.7201719220716,-312.0370419222812,110.19881521965635,725.0181936618407,-286.2671330637515,114.96939795086234,0.2637199245502064,0.0032017174546031353
717.7201719220716,-189.12540586443055,132.9524901224597,717.7201719220716,-311.67303214496974,108.31351098359735,749.6804223015938,-269.78684373594484,116.73499537901,0.03679639575558044,0.002795199538500811
717.7201719220716,-189.12540586443055,132.9524901224597,717.7201719220716,-311.62138923263285,108.05803172993572,771.4692525375466,-256.8140899826291,119.19634005050062,0.007630765370748888,0.0017442053383747017
717.7201719220716,-189.12540586443055,132.9524901224597,717.7201719220716,-312.5852045695583,113.39033012696513,797.3252943431634,-240.8069822473103,124.76356322783585,5.203256292352807E-4,0.0027364564506982634
717.7201719220716,-189.12540586443055,132.9524901224597,717.7201719220716,-313.0729240108243,116.76568236585126,811.7095831335469,-230.91700308749702,127.49475639605777,1.1276691001515696E-7,0.0011741312282587536
717.7201719220716,-189.12540586443055,132.9524901224597,717.7201719220716,-313.5039263975651,120.5032479773082,822.3162368478902,-223.4164785673249,129.52024261167185,1.8971428002195935E-4,6.820551800949722E-4
717.7201719220716,-189.12540586443055,132.9524901224597,717.7201719220716,-313.8208779605046,124.2324420298618,828.9550861673599,-219.2530554900177,130.84564093831574,4.2741522364343043E-4,2.068870389515494E-4
717.7201719220716,-189.12540586443055,132.9524901224597,717.7201719220716,-314.1254007502193,132.98824697903876,834.5493866644072,-216.4326627616401,132.96030149612682,6.554320409210429E-4,8.78156398841165E-5
717.7201719220716,-189.12540586443055,132.9524901224597,717.7201719220716,-314.12452253518387,132.48256296703883,830.7311185399374,-217.19601778824537,132.84696023422035,5.252334564398084E-4,5.910146278948756E-6
717.7201719220716,-189.12540586443055,132.9524901224597,717.7201719220716,-313.91094258372243,125.6333490746142,819.6014962390428,-223.83005335122849,130.9169320229419,1.3567190062866344E-4,5.007987092413128E-4
717.7201719220716,-189.12540586443055,132.9524901224597,717.7201719220716,-313.60405117096417,121.54780412721225,799.7442381484584,-238.8685234966919,128.39504466164522,3.1550665851712143E-4,0.0026563842914359348
717.7201719220716,-189.12540586443055,132.9524901224597,717.7201719220716,-313.44523347150954,119.9301837312646,775.568709354659,-256.80856238171043,125.86278594046126,0.005948490304898936,0.0036287842683814823
717.7201719220716,-189.12540586443055,132.9524901224597,717.7201719220716,-313.4199723169419,119.69124016695952,740.8910338804458,-281.55354068305024,123.09113709848268,0.0952907611830421,0.005947330240667117
717.7201719220716,-189.12540586443055,132.9524901224597,717.7201719220716,-313.1414636231432,117.29945789264386,704.3915602926464,-302.46349555764334,118.64720738008046,0.8091035140934905,0.0034420094373542025
717.7201719220716,-189.12540586443055,132.9524901224597,717.7201719220716,-312.7088117911102,114.18704902555149,670.3001258167178,-321.4749404366335,112.85596197942263,1.0,0.003040179131336561
717.7201719220716,-189.12540586443055,132.9524901224597,717.7201719220716,-312.12823866582806,110.69708352470357,647.2174593833437,-332.064728778875,107.08989266988479,1.0,0.0011223822200794264
717.7201719220716,-189.12540586443055,132.9524901224597,717.7201719220716,-311.50857591903247,107.50922603574341,648.7332918858247,-329.2517229544512,103.82045432350404,1.0,1.420136342823618E-4
717.7201719220716,-189.12540586443055,132.9524901224597,717.7201719220716,-310.7942463150669,104.28729758172145,668.2968427001144,-317.99188113221453,102.5915340065342,1.0,0.0012605948695857143
717.7201719220716,-189.12540586443055,132.9524901224597,717.7201719220716,-310.40579618048497,102.68589261323362,693.4453956410881,-304.284746155435,104.21345495830221,0.3238938429818447,0.0016671254077914076
717.7201719220716,-189.12540586443055,132.9524901224597,717.7201719220716,-310.6421371839082,103.64917956836196,734.6177063722071,-281.866845653286,110.58823474908144,0.14520983682965147,0.0035550262651644323
717.7201719220716,-189.12540586443055,132.9524901224597,717.7201719220716,-310.54881016499536,103.26483463972451,767.7525052820035,-257.2778912216355,116.28941336858676,0.009544393559649469,0.006569280607829445
717.7201719220716,-189.12540586443055,132.9524901224597,717.7201719220716,-309.6520051011139,99.81129406015808,791.2657493775013,-236.8869410897216,119.81950194256808,7.078025723471148E-4,0.005173180471744416
717.7201719220716,-189.12540586443055,132.9524901224597,717.7201719220716,-308.42346987988276,95.62995105871073,802.1374989261271,-227.69312167991023,120.88653505435093,4.314010728448024E-5,9.954943791779319E-4
717.7201719220716,-189.12540586443055,132.9524901224597,717.7201719220716,-307.7941320117166,93.67484464083196,809.2429907760076,-220.69477933770438,122.50348051717111,2.561293627147016E-5,6.339269780536163E-4
717.7201719220716,-189.12540586443055,132.9524901224597,717.7201719220716,-307.5649727509561,92.98914447007166,814.4367042105284,-216.10075622131873,123.8505888005862,1.482470640446032E-4,2.768109755242007E-4
717.7201719220716,-189.12540586443055,132.9524901224597,717.7201719220716,-308.1038648723434,94.62330682692888,812.114484909677,-217.07764229534882,123.9476130832519,9.928779199642592E-5,1.0492185173268568E-5
717.7201719220716,-189.12540586443055,132.9524901224597,717.7201719220716,-309.5376432097336,99.39815958974884,802.5916497994829,-224.33416660051958,123.14114186224944,7.935789540080107E-6,6.110343822720644E-4
717.7201719220716,-189.12540586443055,132.9524901224597,717.7201719220716,-310.6080967206849,103.50837657961836,787.097342536479,-236.45882448988385,121.48015161435251,9.185078161821964E-4,0.0017475090663662707
717.7201719220716,-189.12540586443055,132.9524901224597,717.7201719220716,-311.1462813778456,105.82490381369149,767.8024397365331,-251.62097582581052,119.05852352936958,0.006962805194049974,0.002754758527482164
717.7201719220716,-189.12540586443055,132.9524901224597,717.7201719220716,-311.70979311002543,108.49706120326002,736.1811503637898,-275.92621951186067,115.63583850001007,0.0863319576242479,0.006381055669973605
717.7201719220716,-189.12540586443055,132.9524901224597,717.7201719220716,-311.9655319966116,109.81586522102155,704.5919787118225,-298.24937279437063,112.39926887374315,0.6226464610384419,0.005046389660490394
717.7201719220716,-189.12540586443055,132.9524901224597,717.7201719220716,-312.0017013389474,110.00873257363537,676.7504207569331,-315.5772392175817,109.3410995376847,1.0,0.0029429382371965233
717.7201719220716,-189.12540586443055,132.9524901224597,717.7201719220716,-311.6397985024619,108.1487888556266,657.0367951311788,-325.15386792138713,105.41279242656532,1.0,9.702583210468181E-4
717.7201719220716,-189.12540586443055,132.9524901224597,717.7201719220716,-311.1746467671975,105.95280873436992,657.0733407701244,-324.02437935188806,103.11019633348496,1.0,3.0252274606110814E-5
717.7201719220716,-189.12540586443055,132.9524901224597,717.7201719220716,-310.4893077670467,103.02251660138606,669.5400885414109,-316.4314733204904,101.55709850849124,1.0,6.626433508756513E-4
717.7201719220716,-189.12540586443055,132.9524901224597,717.7201719220716,-309.7016357525496,99.99232043285605,690.0443790328047,-304.06569403893155,101.53293582126165,0.2385872430189226,0.0014023862480839727
717.7201719220716,-189.12540586443055,132.9524901224597,717.7201719220716,-308.93153313146826,97.29450547281405,724.5137057780901,-283.696154660077,104.80532949064741,0.26404767786728844,0.0033578929953614876
717.7201719220716,-189.12540586443055,132.9524901224597,717.7201719220716,-308.65706642492694,96.3849892008727,756.0778695932497,-263.70701504139,110.13625006084351,0.022943906246780492,0.0039583063089091795
717.7201719220716,-189.12540586443055,132.9524901224597,717.7201719220716,-307.72161419914585,93.45642236086084,781.2974604852972,-243.86715146737714,114.72185927783678,0.0025019187501210097,0.004714784869703343
717.7201719220716,-189.12540586443055,132.9524901224597,717.7201719220716,-306.0324331393813,88.70605553464313,802.6217170751502,-226.90887035645787,118.65237806661423,3.758281131465058E-5,0.0034868401205867925
717.7201719220716,-189.12540586443055,132.9524901224597,717.7201719220716,-304.2119246903328,84.1662914128323,812.331191640353,-218.49479578015698,120.50254457691179,6.932959588820327E-5,8.712525253250217E-4
717.7201719220716,-189.12540586443055,132.9524901224597,717.7201719220716,-302.1157214622244,79.49046078283456,820.0680996307432,-211.79710067983356,122.22524498656091,3.24431084811843E-4,5.581816497530986E-4
717.7201719220716,-189.12540586443055,132.9524901224597,717.7201719220716,-300.1964481975949,75.60945606404589,825.0944229042206,-207.0530466290541,123.69692455507092,5.690771371817798E-4,2.906558919563195E-4
717.7201719220716,-189.12540586443055,132.9524901224597,717.7201719220716,-300.42839962400086,76.06098302204042,827.2165412013095,-205.0882908810751,124.79320746893697,6.893703210130404E-4,6.060260831735458E-5
717.7201719220716,-189.12540586443055,132.9524901224597,717.7201719220716,-302.45389009401225,80.21109592183723,825.9853551703678,-206.05936699379836,125.07167599727723,6.338523575426982E-4,1.1746124176529547E-5
717.7201719220716,-189.12540586443055,132.9524901224597,717.7201719220716,-297.4860845489057,70.63906207488766,830.3775709096566,-202.9637809953908,124.99465335466593,8.386490004505672E-4,8.511511362861703E-5
717.7201719220716,-189.12540586443055,132.9524901224597,717.7201719220716,-99.66487450916425,45.649492867878465,854.0296306714991,-179.03296313103672,123.10344846244018,1.0,0.003302075943598395
717.7201719220716,-189.12540586443055,132.9524901224597,717.7201719220716,-72.24850354343383,88.62654169664262,889.3596094999261,-142.3510891619257,115.2131771475675,1.0,0.018469154767324757
717.7201719220716,-189.12540586443055,132.9524901224597,717.7201719220716,-69.61504027813483,96.31545261354066,912.9699068513922,-123.80735058541148,112.92861997925363,1.0,0.0038269352807278243
717.7201719220716,-189.12540586443055,132.9524901224597,717.7201719220716,-67.88683731242132,102.51879998373745,933.6164941484599,-107.23081823318759,112.39505090344989,1.0,0.003021539779701956
717.7201719220716,-189.12540586443055,132.9524901224597,717.7201719220716,-67.10950543361305,105.80253538848578,950.5607494539661,-96.29507620003021,112.29666379630504,1.0,0.001221325133483028
717.7201719220716,-189.12540586443055,132.9524901224597,717.7201719220716,-66.4042985539607,109.1926538332059,965.9112140849609,-90.74402069764692,113.90502830679063,1.0,2.8916254739643914E-4
717.7201719220716,-189.12540586443055,132.9524901224597,717.7201719220716,-65.42769512864346,114.95592493002519,981.3661178418383,-86.85847025291409,118.07385119845983,1.0,1.4414671535781123E-4
717.7201719220716,-189.12540586443055,132.9524901224597,717.7201719220716,-64.35689467835887,125.34863475750782,997.2768597861188,-85.50338623650363,126.63738030520864,1.0,3.7393525752187193E-6
717.7201719220716,-189.12540586443055,132.9524901224597,717.7201719220716,-64.3086824144023,139.71899196603934,1003.0500400115232,-89.5237707337588,138.35204419747964,1.0,1.9706934978984804E-4
717.7201719220716,-189.12540586443055,132.9524901224597,717.7201719220716,-67.51423903378029,161.8613832539469,996.4065768196883,-103.39326537918733,153.33237259388497,1.0,0.0040483451935562865
717.7201719220716,-189.12540586443055,132.9524901224597,717.7201719220716,-81.27139823066796,196.13882596602863,972.0653505583167,-128.12563846582546,168.68924088202334,1.0,0.01274093389544155
717.7201719220716,-189.12540586443055,132.9524901224597,717.7201719220716,-130.6130390573608,243.411998226719,930.205940024448,-163.66004350660526,181.02594114208642,1.0,0.003887053943859271
717.7201719220716,-189.12540586443055,132.9524901224597,717.7201719220716,-232.20112544071532,250.29592787244755,876.1109973031913,-208.92103690793198,186.8781684842832,1.0,1.3413824474080083E-5
717.7201719220716,-189.12540586443055,132.9524901224597,717.7201719220716,-284.6645207879621,213.55818173061,828.9316529447884,-246.7393797199477,181.5610020668593,1.0,0.005936055971246071
717.7201719220716,-189.12540586443055,132.9524901224597,717.7201719220716,-304.6401014577477,180.7160233039914,785.3351601580458,-272.9984111089576,167.63267560410256,0.008603605352289045,0.006712948383189901
717.7201719220716,-189.12540586443055,132.9524901224597,717.7201719220716,-314.0618743533033,136.9373165338482,732.1357771714454,-298.15762503689257,136.43005333443267,0.4744757033630267,0.0010269740568867266
717.7201719220716,-189.12540586443055,132.9524901224597,717.7201719220716,-309.8425257437707,100.51212995126221,695.6816515875929,-302.774640094859,102.41148570402297,0.392025956885728,1.3513994063239963E-4
717.7201719220716,-189.12540586443055,132.9524901224597,717.7201719220716,-295.5223540016623,67.3423580765385,678.2297647284203,-292.0373878577407,69.49137731892642,1.0,0.008767724042293567
717.7201719220716,-189.12540586443055,132.9524901224597,717.7201719220716,-271.5791728302372,39.00369389202122,722.54011170442,-264.68326111320454,46.86097717412113,1.0,0.010996083948555037
717.7201719220716,-189.12540586443055,132.9524901224597,717.7201719220716,-245.11987687404633,21.19552516566921,775.2543470364969,-233.9540531255075,43.480914256403935,0.020146489616895406,4.20512663037432E-5
717.7201719220716,-189.12540586443055,132.9524901224597,717.7201719220716,-176.85254470133512,8.556441636700356,865.3816111119106,-181.41569848127972,54.80794658852491,1.0,0.005134755700791677
717.7201719220716,-189.12540586443055,132.9524901224597,717.7201719220716,-98.7704017745404,46.575564755114414,944.6421275475029,-130.342583873013,76.75771176814453,1.0,0.003715288748508882
717.7201719220716,-189.12540586443055,132.9524901224597,717.7201719220716,-76.44839384260983,78.8332609905285,986.8131126024964,-103.00824598325227,91.59006646413548,1.0,0.008396450858275761
717.7201719220716,-189.12540586443055,132.9524901224597,717.7201719220716,-69.1178908109243,97.9782663185999,1019.9900210525284,-85.77330725403209,102.83221452316045,1.0,0.00312739360189925
717.7201719220716,-189.12540586443055,132.9524901224597,717.7201719220716,-66.88795511654632,106.81811362982884,1039.7360408098068,-77.1622861901957,109.0147664137821,1.0,8.490101542796939E-4
717.7201719220716,-189.12540586443055,132.9524901224597,717.7201719220716,-65.36263433226877,115.40893339419264,1048.7499225566514,-77.77990014383415,117.16909927023363,1.0,1.636641300510613E-5
717.7201719220716,-189.12540586443055,132.9524901224597,717.7201719220716,-64.15854554566168,130.0743271546435,1048.473387501601,-84.87652785313048,130.55149149479834,1.0,5.82171573700305E-4
717.7201719220716,-189.12540586443055,132.9524901224597,717.7201719220716,-65.43655255062443,151.0098311757752,1037.102216172285,-96.61797726113403,146.45765363155098,1.0,0.0022498770880001523
717.7201719220716,-189.12540586443055,132.9524901224597,717.7201719220716,-74.26724609237269,182.2739168432717,1006.4449395986368,-119.882325313539,162.6862724683693,1.0,0.00923977966682964
717.7201719220716,-189.12540586443055,132.9524901224597,717.7201719220716,-106.15660930128419,226.44676158795232,971.65197213244,-148.45731642639717,178.77975954667752,1.0,0.010589399254380833
717.7201719220716,-189.12540586443055,132.9524901224597,717.7201719220716,-165.06305594616794,255.61464123848685,934.2466123091854,-177.50548420551843,192.18712810767562,1.0,0.0012177749291678909
717.7201719220716,-189.12540586443055,132.9524901224597,717.7201719220716,-220.80858017492048,253.87054694447082,896.8280089859026,-206.6423858721835,199.8056142182426,1.0,4.12257917600912E-4
717.7201719220716,-189.12540586443055,132.9524901224597,717.7201719220716,-259.0464016424997,236.56742316496684,862.2169612025714,-234.85605027243813,200.72008418485163,1.0,0.0010730609890111109
717.7201719220716,-189.12540586443055,132.9524901224597,717.7201719220716,-284.2838210924868,214.00726179745016,825.6022453260865,-262.7747206128756,195.68607365942736,1.0,0.004617283125616181
717.7201719220716,-189.12540586443055,132.9524901224597,717.7201719220716,-300.33814269484793,190.02023203230158,788.1652444310247,-286.53962002795976,182.9396533797699,1.0,0.006709212148532686
717.7201719220716,-189.12540586443055,132.9524901224597,717.7201719220716,-310.5214282013732,162.75191563317242,754.7466684481076,-303.2479038866074,160.9664630141679,0.10880079956069295,0.003327808610430217
717.7201719220716,-189.12540586443055,132.9524901224597,717.7201719220716,-312.53889712695775,113.10028182226984,738.6542347699975,-305.056523238297,114.3038912777516,0.43457027463638875,3.663595637169534E-6
717.7201719220716,-189.12540586443055,132.9524901224597,717.7201719220716,-288.97197347088263,57.74834836676784,774.3229356369915,-273.21913707298216,69.61333852037404,0.024043559807404965,0.048275315251325765
717.7201719220716,-189.12540586443055,132.9524901224597,717.7201719220716,-242.87718233353036,20.09972530734349,817.6104636125416,-232.45227959057806,41.98698512929889,1.0,0.016068226672748907
717.7201719220716,-189.12540586443055,132.9524901224597,717.7201719220716,-197.59261723695994,8.239594511889777,851.8407013311884,-196.42743931188863,25.401409251581242,1.0,9.252390120752558E-4
717.7201719220716,-189.12540586443055,132.9524901224597,717.7201719220716,-174.96780982860813,8.756828062601642,869.0258292718268,-176.01686823945724,17.959555951235018,1.0,6.121917420662677E-4
717.7201719220716,-189.12540586443055,132.9524901224597,717.7201719220716,-165.98294604074442,10.113463126520529,875.3493451786825,-166.33986581148622,12.00797553736902,1.0,6.800391304086385E-4
717.7201719220716,-189.12540586443055,132.9524901224597,717.7201719220716,-173.2066160054199,8.970265068121137,869.798269216946,-173.20795857483506,8.980721562921104,1.0,1.5966631959648037E-4
717.7201719220716,-189.12540586443055,132.9524901224597,717.7201719220716,-187.87623971285385,7.95873194259795,866.64559749443,-187.95170433885986,15.50985490748397,1.0,4.235537912485166E-4
717.7201719220716,-189.12540586443055,132.9524901224597,717.7201719220716,-208.24172814387342,9.422873339647339,864.4120412258108,-204.03328417761972,36.61782552782577,1.0,0.008859115530929591
717.7201719220716,-189.12540586443055,132.9524901224597,717.7201719220716,-221.753731957765,12.286039373516942,861.8593874921594,-211.10948828878054,51.65070370748191,1.0,0.004124254989452312
717.7201719220716,-189.12540586443055,132.9524901224597,717.7201719220716,-233.29720086374715,16.0172408323575,859.8749525271039,-215.6010565958497,62.8639456464185,1.0,0.002094063543899433
717.7201719220716,-189.12540586443055,132.9524901224597,717.7201719220716,-242.60176676662468,19.968956699848576,857.7848652129032,-218.23339348032334,71.45385341305268,1.0,0.001070036549598758
717.7201719220716,-189.12540586443055,132.9524901224597,717.7201719220716,-249.01506796412914,23.233629512335213,855.4756557346684,-219.1537971572521,77.93997605753324,1.0,4.816938915603828E-4
717.7201719220716,-189.12540586443055,132.9524901224597,717.7201719220716,-254.11001486031392,26.172339374990955,852.9979766224153,-219.5213269074482,83.00710949722287,1.0,2.528346390763394E-4
717.7201719220716,-189.12540586443055,132.9524901224597,717.7201719220716,-257.6532947798421,28.41097472882761,850.9268710891297,-219.28007061223636,86.95057179671372,1.0,1.4332237054629672E-4
717.7201719220716,-189.12540586443055,132.9524901224597,717.7201719220716,-260.6809963354,30.459575868103016,848.9227378135422,-219.09590089477058,90.02414088954407,1.0,8.278524079484767E-5
717.7201719220716,-189.12540586443055,132.9524901224597,717.7201719220716,-263.21249534663366,32.27427414672823,847.3181303151395,-218.92141500676743,92.46218250458975,1.0,5.104603606406245E-5
717.7201719220716,-189.12540586443055,132.9524901224597,717.7201719220716,-265.3056594358402,33.84866090382792,846.0212222857278,-218.77737061152303,94.37788433517198,1.0,3.0695134983575726E-5
717.7201719220716,-189.12540586443055,132.9524901224597,717.7201719220716,-266.8811686711844,35.07991301150473,845.0198105114077,-218.6408043617843,95.80092718850437,1.0,1.7044871087517346E-5
717.7201719220716,-189.12540586443055,132.9524901224597,717.7201719220716,-267.942942271461,35.93292531862012,844.2498763879299,-218.53852041433208,96.74674577617503,1.0,7.527504043730389E-6
717.7201719220716,-189.12540586443055,132.9524901224597,717.7201719220716,-269.0330790895934,36.82880022376412,843.6396332278064,-218.62663708930216,97.46444388816772,1.0,4.3608008693361166E-6
717.7201719220716,-189.12540586443055,132.9524901224597,717.7201719220716,-269.7796395274531,37.45435091425021,843.268210971603,-218.6177820420305,98.03222719420893,1.0,2.2753933501156883E-6
717.7201719220716,-189.12540586443055,132.9524901224597,717.7201719220716,-270.3615907458171,37.94889931707395,843.0479693574933,-218.61575937767864,98.46429398216145,1.0,1.2805930134348E-6
717.7201719220716,-189.12540586443055,132.9524901224597,717.7201719220716,-270.751075471194,38.283329033710785,842.8329825085591,-218.61089060506458,98.75532986468167,1.0,5.880950598091173E-7
717.7201719220716,-189.12540586443055,132.9524901224597,717.7201719220716,-271.0310999222387,38.525495672203434,842.6937527889296,-218.60412809521927,98.96721995891397,1.0,3.1834106406091196E-7
717.7201719220716,-189.12540586443055,132.9524901224597,717.7201719220716,-293.07247235477524,63.52621722774167,840.4405808836833,-217.03635101925076,114.31076255386066,1.0,0.001157096887383585
717.7201719220716,-189.12540586443055,132.9524901224597,717.7201719220716,-298.8467961612373,73.06746268374339,831.9727654738567,-211.7976041820494,120.57819177758958,6.162381897641696E-4,6.979434905079215E-4
717.7201719220716,-189.12540586443055,132.9524901224597,717.7201719220716,-300.71340414338727,76.62204861792716,828.1055552475339,-209.23656090518043,122.80023127666962,5.903399226574213E-4,1.2868696156399697E-4
717.7201719220716,-189.12540586443055,132.9524901224597,717.7201719220716,-299.8329478934158,74.91077979358961,827.6315349826207,-208.98406675087304,122.54099853331053,5.798559132926534E-4,1.3909440430757179E-6
717.7201719220716,-189.12540586443055,132.9524901224597,717.7201719220716,-294.1692729658349,65.19715096470402,826.6095799581012,-208.57509552411324,120.40706166700562,5.33264363112173E-4,2.6590893058761207E-5
717.7201719220716,-189.12540586443055,132.9524901224597,717.7201719220716,-286.55228556999094,54.63899760144983,825.348688863748,-208.10150864928443,117.69915461576221,4.6988577983889286E-4,5.084940514103144E-5
717.7201719220716,-189.12540586443055,132.9524901224597,717.7201719220716,-281.0747901384138,48.2748027919984,822.6943248623694,-208.4271898703013,115.17716249112851,3.5948950273924954E-4,4.4156470993781915E-5
717.7201719220716,-189.12540586443055,132.9524901224597,717.7201719220716,-278.8359771455192,45.90644828010649,817.5862926073257,-209.941677226367,112.75449113418583,1.944664623166981E-4,8.719072840453905E-5
717.7201719220716,-189.12540586443055,132.9524901224597,717.7201719220716,-277.6406405712961,44.691211949137866,809.6107039177373,-212.14128847336667,110.00264172541006,3.4781329086285076E-5,1.299326603262516E-4
717.7201719220716,-189.12540586443055,132.9524901224597,717.7201719220716,-277.18537013568755,44.23697461054408,799.6658161653559,-214.63093805464163,107.25708523119405,2.4317156997638473E-5,1.3466184392478347E-4
717.7201719220716,-189.12540586443055,132.9524901224597,717.7201719220716,-276.17975036574865,43.24997564574157,788.9438180772847,-216.5006526322126,104.7444956385828,3.028126776188311E-4,8.509786035504452E-5
717.7201719220716,-189.12540586443055,132.9524901224597,717.7201719220716,-274.3028250111887,41.46583936128317,778.3773522446107,-217.25647956218708,102.73770150002792,8.923788389512905E-4,2.8134346034647637E-5
717.7201719220716,-189.12540586443055,132.9524901224597,717.7201719220716,-271.83167363304096,39.22590226294723,768.2459510179066,-217.03471141343152,101.3243674999417,0.0016982571051132151,7.433733996753859E-6
717.7201719220716,-189.12540586443055,132.9524901224597,717.7201719220716,-268.48792439111077,36.37821480494907,758.3486878646407,-215.88610903215329,100.38805588589992,0.002566574842362357,1.3345449865794588E-5
717.7201719220716,-189.12540586443055,132.9524901224597,717.7201719220716,-264.19093063766417,33.001667261819634,748.7933348869261,-213.90973966942883,99.95179419252642,0.0032594041577662567,1.610047048847903E-5
717.7201719220716,-189.12540586443055,132.9524901224597,717.7201719220716,-258.66385419918436,29.08043322940121,739.5442843587784,-211.239719951213,99.91955156859191,0.0036085502846468103,1.5744708705656074E-5
717.7201719220716,-189.12540586443055,132.9524901224597,717.7201719220716,-251.73035327029427,24.759973928829012,730.8166627608965,-208.0087713853203,100.31866620652815,0.003532663876053345,3.194931106290485E-5
717.7201719220716,-189.12540586443055,132.9524901224597,717.7201719220716,-242.97424755353217,20.146008709634515,723.8764483545463,-204.2459710820852,101.27682718016871,0.0030593277866793715,6.187978682231781E-5
717.7201719220716,-189.12540586443055,132.9524901224597,717.7201719220716,-233.71902506911158,16.177453722431522,719.7586163627283,-200.66155883869874,102.74335465616744,0.002480700319480652,7.945616963777238E-5
717.7201719220716,-189.12540586443055,132.9524901224597,717.7201719220716,-227.32671954051256,13.932913441051568,719.1435515528111,-198.29645828917845,104.37926390903996,0.002034858319246627,6.263117529385805E-5
717.7201719220716,-189.12540586443055,132.9524901224597,717.7201719220716,-222.47992346766637,12.484751057366296,720.6524497380092,-196.65577690648647,105.75477182388292,0.0017282963741340387,3.695278994166085E-5
717.7201719220716,-189.12540586443055,132.9524901224597,717.7201719220716,-215.247120174945,10.712332884832321,721.747054780892,-194.67367990007946,106.98857816580175,0.0014725924630668715,3.10536084035618E-5
717.7251794647638,-189.12596402059216,132.96717168988812,717.7251794647638,-204.65097729810452,8.935022781901111,722.1314827686554,-192.22219317684034,108.23083498624831,0.0012542574331331855,2.766506386521199E-5
717.7251794647638,-189.12596402059216,132.96717168988812,717.7251794647638,-198.90114278342628,8.349974320686144,722.3998125146564,-191.03041621666634,108.6885880489709,0.0011816805936057256,3.5082747709605566E-6
717.7251794647638,-189.12596402059216,132.96717168988812,717.7251794647638,-195.0843333219601,8.109261106423205,722.7797685064266,-190.27313566703953,108.92813556919529,0.0011452216563341124,8.771515501346583E-7
717.7251794647638,-189.12596402059216,132.96717168988812,717.7251794647638,-192.37440893579662,8.009388396357807,723.0878503284401,-189.74818162746834,109.03235521276815,0.0011288313790984066,1.5944424615630995E-7
717.7251794647638,-189.12596402059216,132.96717168988812,717.7251794647638,-191.12937898251295,7.983227407070942,723.2948646946077,-189.50905100180637,109.06811791141163,0.0011227619733602875,1.8066949072874452E-8
717.7251794647638,-189.12596402059216,132.96717168988812,717.7251794647638,-190.32203011308044,7.972894117263223,723.4266501619893,-189.35461402750317,109.07221922002921,0.0011211982194375481,3.4459246259005444E-10
717.7251794647638,-189.12596402059216,132.96717168988812,717.7251794647638,-190.21053830704548,7.971876983978632,723.4589683923508,-189.33320474172285,109.08304006668254,0.0011197035320459428,1.422670325213562E-9
717.7251794647638,-189.12596402059216,132.96717168988812,717.7251794647638,-190.21596371226198,7.971924177544025,723.4812710580937,-189.33413015248044,109.09580972720545,0.0011180725391192654,1.918907933086988E-9
717.7251794647638,-189.12596402059216,132.96717168988812,717.7251794647638,-190.22838471506202,7.9720331099721164,723.4989868647272,-189.3363858191277,109.10903658763078,0.0011164213519877164,2.062624260301165E-9
717.7251794647638,-189.12596402059216,132.96717168988812,717.7251794647638,-190.23094567894447,7.972055723164431,723.5091320751269,-189.3367950447468,109.11804431804828,0.001115309230931042,9.545416371857839E-10
717.7249680668232,-189.12384543076578,132.9667338612399,717.7249680668232,-190.23474824583815,7.971670378974878,723.5152088973342,-189.33573583221502,109.12553567442566,0.001114349073440147,6.613606896006951E-10
717.7249680668232,-189.12384543076578,132.9667338612399,717.7249680668232,-189.75880963850736,7.968346589823923,723.5659924450546,-189.24499186753053,109.11797351436482,0.0011148138789464012,7.486254193046573E-10
717.7249680668232,-189.12384543076578,132.9667338612399,717.7249680668232,-180.2541258380749,8.281818677617792,724.6670371883719,-187.41578333275913,108.9558758411265,0.0011326267558859513,8.828216262666149E-7
717.7249680668232,-189.12384543076578,132.9667338612399,717.7249680668232,-157.13461414535195,12.129284857347486,727.3956458279099,-182.64101738708862,108.47823033517875,0.0012582460146636674,2.978068848066962E-5
717.7249680668232,-189.12384543076578,132.9667338612399,717.7249680668232,-134.02650496176258,20.764759398921527,730.6709137874234,-176.8192282598599,107.90922056156822,0.001557352784553542,1.0592775006515352E-4
717.7249680668232,-189.12384543076578,132.9667338612399,717.7249680668232,-117.07445231589158,30.8203440484897,733.9103541039914,-171.13127669820548,107.45817841014082,0.002004855213008569,1.5462629254373717E-4
717.7249680668232,-189.12384543076578,132.9667338612399,717.7249680668232,-109.24621588146732,36.81807657688128,735.9299823851441,-167.76179012559967,107.25324003305494,0.002343437024447608,6.280692069414081E-5
717.7249680668232,-189.12384543076578,132.9667338612399,717.7249680668232,-108.84006160832931,37.15695327933747,736.207353525402,-167.63539693045607,107.32265684048517,0.0023380158865046294,2.1173667137158606E-7
717.7249680668232,-189.12384543076578,132.9667338612399,717.7249680668232,-109.17572789698768,36.876679730725414,736.1636511822675,-167.88019376786585,107.43387954036865,0.0022930279964619026,6.911276106779659E-7
717.7249680668232,-189.12384543076578,132.9667338612399,717.7249680668232,-109.35821415376675,36.72514167271764,736.1435810384955,-168.03480855207354,107.5216586523502,0.002262138348899468,3.256876928234756E-7
717.7249680668232,-189.12384543076578,132.9667338612399,717.7249680668232,-109.47021036421799,36.63242833779083,736.133819661257,-168.14150982302385,107.59038126486416,0.0022396795306962917,1.722964160666935E-7
717.7249680668232,-189.12384543076578,132.9667338612399,717.7249680668232,-109.46255561078524,36.638758152118584,736.1385431439658,-168.1805078495519,107.64164411752489,0.002227428368415447,4.873821914993357E-8
729.687516821623,-169.19806431777542,132.85586795337406,729.687516821623,-164.22445884556592,7.954854152016907,736.1413242273546,-168.19570954198983,107.68396230388257,0.0012733958707428963,2.163773006866868E-8
729.687516821623,-169.19806431777542,132.85586795337406,729.687516821623,-164.0427992402267,7.962220228679058,736.1625231386979,-168.15998267772355,107.70685995633815,0.0012704989252109195,6.969712790035218E-9
729.687516821623,-169.19806431777542,132.85586795337406,729.687516821623,-155.98613726379384,8.55604903347269,737.149648267392,-166.51804776316223,107.64186464563056,0.001285359759219087,5.902399748544878E-7
729.687516821623,-169.19806431777542,132.85586795337406,729.687516821623,-130.932329306019,13.856987605657991,740.8007720602776,-161.09966099124134,107.67143263112828,0.0013844744283095906,2.8032381046849397E-5
729.687516821623,-169.19806431777542,132.85586795337406,729.687516821623,-104.48817524476274,25.909010794510365,745.58151915708,-154.01474565573184,107.76220398008354,0.0017033692623612759,1.526126864002601E-4
729.687516821623,-169.19806431777542,132.85586795337406,729.687516821623,-85.59870520393913,39.92499495760457,750.454806754193,-146.84243089212873,108.00485769874035,0.002238961232081045,2.8874205949276475E-4
729.687516821623,-169.19806431777542,132.85586795337406,729.687516821623,-77.30679201837093,48.11512170225413,753.4207857436631,-142.50701773155996,108.2417871017156,0.0026665260724825727,1.3338669038178013E-4
