729.687516821623,-169.19806431777542,132.85586795337406,729.687516821623,-292.71086811379286,152.08052135588053,706.0167272369309,-326.23743771679585,157.29890083220755,1.0,1.0
729.687516821623,-169.19806431777542,132.85586795337406,729.687516821623,-292.7124453040964,152.0703856305358,706.0523047772859,-326.1870373255937,157.27786135114903,1.0,3.308522400587477E-8
729.687516821623,-169.19806431777542,132.85586795337406,729.687516821623,-292.7194272495144,152.0254506166876,706.042079843547,-326.15594784152785,157.21454609174646,1.0,1.921549933581911E-8
729.687516821623,-169.19806431777542,132.85586795337406,729.687516821623,-292.7547051650002,151.79673653298,706.1271784672201,-325.932562516969,156.88280419836414,1.0,8.651269087882714E-7
729.687516821623,-169.19806431777542,132.85586795337406,729.687516821623,-292.8223102865992,151.35034844458457,706.5014494512562,-324.9375399221505,156.15486299034154,1.0,1.4210024767601884E-5
729.687516821623,-169.19806431777542,132.85586795337406,729.687516821623,-292.947144425264,150.4957424583237,707.5266157584574,-322.0256052679962,154.64074619990583,1.0,1.177892910873083E-4
729.687516821623,-169.19806431777542,132.85586795337406,729.687516821623,-293.13943597647335,149.08967192411674,709.2716562859367,-316.82071541784046,152.19143885700313,1.0,3.8220178420179766E-4
729.687516821623,-169.19806431777542,132.85586795337406,729.687516821623,-293.37498020585696,147.17695591917925,711.6710470741333,-309.0795435273993,148.98813339273698,1.0,8.61036640991064E-4
729.687516821623,-169.19806431777542,132.85586795337406,729.687516821623,-293.6127870078111,144.93795295396566,714.5695396170032,-299.72889337580386,145.5318964633271,1.0,0.0012644083087295715
729.687516821623,-169.19806431777542,132.85586795337406,729.687516821623,-293.8225816606373,142.53727678983614,717.5545598117084,-289.5875093407284,142.20827678682534,1.0,0.0014816390170811777
729.687516821623,-169.19806431777542,132.85586795337406,729.687516821623,-293.9846535557559,140.1570422665601,720.642006847145,-278.58694365459996,139.25613324501603,0.7324292864441828,0.0017406192368785416
729.687516821623,-169.19806431777542,132.85586795337406,729.687516821623,-293.964634069473,140.49151281119617,721.152484602794,-274.8565395296782,139.32210802507495,0.5028145612640867,1.7340645893408287E-4
729.687516821623,-169.19806431777542,132.85586795337406,729.687516821623,-293.97299704842413,140.3536117514834,721.4946039044931,-274.04548880662503,139.1561648920709,0.4687566398536964,7.989557367149063E-6
729.687516821623,-169.19806431777542,132.85586795337406,729.687516821623,-293.9647747348687,140.48921398884227,721.5572495559592,-273.87861424353713,139.26032358176394,0.46226342447810004,3.5227504823396803E-7
729.687516821623,-169.19806431777542,132.85586795337406,729.687516821623,-293.97063703541596,140.3927835971304,721.5496435907543,-273.7612430075957,139.17203055275897,0.456310742552825,1.7661574103568837E-7
729.687516821623,-169.19806431777542,132.85586795337406,729.687516821623,-294.0028668675088,139.83879431143143,721.4285834972338,-273.71537781212766,138.7036934245311,0.4506305842660551,5.937881290551036E-8
729.687516821623,-169.19806431777542,132.85586795337406,729.687516821623,-294.05443035982944,138.84651556215715,721.5021790476048,-272.7011343830644,137.82197772289504,0.406057389946463,1.3244369314346524E-5
729.687516821623,-169.19806431777542,132.85586795337406,729.687516821623,-294.0766367168806,138.36423936073615,721.5747570269913,-272.4088455037279,137.40847698063965,0.3947523086116155,1.1320847580119814E-6
729.687516821623,-169.19806431777542,132.85586795337406,729.687516821623,-294.08137804833564,138.25567829027182,721.5001036541368,-272.3645370178057,137.31666715116617,0.39177813039696957,2.7306715686601396E-8
729.687516821623,-169.19806431777542,132.85586795337406,729.687516821623,-294.09067514477897,138.0361923461743,721.4472050320263,-272.35140527211576,137.13448591808933,0.3902005451713885,4.955005382837688E-9
729.687516821623,-169.19806431777542,132.85586795337406,729.687516821623,-294.1194107252978,137.28951337579903,721.2740454399526,-272.279638931456,136.51438721021407,0.3840401162714431,9.979543505726525E-8
729.687516821623,-169.19806431777542,132.85586795337406,729.687516821623,-294.14750242032824,136.41085288390693,721.3337356512517,-271.15422760655235,135.75666230323793,0.34436266364341056,1.56799808842753E-5
729.687516821623,-169.19806431777542,132.85586795337406,729.687516821623,-294.1613486616124,135.88531773862283,721.4377581900156,-270.6776530742917,135.3160091058719,0.3299125498674216,2.8020599644046842E-6
729.687516821623,-169.19806431777542,132.85586795337406,729.687516821623,-294.16352981589887,135.79396816223627,721.3973221046771,-270.6710708827347,135.24162997645763,0.3292083887200561,8.099307176276295E-10
729.687516821623,-169.19806431777542,132.85586795337406,729.687516821623,-294.16749928592554,135.61998150771652,721.2325104589054,-270.62600977830954,135.09928338457948,0.3259047032419519,2.711493877146672E-8
729.687516821623,-169.19806431777542,132.85586795337406,729.687516821623,-294.18204034932893,134.85730127578444,720.7574022432611,-270.4905697529352,134.47791745224086,0.3162492454714117,2.40704005641946E-7
729.687516821623,-169.19806431777542,132.85586795337406,729.687516821623,-294.1931717116451,133.96181894459227,721.063171402932,-269.4307810213048,133.74272244473792,0.28959077390326937,1.3530957561452815E-5
729.687516821623,-169.19806431777542,132.85586795337406,729.687516821623,-294.1970429527051,133.36117996034636,721.1843667826432,-268.94345668147076,133.2590916032948,0.27802662710598597,2.8247008990430778E-6
729.687516821623,-169.19806431777542,132.85586795337406,729.687516821623,-294.197637560649,133.18250092702232,721.1491399617681,-268.93195637221095,133.11647986500003,0.2774279164594865,1.6333825506746816E-9
729.687516821623,-169.19806431777542,132.85586795337406,729.687516821623,-294.1980566660187,132.89960511275683,721.108531706954,-268.89423065842436,132.89075137244615,0.27613400838217045,1.662380319359735E-8
729.687516821623,-169.19806431777542,132.85586795337406,729.687516821623,-294.1950076797451,131.981711122744,721.0863811488872,-268.6887315500008,132.16008736861895,0.2709535634643587,5.125883065910727E-7
729.687516821623,-169.19806431777542,132.85586795337406,729.687516821623,-294.18376940182253,130.96549110110388,721.0118228083047,-268.06544080126605,131.36052414726925,0.25595366224027133,4.754878097826436E-6
729.687516821623,-169.19806431777542,132.85586795337406,729.687516821623,-294.17310919745125,130.3582376118296,721.0252642610958,-267.45281179866817,130.89224362545053,0.2428080182212406,4.579029725693167E-6
729.687516821623,-169.19806431777542,132.85586795337406,729.687516821623,-294.1701980583698,130.21658996062914,720.9908695080819,-267.4548839440797,130.78078886242167,0.24266367838146266,2.2456365490961262E-10
729.687516821623,-169.19806431777542,132.85586795337406,729.687516821623,-294.1653268253607,129.99522093560577,720.9387201255323,-267.4436362582535,130.60691173283263,0.24214673093617017,2.6782807894779473E-9
729.687516821623,-169.19806431777542,132.85586795337406,729.687516821623,-294.14302789703345,129.14694948866227,720.7432422164503,-267.4111659285001,129.94046924016732,0.24047448026489837,2.9773417560666383E-8
729.687516821623,-169.19806431777542,132.85586795337406,729.687516821623,-294.1060748470997,128.06119324008955,720.8132857441793,-266.6426117071874,129.1153960225864,0.22604906578134376,7.564464221556808E-6
729.687516821623,-169.19806431777542,132.85586795337406,729.687516821623,-294.0708721609569,127.2183275890067,720.7406613513325,-265.67389845189217,128.50034477333858,0.2082672333734436,1.1804564301755913E-5
729.687516821623,-169.19806431777542,132.85586795337406,729.687516821623,-294.02843402511735,126.34596789820269,717.1182689410634,-266.71726930935085,127.7702443231367,0.2028914736598533,1.2560420133094252E-5
729.687516821623,-169.19806431777542,132.85586795337406,729.687516821623,-293.81255773832163,123.04627930039538,701.4874304774706,-276.0358372895311,124.44565356590019,0.15393906911603575,9.700673645192178E-4
729.687516821623,-169.19806431777542,132.85586795337406,729.687516821623,-293.60511470616063,120.69503682792163,698.7445184391057,-278.1063590429997,122.21004542016735,0.13886009341143424,6.064788650915942E-5
729.687516821623,-169.19806431777542,132.85586795337406,729.687516821623,-293.56945039243726,120.33555142912373,717.1932541683909,-267.0877987953193,123.00142716264492,0.21574401057843012,0.0012591630829780415
729.687516821623,-169.19806431777542,132.85586795337406,729.687516821623,-293.549037151217,120.13440752712303,728.2440509114568,-260.0737676309692,123.55902340873996,0.15002326727566453,5.55825913997964E-4
729.687516821623,-169.19806431777542,132.85586795337406,729.687516821623,-293.3192387709822,118.05944769857571,734.1067668033472,-254.9345615910086,122.63526497875924,0.09991802633679181,3.2806801810357977E-4
729.687516821623,-169.19806431777542,132.85586795337406,729.687516821623,-293.1641791585951,116.81210370452325,735.3312339215306,-253.86794196584646,121.89784480560505,0.0919939997478152,1.569655659124955E-5
729.687516821623,-169.19806431777542,132.85586795337406,729.687516821623,-293.11579497090634,116.44257974600708,735.7040295037465,-253.20673057576633,121.72865924852297,0.0875227175434369,5.448424491455566E-6
729.687516821623,-169.19806431777542,132.85586795337406,729.687516821623,-292.2784781335191,111.03359183594537,741.4427212246103,-244.60055056869524,119.48693439281988,0.046448265670344054,0.001033318019586927
729.687516821623,-169.19806431777542,132.85586795337406,729.687516821623,-289.34955637391437,98.37951436597189,752.1046205079916,-234.1765149609792,114.21090565120019,0.021588376315003297,0.0016945218057096922
729.687516821623,-169.19806431777542,132.85586795337406,729.687516821623,-287.23238200359447,91.71100377273609,760.3727001332934,-229.50067458758232,111.83534817629197,0.013967794343554064,3.070640866478321E-4
729.687516821623,-169.19806431777542,132.85586795337406,729.687516821623,-285.5547558424516,87.18180159804113,772.0233272459201,-223.59155448398354,111.50452282147273,0.006972730396881217,3.242099339141785E-4
729.687516821623,-169.19806431777542,132.85586795337406,729.687516821623,-284.8520057601702,85.43049680206806,780.6918346966837,-219.80566741435115,112.10357598649347,0.0039360918918460155,1.451164520524284E-4
729.687516821623,-169.19806431777542,132.85586795337406,729.687516821623,-284.3352054772464,84.1892600417469,791.8303466624261,-214.32534364807407,113.78129664502205,0.0015232909504210722,3.433903332747001E-4
729.687516821623,-169.19806431777542,132.85586795337406,729.687516821623,-285.035237541352,85.87981767697133,794.0465334238816,-212.76277600424154,115.18884423802069,0.0011386388487128415,4.636470262570827E-5
729.687516821623,-169.19806431777542,132.85586795337406,729.687516821623,-288.61684377105075,95.92139741581266,775.7205953014333,-226.5690757422172,115.11185867051896,0.006635673232106723,0.0019400971061560514
729.687516821623,-169.19806431777542,132.85586795337406,729.687516821623,-291.4499856568185,106.78926616272197,736.3613996532046,-257.9052026592752,113.94169772349733,0.13556559854652925,0.009190378401870352
729.687516821623,-169.19806431777542,132.85586795337406,729.687516821623,-291.52629336064075,107.14975235345733,692.0706782579758,-284.07331040877034,108.71592594089523,0.103951195378257,0.004655347690981477
729.687516821623,-169.19806431777542,132.85586795337406,729.687516821623,-290.7369133343504,103.64442876037647,659.3850730238928,-300.41704746708126,101.31784222540142,1.0,0.002351091699220386
729.687516821623,-169.19806431777542,132.85586795337406,729.687516821623,-289.25274791858686,98.04390240258883,652.1592397052519,-302.36553807341545,94.24161843120794,1.0,1.4936939287880788E-4
729.687516821623,-169.19806431777542,132.85586795337406,729.687516821623,-287.9992032122754,93.98056220062509,674.8851776891181,-288.3885835189354,93.85314525314155,1.0,0.0017253761688616643
729.687516821623,-169.19806431777542,132.85586795337406,729.687516821623,-286.96612795880736,90.95499461830083,699.5069348814153,-274.59034877461994,95.35819137629525,0.159729083258954,0.0016337785324245058
729.687516821623,-169.19806431777542,132.85586795337406,729.687516821623,-286.4295561999256,89.47641070590097,739.3642923602326,-254.31465588051086,101.35996625097061,0.12886133850095036,0.0027861025210819965
729.687516821623,-169.19806431777542,132.85586795337406,729.687516821623,-285.78152971458695,87.76378886989812,778.0734326522963,-232.03815968263044,108.55061557336796,0.00892390786105361,0.004095292759113442
729.687516821623,-169.19806431777542,132.85586795337406,729.687516821623,-285.2224316862455,86.34408260012947,809.2623322728723,-212.5951605549711,115.45886359196894,2.9423267832979957E-4,0.003988539511954827
729.687516821623,-169.19806431777542,132.85586795337406,729.687516821623,-284.0795657363814,83.58883402797085,824.8126384109249,-201.84479882194375,118.85528686321433,3.74592560119267E-5,0.0014362989849986696
729.687516821623,-169.19806431777542,132.85586795337406,729.687516821623,-282.19608639795354,79.41012905898162,836.8502261423585,-193.87013325835517,121.18648710662751,3.8890937157557093E-4,7.653770688248382E-4
729.687516821623,-169.19806431777542,132.85586795337406,729.687516821623,-279.54183717446574,74.12553684796372,845.8628529332307,-188.69096912207607,122.48079445602619,7.729780906721169E-4,2.9731162418029965E-4
729.687516821623,-169.19806431777542,132.85586795337406,729.687516821623,-275.9752592413277,67.86640231272024,852.6138577539583,-185.47521301345407,122.94885366401209,0.0010770826922414456,9.622443315910358E-5
729.687516821623,-169.19806431777542,132.85586795337406,729.687516821623,-272.032724415161,61.7922859816273,853.1702491387547,-185.22137253823894,121.78300909328607,1.0,8.974626011202576E-6
729.687516821623,-169.19806431777542,132.85586795337406,729.687516821623,-278.03586786642825,71.37959188931134,840.4938534546869,-195.35484047218839,118.08139493586444,4.197739248376285E-4,0.0013677374088263978
729.687516821623,-169.19806431777542,132.85586795337406,729.687516821623,-283.83518678096823,83.02284523390693,816.5447874759789,-212.0084752340982,114.24608314734135,9.659975531202628E-5,0.002987734105228989
729.687516821623,-169.19806431777542,132.85586795337406,729.687516821623,-285.3670925349197,86.70657886801185,797.0806084519984,-223.7565088516988,111.18198923126431,0.0021195637743568283,0.0015046909113807893
729.687516821623,-169.19806431777542,132.85586795337406,729.687516821623,-286.5319815297722,89.75422214154592,776.881282878593,-235.65806178763808,108.44233655796839,0.011156183793461158,0.0014852398717555288
729.687516821623,-169.19806431777542,132.85586795337406,729.687516821623,-288.52182384851284,95.61556167844196,743.6164332477513,-257.6036387307142,105.26496166198231,0.13222468717748073,0.004310646772148142
729.687516821623,-169.19806431777542,132.85586795337406,729.687516821623,-289.3496069016362,98.37969045762065,712.1327462305046,-275.78792552263394,102.27106733309441,0.4225325477189473,0.0027993523955053856
729.687516821623,-169.19806431777542,132.85586795337406,729.687516821623,-289.399988081197,98.55575828047978,681.7176549518138,-292.8977042899975,97.5576706807951,1.0,0.002700196927228214
729.687516821623,-169.19806431777542,132.85586795337406,729.687516821623,-289.1722313966178,97.76741923106646,654.9118437870428,-307.42571866663985,92.42888204700282,1.0,0.0021292686687996018
729.687516821623,-169.19806431777542,132.85586795337406,729.687516821623,-288.9077948809498,96.87558990425114,643.5732356153967,-312.5238610507783,89.77748164505246,1.0,3.327761768846468E-4
729.687516821623,-169.19806431777542,132.85586795337406,729.687516821623,-288.4877134710448,95.50644218951666,635.7844346062693,-314.1131115510352,87.48316514870507,1.0,4.58133544652094E-5
729.687516821623,-169.19806431777542,132.85586795337406,729.687516821623,-287.73832354561716,93.19219512550688,635.9734488411063,-311.98820539073284,85.07816377544555,1.0,9.415757394855637E-5
729.687516821623,-169.19806431777542,132.85586795337406,729.687516821623,-286.8498030670843,90.62947372814594,648.1685018405278,-305.4717165267857,83.9458813959242,1.0,4.482678662344018E-4
729.687516821623,-169.19806431777542,132.85586795337406,729.687516821623,-286.15371248230906,88.73811231673926,670.0052035625199,-295.68378579381664,85.1431987563029,1.0,7.504319905196097E-4
729.687516821623,-169.19806431777542,132.85586795337406,729.687516821623,-285.75090046885504,87.68467818445617,693.0635087494999,-284.4285151823671,88.19718151510136,1.0,0.0011788267369014212
729.687516821623,-169.19806431777542,132.85586795337406,729.687516821623,-285.4829161298051,86.99920825105497,713.8485789939597,-272.65711969814924,92.05703111630987,0.5005941562657549,0.0015326109319735934
729.687516821623,-169.19806431777542,132.85586795337406,729.687516821623,-284.2843001517505,84.06900167189757,752.9151567137988,-247.71622106134618,99.5707858064286,0.060145140543798416,0.005497540098553558
729.687516821623,-169.19806431777542,132.85586795337406,729.687516821623,-282.0223187976578,79.0442743971641,782.9595975220836,-225.51885639436705,105.99363353435768,0.005532875059032154,0.00547870368974607
729.687516821623,-169.19806431777542,132.85586795337406,729.687516821623,-277.2402553261588,69.9918483387487,807.9785642222078,-206.22683983486777,111.31078775196059,2.099717976581732E-4,0.004134157487793429
729.687516821623,-169.19806431777542,132.85586795337406,729.687516821623,-271.1010340298809,60.46260332292853,821.0952122004467,-195.80884269636104,113.95120671900929,2.953675660670308E-5,0.0011624207666169183
729.687516821623,-169.19806431777542,132.85586795337406,729.687516821623,-261.56534812929004,48.6342265464108,831.0419881486556,-187.38079659759714,116.27662588109547,3.127050027498629E-4,7.079113684406835E-4
729.687516821623,-169.19806431777542,132.85586795337406,729.687516821623,-249.24827852122422,36.85085138662393,836.0791976615002,-182.2040642671864,117.25764310119675,5.392387489612919E-4,1.9226546856624058E-4
729.687516821623,-169.19806431777542,132.85586795337406,729.687516821623,-249.9558292947363,37.44526374228046,835.9868393014207,-182.5889207172168,117.03534963740552,5.25938672159857E-4,2.069587606305849E-6
729.687516821623,-169.19806431777542,132.85586795337406,729.687516821623,-261.1785030225043,48.211914266854805,828.7837571908736,-188.36209914529235,115.22038263464847,2.3551639077211883E-4,3.5060138478901193E-4
729.687516821623,-169.19806431777542,132.85586795337406,729.687516821623,-273.71961487149616,64.29753169988845,814.9293233056297,-200.13449400692807,112.56387900109439,8.377814339988264E-6,0.0015068024617212405
729.687516821623,-169.19806431777542,132.85586795337406,729.687516821623,-280.45799064486795,75.88018196636774,798.0994078594764,-214.48888460913756,109.66265148989865,0.0011686978847564129,0.002373553243041414
729.687516821623,-169.19806431777542,132.85586795337406,729.687516821623,-284.35897229489126,84.24552672965652,780.6822107616398,-228.66952536118671,107.75248812445054,0.006879252423408507,0.002223016310543327
729.687516821623,-169.19806431777542,132.85586795337406,729.687516821623,-287.8636596815134,93.56876476454623,753.3754778395146,-249.8843981999974,106.14271393899878,0.05818752497742267,0.004556973247930176
729.687516821623,-169.19806431777542,132.85586795337406,729.687516821623,-289.415563000137,98.61038634548316,724.2308724432498,-267.7777160286103,104.77420191825297,0.3949869173658467,0.002756639020726136
729.687516821623,-169.19806431777542,132.85586795337406,729.687516821623,-289.8776134000535,100.27602091109901,690.743050883889,-288.72755695300236,100.58650154696352,1.0,0.0039770006721387705
729.687516821623,-169.19806431777542,132.85586795337406,729.687516821623,-289.9902130359234,100.69600464438545,662.1808159783607,-306.03287558613647,96.42478470002519,1.0,0.0029468512154225165
729.687516821623,-169.19806431777542,132.85586795337406,729.687516821623,-289.64512769660007,99.4267650127118,651.7363956814055,-310.7333657748643,93.57389602795061,1.0,2.9642699290918686E-4
729.687516821623,-169.19806431777542,132.85586795337406,729.687516821623,-288.87436987331773,96.76456860607327,653.3810477271121,-307.87744629405955,91.03372893453675,1.0,1.4761370889900872E-4
729.687516821623,-169.19806431777542,132.85586795337406,729.687516821623,-287.9049039428236,93.69356176192127,666.0716701693005,-299.4331439574742,89.89030605459772,1.0,7.867815855765848E-4
729.687516821623,-169.19806431777542,132.85586795337406,729.687516821623,-287.0538330932341,91.20232349020006,685.3974868000244,-288.7154719833487,90.61505355755048,1.0,0.001026164405488713
729.687516821623,-169.19806431777542,132.85586795337406,729.687516821623,-286.3588501076903,89.28580629298985,706.0163095294173,-276.75991946137884,92.85548190854502,0.30195555667893087,0.0014200090541647752
729.687516821623,-169.19806431777542,132.85586795337406,729.687516821623,-285.79439449296405,87.79706426665382,739.1971733839234,-256.99330854323375,98.92728145122015,0.16798175370142854,0.003663725260650314
729.687516821623,-169.19806431777542,132.85586795337406,729.687516821623,-284.61069012934746,84.84622513780988,771.7793983454079,-234.38949887533542,105.73736626662995,0.013637461406743876,0.005443141930370902
729.687516821623,-169.19806431777542,132.85586795337406,729.687516821623,-280.38760053189435,75.74293564825483,798.9506171380344,-212.0383169993061,110.85080763346443,8.857620835774855E-4,0.005568020095133847
729.687516821623,-169.19806431777542,132.85586795337406,729.687516821623,-271.56384925806344,61.11852709410674,816.4832199078013,-197.38764471192707,113.10077557954435,2.628509306765418E-7,0.0019701901866194483
729.687516821623,-169.19806431777542,132.85586795337406,729.687516821623,-265.6673595894441,53.36577379197806,822.602926838051,-191.99009998330843,114.07537353718658,7.767776437293967E-5,2.680886471899251E-4
729.687516821623,-169.19806431777542,132.85586795337406,729.687516821623,-263.5502327439335,50.863988396421064,824.5446616156644,-190.45246716264018,114.38582675368534,1.238159974293671E-4,2.1782633706793003E-5
729.687516821623,-169.19806431777542,132.85586795337406,729.687516821623,-266.6870771227462,54.61973574892362,820.6522218626941,-193.21393661213173,113.58283496466933,4.221732408297841E-5,8.218904598772395E-5
729.687516821623,-169.19806431777542,132.85586795337406,729.687516821623,-273.2176558930546,63.53830474957907,812.1359137690445,-200.21510448226542,112.18643819080182,2.992439518111815E-5,5.110852904286682E-4
729.687516821623,-169.19806431777542,132.85586795337406,729.687516821623,-278.8753198760643,72.89004757874903,800.3014614762707,-210.16626407930994,110.45658657578429,7.019439648120704E-4,0.0010820881772199786
729.687516821623,-169.19806431777542,132.85586795337406,729.687516821623,-282.4732320339941,80.0000605254052,787.0912324851066,-221.13948818382912,108.61925941198098,0.0034054635660120502,0.0013652231227507033
729.687516821623,-169.19806431777542,132.85586795337406,729.687516821623,-285.0013699001921,85.7963905212413,772.4774452552604,-232.21760024231122,107.24635349514023,0.01161082960185886,0.00133285188029851
729.687516821623,-169.19806431777542,132.85586795337406,729.687516821623,-287.2701591845999,91.81953754043874,745.8347905851865,-250.532036960654,104.58798824026829,0.07906092516197696,0.0033354044025337283
729.687516821623,-169.19806431777542,132.85586795337406,729.687516821623,-288.3545792133979,95.08385506116386,713.5851897878449,-270.59188413985663,100.71453961001893,0.3390021444639483,0.00363334061774843
729.687516821623,-169.19806431777542,132.85586795337406,729.687516821623,-288.9440973608004,96.99659341443828,688.6968395722279,-286.40743891713277,97.75622385255312,1.0,0.0025522638704645953
729.687516821623,-169.19806431777542,132.85586795337406,729.687516821623,-288.7028791646244,96.20072877180293,672.2976070428816,-294.46582237208173,94.43308881825331,1.0,7.537488685817524E-4
729.687516821623,-169.19806431777542,132.85586795337406,729.687516821623,-288.32070902737513,94.97717318454028,670.93091807898,-295.223989178278,92.78206374605142,1.0,1.74899482299393E-5
729.687516821623,-169.19806431777542,132.85586795337406,729.687516821623,-287.84093094964516,93.50017970666224,678.8257263090476,-290.30403213505656,92.68313064905695,1.0,2.48343500406767E-4
729.687516821623,-169.19806431777542,132.85586795337406,729.687516821623,-287.4851675921276,92.44347877675224,695.5667735469978,-280.6799379963454,94.76846247529755,0.13634098358815328,9.941303092045183E-4
729.687516821623,-169.19806431777542,132.85586795337406,729.687516821623,-287.27477071065255,91.832808493964,726.2702542402363,-263.01491480374654,100.2613422983737,0.29852834490011754,0.002993126443011144
729.687516821623,-169.19806431777542,132.85586795337406,729.687516821623,-288.113948749208,94.33298605325965,736.471172807951,-257.63838390763186,104.2055660777412,0.16198984919365483,4.466333712496741E-4
729.687516821623,-169.19806431777542,132.85586795337406,729.687516821623,-289.5432226977186,99.0617433973747,738.6919121748773,-257.9819898702901,107.92445335321429,0.14623926501998374,1.9262634252105395E-5
729.687516821623,-169.19806431777542,132.85586795337406,729.687516821623,-290.3297431283872,101.99948468308801,738.9992528620985,-258.4173929817381,110.12865218781766,0.14359244577895544,1.0750864133136087E-5
729.687516821623,-169.19806431777542,132.85586795337406,729.687516821623,-290.3947233315515,102.25570710578225,739.0466058622201,-258.31533595764336,110.3552242172417,0.1417390659823563,2.804036198599186E-7
729.687516821623,-169.19806431777542,132.85586795337406,729.687516821623,-290.0272655614698,100.8354974556612,738.4371869277747,-258.2002021392436,109.26983577904784,0.14538836712057662,1.7410217570965564E-6
729.687516821623,-169.19806431777542,132.85586795337406,729.687516821623,-289.707510328652,99.65235274561905,737.9116470673519,-258.330477821395,108.29754870755968,0.1513929137423224,1.7031590138152444E-6
729.687516821623,-169.19806431777542,132.85586795337406,729.687516821623,-289.5789794196484,99.18933740394485,737.7795644562012,-258.57550477742126,107.85997614512479,0.15610186099736398,1.4751785914838437E-6
729.687516821623,-169.19806431777542,132.85586795337406,729.687516821623,-289.42168905285973,98.63189893226804,737.5203776929065,-258.6764481592007,107.38412358203743,0.15976723427342984,6.045078928774982E-7
729.687516821623,-169.19806431777542,132.85586795337406,729.687516821623,-289.17542967660614,97.77835661699723,735.9449296883037,-260.659273745724,106.11556072165283,0.1982823462643958,6.15581326639955E-5
729.687516821623,-169.19806431777542,132.85586795337406,729.687516821623,-288.4571724571696,95.40903730248604,733.0786268733949,-261.49363433740274,103.8754686004587,0.23473697907623015,2.4232031683037214E-5
729.687516821623,-169.19806431777542,132.85586795337406,729.687516821623,-287.4535078635941,92.35092909671503,731.9741968767255,-261.96522691075177,101.08119326553714,0.26787712840017086,2.097254656237015E-5
729.687516821623,-169.19806431777542,132.85586795337406,729.687516821623,-285.34331558241786,86.64677135245485,731.220868465148,-260.3049324003431,96.60844481386087,0.2690936619521688,1.2213490496524085E-4
729.687516821623,-169.19806431777542,132.85586795337406,729.687516821623,-283.73791047383696,82.799663117752,730.3017646379566,-259.9557191567005,93.19295663054876,0.2970022853294014,3.278678902068344E-5
729.687516821623,-169.19806431777542,132.85586795337406,729.687516821623,-282.47845033062674,80.01124528673557,731.7358263808941,-259.6234635717013,90.67295993863848,0.31684305361668724,2.155303878435716E-5
729.687516821623,-169.19806431777542,132.85586795337406,729.687516821623,-280.8613154549287,76.67474705425846,735.8363593089886,-258.33862918531497,88.00658404986788,0.2972807507811775,6.251672439576727E-5
729.687516821623,-169.19806431777542,132.85586795337406,729.687516821623,-279.1982202548499,73.48444642904721,741.8389071141339,-255.41767916054744,86.31974213711945,0.21143565630342356,1.2870505198941707E-4
729.687516821623,-169.19806431777542,132.85586795337406,729.687516821623,-278.3596338367896,71.95634627918162,748.1388230641392,-252.66355594151491,86.29178373780519,0.13786240332829094,6.17076751705307E-5
729.687516821623,-169.19806431777542,132.85586795337406,729.687516821623,-277.028680756462,69.62962214949249,752.4969506001853,-250.40982389135027,85.23753057806826,0.10401087680335198,7.036957681930691E-5
729.687516821623,-169.19806431777542,132.85586795337406,729.687516821623,-277.10333520124374,69.75711586139269,756.1901899605772,-249.4548764735977,85.92484546994137,0.08219176167021665,1.4910457858563791E-5
729.687516821623,-169.19806431777542,132.85586795337406,729.687516821623,-277.26242957794557,70.02997392140246,758.2934357811267,-250.12773181633423,85.80540222338041,0.07708199195731001,4.61902918588281E-6
729.687516821623,-169.19806431777542,132.85586795337406,729.687516821623,-276.7258722284395,69.11600188881977,758.3252301779426,-250.15972573500127,84.86376660424969,0.07903313620394074,3.0239645395460487E-6
729.687516821623,-169.19806431777542,132.85586795337406,729.687516821623,-271.7118246490653,61.33014570788495,757.1704086098018,-247.08492792198737,78.51278118410676,0.08751003990794667,4.8345576455784996E-4
729.687516821623,-169.19806431777542,132.85586795337406,729.687516821623,-268.90612789813906,57.468189536711265,751.9304311516686,-250.88047477662576,71.09709869388979,0.17666181783355905,7.121721849972731E-4
729.687516821623,-169.19806431777542,132.85586795337406,729.687516821623,-270.9171451599201,60.204449573350445,744.0041442966528,-263.52658327053547,65.48305413253237,0.8288126339915814,0.0025767652648218987
729.687516821623,-169.19806431777542,132.85586795337406,729.687516821623,-271.9441226025371,61.66424269489052,735.7552739482697,-269.15514375985083,63.59669577325653,1.0,3.7509024718001085E-4
729.687516821623,-169.19806431777542,132.85586795337406,729.687516821623,-273.3910260708989,63.799175872793185,726.7110535768797,-272.6091920629392,64.31735742207789,1.0,1.0616629978677551E-4
729.687516821623,-169.19806431777542,132.85586795337406,729.687516821623,-274.3862725124719,65.32483170492621,721.9901552961476,-274.4479418025259,65.28523989959436,1.0,4.755420675678549E-5
729.687516821623,-169.19806431777542,132.85586795337406,729.687516821623,-274.8463388586832,66.0468709056038,719.8333548675474,-274.96610970169087,65.97113119351025,1.0,7.343964063701974E-6
729.687516821623,-169.19806431777542,132.85586795337406,729.687516821623,-273.6794231053092,64.23629592096745,720.7405866048412,-272.69773547314105,64.88103280006823,1.0,7.591442026376599E-5
729.687516821623,-169.19806431777542,132.85586795337406,729.687516821623,-272.9384470798635,63.121134969189924,721.9458743273269,-271.3769572037747,64.1707752025047,1.0,2.660085740709501E-5
729.687516821623,-169.19806431777542,132.85586795337406,729.687516821623,-272.98692144149436,63.19330170038383,721.8112446116183,-271.43022376785774,64.23814945987232,1.0,7.856708294015347E-8
729.687516821623,-169.19806431777542,132.85586795337406,729.687516821623,-273.4346032990815,63.864970429145146,721.1727213600994,-272.24492183528815,64.65238329566176,1.0,9.797186468086161E-6
729.687516821623,-169.19806431777542,132.85586795337406,729.687516821623,-273.7764682912879,64.38428682402655,720.809424065942,-272.79901837531605,65.02426160541921,1.0,5.281930582949685E-6
729.687516821623,-169.19806431777542,132.85586795337406,729.687516821623,-272.2920467266225,62.16901775417273,721.9504710424966,-271.7568944757087,62.53594728885781,1.0,6.18571832969579E-5
729.687516821623,-169.19806431777542,132.85586795337406,729.687516821623,-271.7094485980942,61.32674036934144,722.3110046848257,-271.9005944821791,61.1933649552266,1.0,9.262551463807074E-6
729.687516821623,-169.19806431777542,132.85586795337406,729.687516821623,-272.04868551658643,61.81538851370044,721.8194530418131,-272.4641543539726,61.528417904712995,1.0,5.0674309022485555E-6
729.687516821623,-169.19806431777542,132.85586795337406,729.687516821623,-272.75650001454784,62.85122242154202,721.4292699425474,-272.99809436192544,62.68790664203195,1.0,1.4195364706084604E-5
729.687516821623,-169.19806431777542,132.85586795337406,729.687516821623,-273.09995201902245,63.36199964747642,721.2499483465823,-273.066940564575,63.3840790698884,1.0,2.3229698418548475E-6
729.687516821623,-169.19806431777542,132.85586795337406,729.687516821623,-273.2365296073406,63.56663545515727,721.1835247545009,-273.0117586569469,63.71633207551136,1.0,6.232736709053333E-7
729.687516821623,-169.19806431777542,132.85586795337406,729.687516821623,-273.2994512419666,63.6612060172114,721.1103478993047,-273.0065622815747,63.85588500466724,1.0,7.81923916208589E-8
729.687516821623,-169.19806431777542,132.85586795337406,729.687516821623,-273.2089463709223,63.52523681153052,721.1269124797456,-273.0535014057243,63.62885190768452,1.0,3.203842736740873E-7
729.687516821623,-169.19806431777542,132.85586795337406,729.687516821623,-273.0509755907076,63.288829636822996,720.9657236469981,-273.133032551575,63.23386286053491,1.0,9.623826779810128E-7
729.687516821623,-169.19806431777542,132.85586795337406,729.687516821623,-273.17865397723847,63.47981319331754,720.862441740295,-273.4344444568179,63.309149280211045,1.0,1.0099321083069314E-6
729.687516821623,-169.19806431777542,132.85586795337406,729.687516821623,-273.2388055792647,63.570052971086085,721.0087739278781,-273.4654225361629,63.41913766274513,1.0,8.836420910081863E-8
729.687516821623,-169.19806431777542,132.85586795337406,729.687516821623,-272.3824757221724,62.30108609467821,723.1617528068806,-271.26516548303755,63.065073397776644,1.0,4.824642731700439E-5
729.687516821623,-169.19806431777542,132.85586795337406,729.687516821623,-271.55207143603286,61.101723635183575,728.913245758526,-268.3656108510165,63.33555657557173,1.0,6.955437177516024E-5
729.687516821623,-169.19806431777542,132.85586795337406,729.687516821623,-270.9767530134456,60.28797886054005,732.8288826410989,-265.78704189689387,63.9882267764458,1.0,7.111147111720709E-5
729.687516821623,-169.19806431777542,132.85586795337406,729.687516821623,-270.96932714738807,60.277564982955255,733.5817180814798,-265.3084282659407,64.31464207799397,1.0,3.94889747030664E-6
729.687516821623,-169.19806431777542,132.85586795337406,729.687516821623,-270.97413816884904,60.28431160062104,733.2497849286248,-265.3683120435843,64.28155290852098,1.0,5.366054673478107E-8
729.687516821623,-169.19806431777542,132.85586795337406,729.687516821623,-271.0144775546439,60.34091780115209,732.4804472323124,-265.67715461594713,64.14222737926005,1.0,1.2868876372586469E-6
729.687516821623,-169.19806431777542,132.85586795337406,729.687516821623,-271.14759164224193,60.52818391525588,731.5284991978849,-266.16307134190885,64.06443188839933,1.0,2.2658134821220858E-6
729.687516821623,-169.19806431777542,132.85586795337406,729.687516821623,-271.2566979939055,60.682221155103704,730.5885577239463,-266.67220964132576,63.92427164306025,1.0,2.8790940743446158E-6
729.687516821623,-169.19806431777542,132.85586795337406,729.687516821623,-271.36434015337477,60.83467605901406,729.8866570846202,-267.0922102894998,63.84627535836481,1.0,1.7633752588785074E-6
729.687516821623,-169.19806431777542,132.85586795337406,729.687516821623,-271.39779027641396,60.88215043107854,729.4055572708547,-267.3504777543438,63.732452870302495,1.0,8.978339112490581E-7
729.687516821623,-169.19806431777542,132.85586795337406,729.687516821623,-271.4422484862422,60.945320717765824,729.0890606960097,-267.54085150932667,63.68925763579222,1.0,3.825730636334132E-7
729.687516821623,-169.19806431777542,132.85586795337406,729.687516821623,-271.423015643208,60.91798275709557,729.0386761623697,-267.52679374128735,63.65983746326515,1.0,9.496639477193337E-9
729.687516821623,-169.19806431777542,132.85586795337406,729.687516821623,-271.4043697433826,60.89149391143921,729.2170740930915,-267.40854162253345,63.70499224012474,1.0,1.7690187189473545E-7
729.687516821623,-169.19806431777542,132.85586795337406,729.687516821623,-271.2201564795579,60.630576601017694,729.3584048890706,-266.77328124482005,63.778687491815845,1.0,3.7277619727985397E-6
729.687516821623,-169.19806431777542,132.85586795337406,729.687516821623,-270.82229974932983,60.07183967139447,728.9080477348095,-265.11727507712556,64.15782049405732,1.0,2.9507116887656767E-5
729.687516821623,-169.19806431777542,132.85586795337406,729.687516821623,-270.1517834126994,59.144629998071906,727.8048615617331,-262.1915617361239,64.95677638989824,1.0,9.815004602478134E-5
729.687516821623,-169.19806431777542,132.85586795337406,729.687516821623,-269.2800031599429,57.9652442572621,726.2256987780411,-258.0501143204079,66.3684925252347,1.0,2.1592640181295074E-4
729.687516821623,-169.19806431777542,132.85586795337406,729.687516821623,-268.2769307361932,56.64315097489779,724.5029341679706,-253.00134701017006,68.39332314860775,0.5653757666832255,3.481232077630183E-4
729.687516821623,-169.19806431777542,132.85586795337406,729.687516821623,-268.1150714180004,56.43318999496938,724.4898721634787,-250.35973902072456,70.15085179671183,0.40003682631396287,1.2392784599475135E-4
729.687516821623,-169.19806431777542,132.85586795337406,729.687516821623,-268.0223063747785,56.31327078121858,724.6874008045419,-250.1020380261501,70.19310282318656,0.39244778788788987,6.208299965715354E-7
729.687516821623,-169.19806431777542,132.85586795337406,729.687516821623,-264.88058484062253,52.42045742794106,730.780437015068,-244.38854984932132,69.64706515127412,0.27418209146158373,2.5929180059490144E-4
729.687516821623,-169.19806431777542,132.85586795337406,729.687516821623,-261.62078976717237,48.69507054445336,738.3663850126416,-240.59483439344655,67.84145647857096,0.20952990411850939,1.7830402524608398E-4
729.687516821623,-169.19806431777542,132.85586795337406,729.687516821623,-260.562509961921,47.54738026230096,742.7775536128086,-238.78151191322658,67.8846568783431,0.16466130542514054,1.9361174454286903E-5
729.687516821623,-169.19806431777542,132.85586795337406,729.687516821623,-260.077885172108,47.031290112965095,745.5253430219684,-237.8338738273927,68.03796535935942,0.14097641611133596,6.921738766378827E-6
729.687516821623,-169.19806431777542,132.85586795337406,729.687516821623,-259.5912454921198,46.518895588215514,747.324195847658,-236.9198140383227,68.17299300436682,0.1250104083075186,6.515651137706489E-6
729.687516821623,-169.19806431777542,132.85586795337406,729.687516821623,-259.47975099192615,46.40231365240574,748.0190168539042,-236.63437769639296,68.27899533049367,0.11943457853980467,9.091021069769908E-7
729.687516821623,-169.19806431777542,132.85586795337406,729.687516821623,-259.19472507506885,46.105645748836466,748.5048319208561,-236.1789518922662,68.29117375639152,0.11460701224257039,1.3264818672067782E-6
729.687516821623,-169.19806431777542,132.85586795337406,729.687516821623,-252.23622387884947,39.42319670444954,758.010030133692,-227.21181630726215,67.58009779900667,0.05571369613014652,4.579435695235837E-4
729.687516821623,-169.19806431777542,132.85586795337406,729.687516821623,-240.7230102350394,30.341565968078086,773.1494098501064,-217.602328730475,63.47966199133796,0.024981396180120553,8.020364925589096E-4
729.687516821623,-169.19806431777542,132.85586795337406,729.687516821623,-233.13846264158767,25.44718365739999,788.0342475988249,-210.04886565736896,64.23366760202109,0.009842886644459368,1.4729520454928366E-4
729.687516821623,-169.19806431777542,132.85586795337406,729.687516821623,-226.63907805093635,21.835464687547216,801.0823141212056,-203.65954290785987,66.24967489450904,0.003844826353674075,1.933075534923768E-4
729.687516821623,-169.19806431777542,132.85586795337406,729.687516821623,-220.50782071729043,18.872058145917507,810.2490510495245,-198.22244567861216,68.37866523478985,0.0016774723532714294,1.7638001270447982E-4
729.687516821623,-169.19806431777542,132.85586795337406,729.687516821623,-213.36859645057476,15.920141628587658,819.3204654317041,-192.70733268481382,70.61814431448215,5.76200329669175E-4,1.6388364115233508E-4
729.687516821623,-169.19806431777542,132.85586795337406,729.687516821623,-204.76954397143155,13.024028130856394,827.9252863484908,-187.00796757616945,72.85854719826031,1.1172033339792318E-4,1.4090454004805252E-4
729.687516821623,-169.19806431777542,132.85586795337406,729.687516821623,-195.02850268845577,10.553830138877757,835.8223527307023,-181.43581307019954,74.91253810334106,2.3658119360100057E-8,9.65717737999098E-5
729.687516821623,-169.19806431777542,132.85586795337406,729.687516821623,-185.48735435705132,8.921776477233635,842.3333815587974,-176.58769312073872,76.63322535612267,1.0,5.2575511325596085E-5
729.687516821623,-169.19806431777542,132.85586795337406,729.687516821623,-176.03674905006264,8.043078580119598,847.3877403017145,-172.21271218268376,77.83554990582871,1.0,1.9096780874538413E-5
729.687516821623,-169.19806431777542,132.85586795337406,729.687516821623,-180.80895027429816,8.396286854510379,843.2510905922584,-174.4455843211107,76.60657363866105,1.0,2.169317182341673E-5
729.687516821623,-169.19806431777542,132.85586795337406,729.687516821623,-196.1304359972978,10.791756291853915,831.7879345773644,-182.33420317074803,73.31966598681495,2.822658739986929E-5,2.1777194892650122E-4
729.687516821623,-169.19806431777542,132.85586795337406,729.687516821623,-220.86088366218792,19.031647783031573,804.7043017017206,-199.9807203323337,65.03510516707158,0.0029795378436141794,0.001660836168749478
729.687516821623,-169.19806431777542,132.85586795337406,729.687516821623,-233.12354276263233,25.438303255620212,784.07808196412,-213.2708064200531,58.79796895364089,0.015468589760619352,0.0013863910735375609
729.687516821623,-169.19806431777542,132.85586795337406,729.687516821623,-244.35072664341172,32.97054698292874,753.9492585371388,-231.578072277195,49.9466678751744,0.16882204794985436,0.002704425998696086
729.687516821623,-169.19806431777542,132.85586795337406,729.687516821623,-248.90548963421753,36.5660639789978,729.6468122831125,-244.65947120586242,41.69542652602223,1.0,0.0020520958179622724
729.687516821623,-169.19806431777542,132.85586795337406,729.687516821623,-251.3427767945778,38.636728644508224,709.7262534513114,-254.64246095993906,34.852024886013396,1.0,0.0013709723542704817
729.687516821623,-169.19806431777542,132.85586795337406,729.687516821623,-252.42083041836807,39.58759251865804,700.7212686145892,-259.4466939099911,31.71366328021682,1.0,3.449401325635774E-4
729.687516821623,-169.19806431777542,132.85586795337406,729.687516821623,-253.0712280901874,40.17203765484702,696.6676807363426,-262.01282835680826,30.291144596400756,1.0,8.99081261241632E-5
729.687516821623,-169.19806431777542,132.85586795337406,729.687516821623,-252.69697139288553,39.834727790171755,700.579495113111,-260.93381989439393,30.65854733702338,1.0,1.0347738287152414E-5
729.687516821623,-169.19806431777542,132.85586795337406,729.687516821623,-251.05807855537114,38.38927031685161,711.977929884545,-255.94595878754805,32.74864809745665,1.0,2.31174639416723E-4
729.687516821623,-169.19806431777542,132.85586795337406,729.687516821623,-247.88948607125042,35.7339850308487,728.8155666999713,-247.19974994375616,36.58526551262466,1.0,6.851749521923848E-4
729.687516821623,-169.19806431777542,132.85586795337406,729.687516821623,-244.19642505498612,32.85463852727544,747.6605207666965,-237.78530773477212,41.403086889537605,0.5057532984719048,8.32249984139644E-4
729.687516821623,-169.19806431777542,132.85586795337406,729.687516821623,-233.0389968456306,25.38803400305271,784.5201590189064,-216.4899134006913,53.24624473508976,0.018909946674572874,0.0029391643210086482
729.687516821623,-169.19806431777542,132.85586795337406,729.687516821623,-209.16618546316246,14.417912499441698,818.2605202817543,-192.22320858885595,64.62521478909974,9.093030386881229E-4,0.001942913185268414
729.687516821623,-169.19806431777542,132.85586795337406,729.687516821623,-168.1581112644638,7.860194037646451,845.0063544766363,-168.70741897843985,73.88345121920898,1.0,2.1174108902422204E-4
729.687516821623,-169.19806431777542,132.85586795337406,729.687516821623,-135.6340077612087,12.44634130590488,860.7137433629026,-154.22215181956528,79.13046286164058,1.0,6.893444026149509E-4
729.687516821623,-169.19806431777542,132.85586795337406,729.687516821623,-130.3231784785402,14.054591651364447,861.6136205687598,-151.7724587245288,79.603385274087,1.0,1.6934499061018718E-5
729.687516821623,-169.19806431777542,132.85586795337406,729.687516821623,-140.93387197191282,11.093248767369019,854.922693992105,-156.41755430154706,77.79721440806105,1.0,8.012972121309804E-5
729.687516821623,-169.19806431777542,132.85586795337406,729.687516821623,-166.09495825933143,7.894390958301486,841.4692264773548,-167.7349388265375,73.93608919920817,1.0,1.0201460539600397E-4
729.687516821623,-169.19806431777542,132.85586795337406,729.687516821623,-194.1189909092098,10.365266608518468,822.4196224270285,-182.24700655527155,68.71809299060175,3.6779153594803467E-4,4.247338722272544E-4
729.687516821623,-169.19806431777542,132.85586795337406,729.687516821623,-228.26566491694763,22.69226888609292,789.3464697106377,-207.97830544010017,60.52906118627908,0.010018813484019907,0.00236253431684034
729.687516821623,-169.19806431777542,132.85586795337406,729.687516821623,-247.63503008108262,35.528367205405715,756.5488167345968,-233.2386156135438,53.391973047651504,0.13151141292296567,0.0035639821884192314
729.687516821623,-169.19806431777542,132.85586795337406,729.687516821623,-255.81106807078748,42.72714011989848,724.5506152778478,-252.88929242403898,45.76751408969184,1.0,0.0029350039491789744
729.687516821623,-169.19806431777542,132.85586795337406,729.687516821623,-258.91496681404647,45.81635160318635,700.4687713136028,-265.769615997481,39.166263012564855,1.0,0.0017734694729652954
729.687516821623,-169.19806431777542,132.85586795337406,729.687516821623,-259.50816491845984,46.43199550198328,691.0653882747772,-270.3637108505796,36.04358589123569,1.0,3.330301758124307E-4
729.687516821623,-169.19806431777542,132.85586795337406,729.687516821623,-259.0665049952941,45.9728237491606,689.4176746755999,-271.07422903507194,34.363991875870994,1.0,3.3480887202824395E-5
729.687516821623,-169.19806431777542,132.85586795337406,729.687516821623,-257.2754571416831,44.15765560756036,696.9984941669901,-267.1668164299963,34.19657639739788,1.0,8.341006355851475E-5
729.687516821623,-169.19806431777542,132.85586795337406,729.687516821623,-254.16095637405263,41.16995314944472,713.0332342501974,-259.19032507003027,35.742615889414566,1.0,3.713743509427334E-4
729.687516821623,-169.19806431777542,132.85586795337406,729.687516821623,-250.64302680381815,38.031197715892645,730.6740912482902,-249.88761219745425,38.91071117816858,1.0,6.524907401399779E-4
729.687516821623,-169.19806431777542,132.85586795337406,729.687516821623,-246.2622899485856,34.43785574055002,748.8940529404838,-239.54298695965826,43.01901565246544,0.443244245091241,8.697528067573389E-4
729.687516821623,-169.19806431777542,132.85586795337406,729.687516821623,-234.31536356392763,26.15658333118428,787.9490577998688,-216.91995369146284,54.66018852656481,0.015144249690732739,0.0028253133064752053
729.687516821623,-169.19806431777542,132.85586795337406,729.687516821623,-209.33933895653698,14.476486005437195,824.1869450165044,-191.66903186778987,66.58743790770262,4.178755197678105E-4,0.0019100244694703217
729.687516821623,-169.19806431777542,132.85586795337406,729.687516821623,-172.09258074490478,7.889385348424824,850.5819180380474,-170.5449477518333,74.70615988624314,1.0,1.8340877281968897E-4
729.687516821623,-169.19806431777542,132.85586795337406,729.687516821623,-141.06322804652964,11.063294337450358,864.3639237092834,-156.78613114957037,79.1259912435707,1.0,4.587492560480235E-4
729.687516821623,-169.19806431777542,132.85586795337406,729.687516821623,-136.84225973001617,12.116057163896926,864.4805348079354,-154.8868947636429,79.4519138203407,1.0,7.50664345030716E-6
729.687516821623,-169.19806431777542,132.85586795337406,729.687516821623,-150.08328026974996,9.326013137635883,856.9909401827774,-160.64913845634476,77.60818281920027,1.0,6.769766041089902E-5
729.687516821623,-169.19806431777542,132.85586795337406,729.687516821623,-177.06782372343412,8.103846378984144,841.8862523723618,-172.94923186006156,73.3920762359368,1.0,1.4714288809822276E-4
729.687516821623,-169.19806431777542,132.85586795337406,729.687516821623,-204.10118982519603,12.82765531229019,820.6793854233816,-188.16955353692424,67.61489285416991,5.479768869537668E-4,6.745348285446595E-4
729.687516821623,-169.19806431777542,132.85586795337406,729.687516821623,-232.296486670455,24.950404252026345,783.8847046696367,-213.1759493584666,57.64869317812676,0.01618155693231325,0.002763959203816138
729.687516821623,-169.19806431777542,132.85586795337406,729.687516821623,-246.76766085319844,34.83567772028131,744.9247967950848,-237.2825463679737,46.82146555146875,0.4685888847479955,0.003708754638678046
729.687516821623,-169.19806431777542,132.85586795337406,729.687516821623,-254.7026269506855,41.67489532775022,711.4346379251762,-257.3049818324817,38.899777346526946,1.0,0.0028784232405615648
729.687516821623,-169.19806431777542,132.85586795337406,729.687516821623,-257.75376201304005,44.6351878057754,685.6384634038118,-270.22111751966855,32.21499790199812,1.0,0.0016525736395738132
729.687516821623,-169.19806431777542,132.85586795337406,729.687516821623,-257.6282455065387,44.509373654378265,676.8225185188793,-273.4628681084132,28.689736324481913,1.0,2.516746387646779E-4
729.687516821623,-169.19806431777542,132.85586795337406,729.687516821623,-255.96784273884268,42.878062063483114,676.5655704795797,-272.2860655988513,25.956526527910682,1.0,9.499516752332386E-5
729.687516821623,-169.19806431777542,132.85586795337406,729.687516821623,-252.94820045501245,40.06085355607864,689.8863024617763,-265.7115902740785,25.919038430217256,1.0,1.616969318937786E-4
729.687516821623,-169.19806431777542,132.85586795337406,729.687516821623,-249.64280256158816,37.181189543230175,712.0740914867071,-256.42057167317074,29.120241192282634,1.0,5.052396709557147E-4
729.687516821623,-169.19806431777542,132.85586795337406,729.687516821623,-245.8598080824133,34.12402383525276,735.7640435945605,-245.60340905907753,34.454237409336656,1.0,9.280791388974531E-4
729.687516821623,-169.19806431777542,132.85586795337406,729.687516821623,-239.01481982764085,29.170668189494194,769.5470718769319,-229.01956417391946,44.01467048634555,0.0706726955343205,0.0019625430401895754
729.687516821623,-169.19806431777542,132.85586795337406,729.687516821623,-209.4973184902646,14.530172886152428,825.1185941926869,-192.87194390039804,63.345195508626375,4.7374686661998653E-4,0.0018488847541970343
729.687516821623,-169.19806431777542,132.85586795337406,729.687516821623,-158.1850030021009,8.341963185845415,860.571873741959,-164.2026843135772,76.37799569862787,1.0,5.877200849318812E-4
729.687516821623,-169.19806431777542,132.85586795337406,729.687516821623,-113.73695247621725,20.833258301133867,881.0006619089352,-144.56035389507105,83.09161826987906,1.0,0.0020355467650294713
729.687516821623,-169.19806431777542,132.85586795337406,729.687516821623,-107.01445539209644,24.420639448158937,883.5793375677348,-141.1772431101073,83.99340720123632,1.0,7.116197211121213E-5
729.687516821623,-169.19806431777542,132.85586795337406,729.687516821623,-117.61838808770523,18.99394718966512,877.572424160298,-146.1959176310744,82.07872480586659,1.0,1.621881873102199E-4
729.687516821623,-169.19806431777542,132.85586795337406,729.687516821623,-144.01021016654755,10.419876499649675,864.0272696519427,-157.93478491418733,78.10603604951592,1.0,3.2004101046619006E-4
729.687516821623,-169.19806431777542,132.85586795337406,729.687516821623,-178.3442447246575,8.190927477052625,844.5317728052852,-173.6364047018809,72.36007460757173,1.0,2.3484733034663391E-4
729.687516821623,-169.19806431777542,132.85586795337406,729.687516821623,-207.92516917123083,14.006335561910817,821.0635202644993,-190.966912970224,66.04949312018783,6.145668509905256E-4,8.739111987006224E-4
729.687516821623,-169.19806431777542,132.85586795337406,729.687516821623,-234.41714024119608,26.218763080374558,783.8334840709143,-216.05537278532074,56.24135530699422,0.017866094269141628,0.0028143744352549
729.687516821623,-169.19806431777542,132.85586795337406,729.687516821623,-248.2408418455482,36.01972118629632,745.9850721241005,-239.56994634982692,46.64252740702452,0.4837949883412315,0.003354086839153474
729.687516821623,-169.19806431777542,132.85586795337406,729.687516821623,-253.87441399151456,40.90525182748475,717.4026833910885,-255.1334281491511,39.53807990814775,1.0,0.002032022221235246
729.687516821623,-169.19806431777542,132.85586795337406,729.687516821623,-251.8018403286788,39.03893883745967,716.5337213022231,-253.8943845438672,36.66233958511634,1.0,1.0881354083966909E-4
729.687516821623,-169.19806431777542,132.85586795337406,729.687516821623,-248.3433102674204,36.10345173770426,731.4051320968938,-245.99516706517616,38.973978270429626,1.0,4.298797416679184E-4
729.687516821623,-169.19806431777542,132.85586795337406,729.687516821623,-245.14665745451907,33.57439334431433,749.9267377431826,-237.71872664178414,43.28432862981231,0.37498895571112667,6.314761879000416E-4
729.687516821623,-169.19806431777542,132.85586795337406,729.687516821623,-235.61376780926253,26.95990802226588,793.0277846365254,-216.91858704232365,56.76828178517178,0.01073170439963605,0.0026009380361295964
729.687516821623,-169.19806431777542,132.85586795337406,729.687516821623,-222.2032209857232,19.650508687099432,822.4332249426169,-200.08971377144624,66.87926313663328,6.235215437474773E-4,0.002016305011577257
729.687516821623,-169.19806431777542,132.85586795337406,729.687516821623,-219.96628452790333,18.62982969284448,823.8917219472391,-197.99901139824692,68.0551310053979,4.636356546637201E-4,4.4068310819620624E-5
729.687516821623,-169.19806431777542,132.85586795337406,729.687516821623,-234.56785964170325,26.311089295254035,799.3545877334998,-212.33142691255037,62.55375751126664,0.005765706331202562,0.0011511022437013644
729.687516821623,-169.19806431777542,132.85586795337406,729.687516821623,-250.9709854618136,38.31387004995065,770.6871592603889,-232.05057539591922,60.18875654973556,0.04538810213768643,0.0014634363689694705
729.687516821623,-169.19806431777542,132.85586795337406,729.687516821623,-254.23771421517304,41.24114236120718,760.4612610532375,-236.09957389018348,60.78168316342169,0.08744649445077268,9.18266255338575E-5
729.687516821623,-169.19806431777542,132.85586795337406,729.687516821623,-255.6761005116258,42.597631453567004,755.0355825631965,-237.45113084112566,61.61926625381227,0.11944059428650546,2.425191193868489E-5
729.687516821623,-169.19806431777542,132.85586795337406,729.687516821623,-256.2244582907739,43.12623654848943,752.3107909344172,-237.64302104566224,62.284855432481976,0.1350762159104429,4.006791471897989E-6
729.687516821623,-169.19806431777542,132.85586795337406,729.687516821623,-256.5940284704327,43.48615580307421,750.843295819808,-237.60737275082778,62.90160562171829,0.14128741673915535,2.4683952597569355E-6
729.687516821623,-169.19806431777542,132.85586795337406,729.687516821623,-256.42392208699135,43.3201223741669,750.3674642185523,-237.4654017613632,62.780696289356825,0.14450705643315837,4.0248927850280106E-7
729.687516821623,-169.19806431777542,132.85586795337406,729.687516821623,-255.5072630515723,42.43616758929434,749.8077116412162,-237.1004016202339,61.71966134988503,0.1535112571838926,1.2367802008383894E-5
729.687516821623,-169.19806431777542,132.85586795337406,729.687516821623,-254.9570593257962,41.9141570874888,749.577357070474,-237.11996642497513,60.82920786580877,0.162133056076234,5.168922632614378E-6
729.687516821623,-169.19806431777542,132.85586795337406,729.687516821623,-254.5200665108165,41.50404289349528,750.0770478606586,-236.99949114198293,60.262821343406586,0.16151006969136475,2.9008444802858205E-6
729.687516821623,-169.19806431777542,132.85586795337406,729.687516821623,-254.27546582798115,41.27619907282369,750.471160113072,-237.1046536639469,59.75933636285657,0.16277543816811152,2.2870960839926595E-6
729.687516821623,-169.19806431777542,132.85586795337406,729.687516821623,-254.0649302112359,41.081061642375005,750.6129687923733,-237.21355982692734,59.30408940254111,0.16581177447661835,1.968576880658521E-6
729.687516821623,-169.19806431777542,132.85586795337406,729.687516821623,-253.93237789239902,40.95866395326662,750.8021029573548,-237.2340255450625,59.06858692771107,0.1660867077680221,4.113359130146973E-7
729.687516821623,-169.19806431777542,132.85586795337406,729.687516821623,-253.857276259399,40.88947282219985,750.8404704359896,-237.25909178791736,58.920294944864736,0.16706565091521808,1.871402632136792E-7
729.687516821623,-169.19806431777542,132.85586795337406,729.687516821623,-253.82563190713304,40.86035282405534,750.8622547354537,-237.2828582328083,58.843393447671446,0.16763406006993,6.216795383854101E-8
729.687516821623,-169.19806431777542,132.85586795337406,729.687516821623,-253.8129515204124,40.8486896264358,750.8913793987562,-237.2846822664573,58.820933837344654,0.16755483858642492,3.7097072420309978E-9
729.687516821623,-169.19806431777542,132.85586795337406,729.687516821623,-253.806659472258,40.842903508221696,750.8962783831153,-237.28559689886936,58.809777209241986,0.16760313613311476,9.169185871544455E-10
729.687516821623,-169.19806431777542,132.85586795337406,729.687516821623,-253.8023764061258,40.83896528839075,750.9007242446654,-237.28400495161438,58.80459068968881,0.16759127964056103,2.817282051959307E-10
729.687516821623,-169.19806431777542,132.85586795337406,729.687516821623,-253.80083211330663,40.83754542282894,750.9039505068355,-237.28358524430956,58.80255282520247,0.16757451762137876,3.7421397833412265E-11
729.687516821623,-169.19806431777542,132.85586795337406,729.687516821623,-253.7988489028325,40.835722074372285,750.9054020450739,-237.28339499939457,58.799556392295614,0.16758311722896044,6.407155823471069E-11
729.687516821623,-169.19806431777542,132.85586795337406,729.687516821623,-253.79683260844052,40.83386838966999,750.9071547156863,-237.28316526775018,58.796549401750895,0.16758875221631123,6.598116435692324E-11
729.687516821623,-169.19806431777542,132.85586795337406,729.687516821623,-253.79539408674054,40.83254593139441,750.9092056854719,-237.28272405475383,58.79470568213466,0.16758110268543272,3.223359222627578E-11
729.687516821623,-169.19806431777542,132.85586795337406,729.687516821623,-253.79355644066177,40.83085661142056,750.9105366260867,-237.28260000110487,58.79187221033169,0.1675900098939709,5.535229790071365E-11
729.687516821623,-169.19806431777542,132.85586795337406,729.687516821623,-253.7917942787625,40.82923674649139,750.9118901736387,-237.28248932433578,58.7891460591988,0.16759797026109977,5.095235411308352E-11
729.687516821623,-169.19806431777542,132.85586795337406,729.687516821623,-253.79008826476945,40.827668554759356,750.9136931938991,-237.28220008041916,58.7867048160428,0.16759831571387102,4.669455952763496E-11
729.687516821623,-169.19806431777542,132.85586795337406,729.687516821623,-254.1421368200322,41.15251716000692,750.7831649576573,-237.6902574602576,58.913526488815364,0.17076900845141194,1.6195937381325868E-6
729.687516821623,-169.19806431777542,132.85586795337406,729.687516821623,-254.16677082935706,41.17534159281753,750.8425153387442,-237.74014139560325,58.89953788396721,0.17068633779004638,2.2930979553785322E-8
729.687516821623,-169.19806431777542,132.85586795337406,729.687516821623,-253.19815012764695,40.287052556750226,750.7242910602315,-237.20519519060915,57.911426138511445,0.175836133591727,1.4236323082329811E-5
729.687516821623,-169.19806431777542,132.85586795337406,729.687516821623,-248.15007341133025,35.94570202589648,739.0121540306308,-237.42858082896777,49.1058690321062,0.6071090436655834,5.115154957811781E-4
729.687516821623,-169.19806431777542,132.85586795337406,729.687516821623,-247.4830999475469,35.40612092217131,742.9448419342791,-239.22346785490186,45.68776736358856,0.6594571571634282,1.730722975445203E-4
729.687516821623,-169.19806431777542,132.85586795337406,729.687516821623,-247.05618573191927,35.064697953928615,755.6695800212179,-234.9534312989885,50.265970405864124,0.16608821472038424,3.980945329761574E-4
729.687516821623,-169.19806431777542,132.85586795337406,729.687516821623,-247.0584652853572,35.06651290300371,755.6574157439126,-234.96301676532747,50.2578822656036,0.1663249632734812,1.7780511542943115E-9
729.687516821623,-169.19806431777542,132.85586795337406,729.687516821623,-246.61719733240966,34.716793965169074,755.1706738573537,-234.84614955598718,49.63816654668142,0.1754496162055044,3.6881486319194414E-6
729.687516821623,-169.19806431777542,132.85586795337406,729.687516821623,-245.8695722439978,34.131606131270686,754.9591564198928,-234.53625232277076,48.724688665835146,0.1828002785081134,9.898706544096307E-6
729.687516821623,-169.19806431777542,132.85586795337406,729.687516821623,-245.7614921796237,34.0477634576215,754.5118571617486,-234.67232307370372,48.35877081959467,0.19213882899380444,1.6340824520474743E-6
729.687516821623,-169.19806431777542,132.85586795337406,729.687516821623,-245.60474559907857,33.92650398302722,752.9779482497378,-234.26788823002732,48.60516912244904,0.20877514495329783,2.2158108529435642E-6
729.687516821623,-169.19806431777542,132.85586795337406,729.687516821623,-245.83095354158843,34.10162607379297,752.1140893229857,-233.99563306773868,49.35340781705165,0.212154980835959,6.778798524331917E-6
729.687516821623,-169.19806431777542,132.85586795337406,729.687516821623,-245.398025763516,33.767191124648306,752.0275355743513,-233.73782790238806,48.929844171960156,0.21559681467419156,2.878318681406093E-6
729.687516821623,-169.19806431777542,132.85586795337406,729.687516821623,-244.9397656057825,33.41646587352291,751.6647101219804,-233.76832070330894,48.08317895996197,0.23005213897633878,5.667507340192529E-6
729.687516821623,-169.19806431777542,132.85586795337406,729.687516821623,-244.58158119421492,33.144658035233135,751.8969150812815,-233.7890734280917,47.42011309492423,0.23350001203833645,3.465694073647007E-6
729.687516821623,-169.19806431777542,132.85586795337406,729.687516821623,-244.18186895825366,32.84372348262194,751.7668663195675,-233.7158130871618,46.803173751080976,0.24177671677020848,3.4204059077608044E-6
729.687516821623,-169.19806431777542,132.85586795337406,729.687516821623,-243.6229197294709,32.42708275237595,751.6935523237963,-233.55862593598872,46.007825287839836,0.2506733385036774,6.374652361576296E-6
729.687516821623,-169.19806431777542,132.85586795337406,729.687516821623,-243.5291637969828,32.35767070480557,751.3689947905594,-233.6144128423515,45.76275423095058,0.26012810508082856,6.227500952688678E-7
729.687516821623,-169.19806431777542,132.85586795337406,729.687516821623,-243.3201617773962,32.20342303430375,749.86458547341,-233.03947857284464,46.16384692193384,0.2792040457780708,5.090023239782668E-6
729.687516821623,-169.19806431777542,132.85586795337406,729.687516821623,-243.68872245259163,32.47588065191073,749.1050244145654,-232.94081722623716,46.95923490267063,0.2819201218287527,5.734628444653321E-6
729.687516821623,-169.19806431777542,132.85586795337406,729.687516821623,-243.28785171790537,32.1796373773163,749.1422563436125,-232.5771620643466,46.73376013875355,0.28054849754099986,1.8648864441425593E-6
729.687516821623,-169.19806431777542,132.85586795337406,729.687516821623,-242.95814943250156,31.93783267786766,748.8058336310175,-232.6355398940948,46.06115522978581,0.29837353435458536,3.943464835537411E-6
729.687516821623,-169.19806431777542,132.85586795337406,729.687516821623,-242.70149044742737,31.75074272619875,748.8966576887725,-232.78399343895455,45.392416723994586,0.3088134736005118,4.680933105185977E-6
729.687516821623,-169.19806431777542,132.85586795337406,729.687516821623,-242.54248394440646,31.635335897705318,748.9084493063106,-232.80042123168292,45.080077517059806,0.3138302334373281,8.130641863999529E-7
729.687516821623,-169.19806431777542,132.85586795337406,729.687516821623,-242.30055959176877,31.460477600973036,748.7808164126341,-232.76145340934193,44.6915087901952,0.3229023139055974,1.3483436388538155E-6
729.687516821623,-169.19806431777542,132.85586795337406,729.687516821623,-241.79240780439818,31.096046345107524,748.7411359140335,-232.57919749347138,44.0107528174116,0.33336796713082023,5.171609350080458E-6
729.687516821623,-169.19806431777542,132.85586795337406,729.687516821623,-241.62058877242453,30.97369114302242,748.7256081755883,-232.59310799583224,43.67332291585251,0.33989366967342527,9.453786341748423E-7
729.687516821623,-169.19806431777542,132.85586795337406,729.687516821623,-241.37048735351937,30.79636886999809,748.538418948327,-232.58062765599408,43.22616739980904,0.3529689835713767,1.6356524725726566E-6
729.687516821623,-169.19806431777542,132.85586795337406,729.687516821623,-240.75363894227138,30.36294263577865,748.6351068817879,-232.40728054787837,42.31788384168104,0.3648799856511709,8.474864821717933E-6
729.687516821623,-169.19806431777542,132.85586795337406,729.687516821623,-240.59671705816135,30.253565898996257,748.6999713635961,-232.41762333688195,42.007202869895195,0.36892342854521,8.028217755467929E-7
729.687516821623,-169.19806431777542,132.85586795337406,729.687516821623,-240.40516016996804,30.120530798641113,748.5671194131204,-232.40318687170478,41.665523820216976,0.3794387890119039,9.852538628990368E-7
729.687516821623,-169.19806431777542,132.85586795337406,729.687516821623,-239.7932887768693,29.699121767920175,748.6345109232982,-232.1961314847506,40.80041130299588,0.39141511487677705,8.215669248816904E-6
729.687516821623,-169.19806431777542,132.85586795337406,729.687516821623,-239.7090840623788,29.64154678341164,748.6702826634006,-232.27121567552106,40.529129168146625,0.3965818682131574,8.372938915376866E-7
729.687516821623,-169.19806431777542,132.85586795337406,729.687516821623,-239.5182739699422,29.51145293990895,748.5241192968041,-232.2609252211756,40.17704203157734,0.4087009591218197,1.0393851829027205E-6
729.687516821623,-169.19806431777542,132.85586795337406,729.687516821623,-238.95046066504761,29.127360763628744,748.5803201215313,-232.03399249778545,39.41281267045139,0.41916815374571914,6.8834612150352085E-6
729.687516821623,-169.19806431777542,132.85586795337406,729.687516821623,-238.84251160466323,29.054851763242738,748.6255623584863,-232.06040550365978,39.163188215300295,0.42294643499855206,5.81103427700859E-7
729.687516821623,-169.19806431777542,132.85586795337406,729.687516821623,-238.69896446755274,28.958683783779335,748.5305059501144,-232.0410356492057,38.91164921497702,0.43162410826822106,5.69633693270432E-7
729.687516821623,-169.19806431777542,132.85586795337406,729.687516821623,-238.32228352894444,28.707693132850906,748.478451253383,-231.89012728255295,38.39890325958834,0.4424561223094987,3.08931988564102E-6
729.687516821623,-169.19806431777542,132.85586795337406,729.687516821623,-238.15414033947297,28.596290073498352,748.385199887269,-231.8382185971877,38.14577973073739,0.4510782009689018,6.77930404486369E-7
729.687516821623,-169.19806431777542,132.85586795337406,729.687516821623,-237.97205213100767,28.476087343021277,748.2348119700931,-231.80747985414945,37.83219307826735,0.46407988687189716,9.16434527391068E-7
729.687516821623,-169.19806431777542,132.85586795337406,729.687516821623,-237.44829034370312,28.13286834292657,748.2712076415218,-231.57280845112516,37.14819508651695,0.47430323867332386,5.8425180659090935E-6
729.687516821623,-169.19806431777542,132.85586795337406,729.687516821623,-237.2352163939415,27.994311902719105,748.1395953109109,-231.5436132224259,36.76643634907791,0.48874301521662694,1.3337989625994334E-6
729.687516821623,-169.19806431777542,132.85586795337406,729.687516821623,-236.77283770636683,27.695751932705264,748.1538327548626,-231.34965160215185,36.13533450653611,0.4996572797031804,4.798504436501382E-6
729.687516821623,-169.19806431777542,132.85586795337406,729.687516821623,-236.6835437158851,27.638426098863476,748.1441269220687,-231.33982448517474,35.96988454679507,0.5038043417873028,2.461699611262213E-7
729.687516821623,-169.19806431777542,132.85586795337406,729.687516821623,-236.5692531020775,27.5652087200407,748.0511884737662,-231.3322068465139,35.74989512136236,0.5135916179842308,4.2262117978098613E-7
729.687516821623,-169.19806431777542,132.85586795337406,729.687516821623,-236.25588615260642,27.365354016015388,747.9875337400323,-231.1931099045417,35.32974733725493,0.524769185457565,2.179672857234387E-6
729.687516821623,-169.19806431777542,132.85586795337406,729.687516821623,-236.14998902887132,27.29811230519941,747.8275756273982,-231.14617084179022,35.18723304039855,0.5362716249925716,2.4903165126589635E-7
729.687516821623,-169.19806431777542,132.85586795337406,729.687516821623,-236.07757913439065,27.252219825602722,747.8006664589914,-231.12431805936407,35.07348529211208,0.5402144882581436,1.3678761438034172E-7
729.687516821623,-169.19806431777542,132.85586795337406,729.687516821623,-235.95764566186435,27.1763604849818,747.7101543797402,-231.0857183742176,34.88855498672149,0.549335422403327,3.689514496218278E-7
729.687516821623,-169.19806431777542,132.85586795337406,729.687516821623,-235.67778336481007,27.00008419345218,747.6230765458208,-230.98104274607547,34.478713261686636,0.5630469500781852,1.918117588305298E-6
729.687516821623,-169.19806431777542,132.85586795337406,729.687516821623,-235.57730504244233,26.937048092044776,747.5146530371933,-230.92381730396062,34.362440791904135,0.5716729390348747,1.9560878058832072E-7
729.687516821623,-169.19806431777542,132.85586795337406,729.687516821623,-235.4160004057842,26.836129506967836,747.3742911373748,-230.90584842365985,34.05721131270161,0.5880802827322223,8.494324161132614E-7
729.687516821623,-169.19806431777542,132.85586795337406,729.687516821623,-235.00712756040116,26.581848573621187,747.3942081445049,-230.72158338801475,33.50250633697286,0.5982252430365141,3.834508542378436E-6
729.687516821623,-169.19806431777542,132.85586795337406,729.687516821623,-234.81965862149337,26.46598891857937,747.2562509294161,-230.69316796643557,33.15611655549566,0.6161187260522867,1.1320628493866622E-6
729.687516821623,-169.19806431777542,132.85586795337406,729.687516821623,-234.61097849186052,26.33755657334055,747.2441687515242,-230.6740437853274,32.7484563512852,0.6273267571519114,1.5087827963221776E-6
729.687516821623,-169.19806431777542,132.85586795337406,729.687516821623,-234.72601180173223,26.408284145474525,747.1811126625666,-230.84314395388537,32.71585086347483,0.6354295748560079,1.5938015275321831E-7
729.687516821623,-169.19806431777542,132.85586795337406,729.687516821623,-234.21987879657027,26.09836872317861,745.1564571047069,-231.04467210267444,31.31165181742145,0.8666685085899908,1.9855277367070252E-5
729.687516821623,-169.19806431777542,132.85586795337406,729.687516821623,-234.2585387614531,26.12192459343086,734.0164928418106,-234.3635805880104,25.949599868441396,1.0,4.3239744049514443E-4
729.687516821623,-169.19806431777542,132.85586795337406,729.687516821623,-233.9318363052206,25.92346517349887,728.8052791856063,-235.68313057211316,23.03053775425684,1.0,1.163218565410017E-4
729.687516821623,-169.19806431777542,132.85586795337406,729.687516821623,-233.093574061081,25.42047418277751,724.4590094665416,-236.05519741636527,20.440731902710695,1.0,6.655165802573536E-5
729.687516821623,-169.19806431777542,132.85586795337406,729.687516821623,-232.91339846051346,25.313521898067847,725.1745080788425,-235.985483099821,20.128283621651207,1.0,1.079129491810813E-6
729.687516821623,-169.19806431777542,132.85586795337406,729.687516821623,-232.7314861890677,25.205952461886554,725.4340932552949,-235.45747436666423,20.587085914078955,1.0,5.222771885315276E-6
729.687516821623,-169.19806431777542,132.85586795337406,729.687516821623,-232.85346448176296,25.278035525114873,723.8899512980934,-234.88328578794355,21.84763094399429,1.0,2.2472476275400863E-5
729.687516821623,-169.19806431777542,132.85586795337406,729.687516821623,-233.09512216369777,25.421394907545547,720.68132157414,-233.905851082674,24.058261187003154,1.0,6.785681687683515E-5
729.687516821623,-169.19806431777542,132.85586795337406,729.687516821623,-233.69524949524015,25.78059954752868,715.6230622462155,-232.784553744451,27.29249486022337,1.0,1.30206690425956E-4
729.687516821623,-169.19806431777542,132.85586795337406,729.687516821623,-234.65577012892243,26.36507609820316,709.2347467343901,-231.72770427439602,31.12864132843319,0.48906089324733315,1.6600209050231503E-4
729.687516821623,-169.19806431777542,132.85586795337406,729.687516821623,-234.8883673356367,26.508399297925735,705.6804512133539,-230.52180859443456,33.577516770803044,0.31366830221137904,8.718159406839598E-5
729.687516821623,-169.19806431777542,132.85586795337406,729.687516821623,-235.04271666476222,26.603894996141662,706.764926619148,-230.24998032347966,34.33782135118611,0.3378041775314004,7.328276054463952E-6
729.687516821623,-169.19806431777542,132.85586795337406,729.687516821623,-234.79312875936455,26.44962978613232,709.3854109340974,-229.3409607181018,35.293964280887366,0.4097755117696712,1.9132567242971855E-5
729.687516821623,-169.19806431777542,132.85586795337406,729.687516821623,-234.77530147714057,26.43864206139557,710.3182753400293,-229.08619888911986,35.67078634586363,0.43768696525103695,2.4079224424492105E-6
729.687516821623,-169.19806431777542,132.85586795337406,729.687516821623,-234.80476393314854,26.456803269617566,709.5710830338583,-229.25706884102073,35.45389613381573,0.41339580664404907,8.738405003346008E-7
729.687516821623,-169.19806431777542,132.85586795337406,729.687516821623,-234.76166454280252,26.430239810840533,708.7580693380258,-229.3418839806211,35.227858439853435,0.3871197187341003,6.476198846544251E-7
729.687516821623,-169.19806431777542,132.85586795337406,729.687516821623,-234.80232267540913,26.455298004971766,708.6944592078825,-229.38785797834004,35.236772625004875,0.38509722791462264,1.1815279039909307E-8
729.687516821623,-169.19806431777542,132.85586795337406,729.687516821623,-233.11036805841246,25.430463925441472,698.2230143674572,-229.7806939479636,31.027063729570983,0.17048425805520004,1.3959270959894567E-4
729.687516821623,-169.19806431777542,132.85586795337406,729.687516821623,-232.83254073475297,25.265657380398935,688.1839475578253,-232.94733413493282,25.071570042949844,1.0,5.19538598174384E-4
729.687516821623,-169.19806431777542,132.85586795337406,729.687516821623,-234.4149221597911,26.21740653717434,671.4106925322789,-238.0836681174014,20.2185062958564,1.0,4.072519301270894E-4
729.687516821623,-169.19806431777542,132.85586795337406,729.687516821623,-234.68597221986647,26.38364660617364,667.497506507565,-240.00716518578574,17.73229014284658,1.0,1.158311661097746E-4
729.687516821623,-169.19806431777542,132.85586795337406,729.687516821623,-232.7827586830087,25.236229213598193,690.2978040647196,-234.8146454586699,21.797179565883738,1.0,1.9558104329866937E-4
729.687516821623,-169.19806431777542,132.85586795337406,729.687516821623,-229.70447794499472,23.47591590560687,724.0332113288912,-225.6258611494721,30.849000555178492,1.0,7.205802045287731E-4
729.687516821623,-169.19806431777542,132.85586795337406,729.687516821623,-227.65435530108292,22.366673710340123,752.9658289150121,-217.78774836861717,41.01570928107401,0.18108198597570496,0.0010966540635207198
729.687516821623,-169.19806431777542,132.85586795337406,729.687516821623,-229.90403264806338,23.586542847550902,766.9465666534636,-215.5425636392852,49.4368516273951,0.054076831802191624,7.690668640149851E-4
729.687516821623,-169.19806431777542,132.85586795337406,729.687516821623,-233.13011038365053,25.442211997388554,742.325763907006,-222.78717099481767,42.819615059711396,0.367195488945101,6.012564406720208E-4
729.687516821623,-169.19806431777542,132.85586795337406,729.687516821623,-234.18950601029772,26.079875770077194,706.6896651313431,-230.8087421098857,31.634213547531033,0.36520549285577636,8.943870908976854E-4
729.687516821623,-169.19806431777542,132.85586795337406,729.687516821623,-234.40641662148084,26.212205273232414,686.9971526037759,-235.94480285591354,23.696283050684656,1.0,8.102656444492691E-4
729.687516821623,-169.19806431777542,132.85586795337406,729.687516821623,-232.65714599382892,25.162112550231143,694.8363872759253,-234.02119624266837,22.847239879901508,1.0,2.540470716555399E-5
729.687516821623,-169.19806431777542,132.85586795337406,729.687516821623,-233.07783826599905,25.411117126151936,705.1889740692021,-231.65313276899388,27.807448823442627,0.33799682131543657,3.2223789593061503E-4
729.687516821623,-169.19806431777542,132.85586795337406,729.687516821623,-233.18170954735314,25.47294033852674,705.2856193541861,-231.77992146433957,27.825543221802548,0.3414890735240971,7.602093506138755E-8
729.687516821623,-169.19806431777542,132.85586795337406,729.687516821623,-233.1100493460682,25.43027430947896,704.9782310782307,-231.81177934710962,27.612453837879542,0.3318296445085964,4.670635688184467E-7
729.687516821623,-169.19806431777542,132.85586795337406,729.687516821623,-233.02469908912641,25.379541751905066,704.634929664403,-231.78692658182322,27.463800811382214,1.0,2.309821389081131E-7
729.687516821623,-169.19806431777542,132.85586795337406,729.687516821623,-233.0204164663104,25.376998559300176,704.321632932868,-231.89707863019564,27.268735176781917,1.0,5.896762588869074E-7
729.687516821623,-169.19806431777542,132.85586795337406,729.687516821623,-232.95151498438128,25.336113823722812,704.1058036557978,-231.86089686617387,27.17543374590585,1.0,1.1427758608541866E-7
729.687516821623,-169.19806431777542,132.85586795337406,729.687516821623,-232.9346499109171,25.326115526763658,704.0483894553395,-231.85274708138223,27.151389697428527,1.0,7.247799953823333E-9
729.687516821623,-169.19806431777542,132.85586795337406,729.687516821623,-232.93044821256075,25.323625146447966,704.0332268279484,-231.85056619901184,27.145652313601744,1.0,4.298311454671162E-10
729.687516821623,-169.19806431777542,132.85586795337406,729.687516821623,-232.92677777789405,25.321449831927495,704.0214487992953,-231.84883033084543,27.14035445419654,1.0,3.481688809698658E-10
729.687516821623,-169.19806431777542,132.85586795337406,729.687516821623,-232.9269573345328,25.32155624376813,704.0215835541638,-231.84915273529575,27.14021290403565,1.0,9.624904072212614E-13
729.687516821623,-169.19806431777542,132.85586795337406,729.687516821623,-232.92729365513102,25.321755560762895,704.0214003149079,-231.8496318209669,27.140158356484534,1.0,9.966643949571754E-13
729.687516821623,-169.19806431777542,132.85586795337406,729.687516821623,-232.927462855815,25.321855836371213,704.0214338115128,-231.8499048939825,27.14007683927784,1.0,5.151929063714833E-13
729.687516821623,-169.19806431777542,132.85586795337406,729.687516821623,-232.9275700315527,25.321919353512683,704.0215285360771,-231.85013822325888,27.139923359589204,1.0,7.4054954382869E-13
729.687516821623,-169.19806431777542,132.85586795337406,729.687516821623,-232.92775400321557,25.322028383694843,704.0215871410524,-231.85035770304125,27.139965383980893,1.0,2.5766273911098665E-13
729.687516821623,-169.19806431777542,132.85586795337406,729.687516821623,-232.92796151048157,25.322151362682817,704.0215100278514,-231.8506643436261,27.139913093480743,1.0,4.764378540708956E-13
729.687516821623,-169.19806431777542,132.85586795337406,729.687516821623,-232.92795840374112,25.322149521471985,704.0211937154219,-231.8508382483713,27.139612694227708,1.0,1.4161413525945609E-12
729.687516821623,-169.19806431777542,132.85586795337406,729.687516821623,-232.92807794571652,25.322220368153367,704.0212989740915,-231.8509981569618,27.139610822536326,1.0,8.125022775148464E-14
729.687516821623,-169.19806431777542,132.85586795337406,729.687516821623,-232.928064843878,25.32221260332578,704.0212317835827,-231.85103611467736,27.139517408156678,1.0,1.1687944965497873E-13
729.687516821623,-169.19806431777542,132.85586795337406,729.687516821623,-232.92811162222355,25.322240326604188,704.021207064599,-231.85114000940962,27.139446954800945,1.0,1.5164212853297532E-13
729.687516821623,-169.19806431777542,132.85586795337406,729.687516821623,-232.9282237624069,25.322306786816185,704.021224635497,-231.85126256019535,27.13949152825151,1.0,1.1950249262232666E-13
729.687516821623,-169.19806431777542,132.85586795337406,729.687516821623,-232.92829276754497,25.322347682994234,704.0210672621087,-231.85140726736108,27.139402031923368,1.0,2.6720746373717884E-13
729.687516821623,-169.19806431777542,132.85586795337406,729.687516821623,-232.92827567576282,25.322337553473886,704.0209664114675,-231.85147691206,27.139246208315484,1.0,3.3795842903957904E-13
729.687516821623,-169.19806431777542,132.85586795337406,729.687516821623,-232.92833713871738,25.322373979783194,704.0209678389955,-231.85154479594627,27.139269432710506,1.0,3.503008908102577E-14
729.687516821623,-169.19806431777542,132.85586795337406,729.687516821623,-232.92848008255407,25.322458696304324,704.0210869586977,-231.85168256297226,27.13935737758021,1.0,2.502141620675373E-13
729.687516821623,-169.19806431777542,132.85586795337406,729.687516821623,-232.92830786139925,25.32235662843688,704.0209672005244,-231.85153605469924,27.139218558218914,1.0,4.4295411963167553E-13
729.687516821623,-169.19806431777542,132.85586795337406,729.687516821623,-232.92843089604048,25.32242954559341,704.0209633341186,-231.8517042539359,27.13921052877788,1.0,1.0093361426880906E-13
729.687516821623,-169.19806431777542,132.85586795337406,729.687516821623,-232.9284654694471,25.322450035747153,704.0210820424112,-231.85172349094015,27.13925556453526,1.0,2.7708676289624394E-14
729.687516821623,-169.19806431777542,132.85586795337406,729.687516821623,-232.92844002514204,25.32243495601321,704.020907171037,-231.85175285272297,27.139148989617468,1.0,1.3371216467803648E-13
729.687516821623,-169.19806431777542,132.85586795337406,729.687516821623,-232.9283997410546,25.32241108140174,704.0209600156602,-231.85169395861035,27.139158067766687,1.0,1.6828490246202393E-14
729.687516821623,-169.19806431777542,132.85586795337406,729.687516821623,-232.92853555655716,25.322491573373753,704.0209708332236,-231.85186269169583,27.139177785868185,1.0,1.2468652524668022E-13
729.687516821623,-169.19806431777542,132.85586795337406,729.687516821623,-232.9286035134959,25.322531848598004,704.0210187734701,-231.85194137244127,27.139197349100925,1.0,3.8118030418033815E-14
729.687516821623,-169.19806431777542,132.85586795337406,729.687516821623,-232.9287051656505,25.322592093670266,704.0211090517853,-231.85204363019068,27.13925265693831,1.0,1.1688219545861785E-13
729.687516821623,-169.19806431777542,132.85586795337406,729.687516821623,-232.92865001033942,25.322559405358305,704.0208784694036,-231.85201868893944,27.13917111256987,1.0,8.07194159565813E-14
729.687516821623,-169.19806431777542,132.85586795337406,729.687516821623,-232.9286239397298,25.32254395438052,704.020952523898,-231.8520107272538,27.139126110343483,1.0,2.150643202189123E-14
729.687516821623,-169.19806431777542,132.85586795337406,729.687516821623,-232.92871104528615,25.322595578293686,704.0208430903991,-231.85214897146966,27.13908809259948,1.0,1.2516681410806924E-13
729.687516821623,-169.19806431777542,132.85586795337406,729.687516821623,-232.92875918314795,25.32262410768334,704.0209284461678,-231.85217611687295,27.139150188725523,1.0,5.3177656154060476E-14
729.687516821623,-169.19806431777542,132.85586795337406,729.687516821623,-232.9287499509271,25.32261863611224,704.0207992396242,-231.8522105141469,27.139071456367702,1.0,8.546713096093014E-14
729.687516821623,-169.19806431777542,132.85586795337406,729.687516821623,-232.9287031499388,25.322590899039156,704.0207971411124,-231.85214991199024,27.139068808588036,1.0,1.2937833088801823E-14
729.687516821623,-169.19806431777542,132.85586795337406,729.687516821623,-232.92873037872025,25.32260703644505,704.0208173281144,-231.85217758815708,27.139083142434174,1.0,8.218607104725252E-15
729.687516821623,-169.19806431777542,132.85586795337406,729.687516821623,-232.92867761937663,25.322575768108152,704.0208263267327,-231.85215914269708,27.13899600790384,1.0,8.366297837836079E-14
729.687516821623,-169.19806431777542,132.85586795337406,729.687516821623,-232.92878482451155,25.322639304308197,704.0207441889103,-231.8522588551651,27.13906805778751,1.0,1.4962334017891883E-13
729.687516821623,-169.19806431777542,132.85586795337406,729.687516821623,-232.92880689232203,25.32265238303563,704.0208256652669,-231.85228616630357,27.139071439528976,1.0,3.3310613985445815E-15
729.687516821623,-169.19806431777542,132.85586795337406,729.687516821623,-232.92871195606915,25.32259611807814,704.0207593984616,-231.85220327073546,27.138998514458137,1.0,1.2959739233482482E-13
729.687516821623,-169.19806431777542,132.85586795337406,729.687516821623,-232.92882384463343,25.322662430011192,704.0207786100304,-231.85234139158678,27.139016255466174,1.0,8.62996973236401E-14
729.687516821623,-169.19806431777542,132.85586795337406,729.687516821623,-232.92882514285327,25.322663199415757,704.0207599447697,-231.85233474893386,27.139030373545836,1.0,2.8358472917540265E-15
729.687516821623,-169.19806431777542,132.85586795337406,729.687516821623,-232.92884468442404,25.322674780949413,704.020999043268,-231.85231151845946,27.13911337194415,1.0,8.145862134862634E-14
729.687516821623,-169.19806431777542,132.85586795337406,729.687516821623,-232.92891302181707,25.322715281918576,704.0210426297685,-231.85239370200938,27.139127878402803,1.0,3.476254259841814E-14
729.687516821623,-169.19806431777542,132.85586795337406,729.687516821623,-232.9289987625724,25.322766097280493,704.0209017800543,-231.85251915623098,27.13910838322309,1.0,7.661849891029973E-14
729.687516821623,-169.19806431777542,132.85586795337406,729.687516821623,-232.92897490805828,25.322751959586483,704.020952540575,-231.85249830779983,27.13909009202544,1.0,8.170994750557954E-15
729.687516821623,-169.19806431777542,132.85586795337406,729.687516821623,-232.9289400144943,25.322731279466083,704.020913090759,-231.85245747442067,27.139080777936414,1.0,9.771396042816112E-15
729.687516821623,-169.19806431777542,132.85586795337406,729.687516821623,-232.9290061220473,25.322770458972315,704.0210082288365,-231.85255402340604,27.139066047804874,1.0,4.503666938940544E-14
729.687516821623,-169.19806431777542,132.85586795337406,729.687516821623,-232.9290709085107,25.322808855570784,704.0209339591993,-231.85261985651124,27.139100183493724,1.0,4.655327171045462E-14
729.687516821623,-169.19806431777542,132.85586795337406,729.687516821623,-232.92903978112588,25.32279040748672,704.0210912100871,-231.85256403830869,27.139124594858373,1.0,2.875517122650919E-14
729.687516821623,-169.19806431777542,132.85586795337406,729.687516821623,-232.92901185073964,25.322773854159365,704.0209090588598,-231.85256826390466,27.13905486042796,1.0,4.53973051823969E-14
729.687516821623,-169.19806431777542,132.85586795337406,729.687516821623,-232.9290143987528,25.32277536427401,704.0208101520035,-231.85260007305715,27.139006900163395,1.0,3.8833317311019235E-14
729.687516821623,-169.19806431777542,132.85586795337406,729.687516821623,-232.92912498310318,25.32284090367034,704.0210943971858,-231.85266902715136,27.139138423604066,1.0,2.585318132623558E-13
729.687516821623,-169.19806431777542,132.85586795337406,729.687516821623,-232.92907362609532,25.322810466186226,704.0211667560777,-231.85262250717264,27.13910180237488,1.0,3.58469071836987E-14
729.687516821623,-169.19806431777542,132.85586795337406,729.687516821623,-232.92905651678703,25.32280032611105,704.021029141525,-231.85263427217933,27.139043601650116,1.0,3.695138260515652E-14
729.687516821623,-169.19806431777542,132.85586795337406,729.687516821623,-232.92918821064643,25.322878376446894,704.0211299810894,-231.8527498644968,27.139143748626566,1.0,2.474496519872268E-13
729.687516821623,-169.19806431777542,132.85586795337406,729.687516821623,-232.92922063069358,25.322897590706248,704.0211833250316,-231.85277042568063,27.1391817237635,1.0,2.1888856103352854E-14
729.687516821623,-169.19806431777542,132.85586795337406,729.687516821623,-232.92909090494453,25.322820706746,704.0210309106089,-231.85269539458324,27.139017549478837,1.0,3.787013627990347E-13
729.687516821623,-169.19806431777542,132.85586795337406,729.687516821623,-232.92918493917506,25.32287643755781,704.0210795748671,-231.85276389671455,27.13911273934798,1.0,1.6040505910106564E-13
729.687516821623,-169.19806431777542,132.85586795337406,729.687516821623,-232.92910824039612,25.32283098085574,704.0210773722948,-231.85267523280487,27.139090424907664,1.0,4.875488197711863E-14
729.687516821623,-169.19806431777542,132.85586795337406,729.687516821623,-232.92920371349007,25.32288756445344,704.0209883211634,-231.85281127322241,27.139074883048067,1.0,8.045520589152849E-14
729.687516821623,-169.19806431777542,132.85586795337406,729.687516821623,-232.9293175041925,25.322955004413174,704.0211412924776,-231.85290681506868,27.13916873227305,1.0,1.9697495324294384E-13
729.687516821623,-169.19806431777542,132.85586795337406,729.687516821623,-232.92925601613388,25.322918562468374,704.0211965437894,-231.8528259663364,27.13916732517123,1.0,2.1163915134119667E-14
729.687516821623,-169.19806431777542,132.85586795337406,729.687516821623,-232.929186106272,25.3228771292562,704.0210180120836,-231.85279984632115,27.13905469786434,1.0,1.4277110713645765E-13
729.687516821623,-169.19806431777542,132.85586795337406,729.687516821623,-232.92926425516796,25.322923445469414,704.0210515496925,-231.85290139931496,27.139058515301997,1.0,3.5637775735935915E-14
729.687516821623,-169.19806431777542,132.85586795337406,729.687516821623,-232.92915890011832,25.322861005105096,704.0209603660827,-231.8527957544595,27.139000620774908,1.0,1.2633154074546576E-13
729.687516821623,-169.19806431777542,132.85586795337406,729.687516821623,-232.92920690940718,25.32288945856486,704.0211110897192,-231.8527717360601,27.139148757229748,1.0,2.2935532618840436E-13
729.687516821623,-169.19806431777542,132.85586795337406,729.687516821623,-232.92915062630652,25.32285610150339,704.0209610940427,-231.85280289092023,27.138970034124924,1.0,3.3825905836026227E-13
729.687516821623,-169.19806431777542,132.85586795337406,729.687516821623,-232.9293318590066,25.322963512044964,704.0211467259493,-231.85293389121878,27.13915522259086,1.0,6.009436475653909E-13
729.687516821623,-169.19806431777542,132.85586795337406,729.687516821623,-232.92924534071457,25.322912235504205,704.0210922196571,-231.8528869319692,27.13904053010637,1.0,1.7671126190135215E-13
729.687516821623,-169.19806431777542,132.85586795337406,729.687516821623,-232.92936596363955,25.322983724762977,704.0211310915845,-231.85298399203583,27.139147131896806,1.0,2.3433958414788526E-13
729.687516821623,-169.19806431777542,132.85586795337406,729.687516821623,-232.9293401349055,25.322968416902455,704.021022883917,-231.85301421137643,27.139038249482837,1.0,1.3985441240756782E-13
729.687516821623,-169.19806431777542,132.85586795337406,729.687516821623,-232.92936631629792,25.322983933772306,704.0210235823149,-231.85300414222277,27.13911392324897,1.0,5.798432837038032E-14
729.687516821623,-169.19806431777542,132.85586795337406,729.687516821623,-232.92931920332478,25.322956011433504,704.0211126848908,-231.85295184691685,27.139096559138892,1.0,2.0343346744086863E-14
729.687516821623,-169.19806431777542,132.85586795337406,729.687516821623,-232.92935905157864,25.322979628205815,704.0211420482437,-231.85299906649536,27.13910620396561,1.0,1.231872234381561E-14
729.687516821623,-169.19806431777542,132.85586795337406,729.687516821623,-232.92936719435463,25.32298445416845,704.0209681742491,-231.8530598785344,27.13902184831332,1.0,1.2610143341290202E-13
729.687516821623,-169.19806431777542,132.85586795337406,729.687516821623,-232.92940494279964,25.323006826474156,704.0210709051916,-231.85307402048582,27.139082597996747,1.0,4.157539695999082E-14
729.687516821623,-169.19806431777542,132.85586795337406,729.687516821623,-232.9292735614971,25.322928961021745,704.0209759761702,-231.85296855803333,27.13896605882769,1.0,2.788728619969544E-13
729.687516821623,-169.19806431777542,132.85586795337406,729.687516821623,-232.92932766748987,25.32296102786897,704.0209983380231,-231.85299978314092,27.13903464897257,1.0,6.599158854114267E-14
729.687516821623,-169.19806431777542,132.85586795337406,729.687516821623,-232.92944163350893,25.323028571910655,704.0210631699152,-231.85309693090423,27.13912618189761,1.0,1.9341908829827468E-13
729.687516821623,-169.19806431777542,132.85586795337406,729.687516821623,-232.92935474231393,25.322977074242928,704.0209435916532,-231.85304547106398,27.13901824721364,1.0,1.6671337176370998E-13
729.687516821623,-169.19806431777542,132.85586795337406,729.687516821623,-232.92931891753608,25.322955842055848,704.020843556708,-231.8530329472095,27.138959079095628,1.0,3.857578731005637E-14
729.687516821623,-169.19806431777542,132.85586795337406,729.687516821623,-232.92929098165217,25.322939285372243,704.0208906656198,-231.8530085584218,27.138937613071988,1.0,1.1224653476215232E-14
729.687516821623,-169.19806431777542,132.85586795337406,729.687516821623,-232.92942702085278,25.323019911444078,704.0210957394947,-231.85311427563798,27.13906416293767,1.0,3.114259839867388E-13
729.687516821623,-169.19806431777542,132.85586795337406,729.687516821623,-232.92945268664246,25.3230351227607,704.0211250819108,-231.85311545279438,27.1391197052408,1.0,2.7515593987457573E-14
729.687516821623,-169.19806431777542,132.85586795337406,729.687516821623,-232.92943059921924,25.3230220322303,704.0209312896166,-231.8531298364414,27.13904592817957,1.0,5.892586244253319E-14
729.687516821623,-169.19806431777542,132.85586795337406,729.687516821623,-232.92945254585908,25.323035039322733,704.0210745391421,-231.8531483463006,27.139063889056985,1.0,7.281413942814082E-15
729.687516821623,-169.19806431777542,132.85586795337406,729.687516821623,-232.9293296179905,25.32296218386739,704.0210129780113,-231.85303131891902,27.138985811026487,1.0,1.8910326982397835E-13
729.687516821623,-169.19806431777542,132.85586795337406,729.687516821623,-232.929475947528,25.323048908772435,704.02108127475,-231.85312956756803,27.1391480276489,1.0,4.2275865237010534E-13
729.687516821623,-169.19806431777542,132.85586795337406,729.687516821623,-232.9294325677798,25.323023198934806,704.0209459443892,-231.85316139825318,27.138997086901327,1.0,2.508385180030338E-13
729.687516821623,-169.19806431777542,132.85586795337406,729.687516821623,-232.92947999648248,25.32305130846396,704.0210793586299,-231.85318121838284,27.1390699537111,1.0,6.228283241046837E-14
729.687516821623,-169.19806431777542,132.85586795337406,729.687516821623,-232.92943013562947,25.323021757475075,704.0210985267701,-231.8531066889048,27.13908394551089,1.0,2.9429563399307E-14
729.687516821623,-169.19806431777542,132.85586795337406,729.687516821623,-232.9293941293817,25.323000417702602,704.0210016377888,-231.85310399692975,27.139007781506734,1.0,5.260113669161743E-14
729.687516821623,-169.19806431777542,132.85586795337406,729.687516821623,-232.92947113057397,25.323046053911327,704.0211038786517,-231.85316626339386,27.139075314523268,1.0,9.488395841696575E-14
729.687516821623,-169.19806431777542,132.85586795337406,729.687516821623,-232.92951475212942,25.323071907081868,704.0210405097055,-231.85320105699464,27.139114383315444,1.0,3.099489758884043E-14
729.687516821623,-169.19806431777542,132.85586795337406,729.687516821623,-232.92951046813727,25.323069368088795,704.0210556612986,-231.85323136361728,27.139053645220088,1.0,5.388120186695174E-14
729.687516821623,-169.19806431777542,132.85586795337406,729.687516821623,-232.92954456737297,25.32308957768454,704.0210648502323,-231.85324393822904,27.13910885993053,1.0,3.416414469523647E-14
729.687516821623,-169.19806431777542,132.85586795337406,729.687516821623,-232.92959043129963,25.323116759883334,704.0211162547753,-231.85328382686453,27.139144358162866,1.0,3.042544455522007E-14
729.687516821623,-169.19806431777542,132.85586795337406,729.687516821623,-232.92955435447033,25.32309537820673,704.0211985364742,-231.85323309429953,27.139149093899277,1.0,1.053734671248968E-14
729.687516821623,-169.19806431777542,132.85586795337406,729.687516821623,-232.9295478832416,25.323091542901366,704.0211272560343,-231.85325983402743,27.139089471625653,1.0,4.9549389855892963E-14
729.687516821623,-169.19806431777542,132.85586795337406,729.687516821623,-232.96515541002918,25.344203034481595,703.9131791186315,-231.95861634082928,27.041233419308696,1.0,2.2389814280326376E-7
729.687516821623,-169.19806431777542,132.85586795337406,729.687516821623,-232.3782044299206,24.998230785625466,702.7360985866857,-232.4272659920802,24.914475603049084,1.0,5.179938907802739E-5
