747.325999934553,-145.26239195379432,132.70238819930015,707.8737183033243,-326.4495819387841,-20.00066947937,707.8737183033243,-326.4495819387841,172.0544315117102,0.011549829004050813,0.2401358646633924
747.325999934553,-145.26239195379432,132.70238819930015,707.8734528771085,-326.45027482512364,-20.00066947937,707.8734528771085,-326.45027482512364,172.05551864814404,0.011549448398635217,5.031801406077519E-12
747.325999934553,-145.26239195379432,132.70238819930015,707.8725117558225,-326.4515385743462,-20.00066947937,707.8725117558225,-326.4515385743462,172.05631150399563,0.011549504086674316,8.269139135367677E-12
747.325999934553,-145.26239195379432,132.70238819930015,707.8717267498656,-326.45200968748605,-20.00066947937,707.8717267498656,-326.45200968748605,172.0566866880634,0.011549511287597096,1.6628361278573244E-12
747.325999934553,-145.26239195379432,132.70238819930015,707.8714632805146,-326.45140275693274,-20.00066947937,707.8714632805146,-326.45140275693274,172.05659185642443,0.01154936936347342,1.0030038653709485E-12
747.325999934553,-145.26239195379432,132.70238819930015,707.8714161556918,-326.4506972734363,-20.00066947937,707.8714161556918,-326.4506972734363,172.05682097396652,0.011548980412504451,1.4957978380755044E-12
747.325999934553,-145.26239195379432,132.70238819930015,707.8713186650015,-326.4491046315778,-20.00066947937,707.8713186650015,-326.4491046315778,172.05665415898702,0.01154851201285588,5.574244178663677E-12
747.325999934553,-145.26239195379432,132.70238819930015,707.870415340614,-326.44703393680214,-20.00066947937,707.870415340614,-326.44703393680214,172.0563285414672,0.011548029428841746,1.1700276933755926E-11
747.325999934553,-145.26239195379432,132.70238819930015,707.8695891952918,-326.4439135333626,-20.00066947937,707.8695891952918,-326.4439135333626,172.05563601125263,0.01154738115418499,2.7318810239326093E-11
747.325999934553,-145.26239195379432,132.70238819930015,707.8678534182504,-326.43841809916853,-20.00066947937,707.8678534182504,-326.43841809916853,172.0542917801573,0.011546336374126446,8.890156977947278E-11
747.325999934553,-145.26239195379432,132.70238819930015,707.866467429205,-326.43016913619965,-20.00066947937,707.866467429205,-326.43016913619965,172.0524623071098,0.011544559226275569,1.844822189005546E-10
747.325999934553,-145.26239195379432,132.70238819930015,707.8658368500506,-326.41650766894065,-20.00066947937,707.8658368500506,-326.41650766894065,172.04873265503662,0.01154190489107528,5.19896084882325E-10
747.325999934553,-145.26239195379432,132.70238819930015,707.8671759582749,-326.3983655409504,-20.00066947937,707.8671759582749,-326.3983655409504,172.04295671811727,0.011538702615866474,9.835793316893708E-10
747.325999934553,-145.26239195379432,132.70238819930015,707.8735733685423,-326.3698759824683,-20.00066947937,707.8735733685423,-326.3698759824683,172.03351481354161,0.011533559559590827,2.5944420471785054E-9
747.325999934553,-145.26239195379432,132.70238819930015,707.8849724566024,-326.33438049914423,-20.00066947937,707.8849724566024,-326.33438049914423,172.0215434660132,0.011527008127679352,4.187267564292028E-9
747.325999934553,-145.26239195379432,132.70238819930015,707.9057750866441,-326.267430541687,-20.00066947937,707.9057750866441,-326.267430541687,171.99470723867904,0.011517261708428879,1.6057049701652754E-8
747.325999934553,-145.26239195379432,132.70238819930015,707.9286987110524,-326.1915514133565,-20.00066947937,707.9286987110524,-326.1915514133565,171.96056030088306,0.011508508058175921,2.1815060973208226E-8
747.325999934553,-145.26239195379432,132.70238819930015,707.958050763086,-326.09719279985603,-20.00066947937,707.958050763086,-326.09719279985603,171.91371952176598,0.011500184766317473,3.570503002665607E-8
747.325999934553,-145.26239195379432,132.70238819930015,707.9975831218364,-325.98840774415993,-20.00066947937,707.9975831218364,-325.98840774415993,171.85674684451433,0.011491928864005902,4.971844806408812E-8
747.325999934553,-145.26239195379432,132.70238819930015,708.03752496138,-325.87302173511273,-20.00066947937,708.03752496138,-325.87302173511273,171.79450097872797,0.011484425424320696,5.6678956681429046E-8
747.325999934553,-145.26239195379432,132.70238819930015,708.0872918891358,-325.72637100580306,-20.00066947937,708.0872918891358,-325.72637100580306,171.71281299326714,0.011476523634304221,9.326541407147607E-8
747.325999934553,-145.26239195379432,132.70238819930015,708.1398636921784,-325.5515772364664,-20.00066947937,708.1398636921784,-325.5515772364664,171.61091266672116,0.011470370782336675,1.3500608190102054E-7
747.325999934553,-145.26239195379432,132.70238819930015,708.1951527710249,-325.3578281603262,-20.00066947937,708.1951527710249,-325.3578281603262,171.49462082183445,0.011465812007985158,1.684996506960113E-7
747.325999934553,-145.26239195379432,132.70238819930015,708.2599691419894,-325.12537556160737,-20.00066947937,708.2599691419894,-325.12537556160737,171.3524518451978,0.0114620854385901,2.455174124918703E-7
747.325999934553,-145.26239195379432,132.70238819930015,708.3221407257923,-324.87660819783207,-20.00066947937,708.3221407257923,-324.87660819783207,171.19553787759358,0.011461567406159057,2.852228748979196E-7
747.325999934553,-145.26239195379432,132.70238819930015,708.3910483284808,-324.6121022498078,-20.00066947937,708.3910483284808,-324.6121022498078,171.03076256537082,0.011459615137283538,3.2123658814519214E-7
747.325999934553,-145.26239195379432,132.70238819930015,708.4731036976414,-324.29117054326076,-20.00066947937,708.4731036976414,-324.29117054326076,170.8307289539933,0.01145751115502952,4.735992928710906E-7
747.325999934553,-145.26239195379432,132.70238819930015,708.5574882690452,-323.9647992267643,-20.00066947937,708.5574882690452,-323.9647992267643,170.63452861268505,0.011451042929349939,4.794833267472912E-7
747.325999934553,-145.26239195379432,132.70238819930015,708.6520333957172,-323.600906622247,-20.00066947937,708.6520333957172,-323.600906622247,170.4221158500494,0.011440076252192793,5.864042674571643E-7
747.325999934553,-145.26239195379432,132.70238819930015,708.750481797804,-323.20351016285974,-20.00066947937,708.750481797804,-323.20351016285974,170.19150697469058,0.01142776920589364,6.961387903369591E-7
747.325999934553,-145.26239195379432,132.70238819930015,708.854293989246,-322.7687580818716,-20.00066947937,708.854293989246,-322.7687580818716,169.94246778025612,0.011412788111267065,8.264952769551079E-7
747.325999934553,-145.26239195379432,132.70238819930015,708.9704705760199,-322.29996875754597,-20.00066947937,708.9704705760199,-322.29996875754597,169.68280435955685,0.01139111267451984,9.459133560478816E-7
747.325999934553,-145.26239195379432,132.70238819930015,709.1091763793917,-321.7556163184615,-20.00066947937,709.1091763793917,-321.7556163184615,169.38979406895794,0.011360720741047069,1.260100448513573E-6
747.325999934553,-145.26239195379432,132.70238819930015,709.2627146513953,-321.22125240277893,-20.00066947937,709.2627146513953,-321.22125240277893,169.11013628401986,0.011324940786587837,1.208182409257647E-6
747.325999934553,-145.26239195379432,132.70238819930015,709.445002139719,-320.65872128239187,-20.00066947937,709.445002139719,-320.65872128239187,168.8203836765307,0.011283110858474372,1.3445550783161062E-6
747.325999934553,-145.26239195379432,132.70238819930015,709.6438687379118,-320.09003031298374,-20.00066947937,709.6438687379118,-320.09003031298374,168.52317257892778,0.011242531279837719,1.4004395303651356E-6
747.325999934553,-145.26239195379432,132.70238819930015,709.8759871763411,-319.49818624116733,-20.00066947937,709.8759871763411,-319.49818624116733,168.20143417707195,0.011206115794225507,1.5771213990395223E-6
747.325999934553,-145.26239195379432,132.70238819930015,710.123047085304,-318.8601529537083,-20.00066947937,710.123047085304,-318.8601529537083,167.84292069923677,0.011174449473680816,1.8755378674788941E-6
747.325999934553,-145.26239195379432,132.70238819930015,710.3517998531388,-318.18250858723934,-20.00066947937,710.3517998531388,-318.18250858723934,167.47787220277212,0.011134311678074995,2.0409990516190948E-6
747.325999934553,-145.26239195379432,132.70238819930015,710.5578228582041,-317.4201700656036,-20.00066947937,710.5578228582041,-317.4201700656036,167.07099427571868,0.011091228950992833,2.532822280217145E-6
747.325999934553,-145.26239195379432,132.70238819930015,710.7607997794443,-316.59544896073027,-20.00066947937,710.7607997794443,-316.59544896073027,166.62332711749494,0.011051147475155206,2.9905327491114375E-6
747.325999934553,-145.26239195379432,132.70238819930015,710.942200905921,-315.7946791380639,-20.00066947937,710.942200905921,-315.7946791380639,166.17004661978666,0.011025124165900419,2.8925720262817363E-6
747.325999934553,-145.26239195379432,132.70238819930015,711.1275169506448,-315.04235109472086,-20.00066947937,711.1275169506448,-315.04235109472086,165.73860408482417,0.011003379384879747,2.5985158970699405E-6
747.325999934553,-145.26239195379432,132.70238819930015,711.3532101686156,-314.2387736554574,-20.00066947937,711.3532101686156,-314.2387736554574,165.2860278466427,0.010973593078144626,2.971636423329375E-6
747.325999934553,-145.26239195379432,132.70238819930015,711.6070167143648,-313.40492072939435,-20.00066947937,711.6070167143648,-313.40492072939435,164.82885147298205,0.010934265484856865,3.1798084381483527E-6
747.325999934553,-145.26239195379432,132.70238819930015,711.8869962847313,-312.5326953937541,-20.00066947937,711.8869962847313,-312.5326953937541,164.37916178219962,0.010875468532516855,3.3790060161369804E-6
747.325999934553,-145.26239195379432,132.70238819930015,712.1648863418018,-311.58733061191134,-20.00066947937,712.1648863418018,-311.58733061191134,163.9232935024508,0.010795423862534773,3.804100843449646E-6
747.325999934553,-145.26239195379432,132.70238819930015,712.4461350059005,-310.63286967641636,-20.00066947937,712.4461350059005,-310.63286967641636,163.46606760351858,0.010713576368499048,3.881521703548063E-6
747.325999934553,-145.26239195379432,132.70238819930015,712.7134256720221,-309.6628723032011,-20.00066947937,712.7134256720221,-309.6628723032011,162.98030090433005,0.01064528413853039,4.115822311715021E-6
747.325999934553,-145.26239195379432,132.70238819930015,712.9821391013951,-308.70982673814774,-20.00066947937,712.9821391013951,-308.70982673814774,162.5172679652433,0.010570022455038833,3.925009273471649E-6
747.325999934553,-145.26239195379432,132.70238819930015,713.2492506871437,-307.7513502202037,-20.00066947937,713.2492506871437,-307.7513502202037,162.04585132297416,0.01049884427610507,4.01459509614301E-6
747.325999934553,-145.26239195379432,132.70238819930015,713.5476292966442,-306.72868460757496,-20.00066947937,713.5476292966442,-306.72868460757496,161.55249499899776,0.01041711730633834,4.5580347170818775E-6
747.325999934553,-145.26239195379432,132.70238819930015,713.8422413699848,-305.6839146887985,-20.00066947937,713.8422413699848,-305.6839146887985,161.05777824266875,0.010329858590365016,4.715229445138027E-6
747.325999934553,-145.26239195379432,132.70238819930015,714.1257735706873,-304.60920521727564,-20.00066947937,714.1257735706873,-304.60920521727564,160.5467408738889,0.010243887014654361,5.003141620284077E-6
747.325999934553,-145.26239195379432,132.70238819930015,714.4357430551006,-303.5332216252266,-20.00066947937,714.4357430551006,-303.5332216252266,160.0624587101033,0.010140877173163566,4.909909539702256E-6
747.325999934553,-145.26239195379432,132.70238819930015,714.7423034609199,-302.35346249393496,-20.00066947937,714.7423034609199,-302.35346249393496,159.49600530703586,0.010052646040885996,6.1274950208270255E-6
747.325999934553,-145.26239195379432,132.70238819930015,715.1223153536321,-301.1270015559866,-20.00066947937,715.1223153536321,-301.1270015559866,158.95039628142482,0.009932598947281664,6.449728178922843E-6
747.325999934553,-145.26239195379432,132.70238819930015,715.4449931737081,-299.91497349198227,-20.00066947937,715.4449931737081,-299.91497349198227,158.40366438810102,0.009823721692366514,6.306880818662069E-6
747.325999934553,-145.26239195379432,132.70238819930015,715.81061269615,-298.6385454392532,-20.00066947937,715.81061269615,-298.6385454392532,157.85192684024668,0.00969496970463083,6.899781400316559E-6
747.325999934553,-145.26239195379432,132.70238819930015,716.1191586228728,-297.4060647904147,-20.00066947937,716.1191586228728,-297.4060647904147,157.3061231483838,0.009583081654753205,6.4915003031997045E-6
747.325999934553,-145.26239195379432,132.70238819930015,716.450691005019,-296.11274386039497,-20.00066947937,716.450691005019,-296.11274386039497,156.74768742063765,0.009458679494493763,7.094075199087374E-6
747.325999934553,-145.26239195379432,132.70238819930015,716.7566986257091,-294.99647263737097,-20.00066947937,716.7566986257091,-294.99647263737097,156.26875922908258,0.009349791094102717,5.3059420563409295E-6
747.325999934553,-145.26239195379432,132.70238819930015,717.0770045091122,-293.8141366096966,-20.00066947937,717.0770045091122,-293.8141366096966,155.77677769291222,0.009227575348257362,5.871685581973212E-6
747.325999934553,-145.26239195379432,132.70238819930015,717.3852349334448,-292.6941305508059,-20.00066947937,717.3852349334448,-292.6941305508059,155.31009353690425,0.009113485918777012,5.298812570770812E-6
747.325999934553,-145.26239195379432,132.70238819930015,717.707799456977,-291.4833227035243,-20.00066947937,717.707799456977,-291.4833227035243,154.822171315553,0.008983211104047591,6.090790830650163E-6
747.325999934553,-145.26239195379432,132.70238819930015,718.0026842905428,-290.3178622206622,-20.00066947937,718.0026842905428,-290.3178622206622,154.36818919921092,0.008851825799276226,5.534960116782292E-6
747.325999934553,-145.26239195379432,132.70238819930015,718.3394481485101,-289.09906678195364,-20.00066947937,718.3394481485101,-289.09906678195364,153.91203776708048,0.008704256191031842,5.9846666992414045E-6
747.325999934553,-145.26239195379432,132.70238819930015,718.6232473704757,-287.9117789091681,-20.00066947937,718.6232473704757,-287.9117789091681,153.46697593255058,0.008565833385876413,5.645765151278668E-6
747.325999934553,-145.26239195379432,132.70238819930015,718.9631208818754,-286.7147321042069,-20.00066947937,718.9631208818754,-286.7147321042069,153.0402470064452,0.008412952303472053,5.674381665020905E-6
747.325999934553,-145.26239195379432,132.70238819930015,719.2493780358199,-285.51938029259367,-20.00066947937,719.2493780358199,-285.51938029259367,152.60731634941956,0.008269621781592141,5.657187619740173E-6
747.325999934553,-145.26239195379432,132.70238819930015,719.5767695530807,-284.31409020467925,-20.00066947937,719.5767695530807,-284.31409020467925,152.18110291444356,0.008119456335881842,5.748013176203654E-6
747.325999934553,-145.26239195379432,132.70238819930015,719.924878949797,-282.9928305023231,-20.00066947937,719.924878949797,-282.9928305023231,151.71228444235442,0.007959137590071901,6.93612377126632E-6
747.325999934553,-145.26239195379432,132.70238819930015,720.2385433479762,-281.77604301672767,-20.00066947937,720.2385433479762,-281.77604301672767,151.28361710553156,0.007812813985044086,5.864497575368127E-6
747.325999934553,-145.26239195379432,132.70238819930015,720.5803124906994,-280.5143433505566,-20.00066947937,720.5803124906994,-280.5143433505566,150.86521802997098,0.007648965402172648,6.146141840843966E-6
747.325999934553,-145.26239195379432,132.70238819930015,720.8851826673055,-279.1646550122795,-20.00066947937,720.8851826673055,-279.1646550122795,150.38676477642352,0.007496508672101002,7.233121152641084E-6
747.325999934553,-145.26239195379432,132.70238819930015,721.2255416550952,-277.7733315761876,-20.00066947937,721.2255416550952,-277.7733315761876,149.91796079869272,0.007328326115260833,7.538142249511604E-6
747.325999934553,-145.26239195379432,132.70238819930015,721.5108119353506,-276.5716447676273,-20.00066947937,721.5108119353506,-276.5716447676273,149.51275376086565,0.007186443531499979,5.62099360828716E-6
747.325999934553,-145.26239195379432,132.70238819930015,721.8095630483932,-275.32024606532366,-20.00066947937,721.8095630483932,-275.32024606532366,149.0822407939541,0.00704563361504545,6.1849043445193036E-6
747.325999934553,-145.26239195379432,132.70238819930015,722.1264531221775,-274.100215167878,-20.00066947937,722.1264531221775,-274.100215167878,148.67777772247908,0.006901865091877491,5.804345060058466E-6
747.325999934553,-145.26239195379432,132.70238819930015,722.4559267493618,-272.8619556104885,-20.00066947937,722.4559267493618,-272.8619556104885,148.2807594578743,0.006751579100794616,5.894801510007163E-6
747.325999934553,-145.26239195379432,132.70238819930015,722.7930099289975,-271.58046869139605,-20.00066947937,722.7930099289975,-271.58046869139605,147.8737265601756,0.0065974341084064705,6.290896929457436E-6
747.325999934553,-145.26239195379432,132.70238819930015,723.1129995381566,-270.30589196187,-20.00066947937,723.1129995381566,-270.30589196187,147.49077458354446,0.006437347467684364,6.032310726362475E-6
747.325999934553,-145.26239195379432,132.70238819930015,723.4194448966466,-269.0171159224519,-20.00066947937,723.4194448966466,-269.0171159224519,147.10581793702295,0.006278615486905884,6.13599229189134E-6
747.325999934553,-145.26239195379432,132.70238819930015,723.7022693250257,-267.7384437289567,-20.00066947937,723.7022693250257,-267.7384437289567,146.71677307425136,0.0061288782029506475,6.080205316435863E-6
747.325999934553,-145.26239195379432,132.70238819930015,724.020993063604,-266.4864574256953,-20.00066947937,724.020993063604,-266.4864574256953,146.36464737407158,0.005969845161056443,5.649647829831554E-6
747.325999934553,-145.26239195379432,132.70238819930015,724.3210984011994,-265.2121648517005,-20.00066947937,724.3210984011994,-265.2121648517005,145.98845010824317,0.005820910025039799,5.9776569746065285E-6
747.325999934553,-145.26239195379432,132.70238819930015,724.6643780796692,-263.9553588599335,-20.00066947937,724.6643780796692,-263.9553588599335,145.65763250351347,0.005656690047312324,5.540748250990471E-6
747.325999934553,-145.26239195379432,132.70238819930015,725.0183134712153,-262.5332318852351,-20.00066947937,725.0183134712153,-262.5332318852351,145.26497484613023,0.005485192624423985,7.228378869925453E-6
747.325999934553,-145.26239195379432,132.70238819930015,725.3491492516208,-261.2080761423485,-20.00066947937,725.3491492516208,-261.2080761423485,144.9151887773618,0.005322208353042308,6.131285003682511E-6
747.325999934553,-145.26239195379432,132.70238819930015,725.699791919898,-259.78807261727496,-20.00066947937,725.699791919898,-259.78807261727496,144.5591527779203,0.005144019301968935,6.858334379948548E-6
747.325999934553,-145.26239195379432,132.70238819930015,726.0380769739579,-258.23437174211887,-20.00066947937,726.0380769739579,-258.23437174211887,144.14007886283218,0.004969134111310161,8.45455062474947E-6
747.325999934553,-145.26239195379432,132.70238819930015,726.3511832708791,-256.81441553864835,-20.00066947937,726.3511832708791,-256.81441553864835,143.77412755559743,0.004806518356362492,6.891095159098361E-6
747.325999934553,-145.26239195379432,132.70238819930015,726.6800075415164,-255.41660308356114,-20.00066947937,726.6800075415164,-255.41660308356114,143.4024160024584,0.004654840803461091,6.806100591560556E-6
747.325999934553,-145.26239195379432,132.70238819930015,727.0155369093263,-253.9846382078154,-20.00066947937,727.0155369093263,-253.9846382078154,143.02641589650676,0.004501965391358836,7.085265851612849E-6
747.325999934553,-145.26239195379432,132.70238819930015,727.3406552636178,-252.66112964546136,-20.00066947937,727.3406552636178,-252.66112964546136,142.69762716929074,0.004356578169083582,5.885248167537574E-6
747.325999934553,-145.26239195379432,132.70238819930015,727.6798762348947,-251.23672580353656,-20.00066947937,727.6798762348947,-251.23672580353656,142.35145467399838,0.004201997712604708,6.715897220043049E-6
747.325999934553,-145.26239195379432,132.70238819930015,728.018915812341,-249.80252957234583,-20.00066947937,728.018915812341,-249.80252957234583,142.01396404425034,0.004046945235507133,6.677665134026532E-6
747.325999934553,-145.26239195379432,132.70238819930015,728.3570087334456,-248.33262567723494,-20.00066947937,728.3570087334456,-248.33262567723494,141.66165503692392,0.003895856243586029,7.047423164573343E-6
747.325999934553,-145.26239195379432,132.70238819930015,728.6681902608422,-246.98826889590467,-20.00066947937,728.6681902608422,-246.98826889590467,141.35939598850348,0.0037545150693068835,5.688089837171098E-6
747.325999934553,-145.26239195379432,132.70238819930015,728.9815731847546,-245.63285424122031,-20.00066947937,728.9815731847546,-245.63285424122031,141.05854421750945,0.0036150189179258597,5.723657371777261E-6
747.325999934553,-145.26239195379432,132.70238819930015,729.3031100727757,-244.2984039674141,-20.00066947937,729.3031100727757,-244.2984039674141,140.7737290650221,0.0034775293641019518,5.433310608597149E-6
747.325999934553,-145.26239195379432,132.70238819930015,729.6246480977019,-242.98920320557292,-20.00066947937,729.6246480977019,-242.98920320557292,140.51066544889363,0.0033410122303236373,5.0636422906748345E-6
747.325999934553,-145.26239195379432,132.70238819930015,729.9337024636593,-241.6285798459027,-20.00066947937,729.9337024636593,-241.6285798459027,140.22106144210525,0.003210110136558942,5.568253255531133E-6
747.325999934553,-145.26239195379432,132.70238819930015,730.2537732162657,-240.28134112430925,-20.00066947937,730.2537732162657,-240.28134112430925,139.95939437468365,0.0030760282420334946,5.209483117599941E-6
747.325999934553,-145.26239195379432,132.70238819930015,730.5642326026261,-238.92620299598434,-20.00066947937,730.5642326026261,-238.92620299598434,139.69224215596205,0.0029474561477414794,5.264195370548509E-6
747.325999934553,-145.26239195379432,132.70238819930015,730.8928062954833,-237.41323404196336,-20.00066947937,730.8928062954833,-237.41323404196336,139.3907617319839,0.002810770387470012,6.532201563267504E-6
747.325999934553,-145.26239195379432,132.70238819930015,731.1970979739507,-235.95075317611045,-20.00066947937,731.1970979739507,-235.95075317611045,139.10563228310141,0.0026822045094257196,5.979895064827383E-6
747.325999934553,-145.26239195379432,132.70238819930015,731.4810187647112,-234.5787854166817,-20.00066947937,731.4810187647112,-234.5787854166817,138.83623241083382,0.002566829198096524,5.240009973673224E-6
747.325999934553,-145.26239195379432,132.70238819930015,731.7764428168871,-233.2195717612679,-20.00066947937,731.7764428168871,-233.2195717612679,138.56989864443983,0.002456310819204173,5.112192581299183E-6
747.325999934553,-145.26239195379432,132.70238819930015,732.0956273978752,-231.86450346796656,-20.00066947937,732.0956273978752,-231.86450346796656,138.32406691119917,0.0023440139980203953,4.875926175811576E-6
747.325999934553,-145.26239195379432,132.70238819930015,732.4155099536968,-230.45553145205398,-20.00066947937,732.4155099536968,-230.45553145205398,138.05887325021047,0.0022349132735621402,5.306766644157955E-6
747.325999934553,-145.26239195379432,132.70238819930015,732.7233664891371,-229.10197266561178,-20.00066947937,732.7233664891371,-229.10197266561178,137.81601619633776,0.0021310277410484454,4.739758493899692E-6
747.325999934553,-145.26239195379432,132.70238819930015,733.0408964288924,-227.59463952877053,-20.00066947937,733.0408964288924,-227.59463952877053,137.5483913696665,0.00202005454785258,5.76088161184138E-6
747.325999934553,-145.26239195379432,132.70238819930015,733.3634791340996,-226.07016669529267,-20.00066947937,733.3634791340996,-226.07016669529267,137.29687532598734,0.0019079577573962875,5.6227284063819546E-6
747.325999934553,-145.26239195379432,132.70238819930015,733.684659246918,-224.53601596478865,-20.00066947937,733.684659246918,-224.53601596478865,137.04645633167613,0.0017999525676367578,5.589506320417253E-6
747.325999934553,-145.26239195379432,132.70238819930015,734.0301660285611,-222.97852030415834,-20.00066947937,734.0301660285611,-222.97852030415834,136.81294221210172,0.0016903062798258293,5.478773651898884E-6
747.325999934553,-145.26239195379432,132.70238819930015,734.3999713057102,-221.35463503294167,-20.00066947937,734.3999713057102,-221.35463503294167,136.5664585373256,0.0015825960357031253,5.903217304452298E-6
747.325999934553,-145.26239195379432,132.70238819930015,734.7178141728635,-219.9396925304985,-20.00066947937,734.7178141728635,-219.9396925304985,136.3592859358718,0.0014919157230977188,4.341737708197259E-6
747.325999934553,-145.26239195379432,132.70238819930015,735.0464930965351,-218.4205705322434,-20.00066947937,735.0464930965351,-218.4205705322434,136.1462974845318,0.0013976262100160277,4.816683281854319E-6
747.325999934553,-145.26239195379432,132.70238819930015,735.3740345204831,-216.86149855650555,-20.00066947937,735.3740345204831,-216.86149855650555,135.92576839094966,0.001306736487150342,4.995183592661578E-6
747.325999934553,-145.26239195379432,132.70238819930015,735.6727282444925,-215.44130385598692,-20.00066947937,735.6727282444925,-215.44130385598692,135.73692116572943,0.0012259288176309422,3.96336932726516E-6
747.325999934553,-145.26239195379432,132.70238819930015,735.9267676610987,-214.03887973406577,-20.00066947937,735.9267676610987,-214.03887973406577,135.5403480508096,0.0011529182845301223,3.8622742428249404E-6
747.325999934553,-145.26239195379432,132.70238819930015,736.198085922041,-212.6034172396081,-20.00066947937,736.198085922041,-212.6034172396081,135.3437910395376,0.0010811639525126488,3.935809717834206E-6
747.325999934553,-145.26239195379432,132.70238819930015,736.4938973479603,-211.20647883095958,-20.00066947937,736.4938973479603,-211.20647883095958,135.16288288450767,0.0010128544757194082,3.583395245547026E-6
747.325999934553,-145.26239195379432,132.70238819930015,736.7829475708584,-209.76449790198936,-20.00066947937,736.7829475708584,-209.76449790198936,134.95523001970716,9.503475338967316E-4,3.925209972341377E-6
747.325999934553,-145.26239195379432,132.70238819930015,737.0895480150463,-208.35677067381638,-20.00066947937,737.0895480150463,-208.35677067381638,134.76170950936364,8.909701324734251E-4,3.5958782009189078E-6
747.325999934553,-145.26239195379432,132.70238819930015,737.3803572204536,-206.95670494953524,-20.00066947937,737.3803572204536,-206.95670494953524,134.5773535382908,8.341204101175387E-4,3.4003056492181406E-6
747.325999934553,-145.26239195379432,132.70238819930015,737.7039701569528,-205.38415749305491,-20.00066947937,737.7039701569528,-205.38415749305491,134.3877027095672,7.7146864723324E-4,4.004522199224779E-6
747.325999934553,-145.26239195379432,132.70238819930015,737.9880659883662,-203.95693197106104,-20.00066947937,737.9880659883662,-203.95693197106104,134.23837040209773,7.148198864755679E-4,3.0165971862008398E-6
747.325999934553,-145.26239195379432,132.70238819930015,738.2715018857143,-202.45433443715893,-20.00066947937,738.2715018857143,-202.45433443715893,134.07467665617364,6.602381855411974E-4,3.298845702226412E-6
747.325999934553,-145.26239195379432,132.70238819930015,738.535561187519,-200.99437039987484,-20.00066947937,738.535561187519,-200.99437039987484,133.9172580071722,6.106723998288894E-4,3.0087533055460256E-6
747.325999934553,-145.26239195379432,132.70238819930015,738.8217088675858,-199.56450905984556,-20.00066947937,738.8217088675858,-199.56450905984556,133.77929605443808,5.62981234055528E-4,2.6818586626390646E-6
747.325999934553,-145.26239195379432,132.70238819930015,739.1602651648051,-197.986383454983,-20.00066947937,739.1602651648051,-197.986383454983,133.63064940308433,5.13578255761274E-4,3.1305701002120497E-6
747.325999934553,-145.26239195379432,132.70238819930015,739.4762509722065,-196.42789728364195,-20.00066947937,739.4762509722065,-196.42789728364195,133.48187693630027,4.689896097876572E-4,2.9555797199016737E-6
747.325999934553,-145.26239195379432,132.70238819930015,739.9542274709296,-194.03684509799447,-20.00066947937,739.9542274709296,-194.03684509799447,133.26434095880575,4.0622117511117454E-4,6.373809566172602E-6
747.325999934553,-145.26239195379432,132.70238819930015,740.2230333108755,-192.60719463132256,-20.00066947937,740.2230333108755,-192.60719463132256,133.149959676202,3.708045809282479E-4,2.092094827484309E-6
747.325999934553,-145.26239195379432,132.70238819930015,740.4612401901661,-191.1238455852498,-20.00066947937,740.4612401901661,-191.1238455852498,133.01773825345737,3.386544809575072E-4,2.2521815420962365E-6
747.325999934553,-145.26239195379432,132.70238819930015,740.7170045631686,-189.54063946648708,-20.00066947937,740.7170045631686,-189.54063946648708,132.87991936682988,3.069499090802224E-4,2.4266059697902315E-6
747.325999934553,-145.26239195379432,132.70238819930015,740.992953369147,-188.04507556131867,-20.00066947937,740.992953369147,-188.04507556131867,132.7345088306922,2.810205785248726E-4,2.202274841535868E-6
747.325999934553,-145.26239195379432,132.70238819930015,741.2387762221739,-186.58093144615216,-20.00066947937,741.2387762221739,-186.58093144615216,132.58356928174678,2.587653465588082E-4,2.080603617119144E-6
747.325999934553,-145.26239195379432,132.70238819930015,741.5421767342307,-185.14430035731016,-20.00066947937,741.5421767342307,-185.14430035731016,132.47119177116477,2.354705477092942E-4,1.6815001272127807E-6
747.325999934553,-145.26239195379432,132.70238819930015,741.8633938808363,-183.53376396618975,-20.00066947937,741.8633938808363,-183.53376396618975,132.34788433193322,2.116929900691878E-4,1.970066829437018E-6
747.325999934553,-145.26239195379432,132.70238819930015,742.149122151426,-182.0829407701594,-20.00066947937,742.149122151426,-182.0829407701594,132.25178632077444,1.9120388580777309E-4,1.4233816063631097E-6
747.325999934553,-145.26239195379432,132.70238819930015,742.4352692539571,-180.57513698604026,-20.00066947937,742.4352692539571,-180.57513698604026,132.14850780553078,1.723010533306127E-4,1.4684284261459887E-6
747.325999934553,-145.26239195379432,132.70238819930015,742.6947051082293,-178.98985250282666,-20.00066947937,742.6947051082293,-178.98985250282666,132.05030124063217,1.5387487929923826E-4,1.4451374968666812E-6
747.325999934553,-145.26239195379432,132.70238819930015,742.9484611666539,-177.4221581146678,-20.00066947937,742.9484611666539,-177.4221581146678,131.95834492661436,1.3733150751966557E-4,1.2888505626068204E-6
747.325999934553,-145.26239195379432,132.70238819930015,743.2101666594664,-175.8806521850166,-20.00066947937,743.2101666594664,-175.8806521850166,131.88223529497543,1.2196809251189118E-4,1.081022141459824E-6
747.325999934553,-145.26239195379432,132.70238819930015,743.5012904899824,-174.36711239477145,-20.00066947937,743.5012904899824,-174.36711239477145,131.81551756639726,1.0808565548042767E-4,9.278115611309769E-7
747.325999934553,-145.26239195379432,132.70238819930015,743.7537797863644,-172.84187146159286,-20.00066947937,743.7537797863644,-172.84187146159286,131.72863048009134,9.692150529297268E-5,9.651554143844383E-7
747.325999934553,-145.26239195379432,132.70238819930015,744.0150712112583,-171.42129037577223,-20.00066947937,744.0150712112583,-171.42129037577223,131.68394702064242,8.578944423897902E-5,6.145629403712611E-7
747.325999934553,-145.26239195379432,132.70238819930015,744.2649848461842,-169.98333551844698,-20.00066947937,744.2649848461842,-169.98333551844698,131.63173348276473,7.62261180626703E-5,6.019444329346716E-7
747.325999934553,-145.26239195379432,132.70238819930015,744.4623250662014,-168.58092902226815,-20.00066947937,744.4623250662014,-168.58092902226815,131.58158597360358,6.804174926119681E-5,5.163153842440154E-7
747.325999934553,-145.26239195379432,132.70238819930015,744.6607596826746,-167.16857531450412,-20.00066947937,744.6607596826746,-167.16857531450412,131.52570043667598,6.107032960186881E-5,4.949932637543667E-7
747.325999934553,-145.26239195379432,132.70238819930015,744.8397899631816,-165.80661242621352,-20.00066947937,744.8397899631816,-165.80661242621352,131.4605333380643,5.57047862893237E-5,4.585342017040538E-7
747.325999934553,-145.26239195379432,132.70238819930015,745.0469532636121,-164.5269692225794,-20.00066947937,745.0469532636121,-164.5269692225794,131.42377098228567,5.030058696521298E-5,2.9352431144865024E-7
747.325999934553,-145.26239195379432,132.70238819930015,745.2589319216353,-163.27902097432536,-20.00066947937,745.2589319216353,-163.27902097432536,131.38982303554283,4.560946714178804E-5,2.457289429634619E-7
747.325999934553,-145.26239195379432,132.70238819930015,745.4659509758226,-162.062396015357,-20.00066947937,745.4659509758226,-162.062396015357,131.37474823293792,4.095013770955507E-5,1.6536364847777152E-7
747.325999934553,-145.26239195379432,132.70238819930015,745.6649392102659,-160.86784649524984,-20.00066947937,745.6649392102659,-160.86784649524984,131.3550570304035,3.7118465963906355E-5,1.4970538092018788E-7
747.325999934553,-145.26239195379432,132.70238819930015,745.8103833030116,-159.68235666015843,-20.00066947937,745.8103833030116,-159.68235666015843,131.33015328470478,3.400398961738043E-5,1.3849702278101618E-7
747.325999934553,-145.26239195379432,132.70238819930015,745.9620144350605,-158.57651312178453,-20.00066947937,745.9620144350605,-158.57651312178453,131.336095792224,3.0547706205795215E-5,7.715712267912738E-8
747.325999934553,-145.26239195379432,132.70238819930015,746.0879768633454,-157.52201050438683,-20.00066947937,746.0879768633454,-157.52201050438683,131.32508558019111,2.8157443401939075E-5,6.736716149655281E-8
747.325999934553,-145.26239195379432,132.70238819930015,746.2325087137372,-156.53008462263486,-20.00066947937,746.2325087137372,-156.53008462263486,131.32230829511815,2.596346426796493E-5,4.23958875977071E-8
747.325999934553,-145.26239195379432,132.70238819930015,746.3750375453563,-155.57910003079758,-20.00066947937,746.3750375453563,-155.57910003079758,131.32828706424607,2.3870480494507928E-5,3.623067686195661E-8
747.325999934553,-145.26239195379432,132.70238819930015,746.5206089485739,-154.70565793052359,-20.00066947937,746.5206089485739,-154.70565793052359,131.33443797693295,2.2146974909798816E-5,2.66575214005805E-8
747.325999934553,-145.26239195379432,132.70238819930015,746.6439154775492,-153.8485976157051,-20.00066947937,746.6439154775492,-153.8485976157051,131.3359794251674,2.0765467534131895E-5,1.7921158440118805E-8
747.325999934553,-145.26239195379432,132.70238819930015,746.7554007877758,-153.0211347761444,-20.00066947937,746.7554007877758,-153.0211347761444,131.34251173373426,1.9463116284435287E-5,1.7111887374522114E-8
747.325999934553,-145.26239195379432,132.70238819930015,746.828855201906,-152.23280270815732,-20.00066947937,746.828855201906,-152.23280270815732,131.34619262261322,1.842907763477448E-5,1.1247099250348247E-8
747.325999934553,-145.26239195379432,132.70238819930015,746.9070373402428,-151.44721710536706,-20.00066947937,746.9070373402428,-151.44721710536706,131.3535598797292,1.7434375995360765E-5,1.0965444322312392E-8
747.325999934553,-145.26239195379432,132.70238819930015,746.9825452253059,-150.79833246100125,-20.00066947937,746.9825452253059,-150.79833246100125,131.36078148885144,1.6677510989948007E-5,6.849035374791326E-9
747.325999934553,-145.26239195379432,132.70238819930015,747.0708479114354,-150.20396240150407,-20.00066947937,747.0708479114354,-150.20396240150407,131.3612854337134,1.6194017798809404E-5,2.750685153392881E-9
747.325999934553,-145.26239195379432,132.70238819930015,747.1794031431875,-149.63837643702,-20.00066947937,747.1794031431875,-149.63837643702,131.37350820192276,1.5523713806275867E-5,5.927954832056943E-9
747.325999934553,-145.26239195379432,132.70238819930015,747.2438094270369,-149.1096280413768,-20.00066947937,747.2438094270369,-149.1096280413768,131.37563144631957,1.5159491929703332E-5,1.6659718284913597E-9
747.325999934553,-145.26239195379432,132.70238819930015,747.3285388509269,-148.41022462686138,-20.00066947937,747.3285388509269,-148.41022462686138,131.38031375908685,1.4705234952627167E-5,2.4044495266802964E-9
747.325999934553,-145.26239195379432,132.70238819930015,747.383868618253,-148.03985632251388,-20.00066947937,747.383868618253,-148.03985632251388,131.38461780343917,1.4456261119031845E-5,8.850193625236888E-10
747.325999934553,-145.26239195379432,132.70238819930015,747.433542917133,-147.68771723247085,-20.00066947937,747.433542917133,-147.68771723247085,131.40544186245447,1.3881357334263138E-5,5.339688004006355E-9
747.325999934553,-145.26239195379432,132.70238819930015,747.4499607275283,-147.40787225930242,-20.00066947937,747.4499607275283,-147.40787225930242,131.41652504300453,1.3559399052636465E-5,1.7183149966788138E-9
747.325999934553,-145.26239195379432,132.70238819930015,747.4599638775363,-147.16241424274887,-20.00066947937,747.4599638775363,-147.16241424274887,131.4203053873751,1.3412730793775397E-5,3.4780940802556777E-10
747.325999934553,-145.26239195379432,132.70238819930015,747.479300866413,-146.95516690422917,-20.00066947937,747.479300866413,-146.95516690422917,131.4323037648869,1.3113412854246717E-5,1.5822691094184378E-9
747.325999934553,-145.26239195379432,132.70238819930015,747.5078880304146,-146.77736765463504,-20.00066947937,747.5078880304146,-146.77736765463504,131.44849623495443,1.2743761063600228E-5,2.5195246447011797E-9
747.325999934553,-145.26239195379432,132.70238819930015,747.538419068851,-146.59448794099774,-20.00066947937,747.538419068851,-146.59448794099774,131.4586665034842,1.2504077614107531E-5,1.077448906763764E-9
747.325999934553,-145.26239195379432,132.70238819930015,747.5695906357829,-146.4263760366083,-20.00066947937,747.5695906357829,-146.4263760366083,131.46102250174044,1.2430088895721503E-5,1.01592643051058E-10
747.325999934553,-145.26239195379432,132.70238819930015,747.5975282094945,-146.27836109244888,-20.00066947937,747.5975282094945,-146.27836109244888,131.45899207565841,1.245080332805567E-5,7.044418739479807E-11
747.325999934553,-145.26239195379432,132.70238819930015,747.6258336092559,-146.15100542303495,-20.00066947937,747.6258336092559,-146.15100542303495,131.46518225283432,1.2311768418065776E-5,3.7841674494508213E-10
747.325999934553,-145.26239195379432,132.70238819930015,747.644429236485,-146.0365575478976,-20.00066947937,747.644429236485,-146.0365575478976,131.46894854457204,1.222490240548513E-5,1.484520530779878E-10
747.325999934553,-145.26239195379432,132.70238819930015,747.6603196362087,-145.93455826827915,-20.00066947937,747.6603196362087,-145.93455826827915,131.46887397551654,1.2217505696391707E-5,2.158127061927454E-12
747.325999934553,-145.26239195379432,132.70238819930015,747.675408338358,-145.85169187970624,-20.00066947937,747.675408338358,-145.85169187970624,131.46837222187278,1.2221409603861156E-5,5.463409069581521E-12
747.325999934553,-145.26239195379432,132.70238819930015,747.6906922783452,-145.79434058225362,-20.00066947937,747.6906922783452,-145.79434058225362,131.47259089439393,1.2133972246795642E-5,1.5552414782179987E-10
747.325999934553,-145.26239195379432,132.70238819930015,747.7067698673759,-145.73386139046215,-20.00066947937,747.7067698673759,-145.73386139046215,131.4712330780828,1.2157823044705744E-5,1.946026385899049E-11
747.325999934553,-145.26239195379432,132.70238819930015,747.7185443367691,-145.68242924885428,-20.00066947937,747.7185443367691,-145.68242924885428,131.46561558843715,1.2267439482700277E-5,2.63175512370346E-10
747.325999934553,-145.26239195379432,132.70238819930015,747.7284839487272,-145.63771975328476,-20.00066947937,747.7284839487272,-145.63771975328476,131.4605585961869,1.2366899781723528E-5,2.1187054528759055E-10
747.325999934553,-145.26239195379432,132.70238819930015,747.7344999388296,-145.61190318010298,-20.00066947937,747.7344999388296,-145.61190318010298,131.4568526086951,1.2440468483370844E-5,1.1248276608412742E-10
747.325999934553,-145.26239195379432,132.70238819930015,747.7395142684335,-145.5864213810652,-20.00066947937,747.7395142684335,-145.5864213810652,131.45227160771395,1.2531980153707354E-5,1.7006252070748627E-10
747.325999934553,-145.26239195379432,132.70238819930015,747.7443077445431,-145.5649604031953,-20.00066947937,747.7443077445431,-145.5649604031953,131.4489771475441,1.259799682019056E-5,8.832203068036746E-11
747.325999934553,-145.26239195379432,132.70238819930015,747.7482711681555,-145.55207691335187,-20.00066947937,747.7482711681555,-145.55207691335187,131.4489801773719,1.2597652710628874E-5,1.1275675410798273E-14
747.325999934553,-145.26239195379432,132.70238819930015,747.7512769104959,-145.5444591890701,-20.00066947937,747.7512769104959,-145.5444591890701,131.45085963449714,1.2559496607184948E-5,2.8485702512178255E-11
747.325999934553,-145.26239195379432,132.70238819930015,747.7528967057902,-145.5386401271361,-20.00066947937,747.7528967057902,-145.5386401271361,131.45211240273383,1.2534052473857735E-5,1.2658562755098886E-11
747.325999934553,-145.26239195379432,132.70238819930015,747.7542102143655,-145.53425107692158,-20.00066947937,747.7542102143655,-145.53425107692158,131.4530111119719,1.251581934618493E-5,6.524704755948596E-12
747.325999934553,-145.26239195379432,132.70238819930015,747.7554997676565,-145.5321040179465,-20.00066947937,747.7554997676565,-145.5321040179465,131.45523552523147,1.2470952180519116E-5,3.923461046645414E-11
747.325999934553,-145.26239195379432,132.70238819930015,747.757527705063,-145.52976069548876,-20.00066947937,747.757527705063,-145.52976069548876,131.45845648191673,1.2406166698004119E-5,8.221838025846328E-11
747.325999934553,-145.26239195379432,132.70238819930015,747.7604934041128,-145.52645792272656,-20.00066947937,747.7604934041128,-145.52645792272656,131.46186434420054,1.2337827868252344E-5,9.223751503254337E-11
747.325999934553,-145.26239195379432,132.70238819930015,747.7629489910285,-145.522581815945,-20.00066947937,747.7629489910285,-145.522581815945,131.46342021362568,1.2306674229764291E-5,1.9401487879698046E-11
747.325999934553,-145.26239195379432,132.70238819930015,747.7647451952622,-145.51971143344326,-20.00066947937,747.7647451952622,-145.51971143344326,131.46500110239577,1.2275059178754785E-5,1.993463637705162E-11
747.3264250334983,-145.26229962203408,132.70312954114775,747.774519811358,-145.50002050797303,-20.00066947937,747.774519811358,-145.50002050797303,131.47018445279696,1.2186221310202953E-5,2.1637791319770623E-10
747.3264250334983,-145.26229962203408,132.70312954114775,747.7773830257233,-145.49196515171639,-20.00066947937,747.7773830257233,-145.49196515171639,131.46982699127872,1.2193264194168104E-5,1.1242091564264955E-12
747.3264250334983,-145.26229962203408,132.70312954114775,747.779581099304,-145.485578376739,-20.00066947937,747.779581099304,-145.485578376739,131.46952476594092,1.2199226952289842E-5,7.96200323481523E-13
747.3264250334983,-145.26229962203408,132.70312954114775,747.7812986354317,-145.4827507243155,-20.00066947937,747.7812986354317,-145.4827507243155,131.46998888655884,1.219000044947226E-5,1.764338838085614E-12
747.3264250334983,-145.26229962203408,132.70312954114775,747.7825586488045,-145.480942414964,-20.00066947937,747.7825586488045,-145.480942414964,131.47028927997656,1.2184040783093278E-5,7.410586894344132E-13
747.3264250334983,-145.26229962203408,132.70312954114775,747.783921279812,-145.4798055482736,-20.00066947937,747.783921279812,-145.4798055482736,131.47131523210655,1.216366784142081E-5,8.383056819915729E-12
747.3264250334983,-145.26229962203408,132.70312954114775,747.7848916131835,-145.47935349166966,-20.00066947937,747.7848916131835,-145.47935349166966,131.4722972241525,1.2144182474497429E-5,7.650589813547957E-12
747.3264250334983,-145.26229962203408,132.70312954114775,747.7855989876423,-145.47868027293816,-20.00066947937,747.7855989876423,-145.47868027293816,131.47331268939578,1.212402646547925E-5,8.17150016477151E-12
747.3264250334983,-145.26229962203408,132.70312954114775,747.786425436375,-145.47672595123805,-20.00066947937,747.786425436375,-145.47672595123805,131.474015322085,1.2110068592335573E-5,3.946624912161315E-12
747.3264250334983,-145.26229962203408,132.70312954114775,747.7877201655616,-145.4737745624302,-20.00066947937,747.7877201655616,-145.4737745624302,131.47474870023422,1.2095510069056221E-5,4.328917826440876E-12
747.3264250334983,-145.26229962203408,132.70312954114775,747.7886462481075,-145.47103116380094,-20.00066947937,747.7886462481075,-145.47103116380094,131.4753561895136,1.208344160345355E-5,2.9696044518838747E-12
747.3264250334983,-145.26229962203408,132.70312954114775,747.789382955251,-145.4695747470571,-20.00066947937,747.789382955251,-145.4695747470571,131.47643705208608,1.2062023108260303E-5,9.273726079385444E-12
747.3264250334983,-145.26229962203408,132.70312954114775,747.7899489469602,-145.46930053431794,-20.00066947937,747.7899489469602,-145.46930053431794,131.4775428334005,1.2040152227312026E-5,9.667649239585233E-12
747.3264250334983,-145.26229962203408,132.70312954114775,747.7898511790524,-145.469308785606,-20.00066947937,747.7898511790524,-145.469308785606,131.47769843030179,1.2037067024859833E-5,1.9145062976290634E-13
747.3264250334983,-145.26229962203408,132.70312954114775,747.789760084522,-145.46940633100314,-20.00066947937,747.789760084522,-145.46940633100314,131.47754512781225,1.2040098375952238E-5,1.861009753183579E-13
747.3264250334983,-145.26229962203408,132.70312954114775,747.7895295491858,-145.46956146685267,-20.00066947937,747.7895295491858,-145.46956146685267,131.4775103717114,1.2040776728692246E-5,1.0019252841476192E-14
747.3264250334983,-145.26229962203408,132.70312954114775,747.7906485699472,-145.46649311684155,-20.00066947937,747.7906485699472,-145.46649311684155,131.4782732103278,1.2025667503731658E-5,4.673809082303958E-12
747.3264250334983,-145.26229962203408,132.70312954114775,747.7913107256124,-145.46484329316908,-20.00066947937,747.7913107256124,-145.46484329316908,131.4788846211909,1.2013572487487351E-5,2.9850010096897384E-12
747.3264250334983,-145.26229962203408,132.70312954114775,747.7917169833147,-145.46343919849298,-20.00066947937,747.7917169833147,-145.46343919849298,131.47916122340715,1.2008092227184876E-5,6.161259982145131E-13
747.3264250334983,-145.26229962203408,132.70312954114775,747.7916689396009,-145.4634917668756,-20.00066947937,747.7916689396009,-145.4634917668756,131.47941563962644,1.2003062296532755E-5,5.106978580898992E-13
747.3264250334983,-145.26229962203408,132.70312954114775,747.7916604134936,-145.46394712192554,-20.00066947937,747.7916604134936,-145.46394712192554,131.4799518366653,1.1992479375386598E-5,2.269883085524407E-12
747.3264250334983,-145.26229962203408,132.70312954114775,747.7915972314155,-145.464457991549,-20.00066947937,747.7915972314155,-145.464457991549,131.48058506473404,1.1979983628192115E-5,3.1670198581659988E-12
747.3264250334983,-145.26229962203408,132.70312954114775,747.7916760093401,-145.46478898863563,-20.00066947937,747.7916760093401,-145.46478898863563,131.48137572621326,1.1964391951188412E-5,4.932509486158879E-12
747.3264250334983,-145.26229962203408,132.70312954114775,747.7917717588296,-145.4650536591825,-20.00066947937,747.7917717588296,-145.4650536591825,131.48187135664,1.1954627740873506E-5,1.9399115152886714E-12
747.3264250334983,-145.26229962203408,132.70312954114775,747.7918985838803,-145.46395818565622,-20.00066947937,747.7918985838803,-145.46395818565622,131.4817916053462,1.1956179820331785E-5,5.2421699137384174E-14
747.3264250334983,-145.26229962203408,132.70312954114775,747.7921159527178,-145.46312710778759,-20.00066947937,747.7921159527178,-145.46312710778759,131.48171255488103,1.1957730535956461E-5,5.142835356850534E-14
747.3264250334983,-145.26229962203408,132.70312954114775,747.7923541762025,-145.46222418990234,-20.00066947937,747.7923541762025,-145.46222418990234,131.4817804537115,1.19563823416503E-5,3.8380468013089235E-14
747.3264250334983,-145.26229962203408,132.70312954114775,747.7923661524858,-145.46171840729318,-20.00066947937,747.7923661524858,-145.46171840729318,131.48182985937768,1.1955395692459885E-5,1.9771769920840406E-14
747.3264250334983,-145.26229962203408,132.70312954114775,747.7924089432732,-145.46216931979387,-20.00066947937,747.7924089432732,-145.46216931979387,131.48233179153712,1.1945512487764238E-5,1.99010183189448E-12
747.3264250334983,-145.26229962203408,132.70312954114775,747.7925730168757,-145.4623606618181,-20.00066947937,747.7925730168757,-145.4623606618181,131.48293425635916,1.1933653037183607E-5,2.866068195830233E-12
747.3264250334983,-145.26229962203408,132.70312954114775,747.792478719978,-145.46249612683292,-20.00066947937,747.792478719978,-145.46249612683292,131.48325966194233,1.1927239869521699E-5,8.364310374111371E-13
747.3264250334983,-145.26229962203408,132.70312954114775,747.7923920621146,-145.46278668677198,-20.00066947937,747.7923920621146,-145.46278668677198,131.4835653804752,1.1921220599361804E-5,7.392899076954497E-13
747.3264250334983,-145.26229962203408,132.70312954114775,747.7924475616487,-145.46289592863903,-20.00066947937,747.7924475616487,-145.46289592863903,131.48402876224614,1.1912102705301185E-5,1.6935728063748807E-12
747.3264250334983,-145.26229962203408,132.70312954114775,747.7924245894981,-145.46283939551256,-20.00066947937,747.7924245894981,-145.46283939551256,131.48434073285316,1.190595917199359E-5,7.67305042241447E-13
747.3264250334983,-145.26229962203408,132.70312954114775,747.7926887612631,-145.46279249517372,-20.00066947937,747.7926887612631,-145.46279249517372,131.48510026330592,1.1891030112339627E-5,4.554323594500873E-12
747.3264250334983,-145.26229962203408,132.70312954114775,747.7929218978733,-145.4620453395637,-20.00066947937,747.7929218978733,-145.4620453395637,131.48524152655943,1.1888246627940557E-5,1.6095744148603892E-13
747.3264250334983,-145.26229962203408,132.70312954114775,747.7928392529412,-145.46187450796276,-20.00066947937,747.7928392529412,-145.46187450796276,131.48519394971044,1.1889173018156121E-5,1.8187293607689968E-14
747.3264250334983,-145.26229962203408,132.70312954114775,747.7927655939686,-145.46194179698318,-20.00066947937,747.7927655939686,-145.46194179698318,131.48521816736064,1.1888694062709915E-5,4.739705883854229E-15
747.3264250334983,-145.26229962203408,132.70312954114775,747.7927255399117,-145.46214769152044,-20.00066947937,747.7927255399117,-145.46214769152044,131.4852341083223,1.1888383429072828E-5,2.101102678009722E-15
747.3264250334983,-145.26229962203408,132.70312954114775,747.7926632493374,-145.46267097399692,-20.00066947937,747.7926632493374,-145.46267097399692,131.48638748175546,1.1865721504385448E-5,1.0494046712919163E-11
747.3264250334983,-145.26229962203408,132.70312954114775,747.792894188447,-145.46242830886627,-20.00066947937,747.792894188447,-145.46242830886627,131.48711876606257,1.1851365746808276E-5,4.224041693378778E-12
747.3264250334983,-145.26229962203408,132.70312954114775,747.7930408219163,-145.46220308106848,-20.00066947937,747.7930408219163,-145.46220308106848,131.48748575021153,1.184416404682384E-5,1.0650987209763474E-12
747.3264250334983,-145.26229962203408,132.70312954114775,747.7928562396393,-145.46231307730594,-20.00066947937,747.7928562396393,-145.46231307730594,131.4877525431454,1.183891955639642E-5,5.63622595634393E-13
747.3264250334983,-145.26229962203408,132.70312954114775,747.7929592524271,-145.46258015412917,-20.00066947937,747.7929592524271,-145.46258015412917,131.4881876336583,1.1830395544653567E-5,1.495632482793093E-12
747.3264250334983,-145.26229962203408,132.70312954114775,747.792789445815,-145.46274611949642,-20.00066947937,747.792789445815,-145.46274611949642,131.48822133833292,1.1829728496268645E-5,9.343022153831713E-15
747.3264250334983,-145.26229962203408,132.70312954114775,747.7925509695318,-145.46304246206003,-20.00066947937,747.7925509695318,-145.46304246206003,131.48818471478177,1.1830440354921549E-5,1.121901618693735E-14
747.3264250334983,-145.26229962203408,132.70312954114775,747.7924385844101,-145.4630366361095,-20.00066947937,747.7924385844101,-145.4630366361095,131.4881501563453,1.1831111491603251E-5,9.59870809653155E-15
747.3264250334983,-145.26229962203408,132.70312954114775,747.7924282435473,-145.46280585357835,-20.00066947937,747.7924282435473,-145.46280585357835,131.4880768674097,1.1832542810631573E-5,4.2694178997220506E-14
747.3264250334983,-145.26229962203408,132.70312954114775,747.7924937067024,-145.46285675874554,-20.00066947937,747.7924937067024,-145.46285675874554,131.48823707434937,1.1829405061774536E-5,2.0283604244863627E-13
747.3264250334983,-145.26229962203408,132.70312954114775,747.7927098360148,-145.46261702030074,-20.00066947937,747.7927098360148,-145.46261702030074,131.48880039998727,1.181836382476517E-5,2.5081879226153393E-12
747.3264250334983,-145.26229962203408,132.70312954114775,747.7928522797782,-145.4622747747094,-20.00066947937,747.7928522797782,-145.4622747747094,131.48921638843856,1.1810208553447131E-5,1.3688109918901105E-12
747.3264250334983,-145.26229962203408,132.70312954114775,747.7928214633242,-145.46245477479283,-20.00066947937,747.7928214633242,-145.46245477479283,131.48947917253176,1.180506118136862E-5,5.452889434759302E-13
747.3264250334983,-145.26229962203408,132.70312954114775,747.7927933845307,-145.46256314345845,-20.00066947937,747.7927933845307,-145.46256314345845,131.48968661530097,1.1800997551723592E-5,3.396943948829756E-13
747.3264250334983,-145.26229962203408,132.70312954114775,747.792665783962,-145.46274950220007,-20.00066947937,747.792665783962,-145.46274950220007,131.48984645177418,1.1797863310191614E-5,2.028283393329574E-13
747.3264250334983,-145.26229962203408,132.70312954114775,747.7926330691345,-145.4630920822329,-20.00066947937,747.7926330691345,-145.4630920822329,131.49003874020678,1.1794103474309605E-5,2.929039512575812E-13
747.3264250334983,-145.26229962203408,132.70312954114775,747.7926175676869,-145.4630574325923,-20.00066947937,747.7926175676869,-145.4630574325923,131.4901734976756,1.1791462337316406E-5,1.4323264867517978E-13
747.3264250334983,-145.26229962203408,132.70312954114775,747.7924522400717,-145.46327803176507,-20.00066947937,747.7924522400717,-145.46327803176507,131.49028008049777,1.1789370874071198E-5,9.081635205290338E-14
747.3264250334983,-145.26229962203408,132.70312954114775,747.792664603997,-145.46308443227133,-20.00066947937,747.792664603997,-145.46308443227133,131.4906353876712,1.1782421609652126E-5,9.99426915911545E-13
747.3264250334983,-145.26229962203408,132.70312954114775,747.7924304531249,-145.46295874793248,-20.00066947937,747.7924304531249,-145.46295874793248,131.4906288770293,1.1782531979383967E-5,4.3017031314694447E-16
747.3264250334983,-145.26229962203408,132.70312954114775,747.7925379394244,-145.4628101118747,-20.00066947937,747.7925379394244,-145.4628101118747,131.4907767187728,1.1779640419582643E-5,1.7338052026963407E-13
747.3264250334983,-145.26229962203408,132.70312954114775,747.7924088145096,-145.46297991614384,-20.00066947937,747.7924088145096,-145.46297991614384,131.4909426476966,1.1776389316438866E-5,2.1847729580562177E-13
747.3264250334983,-145.26229962203408,132.70312954114775,747.792350523751,-145.46301585060425,-20.00066947937,747.792350523751,-145.46301585060425,131.4909725867258,1.1775800821870814E-5,7.166681851960176E-15
747.3264250334983,-145.26229962203408,132.70312954114775,747.7923419551929,-145.4631086289524,-20.00066947937,747.7923419551929,-145.4631086289524,131.49099344065496,1.1775394544188156E-5,3.474246720376172E-15
747.3264250334983,-145.26229962203408,132.70312954114775,747.7920553070124,-145.46336286654437,-20.00066947937,747.7920553070124,-145.46336286654437,131.49089942618298,1.1777224104775279E-5,7.141996305956965E-14
747.3264250334983,-145.26229962203408,132.70312954114775,747.7920942828127,-145.4633975512173,-20.00066947937,747.7920942828127,-145.4633975512173,131.49095391633801,1.17761608061219E-5,2.3528388108570155E-14
747.3264250334983,-145.26229962203408,132.70312954114775,747.7917109753956,-145.46339757795855,-20.00066947937,747.7917109753956,-145.46339757795855,131.49084270692939,1.1778314785567053E-5,9.946994345334805E-14
747.3264250334983,-145.26229962203408,132.70312954114775,747.7919926612396,-145.46343367498943,-20.00066947937,747.7919926612396,-145.46343367498943,131.4913364077744,1.1768670889904196E-5,1.926905390772463E-12
747.3264250334983,-145.26229962203408,132.70312954114775,747.7921594475773,-145.46307459476105,-20.00066947937,747.7921594475773,-145.46307459476105,131.49167205577393,1.1762105417793622E-5,8.925659336380251E-13
747.3264250334983,-145.26229962203408,132.70312954114775,747.7919763221921,-145.4630422397969,-20.00066947937,747.7919763221921,-145.4630422397969,131.49204122829894,1.1754873908649337E-5,1.0769864611276304E-12
747.3264250334983,-145.26229962203408,132.70312954114775,747.7922669869772,-145.4632045481517,-20.00066947937,747.7922669869772,-145.4632045481517,131.4925229175799,1.1745478301576209E-5,1.8359250491050663E-12
747.3264250334983,-145.26229962203408,132.70312954114775,747.791954084122,-145.46297985261253,-20.00066947937,747.791954084122,-145.46297985261253,131.49246233549906,1.174663822672975E-5,3.0112524617555687E-14
747.3264250334983,-145.26229962203408,132.70312954114775,747.7917321706556,-145.4632940775084,-20.00066947937,747.7917321706556,-145.4632940775084,131.4925784285782,1.1744363985084155E-5,1.0815896609277603E-13
747.3264250334983,-145.26229962203408,132.70312954114775,747.7918115791662,-145.46343311045416,-20.00066947937,747.7918115791662,-145.46343311045416,131.49271780476744,1.1741648291368428E-5,1.539430271245662E-13
747.3264250334983,-145.26229962203408,132.70312954114775,747.7916540367278,-145.46345328039604,-20.00066947937,747.7916540367278,-145.46345328039604,131.49265878328825,1.1742792961714226E-5,2.7911242806297286E-14
747.3264250334983,-145.26229962203408,132.70312954114775,747.7917284824391,-145.4634312216441,-20.00066947937,747.7917284824391,-145.4634312216441,131.49278077626573,1.1740412739120467E-5,1.1771382582693307E-13
747.3264250334983,-145.26229962203408,132.70312954114775,747.7918449842763,-145.4632789376247,-20.00066947937,747.7918449842763,-145.4632789376247,131.49288007273327,1.173847540749229E-5,7.853260835077758E-14
747.3264250334983,-145.26229962203408,132.70312954114775,747.7918661195188,-145.46247648609378,-20.00066947937,747.7918661195188,-145.46247648609378,131.4926928171572,1.1742115471596403E-5,2.7948650701529086E-13
747.3264250334983,-145.26229962203408,132.70312954114775,747.7919244929192,-145.4623602665759,-20.00066947937,747.7919244929192,-145.4623602665759,131.49283185946902,1.1739398823103146E-5,1.5300017444173672E-13
747.3264250334983,-145.26229962203408,132.70312954114775,747.7918065968078,-145.46326100207443,-20.00066947937,747.7918065968078,-145.46326100207443,131.4940033516216,1.1716534316037396E-5,1.0838399582054328E-11
747.3264250334983,-145.26229962203408,132.70312954114775,747.7916652882681,-145.46323515735222,-20.00066947937,747.7916652882681,-145.46323515735222,131.49406854746928,1.1715252641662872E-5,3.3958102831731295E-14
747.3264250334983,-145.26229962203408,132.70312954114775,747.7917355164021,-145.46358102654042,-20.00066947937,747.7917355164021,-145.46358102654042,131.49442239306305,1.1708359469741956E-5,9.899394053212688E-13
747.3264250334983,-145.26229962203408,132.70312954114775,747.7914562405862,-145.46403544640583,-20.00066947937,747.7914562405862,-145.46403544640583,131.49458312646289,1.1705218198774794E-5,2.0718116665697534E-13
747.3264250334983,-145.26229962203408,132.70312954114775,747.7907294885407,-145.46567642711042,-20.00066947937,747.7907294885407,-145.46567642711042,131.49476465923757,1.1701675768594732E-5,2.722567807292196E-13
747.3264250334983,-145.26229962203408,132.70312954114775,747.7887413894216,-145.47088703326233,-20.00066947937,747.7887413894216,-145.47088703326233,131.49534305338747,1.1690414039500063E-5,2.7551521818243326E-12
747.3264250334983,-145.26229962203408,132.70312954114775,747.7844505406706,-145.48187079468045,-20.00066947937,747.7844505406706,-145.48187079468045,131.49621121987974,1.1673539374309022E-5,6.32880365859755E-12
747.3264250334983,-145.26229962203408,132.70312954114775,747.767191563719,-145.51485881161202,-20.00066947937,747.767191563719,-145.51485881161202,131.49612190474926,1.167528369200293E-5,2.818145389976167E-13
747.3264250334983,-145.26229962203408,132.70312954114775,747.7209797354931,-145.60451544135077,-20.00066947937,747.7209797354931,-145.60451544135077,131.49630917608243,1.1672566614744567E-5,1.7718189427027524E-12
747.3264250334983,-145.26229962203408,132.70312954114775,747.6271646498026,-145.77570480023178,-20.00066947937,747.6271646498026,-145.77570480023178,131.49410524410604,1.1720700625511991E-5,6.35080994564227E-11
747.3264250334983,-145.26229962203408,132.70312954114775,747.4905545021635,-146.01298927240703,-20.00066947937,747.4905545021635,-146.01298927240703,131.4877822564803,1.1859566773524107E-5,4.3028917276558557E-10
747.3264250334983,-145.26229962203408,132.70312954114775,747.2878492557427,-146.35041197893312,-20.00066947937,747.2878492557427,-146.35041197893312,131.47547402764926,1.214095749269386E-5,1.6010950565820679E-9
747.3264250334983,-145.26229962203408,132.70312954114775,747.0635392564836,-146.70916284419678,-20.00066947937,747.0635392564836,-146.70916284419678,131.4611181135064,1.249191880370499E-5,2.4276583003384403E-9
747.3264250334983,-145.26229962203408,132.70312954114775,746.7643442773963,-147.17614560797756,-20.00066947937,746.7643442773963,-147.17614560797756,131.44123700923174,1.3017269664466068E-5,5.254798343334786E-9
747.3264250334983,-145.26229962203408,132.70312954114775,746.4478089589177,-147.67201917563938,-20.00066947937,746.4478089589177,-147.67201917563938,131.42594490251855,1.3510631924291079E-5,4.4629469059457945E-9
747.3264250334983,-145.26229962203408,132.70312954114775,746.0861897696388,-148.2200755241991,-20.00066947937,746.0861897696388,-148.2200755241991,131.4026212805072,1.4262927189333491E-5,9.903973995101521E-9
747.3264250334983,-145.26229962203408,132.70312954114775,745.7003009650196,-148.8549567600155,-20.00066947937,745.7003009650196,-148.8549567600155,131.39472523554306,1.4806829376299067E-5,4.971934391273291E-9
747.3264250334983,-145.26229962203408,132.70312954114775,745.2773536807999,-149.53132251303393,-20.00066947937,745.2773536807999,-149.53132251303393,131.38175816315072,1.5592059266141368E-5,9.89602156778756E-9
747.3264250334983,-145.26229962203408,132.70312954114775,744.8370701378478,-150.2404770318173,-20.00066947937,744.8370701378478,-150.2404770318173,131.3734435733006,1.6416315771102314E-5,1.0375535009835572E-8
747.3264250334983,-145.26229962203408,132.70312954114775,744.4024265041058,-150.94551568861678,-20.00066947937,744.4024265041058,-150.94551568861678,131.37547461504593,1.7117438232912316E-5,9.266148939684286E-9
747.3264250334983,-145.26229962203408,132.70312954114775,743.9608732872572,-151.63740505425451,-20.00066947937,743.9608732872572,-151.63740505425451,131.3781126598355,1.7916285450345225E-5,1.196646580893169E-8
747.3264250334983,-145.26229962203408,132.70312954114775,743.4854743906058,-152.3725932782599,-20.00066947937,743.4854743906058,-152.3725932782599,131.37908195433232,1.895296215225843E-5,1.5628985305133553E-8
747.3264250334983,-145.26229962203408,132.70312954114775,742.9751248042215,-153.17182667829456,-20.00066947937,742.9751248042215,-153.17182667829456,131.38506212829049,2.0125923836744166E-5,2.7237259584682674E-8
747.3264250334983,-145.26229962203408,132.70312954114775,742.4160652668704,-154.04281212068946,-20.00066947937,742.4160652668704,-154.04281212068946,131.3884250872076,2.1705880872012864E-5,3.606530545945514E-8
747.3264250334983,-145.26229962203408,132.70312954114775,741.8077377354449,-154.9727520528246,-20.00066947937,741.8077377354449,-154.9727520528246,131.38459994027724,2.3888444593827088E-5,5.1087423458087685E-8
747.3264250334983,-145.26229962203408,132.70312954114775,741.1802633322126,-155.94209189582182,-20.00066947937,741.1802633322126,-155.94209189582182,131.3867574122269,2.6334550679698956E-5,6.427451332091272E-8
747.3264250334983,-145.26229962203408,132.70312954114775,740.5124639757245,-156.97850247407143,-20.00066947937,740.5124639757245,-156.97850247407143,131.38740159010666,2.9421928533523706E-5,8.563816476943539E-8
747.3264250334983,-145.26229962203408,132.70312954114775,739.7291574779297,-158.166707590972,-20.00066947937,739.7291574779297,-158.166707590972,131.37442616820212,3.4054290658679555E-5,1.6456275515533862E-7
747.3264250334983,-145.26229962203408,132.70312954114775,738.9365223272769,-159.44424994919808,-20.00066947937,738.9365223272769,-159.44424994919808,131.37148281249924,3.943849143257987E-5,1.9208991591847587E-7
747.3264250334983,-145.26229962203408,132.70312954114775,738.0383889641879,-160.92793320390572,-20.00066947937,738.0383889641879,-160.92793320390572,131.37769576544568,4.6461740488839274E-5,3.1742396616919185E-7
747.3264250334983,-145.26229962203408,132.70312954114775,737.1591829742404,-162.28855088829164,-20.00066947937,737.1591829742404,-162.28855088829164,131.36802484109407,5.491784103109294E-5,3.4157925853786944E-7
747.3264250334983,-145.26229962203408,132.70312954114775,736.3456116409104,-163.54503889787048,-20.00066947937,736.3456116409104,-163.54503889787048,131.37065617901965,6.350090872225222E-5,3.17345226420416E-7
747.3264250334983,-145.26229962203408,132.70312954114775,735.4732984657279,-164.89987692284495,-20.00066947937,735.4732984657279,-164.89987692284495,131.38743574830627,7.351987079242337E-5,4.7390968919811727E-7
747.3264250334983,-145.26229962203408,132.70312954114775,734.5097053711054,-166.2767525082872,-20.00066947937,734.5097053711054,-166.2767525082872,131.373368561882,8.733720298177034E-5,5.696084531317089E-7
747.3264250334983,-145.26229962203408,132.70312954114775,733.6947955692449,-167.48068989343034,-20.00066947937,733.6947955692449,-167.48068989343034,131.36878778346224,1.0063728617708651E-4,4.506292028349989E-7
747.3264250334983,-145.26229962203408,132.70312954114775,732.9171439334241,-168.6690277676192,-20.00066947937,732.9171439334241,-168.6690277676192,131.37451506523146,1.1469079840938602E-4,4.815702795397257E-7
747.3264250334983,-145.26229962203408,132.70312954114775,731.65986195926,-170.65741529036387,-20.00066947937,731.65986195926,-170.65741529036387,131.3774762091501,1.4230974225129954E-4,1.4561793293869287E-6
747.3264250334983,-145.26229962203408,132.70312954114775,730.8277036182474,-171.9572100730263,-20.00066947937,730.8277036182474,-171.9572100730263,131.38353686054677,1.6308229604009863E-4,7.25623627422501E-7
747.3264250334983,-145.26229962203408,132.70312954114775,730.0427683331355,-173.1599512082439,-20.00066947937,730.0427683331355,-173.1599512082439,131.4036501359932,1.8354281578242376E-4,7.503831841055503E-7
747.3264250334983,-145.26229962203408,132.70312954114775,729.2579763853074,-174.32915055977185,-20.00066947937,729.2579763853074,-174.32915055977185,131.4307570234087,2.05136973803318E-4,8.114390275301127E-7
747.3264250334983,-145.26229962203408,132.70312954114775,728.4618680690705,-175.47559973367763,-20.00066947937,728.4618680690705,-175.47559973367763,131.45066385150784,2.2933497100085718E-4,8.179434474284398E-7
747.3264250334983,-145.26229962203408,132.70312954114775,727.6769538882774,-176.6370385387809,-20.00066947937,727.6769538882774,-176.6370385387809,131.47246813898676,2.5590650652841375E-4,8.913837054620816E-7
747.3264250334983,-145.26229962203408,132.70312954114775,726.8370815720788,-177.8967466890115,-20.00066947937,726.8370815720788,-177.8967466890115,131.5023279055575,2.8688073668587305E-4,1.1462819137606655E-6
747.3264250334983,-145.26229962203408,132.70312954114775,726.1141887555306,-179.01032748199705,-20.00066947937,726.1141887555306,-179.01032748199705,131.54172613667845,3.1524458193551E-4,1.0046891001973408E-6
747.3264250334983,-145.26229962203408,132.70312954114775,725.3464395902205,-180.14710166437172,-20.00066947937,725.3464395902205,-180.14710166437172,131.5607910174031,3.49461969269125E-4,1.0113709386220354E-6
747.3264250334983,-145.26229962203408,132.70312954114775,724.6422668661038,-181.19382835709973,-20.00066947937,724.6422668661038,-181.19382835709973,131.58779756536657,3.8246737498404874E-4,9.489206229210036E-7
747.3264250334983,-145.26229962203408,132.70312954114775,724.0069109637147,-182.1672112917262,-20.00066947937,724.0069109637147,-182.1672112917262,131.62730008622225,4.133846333661227E-4,9.144432827691347E-7
747.3264250334983,-145.26229962203408,132.70312954114775,723.3899581067195,-183.03449404620477,-20.00066947937,723.3899581067195,-183.03449404620477,131.64877519427245,4.453421262677098E-4,7.275520732204191E-7
747.3264250334983,-145.26229962203408,132.70312954114775,722.8267109014104,-183.85861426380526,-20.00066947937,722.8267109014104,-183.85861426380526,131.68548273905716,4.7500403698056597E-4,7.361262652513782E-7
747.3264250334983,-145.26229962203408,132.70312954114775,722.2713977869697,-184.6036431452804,-20.00066947937,722.2713977869697,-184.6036431452804,131.69398702141473,5.074726484879594E-4,5.522340732215098E-7
747.3264250334983,-145.26229962203408,132.70312954114775,721.7817408988199,-185.33562863692188,-20.00066947937,721.7817408988199,-185.33562863692188,131.7313027631653,5.35872949948084E-4,6.276824853478337E-7
747.3264250334983,-145.26229962203408,132.70312954114775,721.3420393951172,-185.95998675708404,-20.00066947937,721.3420393951172,-185.95998675708404,131.75094322015374,5.633659610751164E-4,4.385487240684131E-7
747.3264250334983,-145.26229962203408,132.70312954114775,720.940122063526,-186.5554035634505,-20.00066947937,720.940122063526,-186.5554035634505,131.77236962474763,5.898577178336929E-4,4.070966026548729E-7
747.3264250334983,-145.26229962203408,132.70312954114775,720.3833676530212,-187.39167623890742,-20.00066947937,720.3833676530212,-187.39167623890742,131.79762809647087,6.293182568339049E-4,7.960576462103077E-7
747.3264250334983,-145.26229962203408,132.70312954114775,720.0176190200671,-187.9319492989389,-20.00066947937,720.0176190200671,-187.9319492989389,131.81428212481694,6.560173690578472E-4,3.443850991874798E-7
747.3264250334983,-145.26229962203408,132.70312954114775,719.6970060220577,-188.40756569041673,-20.00066947937,719.6970060220577,-188.40756569041673,131.83089286904075,6.799268618369179E-4,2.7612190631618193E-7
747.3264250334983,-145.26229962203408,132.70312954114775,719.4219238322502,-188.81779178213046,-20.00066947937,719.4219238322502,-188.81779178213046,131.84421481908734,7.012309921054845E-4,2.0556154700419546E-7
747.3264250334983,-145.26229962203408,132.70312954114775,719.2073073029113,-189.1458099855678,-20.00066947937,719.2073073029113,-189.1458099855678,131.85648943636045,7.182457447769716E-4,1.342163632310344E-7
747.3264250334983,-145.26229962203408,132.70312954114775,719.0159768855234,-189.44652636749439,-20.00066947937,719.0159768855234,-189.44652636749439,131.86965901078435,7.33678698818048E-4,1.1550668026321797E-7
747.3264250334983,-145.26229962203408,132.70312954114775,718.8562070219614,-189.6912198581959,-20.00066947937,718.8562070219614,-189.6912198581959,131.88102899965574,7.464393461477795E-4,7.910548444685336E-8
747.3264250334983,-145.26229962203408,132.70312954114775,718.7317641945345,-189.89171974121638,-20.00066947937,718.7317641945345,-189.89171974121638,131.89639764678338,7.558532502320939E-4,5.9237285986592145E-8
747.3264250334983,-145.26229962203408,132.70312954114775,718.6425010419648,-190.01568768419747,-20.00066947937,718.6425010419648,-190.01568768419747,131.90365415110662,7.624390882953278E-4,2.2792270116923286E-8
747.3264250334983,-145.26229962203408,132.70312954114775,718.5893789798432,-190.09671894212116,-20.00066947937,718.5893789798432,-190.09671894212116,131.9160914550603,7.653457159251453E-4,1.337152978883277E-8
747.3264250334983,-145.26229962203408,132.70312954114775,718.5716460170307,-190.11063019627426,-20.00066947937,718.5716460170307,-190.11063019627426,131.92043489104051,7.657180630540434E-4,8.669033576693372E-10
747.3264250334983,-145.26229962203408,132.70312954114775,718.569808028185,-190.1124501602292,-20.00066947937,718.569808028185,-190.1124501602292,131.92918700351333,7.643938873108699E-4,5.809300004442947E-10
747.3264250334983,-145.26229962203408,132.70312954114775,718.5777390597287,-190.09730395945243,-20.00066947937,718.5777390597287,-190.09730395945243,131.9343905019902,7.626559475732694E-4,7.77485973215381E-10
747.3264250334983,-145.26229962203408,132.70312954114775,718.5863705581104,-190.07925358468506,-20.00066947937,718.5863705581104,-190.07925358468506,131.9347531731713,7.615776884858601E-4,3.3222720783071195E-10
747.3264250334983,-145.26229962203408,132.70312954114775,718.5966287539538,-190.05511115649549,-20.00066947937,718.5966287539538,-190.05511115649549,131.93077505003578,7.609118794965953E-4,1.0566877534482654E-9
747.3264250334983,-145.26229962203408,132.70312954114775,718.5950577494706,-190.04739198268646,-20.00066947937,718.5950577494706,-190.04739198268646,131.92641832506598,7.613443143138866E-4,2.9961835633298575E-10
747.3264250334983,-145.26229962203408,132.70312954114775,718.5814274980625,-190.05935374981433,-20.00066947937,718.5814274980625,-190.05935374981433,131.92247906081388,7.628906968105894E-4,6.279958479888801E-10
747.3264250334983,-145.26229962203408,132.70312954114775,718.5515249167902,-190.10335158287845,-20.00066947937,718.5515249167902,-190.10335158287845,131.92048493337293,7.659533873552376E-4,2.641783170147405E-9
747.3264250334983,-145.26229962203408,132.70312954114775,718.5134498867758,-190.16224948230527,-20.00066947937,718.5134498867758,-190.16224948230527,131.92008636013486,7.696338185643758E-4,3.875848573008422E-9
747.3264250334983,-145.26229962203408,132.70312954114775,718.479199075333,-190.21940233415012,-20.00066947937,718.479199075333,-190.21940233415012,131.9214660349863,7.728472281091834E-4,3.8046296858892056E-9
718.0039488001661,-190.38004467527801,132.97651484285,718.4253989392859,-190.32090132925163,-20.00066947937,718.4253989392859,-190.32090132925163,131.93195978159744,8.69158757231313E-6,8.883285525361147E-10
718.0039488001661,-190.38004467527801,132.97651484285,718.4196550193737,-190.3314046773806,-20.00066947937,718.4196550193737,-190.3314046773806,131.9365424001087,8.614694081072692E-6,1.6616359643497391E-10
718.0039488001661,-190.38004467527801,132.97651484285,718.4107308941855,-190.34215557633186,-20.00066947937,718.4107308941855,-190.34215557633186,131.9420009985678,8.523489771620517E-6,2.3608535342887036E-10
718.0039488001661,-190.38004467527801,132.97651484285,718.3997504001311,-190.34925709149715,-20.00066947937,718.3997504001311,-190.34925709149715,131.94783248796335,8.426573571620167E-6,2.6960629222783787E-10
718.0039488001661,-190.38004467527801,132.97651484285,718.3903807168097,-190.350455463732,-20.00066947937,718.3903807168097,-190.350455463732,131.95400877350696,8.324669606531749E-6,3.0171119536581017E-10
718.0039488001661,-190.38004467527801,132.97651484285,718.3872815881178,-190.341604996079,-20.00066947937,718.3872815881178,-190.341604996079,131.9588443821793,8.24553655857806E-6,1.8427163170963454E-10
718.0039488001661,-190.38004467527801,132.97651484285,718.3992081090927,-190.30985652725627,-20.00066947937,718.3992081090927,-190.30985652725627,131.9561233238908,8.29064133948273E-6,5.990520192369639E-11
718.0039488001661,-190.38004467527801,132.97651484285,718.4622663219923,-190.16518510528815,-20.00066947937,718.4622663219923,-190.16518510528815,131.9346132755708,8.651280514800516E-6,3.738083116334206E-9
718.0039488001661,-190.38004467527801,132.97651484285,718.5897835970334,-189.89094596759483,-20.00066947937,718.5897835970334,-189.89094596759483,131.89896827277732,9.27551763500185E-6,1.0582359465346245E-8
718.0039488001661,-190.38004467527801,132.97651484285,718.7409697778947,-189.59383545278897,-20.00066947937,718.7409697778947,-189.59383545278897,131.86953968852117,9.825399035865994E-6,7.70196482799981E-9
718.0039488001661,-190.38004467527801,132.97651484285,718.9459935839541,-189.22248960389805,-20.00066947937,718.9459935839541,-189.22248960389805,131.84245889366557,1.0377269381610576E-5,7.334255457825808E-9
718.0039488001661,-190.38004467527801,132.97651484285,719.1899089341707,-188.81762457313292,-20.00066947937,719.1899089341707,-188.81762457313292,131.82968422069072,1.0710267768157696E-5,2.5628195556151104E-9
718.0039488001661,-190.38004467527801,132.97651484285,719.5145899760631,-188.2779726747444,-20.00066947937,719.5145899760631,-188.2779726747444,131.81563365523468,1.1148542512283073E-5,4.287964333994223E-9
718.0039488001661,-190.38004467527801,132.97651484285,719.8913139115343,-187.68090097187618,-20.00066947937,719.8913139115343,-187.68090097187618,131.81378039712155,1.1441105797196746E-5,1.8618674842012797E-9
718.0039488001661,-190.38004467527801,132.97651484285,720.2941888376414,-187.0055107586839,-20.00066947937,720.2941888376414,-187.0055107586839,131.80069629637129,1.206220922274648E-5,8.026638238334132E-9
718.0039488001661,-190.38004467527801,132.97651484285,720.6314691013469,-186.4654343815698,-20.00066947937,720.6314691013469,-186.4654343815698,131.80265009027352,1.2384194125793152E-5,3.211051402255008E-9
718.0039488001661,-190.38004467527801,132.97651484285,720.95954288604,-185.8820956247242,-20.00066947937,720.95954288604,-185.8820956247242,131.78184961426822,1.3253181155987565E-5,1.4370942961054729E-8
718.0039488001661,-190.38004467527801,132.97651484285,721.2490728363249,-185.38069392039543,-20.00066947937,721.2490728363249,-185.38069392039543,131.76418205051831,1.4072164400843579E-5,1.1971053001621953E-8
718.0039488001661,-190.38004467527801,132.97651484285,721.5256046706593,-184.87397230191186,-20.00066947937,721.5256046706593,-184.87397230191186,131.73321768934102,1.5255862766588963E-5,2.3232091023561858E-8
718.0039488001661,-190.38004467527801,132.97651484285,721.8065598877428,-184.37124296001113,-20.00066947937,721.8065598877428,-184.37124296001113,131.70333726561284,1.6511536217544334E-5,2.4118584028460667E-8
718.0039488001661,-190.38004467527801,132.97651484285,722.0990395118118,-183.85796068809847,-20.00066947937,722.0990395118118,-183.85796068809847,131.6727471000333,1.790419032282735E-5,2.7361756770355924E-8
718.0039488001661,-190.38004467527801,132.97651484285,722.4094974773298,-183.3446503774359,-20.00066947937,722.4094974773298,-183.3446503774359,131.64975227401143,1.9232583669993842E-5,2.3085296912616015E-8
718.0039488001661,-190.38004467527801,132.97651484285,722.7099177533846,-182.84278196710332,-20.00066947937,722.7099177533846,-182.84278196710332,131.63086036258525,2.054031677152783E-5,2.0892255605491928E-8
718.0039488001661,-190.38004467527801,132.97651484285,723.0013231528126,-182.34911503222145,-20.00066947937,723.0013231528126,-182.34911503222145,131.62438591667097,2.160005621600101E-5,1.2999048165779007E-8
718.0039488001661,-190.38004467527801,132.97651484285,723.3051583590383,-181.8173584149145,-20.00066947937,723.3051583590383,-181.8173584149145,131.62875775536438,2.251780035822554E-5,1.4694952618463647E-8
718.0039488001661,-190.38004467527801,132.97651484285,723.6202142289337,-181.24819829065896,-20.00066947937,723.6202142289337,-181.24819829065896,131.64010993077002,2.340014164238094E-5,2.3975212595858885E-8
718.0039488001661,-190.38004467527801,132.97651484285,723.9540110529789,-180.64791803208806,-20.00066947937,723.9540110529789,-180.64791803208806,131.65797321058272,2.426747446113169E-5,3.5404202773638894E-8
718.0039488001661,-190.38004467527801,132.97651484285,724.2999579015469,-180.0368364451677,-20.00066947937,724.2999579015469,-180.0368364451677,131.68093796365082,2.512552713625423E-5,4.5913702207798154E-8
718.0039488001661,-190.38004467527801,132.97651484285,724.6303289533752,-179.44284304863746,-20.00066947937,724.6303289533752,-179.44284304863746,131.69755536534316,2.6221243564085823E-5,4.005235726309371E-8
718.0039488001661,-190.38004467527801,132.97651484285,724.9720216498519,-178.81779922903954,-20.00066947937,724.9720216498519,-178.81779922903954,131.7103293172635,2.7628198226805244E-5,4.2287494683495825E-8
718.0039488001661,-190.38004467527801,132.97651484285,725.2483933677179,-178.298896760551,-20.00066947937,725.2483933677179,-178.298896760551,131.71474798801765,2.9079642902005098E-5,2.5416018777818884E-8
718.0039488001661,-190.38004467527801,132.97651484285,725.5525590438643,-177.73725828968168,-20.00066947937,725.5525590438643,-177.73725828968168,131.7152862076724,3.091378642908083E-5,2.8357940106796113E-8
718.0039488001661,-190.38004467527801,132.97651484285,725.8583553893059,-177.17189048441963,-20.00066947937,725.8583553893059,-177.17189048441963,131.70684802599322,3.319771072819577E-5,3.949415088882741E-8
718.0039488001661,-190.38004467527801,132.97651484285,726.1765802939417,-176.60747190077166,-20.00066947937,726.1765802939417,-176.60747190077166,131.69826939056884,3.567719556928289E-5,4.3284450524250466E-8
718.0039488001661,-190.38004467527801,132.97651484285,726.4904472662005,-176.04848537033104,-20.00066947937,726.4904472662005,-176.04848537033104,131.69088706171374,3.8272128201383675E-5,4.413191781537727E-8
718.0039488001661,-190.38004467527801,132.97651484285,726.7937888061107,-175.5047586061492,-20.00066947937,726.7937888061107,-175.5047586061492,131.6864620765104,4.087027227930159E-5,4.135107473631551E-8
718.0039488001661,-190.38004467527801,132.97651484285,727.094851394234,-174.9553737966887,-20.00066947937,727.094851394234,-174.9553737966887,131.68548185575116,4.353228543507423E-5,4.074106420693755E-8
718.0039488001661,-190.38004467527801,132.97651484285,727.3985655897345,-174.40996644619634,-20.00066947937,727.3985655897345,-174.40996644619634,131.6947943148361,4.596392128834647E-5,5.3400958665153575E-8
718.0039488001661,-190.38004467527801,132.97651484285,727.6913469969057,-173.8769254007494,-20.00066947937,727.6913469969057,-173.8769254007494,131.7077261961514,4.8335652250928226E-5,5.870956766903537E-8
718.0039488001661,-190.38004467527801,132.97651484285,727.9784743439543,-173.34875384283868,-20.00066947937,727.9784743439543,-173.34875384283868,131.72219038711725,5.076263167017585E-5,6.27257757934105E-8
718.0039488001661,-190.38004467527801,132.97651484285,728.2466326274549,-172.86567279857636,-20.00066947937,728.2466326274549,-172.86567279857636,131.7391142166775,5.297765273665112E-5,6.039547739492111E-8
718.0039488001661,-190.38004467527801,132.97651484285,728.4589285485341,-172.48904094752098,-20.00066947937,728.4589285485341,-172.48904094752098,131.75443178785613,5.4712298726972216E-5,4.0679894967308294E-8
718.0039488001661,-190.38004467527801,132.97651484285,728.6224405751649,-172.20235451293465,-20.00066947937,728.6224405751649,-172.20235451293465,131.76717650917166,5.604375921304253E-5,2.5286765620577353E-8
718.0039488001661,-190.38004467527801,132.97651484285,728.7391287098327,-171.9741079460429,-20.00066947937,728.7391287098327,-171.9741079460429,131.77378991604328,5.724971049557373E-5,1.3365085755391816E-8
718.0039488001661,-190.38004467527801,132.97651484285,728.8007200889195,-171.8405985949106,-20.00066947937,728.8007200889195,-171.8405985949106,131.78487271578624,5.763409303788051E-5,7.513286665102945E-9
718.0039488001661,-190.38004467527801,132.97651484285,728.822844534253,-171.75769084318722,-20.00066947937,728.822844534253,-171.75769084318722,131.79423839893715,5.7719366569792134E-5,3.3289137428403516E-9
718.0039488001661,-190.38004467527801,132.97651484285,728.823535088267,-171.73544562066039,-20.00066947937,728.823535088267,-171.73544562066039,131.80507914647205,5.7363809384240734E-5,1.3958196577326057E-9
718.0039488001661,-190.38004467527801,132.97651484285,728.8238471800767,-171.72842243916145,-20.00066947937,728.8238471800767,-171.72842243916145,131.81689129004963,5.688795795612571E-5,1.2154222769752792E-9
718.0039488001661,-190.38004467527801,132.97651484285,728.8267642131458,-171.7381117266222,-20.00066947937,728.8267642131458,-171.7381117266222,131.83013765847335,5.627456989578171E-5,1.6161435521281652E-9
718.0039488001661,-190.38004467527801,132.97651484285,728.8189944790754,-171.76911416746609,-20.00066947937,728.8189944790754,-171.76911416746609,131.84469161856097,5.546906253499642E-5,2.68848892718174E-9
718.0039488001661,-190.38004467527801,132.97651484285,728.8032452749814,-171.8093547929723,-20.00066947937,728.8032452749814,-171.8093547929723,131.86238868335116,5.446689488664643E-5,4.236820101143377E-9
718.0039488001661,-190.38004467527801,132.97651484285,728.7902975284215,-171.84155523141033,-20.00066947937,728.7902975284215,-171.84155523141033,131.8774407998775,5.3633604890207584E-5,2.979351755222415E-9
718.0039488001661,-190.38004467527801,132.97651484285,728.7940577425995,-171.83814304593892,-20.00066947937,728.7940577425995,-171.83814304593892,131.89130113611247,5.308021928634278E-5,1.5960019338030158E-9
718.0039488001661,-190.38004467527801,132.97651484285,728.8117616777549,-171.79520486953328,-20.00066947937,728.8117616777549,-171.79520486953328,131.9020710580954,5.289310284843321E-5,2.2413311704875678E-9
718.0039488001661,-190.38004467527801,132.97651484285,728.8361053184607,-171.7254066731255,-20.00066947937,728.8361053184607,-171.7254066731255,131.91124660098137,5.2925375848666174E-5,2.8387448165568678E-9
718.0039488001661,-190.38004467527801,132.97651484285,728.8625558023906,-171.64066054202365,-20.00066947937,728.8625558023906,-171.64066054202365,131.9151747245128,5.325911433156731E-5,1.9707373780279692E-9
718.0039488001661,-190.38004467527801,132.97651484285,728.9214380499391,-171.43411162507556,-20.00066947937,728.9214380499391,-171.43411162507556,131.89989014590466,5.512339389289244E-5,1.521955167724404E-8
718.0039488001661,-190.38004467527801,132.97651484285,728.9413674996758,-171.40571590807275,-20.00066947937,728.9413674996758,-171.40571590807275,131.8896757254189,5.5765642533688445E-5,1.7319179125155856E-9
718.0039488001661,-190.38004467527801,132.97651484285,728.959756279235,-171.3852191148767,-20.00066947937,728.959756279235,-171.3852191148767,131.88051007693167,5.632103399909977E-5,1.2787456555122005E-9
718.0039488001661,-190.38004467527801,132.97651484285,728.9625247219976,-171.37072823220365,-20.00066947937,728.9625247219976,-171.37072823220365,131.87425204271864,5.667506755561629E-5,5.137276387330235E-10
718.0039488001661,-190.38004467527801,132.97651484285,728.9576873426884,-171.36854570800523,-20.00066947937,728.9576873426884,-171.36854570800523,131.87038381588394,5.683926558527277E-5,1.516363522727961E-10
718.0039488001661,-190.38004467527801,132.97651484285,728.9543002473724,-171.367344961487,-20.00066947937,728.9543002473724,-171.367344961487,131.86809377768282,5.69345347040618E-5,5.4192479747773276E-11
718.0039488001661,-190.38004467527801,132.97651484285,728.9586640318689,-171.35909150532083,-20.00066947937,728.9586640318689,-171.35909150532083,131.8673835864039,5.702176707939094E-5,3.162505497661998E-11
718.0039488001661,-190.38004467527801,132.97651484285,728.9698836440735,-171.33392146036718,-20.00066947937,728.9698836440735,-171.33392146036718,131.8647202394457,5.7303656903521356E-5,3.2812537842744655E-10
718.0039488001661,-190.38004467527801,132.97651484285,728.9820392861042,-171.3018413132401,-20.00066947937,728.9820392861042,-171.3018413132401,131.86084956900885,5.767849843366286E-5,5.755462694610041E-10
718.0039488001661,-190.38004467527801,132.97651484285,728.9960959822799,-171.26506019194395,-20.00066947937,728.9960959822799,-171.26506019194395,131.85960563150954,5.797077354972609E-5,3.5295028166227834E-10
718.0039488001661,-190.38004467527801,132.97651484285,729.0128121397502,-171.22192979822384,-20.00066947937,729.0128121397502,-171.22192979822384,131.85721392404042,5.835664475637498E-5,6.086472993141857E-10
718.0039488001661,-190.38004467527801,132.97651484285,729.032432992853,-171.17664248657385,-20.00066947937,729.032432992853,-171.17664248657385,131.85477727995226,5.87669329108706E-5,6.837160279663549E-10
718.0039488001661,-190.38004467527801,132.97651484285,729.0574839201773,-171.12469376151964,-20.00066947937,729.0574839201773,-171.12469376151964,131.8525640174763,5.922235736701827E-5,8.382726218240231E-10
718.0039488001661,-190.38004467527801,132.97651484285,729.0863906888286,-171.07287221346448,-20.00066947937,729.0863906888286,-171.07287221346448,131.85023025225192,5.969718195154935E-5,9.037469752242409E-10
718.0039488001661,-190.38004467527801,132.97651484285,729.1144598817856,-171.02158092602477,-20.00066947937,729.1144598817856,-171.02158092602477,131.84651663726746,6.0230877765062286E-5,1.126080478150188E-9
718.0039488001661,-190.38004467527801,132.97651484285,729.144253048332,-170.97268061159647,-20.00066947937,729.144253048332,-170.97268061159647,131.84294667969309,6.0753749922325545E-5,1.0714429240468736E-9
718.0039488001661,-190.38004467527801,132.97651484285,729.1677305468374,-170.9313415644301,-20.00066947937,729.1677305468374,-170.9313415644301,131.83922756605602,6.12243521671161E-5,8.582381083510908E-10
718.0039488001661,-190.38004467527801,132.97651484285,729.1870775513463,-170.89485602701308,-20.00066947937,729.1870775513463,-170.89485602701308,131.835904293365,6.163919370945447E-5,6.617207753105169E-10
718.0039488001661,-190.38004467527801,132.97651484285,729.2039218540925,-170.8646699930418,-20.00066947937,729.2039218540925,-170.8646699930418,131.8338956904862,6.195301236783615E-5,3.779215164073042E-10
718.0039488001661,-190.38004467527801,132.97651484285,729.2221333212727,-170.832170752648,-20.00066947937,729.2221333212727,-170.832170752648,131.83229018901469,6.226712998111324E-5,3.7792569658768913E-10
718.0039488001661,-190.38004467527801,132.97651484285,729.2416580617298,-170.79974322845453,-20.00066947937,729.2416580617298,-170.79974322845453,131.8317519152412,6.253776361158358E-5,2.8145629220653266E-10
718.0039488001661,-190.38004467527801,132.97651484285,729.262204114923,-170.76692513393888,-20.00066947937,729.262204114923,-170.76692513393888,131.83183614753088,6.278657033416915E-5,2.527955440864136E-10
718.0039488001661,-190.38004467527801,132.97651484285,729.2801975860706,-170.73960045952353,-20.00066947937,729.2801975860706,-170.73960045952353,131.83241013652628,6.297433450758207E-5,2.1958163018588615E-10
718.0039488001661,-190.38004467527801,132.97651484285,729.297782205171,-170.71005183750512,-20.00066947937,729.297782205171,-170.71005183750512,131.83205931926477,6.321630548524376E-5,2.227807148991178E-10
718.0039488001661,-190.38004467527801,132.97651484285,729.3169444352511,-170.67525043138406,-20.00066947937,729.3169444352511,-170.67525043138406,131.83081218761822,6.35354421920654E-5,3.832766396024245E-10
718.0039488001661,-190.38004467527801,132.97651484285,729.3365908656527,-170.63614913223353,-20.00066947937,729.3365908656527,-170.63614913223353,131.82833934168121,6.393855224993251E-5,6.043502053967168E-10
718.0039488001661,-190.38004467527801,132.97651484285,729.357487500338,-170.59431407334873,-20.00066947937,729.357487500338,-170.59431407334873,131.82550281331157,6.438027336743423E-5,7.20169568343878E-10
718.0039488001661,-190.38004467527801,132.97651484285,729.3795281684022,-170.55039132421072,-20.00066947937,729.3795281684022,-170.55039132421072,131.82210803856972,6.486600868316233E-5,8.630402136759636E-10
718.0039488001661,-190.38004467527801,132.97651484285,729.3997401624429,-170.50983667376732,-20.00066947937,729.3997401624429,-170.50983667376732,131.8187229873553,6.532794049645752E-5,7.739056658734062E-10
718.0039488001661,-190.38004467527801,132.97651484285,729.4202589634773,-170.46975980073236,-20.00066947937,729.4202589634773,-170.46975980073236,131.815893087371,6.576444566555508E-5,6.877285775526264E-10
718.0039488001661,-190.38004467527801,132.97651484285,729.4407430220251,-170.43125768139694,-20.00066947937,729.4407430220251,-170.43125768139694,131.81369984073376,6.616376569314635E-5,5.733335886573057E-10
718.0039488001661,-190.38004467527801,132.97651484285,729.4623329500547,-170.38934233682198,-20.00066947937,729.4623329500547,-170.38934233682198,131.81105083288787,6.661035040614847E-5,7.114968557680047E-10
718.0039488001661,-190.38004467527801,132.97651484285,729.4851512503654,-170.34655756650244,-20.00066947937,729.4851512503654,-170.34655756650244,131.80844839058042,6.706632853190418E-5,7.370209318163703E-10
718.0039488001661,-190.38004467527801,132.97651484285,729.5073022618922,-170.3068391939567,-20.00066947937,729.5073022618922,-170.3068391939567,131.80640400930176,6.747742442773791E-5,5.963047721573268E-10
718.0039488001661,-190.38004467527801,132.97651484285,729.5296161732379,-170.26451438955314,-20.00066947937,729.5296161732379,-170.26451438955314,131.80395891160452,6.792572979460891E-5,7.035257142320971E-10
718.0039488001661,-190.38004467527801,132.97651484285,729.5509582329394,-170.22460058691615,-20.00066947937,729.5509582329394,-170.22460058691615,131.8017380799156,6.834748838940054E-5,6.188886711225993E-10
718.0039488001661,-190.38004467527801,132.97651484285,729.5702859803698,-170.18801231751198,-20.00066947937,729.5702859803698,-170.18801231751198,131.79976360519188,6.873204430131704E-5,5.115797447769899E-10
718.0039488001661,-190.38004467527801,132.97651484285,729.5889572346628,-170.1502930005274,-20.00066947937,729.5889572346628,-170.1502930005274,131.79697908784686,6.916160213008929E-5,6.319468663084546E-10
718.0039488001661,-190.38004467527801,132.97651484285,729.6063568336264,-170.1160312286869,-20.00066947937,729.6063568336264,-170.1160312286869,131.7947820114472,6.95390198397003E-5,4.858302999237024E-10
718.0039488001661,-190.38004467527801,132.97651484285,729.623401706747,-170.08245573112978,-20.00066947937,729.623401706747,-170.08245573112978,131.79256621229192,6.991330947380964E-5,4.750020826259663E-10
718.0039488001661,-190.38004467527801,132.97651484285,729.6345702540284,-170.06130949419477,-20.00066947937,729.6345702540284,-170.06130949419477,131.79112576281253,7.015348649383254E-5,1.9464834582896602E-10
718.0039488001661,-190.38004467527801,132.97651484285,729.6400178312042,-170.05121540389592,-20.00066947937,729.6400178312042,-170.05121540389592,131.79004010415545,7.028796782663688E-5,6.048142046786234E-11
718.0039488001661,-190.38004467527801,132.97651484285,729.6404070209956,-170.0522786634157,-20.00066947937,729.6404070209956,-170.0522786634157,131.78942871205572,7.031225430401043E-5,4.58557892810419E-12
718.0039488001661,-190.38004467527801,132.97651484285,729.6388428850672,-170.05481627988902,-20.00066947937,729.6388428850672,-170.05481627988902,131.78776315101885,7.03713254604901E-5,3.373131699609085E-11
718.0039488001661,-190.38004467527801,132.97651484285,729.6376395999005,-170.0574689303454,-20.00066947937,729.6376395999005,-170.0574689303454,131.78713222064314,7.038101127484983E-5,8.656547861486332E-12
718.0039488001661,-190.38004467527801,132.97651484285,729.6369012875736,-170.0617718484488,-20.00066947937,729.6369012875736,-170.0617718484488,131.7872593285125,7.034548091967395E-5,4.268111872632565E-12
718.0039488001661,-190.38004467527801,132.97651484285,729.6355024515311,-170.0655467442105,-20.00066947937,729.6355024515311,-170.0655467442105,131.78718978225325,7.032039067606691E-5,3.4359655740239687E-12
